   1.0000000e+00   4.9936635e-01   9.9875251e-01   9.9875522e-01  -3.5862976e-05   1.9974543e+00  -1.9974853e+00   4.9937901e-01   1.4980900e+00  -4.9943440e-01   1.0000000e+00   1.0244101e+01   1.0000000e+00             Inf
   0.0000000e+00   4.9937822e-01   9.9871284e-01   9.9874543e-01  -3.6627019e-06   1.9975127e+00  -1.9974583e+00   4.9937860e-01   1.4980526e+00  -4.9931900e-01   0.0000000e+00   1.3983561e+01   1.0000000e+00             Inf
   1.3422269e-01   4.9956888e-01   9.9877908e-01   9.9898140e-01   4.3268143e-05   1.9975453e+00  -1.9970438e+00   4.9977714e-01   1.4980105e+00  -4.9933140e-01   1.3422269e-01   1.2613904e+01   1.0000000e+00   7.3216664e-02
   1.6046086e-01   4.9945177e-01   9.9823521e-01   9.9876129e-01   6.5505668e-05   1.9975170e+00  -1.9977848e+00   4.9915243e-01   1.4978870e+00  -4.9949297e-01   1.6046086e-01   1.2485972e+01   1.0000000e+00   6.1365904e-02
   8.7323212e-02   4.9954615e-01   9.9893131e-01   9.9913670e-01   1.4864809e-05   1.9976778e+00  -1.9974442e+00   4.9956178e-01   1.4981518e+00  -4.9941498e-01   8.7323212e-02   1.2878768e+01   1.0000000e+00   5.0917448e-02
   3.4876073e-01   4.9963212e-01   9.9860168e-01   9.9874018e-01   2.4260945e-05   1.9967578e+00  -1.9972689e+00   5.0263375e-01   1.4982979e+00  -4.9939398e-01   3.4876073e-01   1.1783440e+01   1.0000000e+00   4.9009742e-02
   3.2465687e-01   4.9773201e-01   9.9966798e-01   9.9973437e-01   9.3486126e-04   1.9984481e+00  -1.9974784e+00   4.9821077e-01   1.4987089e+00  -4.9911338e-01   3.2465687e-01   1.1858809e+01   1.0000000e+00   4.8340640e-02
   5.6608613e-01   4.9955848e-01   9.9859949e-01   9.9967529e-01   7.7304044e-06   1.9967318e+00  -1.9974872e+00   5.0051615e-01   1.4984246e+00  -4.9935834e-01   5.6608613e-01   1.1172101e+01   1.0000000e+00   4.6904642e-02
   5.9271072e-01   4.9942226e-01   9.9845906e-01   9.9871380e-01   3.1240413e-05   1.9975626e+00  -1.9973536e+00   4.9904459e-01   1.4978905e+00  -4.9950438e-01   5.9271072e-01   1.1104823e+01   1.0000000e+00   4.5615651e-02
   3.9559249e-01   4.9960273e-01   9.9761562e-01   9.9847440e-01   9.4671113e-05   1.9981366e+00  -1.9971397e+00   4.9954895e-01   1.4977156e+00  -4.9949190e-01   3.9559249e-01   1.1633126e+01   1.0000000e+00   4.4435299e-02
   8.3608872e-03   4.9947401e-01   9.9864111e-01   9.9874775e-01  -5.7026960e-05   1.9967286e+00  -1.9976166e+00   5.0075390e-01   1.4981719e+00  -4.9938994e-01   8.3608872e-03   1.3643596e+01   1.0000000e+00   4.3395334e-02
   7.6775868e-02   4.9902235e-01   9.9882215e-01   9.9943763e-01   1.5370369e-03   1.9978492e+00  -1.9977260e+00   4.9891535e-01   1.4983637e+00  -4.9885329e-01   7.6775868e-02   1.2950248e+01   1.0000000e+00   4.2697593e-02
   6.5693412e-02   4.9956275e-01   9.9870377e-01   9.9911158e-01   2.0701459e-05   1.9975947e+00  -1.9970793e+00   4.9940886e-01   1.4980620e+00  -4.9943347e-01   6.5693412e-02   1.3025377e+01   1.0000000e+00   3.9823552e-02
   2.2804680e-01   4.9919273e-01   9.9838375e-01   9.9944846e-01  -4.2641579e-05   1.9977527e+00  -1.9977430e+00   4.9948744e-01   1.5017671e+00  -4.9937690e-01   2.2804680e-01   1.2208360e+01   1.0000000e+00   3.9596268e-02
   1.0545411e-01   4.9953860e-01   9.9903643e-01   9.9911560e-01  -1.3937710e-05   1.9975566e+00  -1.9974523e+00   4.9976138e-01   1.4979346e+00  -4.9941976e-01   1.0545411e-01   1.2769561e+01   1.0000000e+00   3.7868360e-02
   3.6124270e-01   4.9977073e-01   9.9803759e-01   9.9866842e-01  -1.9973358e-05   1.9979523e+00  -1.9972816e+00   4.9938939e-01   1.4976916e+00  -4.9953134e-01   3.6124270e-01   1.1736823e+01   1.0000000e+00   3.6633568e-02
   9.2165750e-04   4.9957144e-01   9.9878977e-01   9.9901312e-01   5.1694656e-05   1.9975429e+00  -1.9971263e+00   4.9969500e-01   1.4979958e+00  -4.9933437e-01   9.2165750e-04   1.3870319e+01   1.0000000e+00   3.6474803e-02
   3.8838943e-02   4.9946896e-01   9.9932744e-01   9.9901420e-01  -1.1997420e-05   1.9976613e+00  -1.9974791e+00   4.9955104e-01   1.4979200e+00  -4.9943025e-01   3.8838943e-02   1.3247018e+01   1.0000000e+00   3.6299629e-02
   5.5701101e-01   4.9914420e-01   9.9909403e-01   9.9855031e-01  -1.3397901e-04   1.9979797e+00  -1.9974395e+00   5.0011851e-01   1.4979636e+00  -4.9962649e-01   5.5701101e-01   1.1193491e+01   1.0000000e+00   3.6290923e-02
   4.0875131e-03   4.9913966e-01   9.9839293e-01   9.9931008e-01  -4.0798310e-05   1.9978976e+00  -1.9978055e+00   4.9948068e-01   1.5007813e+00  -4.9932887e-01   4.0875131e-03   1.3750738e+01   1.0000000e+00   3.6279755e-02
   7.3681562e-01   4.9940543e-01   9.9867486e-01   9.9863686e-01  -4.8114230e-05   1.9993063e+00  -1.9974421e+00   4.9966677e-01   1.4980207e+00  -4.9942252e-01   7.3681562e-01   1.0776121e+01   1.0000000e+00   3.5858443e-02
   2.1270691e-01   4.9918563e-01   9.9850842e-01   9.9883914e-01  -3.1888018e-04   1.9970175e+00  -1.9975875e+00   4.9978016e-01   1.4979569e+00  -4.9939474e-01   2.1270691e-01   1.2259361e+01   1.0000000e+00   3.5133915e-02
   3.1024628e-01   4.9920774e-01   9.9853370e-01   9.9946508e-01  -7.1465729e-04   1.9978185e+00  -1.9984955e+00   4.9923352e-01   1.4979129e+00  -4.9925949e-01   3.1024628e-01   1.1902404e+01   1.0000000e+00   3.4843771e-02
   2.3700298e-02   4.9917609e-01   9.9851847e-01   9.9935701e-01  -4.2875379e-04   1.9978320e+00  -1.9981363e+00   4.9911407e-01   1.4979136e+00  -4.9928758e-01   2.3700298e-02   1.3408903e+01   1.0000000e+00   3.4242964e-02
   3.2472073e-02   4.9937213e-01   9.9926753e-01   9.9884385e-01   3.8384403e-05   1.9974966e+00  -1.9978120e+00   4.9967757e-01   1.4975729e+00  -4.9958780e-01   3.2472073e-02   1.3310352e+01   1.0000000e+00   3.3189302e-02
   3.8762102e-01   4.9964299e-01   9.9785666e-01   9.9844283e-01  -3.5104512e-05   1.9983562e+00  -1.9972689e+00   4.9943002e-01   1.4976781e+00  -4.9953008e-01   3.8762102e-01   1.1656825e+01   1.0000000e+00   3.2501818e-02
   1.1580880e-01   5.0209926e-01   9.9927164e-01   9.9535932e-01   8.5682144e-04   1.9999126e+00  -1.9960315e+00   4.9791768e-01   1.4975102e+00  -4.9941705e-01   1.1580880e-01   1.2733903e+01   1.0000000e+00   3.2424595e-02
   4.1245973e-01   4.9922804e-01   9.9890923e-01   9.9980753e-01   1.3082051e-06   1.9975107e+00  -1.9969064e+00   5.0005727e-01   1.4979575e+00  -4.9978565e-01   4.1245973e-01   1.1583544e+01   1.0000000e+00   3.2251353e-02
   2.0229054e-03   4.9951424e-01   9.9913663e-01   9.9911845e-01  -1.9354122e-05   1.9976618e+00  -1.9974542e+00   4.9955766e-01   1.4979131e+00  -4.9941815e-01   2.0229054e-03   1.3815714e+01   1.0000000e+00   3.1789379e-02
   5.4810810e-02   4.9921076e-01   9.9886518e-01   9.9982621e-01  -3.3651278e-04   1.9979734e+00  -1.9980972e+00   4.9911332e-01   1.4979216e+00  -4.9928740e-01   5.4810810e-02   1.3109689e+01   1.0000000e+00   3.1263416e-02
   1.0850320e-04   4.9950446e-01   9.9913221e-01   9.9913469e-01  -1.1838048e-05   1.9976504e+00  -1.9974645e+00   4.9952536e-01   1.4978958e+00  -4.9943097e-01   1.0850320e-04   1.3944951e+01   1.0000000e+00   3.1204698e-02
   7.1972605e-02   4.9911977e-01   9.9867085e-01   9.9896643e-01   4.9891285e-05   1.9968876e+00  -1.9970997e+00   4.9980828e-01   1.4984342e+00  -4.9937647e-01   7.1972605e-02   1.2981031e+01   1.0000000e+00   3.1173404e-02
   4.6591092e-02   4.9930980e-01   9.9871848e-01   9.9860226e-01   2.4669706e-05   1.9975421e+00  -1.9975113e+00   4.9948877e-01   1.4981163e+00  -4.9912210e-01   4.6591092e-02   1.3176474e+01   1.0000000e+00   3.0758736e-02
   1.7928507e-01   4.9958017e-01   9.9878297e-01   9.9903803e-01   6.0344426e-05   1.9974941e+00  -1.9971583e+00   4.9967785e-01   1.4979918e+00  -4.9933851e-01   1.7928507e-01   1.2400452e+01   1.0000000e+00   3.0663643e-02
   1.2885174e-01   4.9958374e-01   9.9899499e-01   9.9890668e-01  -2.2277357e-05   1.9971041e+00  -1.9971872e+00   4.9944239e-01   1.4983463e+00  -4.9941584e-01   1.2885174e-01   1.2641562e+01   1.0000000e+00   3.0213105e-02
   6.3994784e-01   4.9927003e-01   9.9874998e-01   9.9874273e-01  -6.5107907e-05   1.9974957e+00  -1.9989913e+00   4.9973556e-01   1.4980978e+00  -4.9959552e-01   6.3994784e-01   1.0993886e+01   1.0000000e+00   3.0206361e-02
   4.9815869e-01   4.9952529e-01   9.9847267e-01   9.9872330e-01   4.9833032e-05   1.9975585e+00  -1.9980242e+00   4.9818250e-01   1.4978820e+00  -4.9954310e-01   4.9815869e-01   1.1345588e+01   1.0000000e+00   2.9381713e-02
   8.7085487e-01   4.9958161e-01   9.9821657e-01   9.9881877e-01  -1.0169241e-04   1.9982499e+00  -1.9950745e+00   4.9925832e-01   1.4981279e+00  -4.9928792e-01   8.7085487e-01   1.0498537e+01   1.0000000e+00   2.8716495e-02
   9.8681602e-01   4.9940181e-01   9.9875376e-01   9.9873031e-01  -4.8079115e-05   1.9974502e+00  -1.9975034e+00   4.9931769e-01   1.4980911e+00  -4.9943366e-01   9.8681602e-01   1.0268837e+01   1.0000000e+00   2.8364705e-02
   7.5092162e-01   4.9896347e-01   9.9754823e-01   9.9932112e-01  -6.1193567e-05   1.9976851e+00  -1.9977460e+00   4.9953608e-01   1.4982384e+00  -4.9935717e-01   7.5092162e-01   1.0744559e+01   1.0000000e+00   2.8230781e-02
   3.7822511e-01   4.9937295e-01   9.9980861e-01   9.9651196e-01   5.6727535e-04   1.9965311e+00  -1.9974323e+00   4.9904499e-01   1.4989843e+00  -4.9937222e-01   3.7822511e-01   1.1689721e+01   1.0000000e+00   2.7187184e-02
   5.4281464e-01   4.9914273e-01   9.9916567e-01   9.9852686e-01  -1.3465400e-04   1.9979732e+00  -1.9973845e+00   5.0012007e-01   1.4980245e+00  -4.9967348e-01   5.4281464e-01   1.1229345e+01   1.0000000e+00   2.6845814e-02
   1.8468734e-02   4.9914986e-01   9.9850642e-01   9.9933113e-01  -3.5306539e-04   1.9978833e+00  -1.9982701e+00   4.9928225e-01   1.4981043e+00  -4.9928301e-01   1.8468734e-02   1.3476454e+01   1.0000000e+00   2.6837907e-02
   1.9891548e-01   5.0086415e-01   9.9925595e-01   9.9793179e-01   4.4622244e-04   1.9995298e+00  -1.9961005e+00   4.9840387e-01   1.4970785e+00  -4.9943280e-01   1.9891548e-01   1.2324272e+01   1.0000000e+00   2.6776412e-02
   7.0416351e-01   4.9883583e-01   9.9885677e-01   9.9790590e-01  -4.5489355e-05   1.9955859e+00  -1.9975000e+00   4.9835390e-01   1.4981967e+00  -4.9931378e-01   7.0416351e-01   1.0849520e+01   1.0000000e+00   2.6716343e-02
   9.5338773e-02   4.9958232e-01   9.9871031e-01   9.9911209e-01   6.9433810e-05   1.9976043e+00  -1.9971195e+00   4.9966677e-01   1.4979663e+00  -4.9933614e-01   9.5338773e-02   1.2829259e+01   1.0000000e+00   2.6457783e-02
   4.7847490e-02   4.9942554e-01   9.9871609e-01   9.9870435e-01   8.1248462e-06   1.9976052e+00  -1.9974997e+00   4.9957569e-01   1.4980449e+00  -4.9911974e-01   4.7847490e-02   1.3165684e+01   1.0000000e+00   2.6079141e-02
   3.2222568e-01   4.9959159e-01   9.9992207e-01   9.9729232e-01   5.0283834e-04   1.9966179e+00  -1.9973395e+00   4.9897268e-01   1.4990777e+00  -4.9945236e-01   3.2222568e-01   1.1864981e+01   1.0000000e+00   2.6068517e-02
   6.5088062e-01   4.9927270e-01   9.9872981e-01   9.9873630e-01  -1.3692643e-04   1.9974684e+00  -1.9991282e+00   4.9967745e-01   1.4981023e+00  -4.9957594e-01   6.5088062e-01   1.0968722e+01   1.0000000e+00   2.5656422e-02
   8.1392148e-01   4.9914769e-01   9.9868704e-01   9.9874908e-01  -5.4610957e-05   1.9979258e+00  -1.9969515e+00   5.0013745e-01   1.4969279e+00  -4.9935820e-01   8.1392148e-01   1.0611644e+01   1.0000000e+00   2.5307494e-02
   1.2226310e-01   4.9740425e-01   9.9943060e-01   9.9926341e-01   2.3283094e-04   1.9985430e+00  -1.9975551e+00   4.9793664e-01   1.4985432e+00  -4.9906401e-01   1.2226310e-01   1.2682163e+01   1.0000000e+00   2.5202567e-02
   8.4315904e-01   4.9915105e-01   9.9868523e-01   9.9874982e-01  -5.5777671e-05   1.9979397e+00  -1.9970250e+00   5.0056445e-01   1.4967637e+00  -4.9926876e-01   8.4315904e-01   1.0552415e+01   1.0000000e+00   2.5144312e-02
   2.0946591e-01   5.0127232e-01   9.9927228e-01   9.9788562e-01   4.4379139e-04   1.9994295e+00  -1.9954242e+00   4.9836784e-01   1.4965178e+00  -4.9942666e-01   2.0946591e-01   1.2284248e+01   1.0000000e+00   2.4994522e-02
   3.5025877e-01   4.9967511e-01   9.9807445e-01   9.9866652e-01  -2.0552655e-05   1.9980526e+00  -1.9972167e+00   4.9940218e-01   1.4976803e+00  -4.9952782e-01   3.5025877e-01   1.1771277e+01   1.0000000e+00   2.4948084e-02
   7.7046763e-01   4.9932186e-01   9.9820169e-01   9.9846355e-01  -8.9122743e-05   1.9978243e+00  -1.9969513e+00   4.9933901e-01   1.4980405e+00  -4.9934336e-01   7.7046763e-01   1.0701732e+01   1.0000000e+00   2.4626759e-02
   6.0631477e-01   4.9926513e-01   9.9873097e-01   9.9876594e-01  -7.9200828e-05   1.9975926e+00  -1.9970661e+00   5.0006656e-01   1.4971856e+00  -4.9970395e-01   6.0631477e-01   1.1072940e+01   1.0000000e+00   2.4262109e-02
   2.7430942e-02   4.9889824e-01   9.9858036e-01   9.9861977e-01  -1.9767109e-04   1.9973533e+00  -1.9979503e+00   4.9942417e-01   1.4978903e+00  -4.9928134e-01   2.7430942e-02   1.3364676e+01   1.0000000e+00   2.4179193e-02
   5.8482260e-02   4.9947094e-01   9.9868975e-01   9.9839291e-01  -1.3954045e-04   1.9975367e+00  -1.9977957e+00   4.9965561e-01   1.4981398e+00  -4.9932082e-01   5.8482260e-02   1.3079503e+01   1.0000000e+00   2.4103278e-02
   1.1188003e-02   4.9937843e-01   9.9871399e-01   9.9870702e-01   2.3164270e-05   1.9975134e+00  -1.9975146e+00   4.9948861e-01   1.4980221e+00  -4.9916637e-01   1.1188003e-02   1.3588072e+01   1.0000000e+00   2.3668846e-02
   6.1051243e-01   4.9951228e-01   9.9837089e-01   9.9890600e-01  -1.3611787e-04   1.9977775e+00  -1.9966347e+00   4.9936452e-01   1.4981432e+00  -4.9939277e-01   6.1051243e-01   1.1062422e+01   1.0000000e+00   2.3460184e-02
   3.6144413e-02   4.9950363e-01   9.9904637e-01   9.9942934e-01   1.3726757e-04   1.9975892e+00  -1.9974269e+00   4.9954940e-01   1.4979576e+00  -4.9937066e-01   3.6144413e-02   1.3273150e+01   1.0000000e+00   2.3303412e-02
   9.5364368e-01   4.9953965e-01   9.9843900e-01   9.9872344e-01  -1.0665927e-04   1.9978071e+00  -1.9966655e+00   4.9975890e-01   1.4981346e+00  -4.9940516e-01   9.5364368e-01   1.0332516e+01   1.0000000e+00   2.3281784e-02
   1.8894828e-01   5.0094830e-01   9.9927563e-01   9.9742210e-01   4.6618326e-04   1.9995778e+00  -1.9960823e+00   4.9833696e-01   1.4970859e+00  -4.9944111e-01   1.8894828e-01   1.2367908e+01   1.0000000e+00   2.3074125e-02
   4.5937153e-01   4.9959461e-01   9.9997136e-01   9.9689343e-01   5.0769189e-04   1.9968924e+00  -1.9973117e+00   4.9899664e-01   1.4986686e+00  -4.9944939e-01   4.5937153e-01   1.1453414e+01   1.0000000e+00   2.2971410e-02
   8.3160093e-01   4.9938855e-01   9.9868461e-01   9.9873721e-01  -3.3344212e-05   1.9974553e+00  -1.9974791e+00   4.9933929e-01   1.4980954e+00  -4.9943167e-01   8.3160093e-01   1.0573468e+01   1.0000000e+00   2.2866159e-02
   6.3229264e-01   4.9930804e-01   9.9873309e-01   9.9873875e-01   1.4196331e-04   1.9974009e+00  -1.9991264e+00   4.9960347e-01   1.4983258e+00  -4.9970463e-01   6.3229264e-01   1.1012169e+01   1.0000000e+00   2.2753552e-02
   1.5374843e-02   4.9895604e-01   9.9879773e-01   9.9836073e-01  -1.3504920e-04   1.9964336e+00  -1.9977388e+00   4.9951766e-01   1.4980955e+00  -4.9932490e-01   1.5374843e-02   1.3521047e+01   1.0000000e+00   2.2569155e-02
   8.2757767e-01   4.9935771e-01   9.9884611e-01   9.9863301e-01  -4.6673372e-05   1.9971796e+00  -1.9974449e+00   4.9958544e-01   1.4982762e+00  -4.9942809e-01   8.2757767e-01   1.0581853e+01   1.0000000e+00   2.2210402e-02
   1.7047364e-01   4.9952589e-01   9.9990382e-01   9.9910562e-01  -3.1192417e-05   1.9976610e+00  -1.9974410e+00   4.9954775e-01   1.4977650e+00  -4.9942820e-01   1.7047364e-01   1.2440872e+01   1.0000000e+00   2.1862526e-02
   7.9918196e-01   4.9871534e-01   9.9806521e-01   9.9880532e-01   2.3926056e-04   1.9975585e+00  -1.9975100e+00   4.9967939e-01   1.4981610e+00  -4.9924432e-01   7.9918196e-01   1.0641330e+01   1.0000000e+00   2.1508568e-02
   5.9566241e-01   4.9941460e-01   9.9843688e-01   9.9871359e-01   2.5336589e-05   1.9975624e+00  -1.9974518e+00   4.9918021e-01   1.4978830e+00  -4.9951825e-01   5.9566241e-01   1.1097618e+01   1.0000000e+00   2.1130684e-02
   9.7651129e-01   4.9937832e-01   9.9875044e-01   9.9873745e-01  -4.8768653e-05   1.9974557e+00  -1.9974522e+00   4.9936911e-01   1.4980973e+00  -4.9943208e-01   9.7651129e-01   1.0288279e+01   1.0000000e+00   2.1019432e-02
   9.8440855e-02   4.9954072e-01   9.9893778e-01   9.9918767e-01   1.3854183e-05   1.9976767e+00  -1.9975080e+00   4.9955889e-01   1.4981523e+00  -4.9941404e-01   9.8440855e-02   1.2810563e+01   1.0000000e+00   2.0876898e-02
   4.6697380e-01   4.9935604e-01   9.9856033e-01   9.9866054e-01  -6.2039296e-05   1.9975341e+00  -1.9976077e+00   5.0006982e-01   1.4980636e+00  -4.9948545e-01   4.6697380e-01   1.1428588e+01   1.0000000e+00   2.0711166e-02
   3.7026860e-01   4.9972481e-01   9.9799931e-01   9.9865374e-01  -2.9422144e-06   1.9980473e+00  -1.9973490e+00   4.9943128e-01   1.4975407e+00  -4.9957869e-01   3.7026860e-01   1.1709113e+01   1.0000000e+00   2.0584162e-02
   9.3399092e-01   4.9889511e-01   9.9847298e-01   9.9941843e-01  -6.6616903e-05   1.9975914e+00  -1.9979183e+00   4.9960328e-01   1.4981501e+00  -4.9938729e-01   9.3399092e-01   1.0370336e+01   1.0000000e+00   2.0342241e-02
   1.1866312e-01   4.9936579e-01   9.9839717e-01   9.9836305e-01   4.5604953e-05   1.9972734e+00  -1.9958735e+00   4.9894030e-01   1.4979346e+00  -4.9932824e-01   1.1866312e-01   1.2697706e+01   1.0000000e+00   2.0290487e-02
   2.5764064e-01   4.9950067e-01   9.9846076e-01   9.9900125e-01  -1.2693410e-04   1.9976090e+00  -1.9973372e+00   4.9943699e-01   1.4984466e+00  -4.9932752e-01   2.5764064e-01   1.2085720e+01   1.0000000e+00   1.9578970e-02
   3.5423413e-03   4.9956749e-01   9.9895540e-01   9.9904313e-01  -5.3121239e-06   1.9976967e+00  -1.9973960e+00   4.9961136e-01   1.4979597e+00  -4.9940380e-01   3.5423413e-03   1.3761244e+01   1.0000000e+00   1.9440294e-02
   9.0373968e-01   4.9903089e-01   9.9835187e-01   9.9959949e-01  -6.6713460e-05   1.9976046e+00  -1.9979244e+00   4.9953613e-01   1.4981258e+00  -4.9939630e-01   9.0373968e-01   1.0429504e+01   1.0000000e+00   1.9303266e-02
   4.8730104e-01   4.9936732e-01   9.9855598e-01   9.9855303e-01  -6.2969639e-05   1.9975275e+00  -1.9976239e+00   5.0008726e-01   1.4980975e+00  -4.9947708e-01   4.8730104e-01   1.1373602e+01   1.0000000e+00   1.9124272e-02
   6.7518510e-01   4.9886414e-01   9.9768480e-01   9.9904261e-01  -5.2996317e-04   1.9974771e+00  -1.9979419e+00   5.0006707e-01   1.4983018e+00  -4.9917138e-01   6.7518510e-01   1.0912629e+01   1.0000000e+00   1.9108139e-02
   8.8093629e-01   4.9891492e-01   9.9835681e-01   9.9987551e-01  -7.9220882e-05   1.9976096e+00  -1.9976845e+00   4.9960745e-01   1.4981257e+00  -4.9939608e-01   8.8093629e-01   1.0474996e+01   1.0000000e+00   1.9002152e-02
   8.0981463e-01   4.9915048e-01   9.9864040e-01   9.9875627e-01  -5.6295188e-05   1.9980571e+00  -1.9969515e+00   5.0011437e-01   1.4962289e+00  -4.9937272e-01   8.0981463e-01   1.0621723e+01   1.0000000e+00   1.8993492e-02
   2.9759419e-01   4.9858015e-01   9.9878819e-01   9.9829930e-01  -1.3357081e-04   1.9967148e+00  -1.9975680e+00   4.9950782e-01   1.4980746e+00  -4.9935265e-01   2.9759419e-01   1.1944646e+01   1.0000000e+00   1.8958807e-02
   4.7368080e-01   4.9970898e-01   1.0002186e+00   9.9686879e-01   4.8350953e-04   1.9967804e+00  -1.9972877e+00   4.9923212e-01   1.4986297e+00  -4.9945168e-01   4.7368080e-01   1.1414805e+01   1.0000000e+00   1.8871936e-02
   4.2021323e-01   4.9935096e-01   9.9853148e-01   9.9870716e-01  -6.2857860e-05   1.9975342e+00  -1.9978176e+00   5.0001940e-01   1.4980655e+00  -4.9952138e-01   4.2021323e-01   1.1559942e+01   1.0000000e+00   1.8720720e-02
   6.8446595e-01   4.9885412e-01   9.9897463e-01   9.9897875e-01  -5.1482059e-04   1.9976859e+00  -1.9978634e+00   5.0016890e-01   1.4983096e+00  -4.9949180e-01   6.8446595e-01   1.0890897e+01   1.0000000e+00   1.8681966e-02
   8.9321110e-01   4.9962329e-01   9.9833463e-01   9.9884367e-01  -1.0525192e-04   1.9984202e+00  -1.9949025e+00   4.9951773e-01   1.4981267e+00  -4.9931769e-01   8.9321110e-01   1.0454759e+01   1.0000000e+00   1.8489074e-02
   1.8523998e-01   4.9772210e-01   9.9987086e-01   1.0000401e+00   2.9741063e-04   1.9988878e+00  -1.9974848e+00   4.9816203e-01   1.4986265e+00  -4.9882796e-01   1.8523998e-01   1.2381425e+01   1.0000000e+00   1.8365981e-02
   6.2063588e-01   4.9913199e-01   9.9857277e-01   9.9891569e-01  -2.3627655e-04   1.9975133e+00  -1.9979391e+00   4.9977367e-01   1.4971605e+00  -4.9982900e-01   6.2063588e-01   1.1038764e+01   1.0000000e+00   1.8289758e-02
   5.0457076e-01   4.9950553e-01   9.9840967e-01   9.9872547e-01   2.5654214e-05   1.9975688e+00  -1.9980033e+00   4.9841143e-01   1.4979143e+00  -4.9957146e-01   5.0457076e-01   1.1328309e+01   1.0000000e+00   1.7976973e-02
   4.8165365e-01   4.9935654e-01   9.9855268e-01   9.9869473e-01  -6.4699414e-05   1.9975300e+00  -1.9976031e+00   5.0005454e-01   1.4980814e+00  -4.9949946e-01   4.8165365e-01   1.1388718e+01   1.0000000e+00   1.7721490e-02
   7.6170225e-01   4.9910569e-01   9.9884045e-01   9.9752338e-01  -1.2591131e-04   1.9977073e+00  -1.9975291e+00   4.9707281e-01   1.4981273e+00  -4.9935611e-01   7.6170225e-01   1.0724732e+01   1.0000000e+00   1.7707932e-02
   5.1853427e-01   4.9941891e-01   9.9842867e-01   9.9883973e-01   3.2677326e-05   1.9974769e+00  -1.9978436e+00   4.9915988e-01   1.4978761e+00  -4.9951246e-01   5.1853427e-01   1.1291056e+01   1.0000000e+00   1.7691206e-02
   9.4500880e-01   4.9952706e-01   9.9840813e-01   9.9889589e-01  -1.4033366e-04   1.9978443e+00  -1.9966861e+00   4.9960445e-01   1.4981368e+00  -4.9939489e-01   9.4500880e-01   1.0349049e+01   1.0000000e+00   1.7662950e-02
   2.9314220e-01   4.9844404e-01   9.9652904e-01   1.0007520e+00  -3.7063525e-05   1.9983254e+00  -1.9966988e+00   5.0004329e-01   1.4975217e+00  -4.9923487e-01   2.9314220e-01   1.1967659e+01   1.0000000e+00   1.7190296e-02
   7.1190844e-01   4.9951006e-01   9.9844733e-01   9.9890843e-01  -1.2469171e-04   1.9977456e+00  -1.9972096e+00   4.9934600e-01   1.4981044e+00  -4.9939179e-01   7.1190844e-01   1.0828605e+01   1.0000000e+00   1.6994231e-02
   7.2808139e-01   4.9952207e-01   9.9840856e-01   9.9892204e-01  -1.2135684e-04   1.9977124e+00  -1.9968034e+00   4.9935234e-01   1.4981052e+00  -4.9939607e-01   7.2808139e-01   1.0793240e+01   1.0000000e+00   1.6845915e-02
   6.2589326e-01   4.9928774e-01   9.9874515e-01   9.9874260e-01  -6.4589113e-05   1.9974953e+00  -1.9987261e+00   4.9977144e-01   1.4980968e+00  -4.9959216e-01   6.2589326e-01   1.1026416e+01   1.0000000e+00   1.6804614e-02
