   1.0000000e+00  -5.3590472e-06  -1.4981184e+00   1.4981272e+00  -4.9934120e-01   1.4981132e+00   1.9974529e+00   4.9934636e-01  -1.4980767e+00   1.9974520e+00   1.0000000e+00   1.4179277e+01   1.0000000e+00             Inf
   0.0000000e+00  -6.1910496e-06  -1.4980972e+00   1.4981086e+00  -4.9935431e-01   1.4981012e+00   1.9974783e+00   4.9935398e-01  -1.4980852e+00   1.9974940e+00   0.0000000e+00   1.8477864e+01   1.0000000e+00             Inf
   1.7254799e-01   2.6642542e-04  -1.4981910e+00   1.4982636e+00  -4.9802646e-01   1.4980741e+00   1.9969269e+00   4.9906934e-01  -1.4980532e+00   1.9972309e+00   1.7254799e-01   1.6694042e+01   1.0000000e+00   6.5655838e-02
   1.4960399e-01  -1.1432722e-03  -1.4981725e+00   1.4983962e+00  -4.9937135e-01   1.4979493e+00   1.9975169e+00   4.9748618e-01  -1.4981801e+00   1.9974715e+00   1.4960399e-01   1.6818977e+01   1.0000000e+00   5.9849616e-02
   1.1499572e-01   1.0499296e-04  -1.4978159e+00   1.4984219e+00  -4.9955192e-01   1.4978095e+00   1.9979102e+00   4.9959057e-01  -1.4984146e+00   1.9971218e+00   1.1499572e-01   1.7020757e+01   1.0000000e+00   5.7286428e-02
   3.0005921e-02   1.0430749e-04  -1.4978880e+00   1.4983031e+00  -4.9955021e-01   1.4977053e+00   1.9974506e+00   4.9936720e-01  -1.4986392e+00   1.9971499e+00   3.0005921e-02   1.7733778e+01   1.0000000e+00   5.4835811e-02
   6.3694827e-01  -8.0455161e-04  -1.4978364e+00   1.4984508e+00  -4.9959370e-01   1.4979492e+00   1.9976703e+00   4.9962222e-01  -1.4981627e+00   1.9976332e+00   6.3694827e-01   1.5047953e+01   1.0000000e+00   5.0014779e-02
   9.9172030e-02  -3.1782837e-04  -1.4981226e+00   1.4983116e+00  -4.9950903e-01   1.4982460e+00   1.9966855e+00   4.9937648e-01  -1.4977850e+00   1.9976875e+00   9.9172030e-02   1.7124891e+01   1.0000000e+00   4.8703513e-02
   4.1781965e-02  -3.9164689e-05  -1.4980824e+00   1.4981667e+00  -4.9938842e-01   1.4979971e+00   1.9975801e+00   4.9929208e-01  -1.4979476e+00   1.9975658e+00   4.1781965e-02   1.7599257e+01   1.0000000e+00   4.7709341e-02
   1.4824909e-02  -1.6726873e-04  -1.4981509e+00   1.4982082e+00  -4.9948023e-01   1.4981611e+00   1.9971355e+00   4.9937331e-01  -1.4977455e+00   1.9974104e+00   1.4824909e-02   1.7954711e+01   1.0000000e+00   4.7177464e-02
   5.1865131e-03   2.7099912e-04  -1.4981196e+00   1.4982663e+00  -4.9769323e-01   1.4981179e+00   1.9970160e+00   4.9927930e-01  -1.4980804e+00   1.9972116e+00   5.1865131e-03   1.8170786e+01   1.0000000e+00   4.4226919e-02
   6.1609586e-01   1.3688574e-06  -1.4980638e+00   1.4978497e+00  -4.9928691e-01   1.4979910e+00   1.9972259e+00   4.9945610e-01  -1.4980960e+00   1.9974625e+00   6.1609586e-01   1.5103933e+01   1.0000000e+00   4.2553373e-02
   7.9261348e-01   5.6017440e-05  -1.4980941e+00   1.4979455e+00  -4.9885885e-01   1.4977437e+00   1.9971627e+00   4.9936058e-01  -1.4979210e+00   1.9974453e+00   7.9261348e-01   1.4651264e+01   1.0000000e+00   4.2258866e-02
   8.5333679e-01   7.0965575e-05  -1.4981015e+00   1.4979576e+00  -4.9921981e-01   1.4977354e+00   1.9973332e+00   4.9932469e-01  -1.4980829e+00   1.9975114e+00   8.5333679e-01   1.4507133e+01   1.0000000e+00   4.0774543e-02
   5.4172954e-01  -6.9143621e-04  -1.4980338e+00   1.4989646e+00  -5.0356730e-01   1.4986355e+00   1.9982420e+00   4.9990150e-01  -1.4980919e+00   1.9969516e+00   5.4172954e-01   1.5328675e+01   1.0000000e+00   4.0193921e-02
   8.2766322e-01  -7.1705355e-04  -1.4980717e+00   1.4988387e+00  -4.9987049e-01   1.4986364e+00   1.9975327e+00   4.9967148e-01  -1.4979459e+00   1.9974877e+00   8.2766322e-01   1.4568392e+01   1.0000000e+00   3.9198112e-02
   1.4059614e-01   1.5939674e-03  -1.4979149e+00   1.4981915e+00  -4.9948915e-01   1.4980652e+00   1.9975719e+00   5.0010126e-01  -1.4981564e+00   1.9968523e+00   1.4059614e-01   1.6868728e+01   1.0000000e+00   3.7058594e-02
   9.6380029e-01  -8.4625918e-05  -1.4981375e+00   1.4981341e+00  -4.9933267e-01   1.4983522e+00   1.9974592e+00   4.9935823e-01  -1.4980750e+00   1.9974523e+00   9.6380029e-01   1.4257847e+01   1.0000000e+00   3.5178065e-02
   5.2497183e-01  -8.1770998e-04  -1.4976864e+00   1.4985192e+00  -4.9985911e-01   1.4977932e+00   1.9965592e+00   5.0012324e-01  -1.4962300e+00   1.9976376e+00   5.2497183e-01   1.5367873e+01   1.0000000e+00   3.5119780e-02
   9.0358067e-01   1.0267906e-06  -1.4980709e+00   1.4978750e+00  -4.9927009e-01   1.4979849e+00   1.9972476e+00   4.9948729e-01  -1.4980961e+00   1.9974593e+00   9.0358067e-01   1.4391858e+01   1.0000000e+00   3.4408391e-02
   5.5913961e-01  -1.7284098e-03  -1.4980209e+00   1.4988627e+00  -4.9993303e-01   1.4998449e+00   1.9976353e+00   4.9820022e-01  -1.4986030e+00   1.9985776e+00   5.5913961e-01   1.5270635e+01   1.0000000e+00   3.4270610e-02
   2.2746324e-03  -1.7238121e-05  -1.4981176e+00   1.4978334e+00  -4.9933568e-01   1.4981527e+00   1.9974023e+00   4.9935467e-01  -1.4981614e+00   1.9974951e+00   2.2746324e-03   1.8272917e+01   1.0000000e+00   3.3954679e-02
   5.7753944e-01  -1.3228331e-04  -1.4983943e+00   1.4981596e+00  -4.9934511e-01   1.4981376e+00   1.9974639e+00   4.9928320e-01  -1.4981721e+00   1.9975307e+00   5.7753944e-01   1.5211196e+01   1.0000000e+00   3.3708678e-02
   8.0663130e-01  -4.3655446e-04  -1.4980223e+00   1.4990473e+00  -5.0133828e-01   1.4987374e+00   1.9973845e+00   4.9855069e-01  -1.4984920e+00   1.9985311e+00   8.0663130e-01   1.4622375e+01   1.0000000e+00   3.3637344e-02
   8.1422074e-01  -2.4882465e-04  -1.4979929e+00   1.4986256e+00  -4.9977574e-01   1.4983091e+00   1.9975983e+00   4.9921329e-01  -1.4983959e+00   1.9975165e+00   8.1422074e-01   1.4599552e+01   1.0000000e+00   3.3590171e-02
   3.4775661e-01  -9.3363857e-05  -1.4981962e+00   1.4985099e+00  -4.9961638e-01   1.4977898e+00   1.9971322e+00   4.9930791e-01  -1.4984307e+00   1.9970268e+00   3.4775661e-01   1.5943510e+01   1.0000000e+00   3.3437372e-02
   7.7909355e-01  -5.4942110e-04  -1.4988341e+00   1.4990251e+00  -4.9946411e-01   1.4983541e+00   1.9978985e+00   4.9845558e-01  -1.4982926e+00   1.9974326e+00   7.7909355e-01   1.4685655e+01   1.0000000e+00   3.3089453e-02
   5.1434540e-01  -1.4756432e-03  -1.4980313e+00   1.4988248e+00  -4.9999875e-01   1.4997334e+00   1.9974874e+00   4.9853022e-01  -1.4985528e+00   1.9991269e+00   5.1434540e-01   1.5401826e+01   1.0000000e+00   3.2678510e-02
   4.4803171e-01  -2.4841929e-04  -1.4982667e+00   1.4985137e+00  -4.9972968e-01   1.4981882e+00   1.9972347e+00   4.9947380e-01  -1.4983296e+00   1.9971192e+00   4.4803171e-01   1.5601060e+01   1.0000000e+00   3.2665090e-02
   5.6018614e-01  -1.4328684e-04  -1.4983873e+00   1.4981463e+00  -4.9931018e-01   1.4980987e+00   1.9972976e+00   4.9915901e-01  -1.4981972e+00   1.9975211e+00   5.6018614e-01   1.5260697e+01   1.0000000e+00   3.2227604e-02
   2.3881770e-02   8.9241607e-04  -1.4978380e+00   1.4983525e+00  -4.9960397e-01   1.4977739e+00   1.9974595e+00   4.9946711e-01  -1.4983754e+00   1.9974355e+00   2.3881770e-02   1.7814485e+01   1.0000000e+00   3.1975083e-02
   7.5209185e-01  -6.9543852e-04  -1.4978637e+00   1.4990107e+00  -4.9986933e-01   1.4982936e+00   1.9974916e+00   4.9876672e-01  -1.4985208e+00   1.9978942e+00   7.5209185e-01   1.4751673e+01   1.0000000e+00   3.1485102e-02
   1.2203860e-01   4.6734898e-04  -1.4981253e+00   1.4981704e+00  -4.9924362e-01   1.4980473e+00   1.9973580e+00   4.9976010e-01  -1.4981509e+00   1.9967164e+00   1.2203860e-01   1.6976934e+01   1.0000000e+00   3.1021300e-02
   8.7312939e-01  -2.4008069e-04  -1.4981151e+00   1.4986233e+00  -4.9986330e-01   1.5000536e+00   1.9969499e+00   4.9953870e-01  -1.4982913e+00   1.9974395e+00   8.7312939e-01   1.4464526e+01   1.0000000e+00   3.0609375e-02
   9.8458905e-03   2.6321883e-04  -1.4981593e+00   1.4979869e+00  -4.9928486e-01   1.4980623e+00   1.9974760e+00   4.9935366e-01  -1.4973908e+00   1.9974993e+00   9.8458905e-03   1.8051799e+01   1.0000000e+00   3.0518141e-02
   1.2928070e-01  -1.9326882e-04  -1.4982764e+00   1.4975864e+00  -4.9938468e-01   1.4981167e+00   1.9975893e+00   4.9948490e-01  -1.4981239e+00   1.9976056e+00   1.2928070e-01   1.6932567e+01   1.0000000e+00   2.9946358e-02
   9.5832903e-02   1.6072080e-04  -1.4976626e+00   1.4983374e+00  -4.9956390e-01   1.4978072e+00   1.9974981e+00   4.9936234e-01  -1.4984609e+00   1.9969784e+00   9.5832903e-02   1.7147741e+01   1.0000000e+00   2.9625826e-02
   5.8793336e-01  -1.9988529e-04  -1.4980278e+00   1.4989525e+00  -4.9975731e-01   1.4986245e+00   1.9974322e+00   4.9877626e-01  -1.4986463e+00   1.9979446e+00   5.8793336e-01   1.5183329e+01   1.0000000e+00   2.8974502e-02
   5.9802574e-01  -1.0275020e-04  -1.4983130e+00   1.4981279e+00  -4.9930916e-01   1.4982232e+00   1.9970252e+00   4.9916575e-01  -1.4981910e+00   1.9975250e+00   5.9802574e-01   1.5153905e+01   1.0000000e+00   2.8660924e-02
   2.2894078e-01  -1.9234918e-03  -1.4975194e+00   1.4987270e+00  -5.0136486e-01   1.4989839e+00   1.9974701e+00   4.9870731e-01  -1.4985749e+00   1.9975413e+00   2.2894078e-01   1.6428445e+01   1.0000000e+00   2.8638838e-02
   3.3288731e-01  -8.0386717e-05  -1.4982327e+00   1.4985285e+00  -4.9958012e-01   1.4976725e+00   1.9970879e+00   4.9968105e-01  -1.4984373e+00   1.9970885e+00   3.3288731e-01   1.5998423e+01   1.0000000e+00   2.8216270e-02
   3.4106042e-01  -2.7627770e-04  -1.4982030e+00   1.4982250e+00  -4.9960536e-01   1.4978196e+00   1.9970715e+00   4.9951980e-01  -1.4984466e+00   1.9971428e+00   3.4106042e-01   1.5967946e+01   1.0000000e+00   2.7644048e-02
   6.8328886e-02  -5.6729761e-05  -1.4981837e+00   1.4979432e+00  -4.9950390e-01   1.4980932e+00   1.9974423e+00   4.9932722e-01  -1.4979921e+00   1.9975036e+00   6.8328886e-02   1.7354274e+01   1.0000000e+00   2.7595502e-02
   4.3973961e-01  -3.6895438e-04  -1.4981588e+00   1.4983912e+00  -4.9921751e-01   1.4979131e+00   1.9974137e+00   4.9932097e-01  -1.4980539e+00   1.9974838e+00   4.3973961e-01   1.5627556e+01   1.0000000e+00   2.7451656e-02
   4.3246825e-02   2.7652419e-04  -1.4981715e+00   1.4982538e+00  -4.9814123e-01   1.4980729e+00   1.9969205e+00   4.9891075e-01  -1.4980596e+00   1.9972353e+00   4.3246825e-02   1.7585612e+01   1.0000000e+00   2.7404756e-02
   1.9479223e-01  -1.6728136e-03  -1.4973475e+00   1.4988150e+00  -5.0001659e-01   1.4993287e+00   1.9976617e+00   4.9900618e-01  -1.4989196e+00   1.9975476e+00   1.9479223e-01   1.6585650e+01   1.0000000e+00   2.7019104e-02
   3.0286303e-01   4.0186711e-06  -1.4982352e+00   1.4985018e+00  -4.9961009e-01   1.4977874e+00   1.9968951e+00   4.9970901e-01  -1.4984326e+00   1.9971917e+00   3.0286303e-01   1.6112937e+01   1.0000000e+00   2.6597483e-02
   3.8162410e-01  -1.4595020e-04  -1.4981520e+00   1.4983931e+00  -4.9981767e-01   1.4978637e+00   1.9971477e+00   4.9953667e-01  -1.4985894e+00   1.9971122e+00   3.8162410e-01   1.5823013e+01   1.0000000e+00   2.6431452e-02
   3.9208179e-01  -1.5149028e-04  -1.4981824e+00   1.4985970e+00  -4.9997749e-01   1.4977630e+00   1.9970648e+00   4.9945866e-01  -1.4984781e+00   1.9972601e+00   3.9208179e-01   1.5787059e+01   1.0000000e+00   2.6044395e-02
   5.3512992e-01  -1.1816948e-03  -1.4980321e+00   1.4987901e+00  -4.9977406e-01   1.5001299e+00   1.9974836e+00   4.9874309e-01  -1.4986776e+00   1.9990913e+00   5.3512992e-01   1.5340205e+01   1.0000000e+00   2.5876438e-02
   4.9992873e-02   1.6971829e-06  -1.4981726e+00   1.4980792e+00  -4.9939109e-01   1.4981236e+00   1.9973867e+00   4.9940635e-01  -1.4981278e+00   1.9974369e+00   4.9992873e-02   1.7516750e+01   1.0000000e+00   2.5820104e-02
   7.7111776e-02  -1.6910866e-04  -1.4981041e+00   1.4984110e+00  -4.9947972e-01   1.4981584e+00   1.9966514e+00   4.9932853e-01  -1.4978160e+00   1.9974172e+00   7.7111776e-02   1.7284872e+01   1.0000000e+00   2.5593556e-02
   9.1505910e-01   2.2210098e-05  -1.4981056e+00   1.4979331e+00  -4.9936546e-01   1.4976448e+00   1.9973335e+00   4.9942032e-01  -1.4980842e+00   1.9974536e+00   9.1505910e-01   1.4366071e+01   1.0000000e+00   2.5425097e-02
   6.4719066e-01  -4.6006396e-04  -1.4978313e+00   1.4988163e+00  -5.0090166e-01   1.4983733e+00   1.9967916e+00   4.9990597e-01  -1.4982121e+00   1.9976476e+00   6.4719066e-01   1.5022604e+01   1.0000000e+00   2.5390049e-02
   8.7946748e-02   7.6815259e-04  -1.4979639e+00   1.4983245e+00  -4.9954800e-01   1.4976993e+00   1.9974495e+00   4.9935403e-01  -1.4986262e+00   1.9972266e+00   8.7946748e-02   1.7203988e+01   1.0000000e+00   2.5275975e-02
   6.1960537e-02   1.4435029e-03  -1.4981206e+00   1.4979935e+00  -4.9924733e-01   1.4982235e+00   1.9971241e+00   4.9940361e-01  -1.4980825e+00   1.9976628e+00   6.1960537e-02   1.7409616e+01   1.0000000e+00   2.5255942e-02
   5.7095979e-02  -9.9878137e-05  -1.4975723e+00   1.4973045e+00  -4.9961511e-01   1.4980992e+00   1.9981833e+00   4.9840158e-01  -1.4979691e+00   1.9980315e+00   5.7095979e-02   1.7452849e+01   1.0000000e+00   2.5155926e-02
   2.7106111e-02   1.4767113e-03  -1.4980662e+00   1.4980716e+00  -4.9935226e-01   1.4982173e+00   1.9973084e+00   4.9947939e-01  -1.4979981e+00   1.9974964e+00   2.7106111e-02   1.7771888e+01   1.0000000e+00   2.4899528e-02
   7.5607030e-03   2.2506271e-04  -1.4981284e+00   1.4982465e+00  -4.9823570e-01   1.4980563e+00   1.9969217e+00   4.9894800e-01  -1.4980579e+00   1.9975022e+00   7.5607030e-03   1.8105526e+01   1.0000000e+00   2.4865144e-02
   4.2829673e-01  -3.9138609e-04  -1.4981558e+00   1.4983622e+00  -4.9995694e-01   1.4979082e+00   1.9973186e+00   4.9929670e-01  -1.4980541e+00   1.9974749e+00   4.2829673e-01   1.5665145e+01   1.0000000e+00   2.4043876e-02
   2.5757245e-01  -2.1264927e-03  -1.4973852e+00   1.4987038e+00  -5.0025584e-01   1.4993308e+00   1.9976274e+00   4.9892633e-01  -1.4986641e+00   1.9976579e+00   2.5757245e-01   1.6302409e+01   1.0000000e+00   2.4021878e-02
   7.3714652e-01  -4.1765498e-04  -1.4984667e+00   1.4984951e+00  -4.9915610e-01   1.4990660e+00   1.9979310e+00   4.9940381e-01  -1.4991927e+00   1.9977048e+00   7.3714652e-01   1.4789271e+01   1.0000000e+00   2.3945679e-02
   9.2863237e-01  -2.8372955e-04  -1.4981438e+00   1.4984228e+00  -4.9951860e-01   1.4982710e+00   1.9969312e+00   4.9930657e-01  -1.4981701e+00   1.9963435e+00   9.2863237e-01   1.4336768e+01   1.0000000e+00   2.3229781e-02
   9.7699353e-01  -5.6743702e-04  -1.4979231e+00   1.4988921e+00  -4.9977009e-01   1.4983081e+00   1.9975005e+00   4.9871814e-01  -1.4987548e+00   1.9981158e+00   9.7699353e-01   1.4230722e+01   1.0000000e+00   2.3188650e-02
   2.1096262e-01   6.4666916e-05  -1.4973819e+00   1.4976007e+00  -4.9951794e-01   1.4982677e+00   1.9982073e+00   4.9845653e-01  -1.4980532e+00   1.9981525e+00   2.1096262e-01   1.6505488e+01   1.0000000e+00   2.2852772e-02
   1.9003574e-02   2.4749442e-04  -1.4981315e+00   1.4982755e+00  -4.9749627e-01   1.4980612e+00   1.9970168e+00   4.9897227e-01  -1.4980577e+00   1.9975112e+00   1.9003574e-02   1.7888368e+01   1.0000000e+00   2.2837080e-02
   2.0301846e-01   7.2376961e-04  -1.4981463e+00   1.4981938e+00  -4.9938450e-01   1.4981038e+00   1.9974556e+00   4.9944067e-01  -1.4980742e+00   1.9974744e+00   2.0301846e-01   1.6541428e+01   1.0000000e+00   2.2717541e-02
   2.4925658e-01   9.6225872e-04  -1.4981431e+00   1.4981879e+00  -4.9938237e-01   1.4981050e+00   1.9974567e+00   4.9944088e-01  -1.4980740e+00   1.9974742e+00   2.4925658e-01   1.6332468e+01   1.0000000e+00   2.2401970e-02
   1.9582469e-02  -1.6277496e-04  -1.4982967e+00   1.4983626e+00  -4.9968748e-01   1.4977428e+00   1.9974879e+00   4.9938775e-01  -1.4987235e+00   1.9971452e+00   1.9582469e-02   1.7876994e+01   1.0000000e+00   2.2065817e-02
   5.0978260e-02   1.0291312e-04  -1.4978221e+00   1.4983187e+00  -4.9957165e-01   1.4977786e+00   1.9974432e+00   4.9936751e-01  -1.4985308e+00   1.9969786e+00   5.0978260e-02   1.7507856e+01   1.0000000e+00   2.1968683e-02
   7.1024877e-01  -7.5446518e-04  -1.4980735e+00   1.4988334e+00  -4.9982124e-01   1.4986553e+00   1.9974361e+00   4.9970732e-01  -1.4979270e+00   1.9974940e+00   7.1024877e-01   1.4856431e+01   1.0000000e+00   2.1927199e-02
   9.4542145e-01  -3.7074595e-04  -1.4979373e+00   1.4988560e+00  -4.9970120e-01   1.4983558e+00   1.9962781e+00   4.9967413e-01  -1.4980234e+00   1.9977930e+00   9.4542145e-01   1.4300000e+01   1.0000000e+00   2.1304036e-02
   3.5922822e-01  -2.7807327e-04  -1.4982124e+00   1.4986566e+00  -4.9954872e-01   1.4975602e+00   1.9970649e+00   4.9942842e-01  -1.4985521e+00   1.9972713e+00   3.5922822e-01   1.5902308e+01   1.0000000e+00   2.1171032e-02
   2.8055195e-01   1.2515250e-04  -1.4981903e+00   1.4985996e+00  -4.9954413e-01   1.4974804e+00   1.9971701e+00   4.9943240e-01  -1.4985794e+00   1.9971025e+00   2.8055195e-01   1.6201872e+01   1.0000000e+00   2.1155788e-02
   4.1664234e-01  -6.4738936e-04  -1.4982632e+00   1.4981015e+00  -4.9931433e-01   1.4982381e+00   1.9969604e+00   4.9931538e-01  -1.4982516e+00   1.9977570e+00   4.1664234e-01   1.5703826e+01   1.0000000e+00   2.0945769e-02
   1.8798726e-01  -1.4062663e-03  -1.4976159e+00   1.4988593e+00  -5.0033474e-01   1.4999990e+00   1.9976371e+00   4.9887248e-01  -1.4990760e+00   1.9975898e+00   1.8798726e-01   1.6620524e+01   1.0000000e+00   2.0759695e-02
   8.3448775e-02  -2.9324817e-04  -1.4974716e+00   1.4974485e+00  -4.9948795e-01   1.4981730e+00   1.9980119e+00   4.9798603e-01  -1.4980889e+00   1.9984162e+00   8.3448775e-02   1.7239186e+01   1.0000000e+00   2.0743851e-02
   8.9275187e-01  -3.7537485e-04  -1.4979699e+00   1.4987918e+00  -4.9967052e-01   1.4985058e+00   1.9962481e+00   4.9942967e-01  -1.4980257e+00   1.9978270e+00   8.9275187e-01   1.4418089e+01   1.0000000e+00   2.0570805e-02
   6.0514935e-01  -2.5887374e-04  -1.4983892e+00   1.4980957e+00  -4.9920799e-01   1.4980828e+00   1.9972514e+00   4.9923296e-01  -1.4982043e+00   1.9976283e+00   6.0514935e-01   1.5134132e+01   1.0000000e+00   2.0426049e-02
   9.2134933e-01  -8.3447948e-04  -1.4980446e+00   1.4989261e+00  -5.0200762e-01   1.4985958e+00   1.9982995e+00   5.0000345e-01  -1.4980952e+00   1.9967478e+00   9.2134933e-01   1.4358946e+01   1.0000000e+00   2.0390125e-02
   4.9959214e-01  -6.3118627e-05  -1.4983876e+00   1.4978300e+00  -4.9930572e-01   1.4981748e+00   1.9973998e+00   4.9917222e-01  -1.4981946e+00   1.9975331e+00   4.9959214e-01   1.5439704e+01   1.0000000e+00   2.0211635e-02
   4.5953759e-01  -7.4947148e-04  -1.4980412e+00   1.4990563e+00  -4.9997489e-01   1.4991589e+00   1.9947327e+00   4.9840544e-01  -1.4982880e+00   1.9971893e+00   4.5953759e-01   1.5572246e+01   1.0000000e+00   2.0180767e-02
   8.3952094e-01  -1.1608963e-04  -1.4980009e+00   1.4986528e+00  -4.9977445e-01   1.4983091e+00   1.9976007e+00   4.9921446e-01  -1.4985102e+00   1.9976442e+00   8.3952094e-01   1.4539810e+01   1.0000000e+00   1.9958414e-02
   2.2312220e-01   1.0431854e-03  -1.4982199e+00   1.4981722e+00  -4.9940157e-01   1.4980756e+00   1.9974476e+00   4.9945687e-01  -1.4980856e+00   1.9974781e+00   2.2312220e-01   1.6448224e+01   1.0000000e+00   1.9897751e-02
   2.3754825e-01  -1.3494313e-03  -1.4974467e+00   1.4986609e+00  -5.0030983e-01   1.4993716e+00   1.9976472e+00   4.9887750e-01  -1.4988124e+00   1.9974749e+00   2.3754825e-01   1.6387130e+01   1.0000000e+00   1.9488870e-02
   9.7921547e-01  -2.9930753e-04  -1.4981175e+00   1.4981619e+00  -4.9956590e-01   1.4977167e+00   1.9974567e+00   4.9913349e-01  -1.4979519e+00   1.9974877e+00   9.7921547e-01   1.4224432e+01   1.0000000e+00   1.9333288e-02
   3.4579925e-04  -5.6082818e-06  -1.4981150e+00   1.4980901e+00  -4.9933291e-01   1.4980935e+00   1.9974615e+00   4.9935384e-01  -1.4981156e+00   1.9974962e+00   3.4579925e-04   1.8397930e+01   1.0000000e+00   1.9293916e-02
   6.7414367e-02  -6.9432680e-05  -1.4982799e+00   1.4980178e+00  -4.9930570e-01   1.4980672e+00   1.9973963e+00   4.9938476e-01  -1.4981145e+00   1.9974232e+00   6.7414367e-02   1.7361809e+01   1.0000000e+00   1.9242930e-02
   4.8779301e-01  -7.4951887e-04  -1.4981894e+00   1.4983782e+00  -5.0047472e-01   1.4977903e+00   1.9970159e+00   4.9949459e-01  -1.4986926e+00   1.9969776e+00   4.8779301e-01   1.5477655e+01   1.0000000e+00   1.9087951e-02
   2.1875161e-01  -1.6064054e-04  -1.4974931e+00   1.4971221e+00  -4.9955569e-01   1.4981158e+00   1.9975822e+00   4.9799327e-01  -1.4980963e+00   1.9981456e+00   2.1875161e-01   1.6470179e+01   1.0000000e+00   1.8933388e-02
   9.5432066e-01   3.8333173e-04  -1.4980802e+00   1.4979954e+00  -4.9651731e-01   1.4979906e+00   1.9972862e+00   4.9931847e-01  -1.4980951e+00   1.9977074e+00   9.5432066e-01   1.4284476e+01   1.0000000e+00   1.8654469e-02
   1.9994728e-01  -1.0341794e-05  -1.4981664e+00   1.4979443e+00  -4.9923495e-01   1.4981080e+00   1.9974680e+00   4.9930408e-01  -1.4982353e+00   1.9975901e+00   1.9994728e-01   1.6555791e+01   1.0000000e+00   1.8513706e-02
   7.0200175e-01  -8.7933259e-04  -1.4976958e+00   1.4997801e+00  -5.0009533e-01   1.4988477e+00   1.9969027e+00   4.9846675e-01  -1.4985030e+00   1.9974302e+00   7.0200175e-01   1.4880642e+01   1.0000000e+00   1.8280395e-02
   4.8066321e-01  -1.4637492e-04  -1.4982027e+00   1.4985082e+00  -5.0081619e-01   1.4977928e+00   1.9970964e+00   4.9950232e-01  -1.4986026e+00   1.9970223e+00   4.8066321e-01   1.5499836e+01   1.0000000e+00   1.7690869e-02
   9.0865386e-04  -2.6075015e-05  -1.4981159e+00   1.4980954e+00  -4.9947290e-01   1.4980933e+00   1.9972840e+00   4.9929924e-01  -1.4981381e+00   1.9974961e+00   9.0865386e-04   1.8348328e+01   1.0000000e+00   1.7688023e-02
   1.2780245e-01  -5.5522866e-04  -1.4982428e+00   1.4983353e+00  -4.9864389e-01   1.4984062e+00   1.9967916e+00   4.9888583e-01  -1.4980140e+00   1.9972570e+00   1.2780245e-01   1.6942461e+01   1.0000000e+00   1.7563474e-02
   1.7868910e-01   3.5923466e-04  -1.4979044e+00   1.4981488e+00  -4.9917509e-01   1.4978599e+00   1.9973667e+00   4.9997807e-01  -1.4981261e+00   1.9966483e+00   1.7868910e-01   1.6661775e+01   1.0000000e+00   1.7185149e-02
   3.2671440e-01  -1.9175106e-03  -1.4972825e+00   1.4986539e+00  -5.0020862e-01   1.4999541e+00   1.9973691e+00   4.9924573e-01  -1.4986589e+00   1.9974965e+00   3.2671440e-01   1.6027568e+01   1.0000000e+00   1.7171005e-02
   7.7353396e-02  -1.6944894e-04  -1.4980820e+00   1.4984258e+00  -4.9948543e-01   1.4981481e+00   1.9966470e+00   4.9930057e-01  -1.4977685e+00   1.9973500e+00   7.7353396e-02   1.7283050e+01   1.0000000e+00   1.6965235e-02
   5.8066680e-01  -1.7322521e-04  -1.4978757e+00   1.4989649e+00  -4.9985940e-01   1.4983379e+00   1.9965646e+00   4.9957066e-01  -1.4980054e+00   1.9978887e+00   5.8066680e-01   1.5203835e+01   1.0000000e+00   1.6876748e-02
