   1.0000000e+00  -3.2656275e-06   1.4981012e+00   4.9937363e-01  -1.4981067e+00   1.9974820e+00  -4.9937444e-01   1.4980909e+00   4.9938149e-01  -4.9937720e-01   1.0000000e+00   9.1665046e+00   1.0000000e+00             Inf
   0.0000000e+00  -1.5334408e-05   1.4980965e+00   4.9936139e-01  -1.4981155e+00   1.9974872e+00  -4.9936429e-01   1.4980697e+00   4.9937244e-01  -4.9935297e-01   0.0000000e+00   1.2735138e+01   1.0000000e+00             Inf
   1.5112972e-01   6.2073146e-05   1.4979712e+00   4.9971189e-01  -1.4979080e+00   1.9975946e+00  -4.9941813e-01   1.4985124e+00   4.9964456e-01  -4.9774491e-01   1.5112972e-01   1.1350113e+01   1.0000000e+00   7.8273437e-02
   1.2576310e-01  -1.6859707e-04   1.4978031e+00   4.9957261e-01  -1.4980171e+00   1.9975722e+00  -4.9971103e-01   1.4979032e+00   4.9949458e-01  -4.9953826e-01   1.2576310e-01   1.1469875e+01   1.0000000e+00   6.7138942e-02
   5.0290079e-02  -1.3742694e-04   1.4979285e+00   4.9842712e-01  -1.4982295e+00   1.9973111e+00  -4.9945225e-01   1.4981978e+00   4.9929559e-01  -4.9990944e-01   5.0290079e-02   1.1935842e+01   1.0000000e+00   6.6876198e-02
   7.1480174e-02  -4.6559569e-05   1.4981111e+00   4.9934944e-01  -1.4983357e+00   1.9973079e+00  -4.9932207e-01   1.4980097e+00   4.9938985e-01  -4.9933841e-01   7.1480174e-02   1.1781107e+01   1.0000000e+00   6.6512501e-02
   1.8910970e-02  -9.8872958e-06   1.4980970e+00   4.9935167e-01  -1.4978694e+00   1.9973254e+00  -4.9943493e-01   1.4980574e+00   4.9926878e-01  -4.9943792e-01   1.8910970e-02   1.2244463e+01   1.0000000e+00   6.5081133e-02
   2.9313402e-02  -6.6678579e-05   1.4980449e+00   4.9939362e-01  -1.4978812e+00   1.9975323e+00  -4.9960602e-01   1.4981158e+00   4.9931141e-01  -4.9950092e-01   2.9313402e-02   1.2124253e+01   1.0000000e+00   5.8995385e-02
   6.5641076e-01  -1.8213187e-04   1.4976372e+00   4.9918523e-01  -1.4976084e+00   1.9971641e+00  -4.9809659e-01   1.4980582e+00   4.9975353e-01  -4.9939447e-01   6.5641076e-01   9.8455327e+00   1.0000000e+00   5.4747431e-02
   1.1156616e-01  -4.4857787e-05   1.4980791e+00   4.9932389e-01  -1.4979222e+00   1.9971660e+00  -4.9940466e-01   1.4982134e+00   4.9908518e-01  -4.9945031e-01   1.1156616e-01   1.1543332e+01   1.0000000e+00   4.7455571e-02
   2.1406398e-04  -2.1209790e-05   1.4981100e+00   4.9936555e-01  -1.4981095e+00   1.9974815e+00  -4.9937069e-01   1.4981793e+00   4.9937099e-01  -4.9935778e-01   2.1406398e-04   1.2682929e+01   1.0000000e+00   4.7142225e-02
   2.0347043e-03  -2.2827003e-05   1.4981094e+00   4.9936486e-01  -1.4981104e+00   1.9974543e+00  -4.9936436e-01   1.4980595e+00   4.9937200e-01  -4.9935773e-01   2.0347043e-03   1.2574166e+01   1.0000000e+00   4.6420253e-02
   9.0854750e-02  -5.4602451e-05   1.4980608e+00   4.9945977e-01  -1.4979705e+00   1.9968768e+00  -4.9934864e-01   1.4980594e+00   4.9965296e-01  -4.9931662e-01   9.0854750e-02   1.1659830e+01   1.0000000e+00   4.4802404e-02
   6.8294942e-01  -1.0364418e-04   1.4977311e+00   4.9927540e-01  -1.4977299e+00   1.9973670e+00  -4.9901448e-01   1.4980394e+00   4.9946884e-01  -4.9940345e-01   6.8294942e-01   9.7863040e+00   1.0000000e+00   4.4542800e-02
   9.6880759e-01   4.5621165e-05   1.4980521e+00   4.9936129e-01  -1.4987273e+00   1.9977211e+00  -4.9905977e-01   1.4980784e+00   4.9924610e-01  -4.9938630e-01   9.6880759e-01   9.2229897e+00   1.0000000e+00   4.3884064e-02
   6.3114160e-01  -5.8835288e-05   1.4980873e+00   4.9917392e-01  -1.4981521e+00   1.9980986e+00  -4.9931264e-01   1.4983167e+00   4.9913255e-01  -4.9935883e-01   6.3114160e-01   9.9004387e+00   1.0000000e+00   3.9507815e-02
   1.7817433e-01  -7.7768643e-05   1.4980177e+00   4.9946617e-01  -1.4981692e+00   1.9975155e+00  -4.9951272e-01   1.4981754e+00   4.9936379e-01  -4.9946771e-01   1.7817433e-01   1.1228841e+01   1.0000000e+00   3.7577602e-02
   6.1548706e-01  -7.8092761e-05   1.4980967e+00   4.9914734e-01  -1.4981145e+00   1.9982320e+00  -4.9931413e-01   1.4983305e+00   4.9906803e-01  -4.9933736e-01   6.1548706e-01   9.9359876e+00   1.0000000e+00   3.6960882e-02
   8.3371226e-02  -7.6866906e-05   1.4980563e+00   4.9920413e-01  -1.4980600e+00   1.9972675e+00  -4.9962389e-01   1.4979907e+00   4.9932834e-01  -4.9932850e-01   8.3371226e-02   1.1704847e+01   1.0000000e+00   3.5192342e-02
   1.2236395e-01  -2.6969258e-05   1.4981054e+00   4.9933199e-01  -1.4975709e+00   1.9973153e+00  -4.9930447e-01   1.4980751e+00   4.9929468e-01  -4.9944718e-01   1.2236395e-01   1.1487053e+01   1.0000000e+00   3.4780922e-02
   1.0025566e-01   1.4144608e-05   1.4980971e+00   4.9937381e-01  -1.4980821e+00   1.9975428e+00  -4.9923608e-01   1.4980220e+00   4.9939317e-01  -4.9933002e-01   1.0025566e-01   1.1605218e+01   1.0000000e+00   3.2468958e-02
   9.8837391e-01   4.8381115e-05   1.4980830e+00   4.9935609e-01  -1.4987208e+00   1.9977641e+00  -4.9906848e-01   1.4980706e+00   4.9923473e-01  -4.9938587e-01   9.8837391e-01   9.1877041e+00   1.0000000e+00   3.1849583e-02
   7.7897336e-02  -8.3781213e-05   1.4980179e+00   4.9947147e-01  -1.4981740e+00   1.9975130e+00  -4.9951620e-01   1.4981247e+00   4.9936238e-01  -4.9947382e-01   7.7897336e-02   1.1739178e+01   1.0000000e+00   3.1297920e-02
   5.1678320e-01   5.7387116e-05   1.4984726e+00   5.0071644e-01  -1.4981630e+00   1.9985425e+00  -4.9545375e-01   1.4981456e+00   4.9980264e-01  -4.9872707e-01   5.1678320e-01   1.0183259e+01   1.0000000e+00   3.1148809e-02
   6.0849536e-01  -9.1663022e-06   1.4980314e+00   4.9929801e-01  -1.4982910e+00   1.9977769e+00  -4.9913513e-01   1.4980756e+00   4.9935067e-01  -4.9938354e-01   6.0849536e-01   9.9515225e+00   1.0000000e+00   3.1014272e-02
   5.2757798e-01  -2.4985643e-04   1.4977492e+00   4.9927653e-01  -1.4977201e+00   1.9973731e+00  -4.9926127e-01   1.4980379e+00   4.9946741e-01  -4.9942404e-01   5.2757798e-01   1.0143345e+01   1.0000000e+00   3.0531157e-02
   2.3132458e-01   1.2666462e-04   1.4977982e+00   4.9929482e-01  -1.4982164e+00   1.9974708e+00  -4.9523674e-01   1.4981069e+00   4.9938473e-01  -4.9927683e-01   2.3132458e-01   1.1031435e+01   1.0000000e+00   3.0118939e-02
   1.4640416e-02  -1.4044452e-05   1.4981123e+00   4.9929088e-01  -1.4981180e+00   1.9974678e+00  -4.9956011e-01   1.4980085e+00   4.9897340e-01  -5.0027433e-01   1.4640416e-02   1.2304141e+01   1.0000000e+00   2.9912379e-02
   4.5388239e-02   2.3553517e-04   1.4981680e+00   5.0071123e-01  -1.4975468e+00   1.9974500e+00  -4.9935225e-01   1.4980362e+00   4.9949631e-01  -4.9908658e-01   4.5388239e-02   1.1976601e+01   1.0000000e+00   2.9080523e-02
   1.0346128e-01   1.8340739e-04   1.4981649e+00   5.0071420e-01  -1.4975806e+00   1.9974481e+00  -4.9932892e-01   1.4979669e+00   4.9949573e-01  -4.9912218e-01   1.0346128e-01   1.1588948e+01   1.0000000e+00   2.8652255e-02
   4.0964096e-02   3.9873402e-05   1.4978703e+00   4.9935762e-01  -1.4981116e+00   1.9975193e+00  -4.9786499e-01   1.4980612e+00   4.9933893e-01  -4.9934403e-01   4.0964096e-02   1.2014641e+01   1.0000000e+00   2.8177514e-02
   2.7318510e-01  -2.2814576e-04   1.4983896e+00   4.9928177e-01  -1.4964640e+00   1.9975818e+00  -4.9920762e-01   1.4985379e+00   4.9965440e-01  -4.9941225e-01   2.7318510e-01   1.0872214e+01   1.0000000e+00   2.8141123e-02
   2.5145420e-01   2.3688863e-04   1.4976927e+00   4.9927724e-01  -1.4985401e+00   1.9975405e+00  -4.9574485e-01   1.4981260e+00   4.9942777e-01  -4.9932145e-01   2.5145420e-01   1.0955601e+01   1.0000000e+00   2.7504516e-02
   2.1742029e-01   1.6362841e-04   1.4976573e+00   4.9931949e-01  -1.4982153e+00   1.9975438e+00  -4.9490185e-01   1.4980869e+00   4.9937963e-01  -4.9928283e-01   2.1742029e-01   1.1086059e+01   1.0000000e+00   2.6875427e-02
   4.6209157e-01  -2.9720888e-04   1.4984363e+00   4.9942092e-01  -1.4950116e+00   1.9976942e+00  -4.9915805e-01   1.4987031e+00   4.9953521e-01  -4.9922231e-01   4.6209157e-01   1.0316610e+01   1.0000000e+00   2.6772575e-02
   1.3078687e-02   1.3495654e-04   1.4981923e+00   4.9956517e-01  -1.4976957e+00   1.9975367e+00  -4.9951504e-01   1.4994666e+00   4.9810076e-01  -4.9858134e-01   1.3078687e-02   1.2330396e+01   1.0000000e+00   2.6400481e-02
   2.9314469e-01  -4.6595377e-05   1.4980936e+00   4.9934300e-01  -1.4980073e+00   1.9974728e+00  -4.9925022e-01   1.4977826e+00   4.9927780e-01  -4.9907962e-01   2.9314469e-01   1.0803138e+01   1.0000000e+00   2.5878746e-02
   3.0172801e-01   1.4789172e-04   1.4976752e+00   4.9902190e-01  -1.4981594e+00   1.9973905e+00  -4.9788760e-01   1.4977143e+00   4.9976574e-01  -4.9910324e-01   3.0172801e-01   1.0777013e+01   1.0000000e+00   2.5414717e-02
   1.9063893e-01   8.2655499e-05   1.4979704e+00   4.9958540e-01  -1.4979674e+00   1.9976018e+00  -4.9945646e-01   1.4984927e+00   4.9963990e-01  -4.9775370e-01   1.9063893e-01   1.1179179e+01   1.0000000e+00   2.4882563e-02
   2.3906114e-01   2.1833164e-04   1.4982065e+00   5.0094414e-01  -1.4975998e+00   1.9975894e+00  -4.9934033e-01   1.4980742e+00   4.9954214e-01  -4.9935713e-01   2.3906114e-01   1.0992387e+01   1.0000000e+00   2.4445637e-02
   2.5696038e-01   1.4793618e-04   1.4976730e+00   4.9931276e-01  -1.4982198e+00   1.9975278e+00  -4.9547037e-01   1.4979437e+00   4.9958721e-01  -4.9927275e-01   2.5696038e-01   1.0937529e+01   1.0000000e+00   2.4253897e-02
   9.0011887e-01  -2.3766195e-04   1.4984421e+00   4.9949951e-01  -1.4948747e+00   1.9975804e+00  -4.9929010e-01   1.4986860e+00   4.9969655e-01  -4.9924326e-01   9.0011887e-01   9.3570077e+00   1.0000000e+00   2.4038112e-02
   4.3332667e-01  -4.7842483e-04   1.4984934e+00   4.9941286e-01  -1.4923308e+00   1.9976857e+00  -4.9917617e-01   1.4986380e+00   4.9951577e-01  -4.9923003e-01   4.3332667e-01   1.0410440e+01   1.0000000e+00   2.3738622e-02
   3.2883759e-01  -5.1302806e-04   1.4983258e+00   4.9980624e-01  -1.4978430e+00   1.9977213e+00  -4.9951882e-01   1.4984685e+00   4.9914845e-01  -4.9952616e-01   3.2883759e-01   1.0689357e+01   1.0000000e+00   2.3737968e-02
   4.1940890e-01  -2.1756414e-05   1.4980870e+00   4.9935858e-01  -1.4980321e+00   1.9974551e+00  -4.9925245e-01   1.4977882e+00   4.9927478e-01  -4.9928155e-01   4.1940890e-01   1.0424123e+01   1.0000000e+00   2.3714631e-02
   8.7484203e-01   4.0977936e-05   1.4982157e+00   4.9988692e-01  -1.4988552e+00   1.9985292e+00  -4.9782656e-01   1.4982410e+00   5.0020542e-01  -4.9909460e-01   8.7484203e-01   9.4008210e+00   1.0000000e+00   2.3589129e-02
   3.4133541e-01   8.3641932e-05   1.4983138e+00   4.9957168e-01  -1.4975315e+00   1.9976809e+00  -4.9932759e-01   1.4980007e+00   4.9948452e-01  -4.9938799e-01   3.4133541e-01   1.0650557e+01   1.0000000e+00   2.3588739e-02
   5.9657019e-01  -2.1579963e-04   1.4978706e+00   4.9898808e-01  -1.4976972e+00   1.9972173e+00  -4.9925457e-01   1.4979941e+00   4.9947636e-01  -4.9942765e-01   5.9657019e-01   9.9791588e+00   1.0000000e+00   2.3439175e-02
   1.5939886e-01  -3.1835679e-05   1.4980313e+00   4.9958312e-01  -1.4979915e+00   1.9975911e+00  -4.9967068e-01   1.4979720e+00   4.9915563e-01  -4.9959273e-01   1.5939886e-01   1.1310580e+01   1.0000000e+00   2.2874991e-02
   1.9946812e-01   1.0162091e-06   1.4979842e+00   4.9985068e-01  -1.4979077e+00   1.9976458e+00  -4.9945526e-01   1.4993904e+00   4.9957307e-01  -4.9838061e-01   1.9946812e-01   1.1143541e+01   1.0000000e+00   2.2720498e-02
   1.6870431e-01  -2.4712723e-05   1.4981202e+00   4.9936706e-01  -1.4981314e+00   1.9975040e+00  -4.9937097e-01   1.4981445e+00   4.9932460e-01  -4.9910238e-01   1.6870431e-01   1.1269427e+01   1.0000000e+00   2.2715641e-02
   2.4226407e-01   2.1342540e-04   1.4980019e+00   4.9928118e-01  -1.4982963e+00   1.9973379e+00  -4.9691881e-01   1.4979167e+00   4.9954723e-01  -4.9912269e-01   2.4226407e-01   1.0983237e+01   1.0000000e+00   2.2701251e-02
   4.7060902e-01  -4.9481819e-04   1.4984809e+00   4.9942045e-01  -1.4951245e+00   1.9976942e+00  -4.9924663e-01   1.4985395e+00   4.9954189e-01  -4.9919504e-01   4.7060902e-01   1.0293859e+01   1.0000000e+00   2.2483835e-02
   2.7850056e-01  -2.8081303e-05   1.4980756e+00   4.9935456e-01  -1.4980330e+00   1.9974650e+00  -4.9925375e-01   1.4977722e+00   4.9929573e-01  -4.9931007e-01   2.7850056e-01   1.0851957e+01   1.0000000e+00   2.2305271e-02
   9.8385828e-03   8.0170195e-05   1.4981186e+00   4.9933226e-01  -1.4981533e+00   1.9972829e+00  -4.9943907e-01   1.4979837e+00   4.9942009e-01  -4.9933265e-01   9.8385828e-03   1.2381219e+01   1.0000000e+00   2.2148933e-02
   8.8817510e-01  -5.7467847e-05   1.4981798e+00   4.9900706e-01  -1.4979000e+00   1.9977154e+00  -4.9930867e-01   1.4979179e+00   4.9921784e-01  -4.9991649e-01   8.8817510e-01   9.3723618e+00   1.0000000e+00   2.1390533e-02
   3.6390314e-01  -2.8121576e-04   1.4975132e+00   4.9924450e-01  -1.4976743e+00   1.9972018e+00  -4.9932172e-01   1.4979250e+00   4.9947844e-01  -4.9940164e-01   3.6390314e-01   1.0582919e+01   1.0000000e+00   2.1218167e-02
   7.6418231e-03  -5.6237373e-05   1.4981001e+00   4.9933175e-01  -1.4980909e+00   1.9972749e+00  -4.9934950e-01   1.4980081e+00   4.9932471e-01  -4.9932770e-01   7.6418231e-03   1.2423219e+01   1.0000000e+00   2.0969261e-02
   9.3784283e-01   5.5439215e-05   1.4982940e+00   5.0077986e-01  -1.4976196e+00   1.9977074e+00  -4.9912816e-01   1.4976531e+00   4.9936661e-01  -5.0007724e-01   9.3784283e-01   9.2813005e+00   1.0000000e+00   2.0922063e-02
   2.6507976e-01   1.6251739e-04   1.4976881e+00   4.9929936e-01  -1.4982270e+00   1.9974105e+00  -4.9638373e-01   1.4980800e+00   4.9936909e-01  -4.9931549e-01   2.6507976e-01   1.0904488e+01   1.0000000e+00   2.0843757e-02
   3.7458443e-01  -2.2698774e-04   1.4984035e+00   4.9932395e-01  -1.4965137e+00   1.9975513e+00  -4.9917837e-01   1.4988220e+00   4.9969650e-01  -4.9941674e-01   3.7458443e-01   1.0553428e+01   1.0000000e+00   2.0842020e-02
   4.8880911e-01  -2.6992415e-04   1.4984523e+00   4.9912761e-01  -1.4964012e+00   1.9977987e+00  -5.0199672e-01   1.4986283e+00   4.9967807e-01  -4.9926874e-01   4.8880911e-01   1.0247654e+01   1.0000000e+00   2.0625947e-02
   1.8603108e-01   2.8516173e-04   1.4981578e+00   5.0033824e-01  -1.4973784e+00   1.9975261e+00  -4.9941664e-01   1.4980922e+00   4.9964983e-01  -4.9928096e-01   1.8603108e-01   1.1197159e+01   1.0000000e+00   2.0313786e-02
   3.3199981e-02   9.8619393e-06   1.4980736e+00   4.9934453e-01  -1.4980881e+00   1.9975085e+00  -4.9923551e-01   1.4980249e+00   4.9937285e-01  -4.9932731e-01   3.3199981e-02   1.2084923e+01   1.0000000e+00   2.0152767e-02
   5.7595779e-01  -2.2711878e-04   1.4978059e+00   4.9897605e-01  -1.4976599e+00   1.9973513e+00  -4.9926192e-01   1.4980045e+00   4.9942060e-01  -4.9940619e-01   5.7595779e-01   1.0027207e+01   1.0000000e+00   1.9389477e-02
   4.4746152e-01  -1.6538953e-04   1.4975306e+00   4.9923377e-01  -1.4976606e+00   1.9973810e+00  -4.9931978e-01   1.4978755e+00   4.9946945e-01  -4.9940707e-01   4.4746152e-01   1.0348446e+01   1.0000000e+00   1.9312229e-02
   7.5346842e-01  -1.0533169e-06   1.4980645e+00   4.9911214e-01  -1.4981806e+00   1.9976451e+00  -4.9920538e-01   1.4981835e+00   4.9937371e-01  -4.9938494e-01   7.5346842e-01   9.6375672e+00   1.0000000e+00   1.9055584e-02
   1.6206048e-01   5.4911862e-05   1.4979692e+00   4.9970461e-01  -1.4979058e+00   1.9975937e+00  -5.0236260e-01   1.4985277e+00   4.9964817e-01  -4.9775420e-01   1.6206048e-01   1.1307489e+01   1.0000000e+00   1.8964633e-02
   3.7052524e-01  -4.3062032e-05   1.4980769e+00   4.9935303e-01  -1.4980415e+00   1.9974569e+00  -4.9993824e-01   1.4978035e+00   4.9931985e-01  -4.9925319e-01   3.7052524e-01   1.0563198e+01   1.0000000e+00   1.8945227e-02
   4.4250365e-01  -1.5745121e-04   1.4974564e+00   4.9924832e-01  -1.4976609e+00   1.9973816e+00  -4.9932563e-01   1.4978720e+00   4.9947822e-01  -4.9940708e-01   4.4250365e-01   1.0361770e+01   1.0000000e+00   1.8805051e-02
   2.8432413e-01  -2.9689837e-05   1.4980833e+00   4.9935444e-01  -1.4980350e+00   1.9974668e+00  -4.9928278e-01   1.4977884e+00   4.9929233e-01  -4.9924302e-01   2.8432413e-01   1.0832366e+01   1.0000000e+00   1.8349529e-02
   9.2900015e-01   2.6903062e-05   1.4982877e+00   4.9985564e-01  -1.4976398e+00   1.9978495e+00  -4.9881375e-01   1.4978948e+00   4.9937032e-01  -4.9936201e-01   9.2900015e-01   9.2961936e+00   1.0000000e+00   1.8302764e-02
   7.2176323e-02  -3.0378676e-05   1.4981054e+00   4.9932476e-01  -1.4977896e+00   1.9971077e+00  -4.9941261e-01   1.4980741e+00   4.9929353e-01  -4.9944754e-01   7.2176323e-02   1.1776588e+01   1.0000000e+00   1.8166598e-02
   5.9426479e-01   3.5054545e-05   1.4980851e+00   4.9920543e-01  -1.4981849e+00   1.9976699e+00  -4.9934507e-01   1.4985014e+00   4.9900934e-01  -4.9938307e-01   5.9426479e-01   9.9843846e+00   1.0000000e+00   1.8108513e-02
   8.2839266e-01   2.2874644e-05   1.4980578e+00   4.9928926e-01  -1.5002872e+00   1.9976474e+00  -4.9923659e-01   1.4984167e+00   4.9932373e-01  -4.9942323e-01   8.2839266e-01   9.4905101e+00   1.0000000e+00   1.7822615e-02
   2.2296721e-01   2.3326363e-04   1.4981105e+00   5.0078355e-01  -1.4973966e+00   1.9975716e+00  -4.9935361e-01   1.4981156e+00   4.9964522e-01  -4.9930106e-01   2.2296721e-01   1.1052006e+01   1.0000000e+00   1.7770394e-02
   8.1730064e-01  -2.6095883e-05   1.4980815e+00   4.9936609e-01  -1.4982901e+00   1.9974760e+00  -4.9938717e-01   1.4980794e+00   4.9939529e-01  -4.9937577e-01   8.1730064e-01   9.5089521e+00   1.0000000e+00   1.7751958e-02
   8.3757278e-01   7.9992313e-05   1.4979502e+00   4.9937030e-01  -1.4994571e+00   1.9974589e+00  -4.9937210e-01   1.4979125e+00   4.9937856e-01  -4.9937976e-01   8.3757278e-01   9.4704698e+00   1.0000000e+00   1.7740743e-02
   7.0342187e-01  -3.4985161e-04   1.4990293e+00   4.9920231e-01  -1.4982556e+00   1.9974743e+00  -4.9926865e-01   1.4987035e+00   4.9816209e-01  -4.9907232e-01   7.0342187e-01   9.7441691e+00   1.0000000e+00   1.7638662e-02
   5.3035713e-03  -1.7919743e-05   1.4980829e+00   4.9935765e-01  -1.4981899e+00   1.9975110e+00  -4.9934135e-01   1.4980702e+00   4.9937315e-01  -4.9939306e-01   5.3035713e-03   1.2475258e+01   1.0000000e+00   1.7608440e-02
   3.2100513e-01   9.9767611e-05   1.4982619e+00   4.9960577e-01  -1.4973796e+00   1.9976425e+00  -4.9939352e-01   1.4979990e+00   4.9950952e-01  -4.9938643e-01   3.2100513e-01   1.0713737e+01   1.0000000e+00   1.7460044e-02
   9.1037033e-01  -2.6785086e-04   1.4985144e+00   4.9939246e-01  -1.4987244e+00   1.9970334e+00  -4.9939199e-01   1.4990868e+00   4.9814846e-01  -4.9855584e-01   9.1037033e-01   9.3328793e+00   1.0000000e+00   1.7381359e-02
   2.6269404e-01   6.8207653e-05   1.4979918e+00   4.9981471e-01  -1.4978765e+00   1.9976044e+00  -4.9942315e-01   1.4985142e+00   4.9960883e-01  -4.9744962e-01   2.6269404e-01   1.0909159e+01   1.0000000e+00   1.7378022e-02
   1.6788451e-01  -3.3090395e-05   1.4980410e+00   4.9957953e-01  -1.4979903e+00   1.9975635e+00  -4.9976755e-01   1.4979750e+00   4.9916120e-01  -4.9957661e-01   1.6788451e-01   1.1273184e+01   1.0000000e+00   1.7309469e-02
   2.8803363e-01  -3.2471241e-05   1.4980621e+00   4.9936667e-01  -1.4977637e+00   1.9966792e+00  -4.9964149e-01   1.4981373e+00   4.9935887e-01  -4.9938760e-01   2.8803363e-01   1.0820494e+01   1.0000000e+00   1.7010846e-02
   7.6234882e-01   1.7759584e-05   1.4980800e+00   4.9934780e-01  -1.4983687e+00   1.9977182e+00  -4.9892127e-01   1.4980881e+00   4.9922662e-01  -4.9939931e-01   7.6234882e-01   9.6195168e+00   1.0000000e+00   1.6975060e-02
   6.9482893e-01  -2.3688254e-04   1.4984474e+00   4.9945668e-01  -1.4952604e+00   1.9975805e+00  -4.9928568e-01   1.4986812e+00   4.9963904e-01  -4.9926408e-01   6.9482893e-01   9.7665231e+00   1.0000000e+00   1.6953085e-02
   9.4738108e-01  -2.5021006e-04   1.4976150e+00   4.9928323e-01  -1.4977367e+00   1.9973354e+00  -4.9927666e-01   1.4980361e+00   4.9949915e-01  -4.9947183e-01   9.4738108e-01   9.2620029e+00   1.0000000e+00   1.6938452e-02
   3.5271909e-03   7.5052205e-05   1.4980396e+00   4.9938534e-01  -1.4982996e+00   1.9975909e+00  -4.9904312e-01   1.4981974e+00   4.9935030e-01  -4.9916590e-01   3.5271909e-03   1.2523366e+01   1.0000000e+00   1.6862665e-02
   4.3669749e-01  -2.6962019e-04   1.4978256e+00   4.9930663e-01  -1.4977220e+00   1.9973290e+00  -4.9926005e-01   1.4980359e+00   4.9953652e-01  -4.9947160e-01   4.3669749e-01   1.0377141e+01   1.0000000e+00   1.6828552e-02
   3.4722244e-01  -2.1654361e-04   1.4983995e+00   4.9932710e-01  -1.4963335e+00   1.9974738e+00  -4.9924841e-01   1.4986929e+00   4.9991257e-01  -4.9941547e-01   3.4722244e-01   1.0635147e+01   1.0000000e+00   1.6821061e-02
   7.7242111e-01  -5.6633963e-05   1.4982206e+00   4.9943158e-01  -1.4983762e+00   1.9977257e+00  -4.9901402e-01   1.4981604e+00   4.9923546e-01  -4.9937597e-01   7.7242111e-01   9.5989682e+00   1.0000000e+00   1.6638435e-02
   5.0923362e-01  -2.4132893e-04   1.4977741e+00   4.9908328e-01  -1.4975652e+00   1.9973514e+00  -4.9913314e-01   1.4979508e+00   4.9963820e-01  -4.9942883e-01   5.0923362e-01   1.0189040e+01   1.0000000e+00   1.6504168e-02
   3.8238081e-01  -3.6580874e-04   1.4983549e+00   4.9932633e-01  -1.4964026e+00   1.9975459e+00  -4.9915666e-01   1.4988620e+00   4.9960862e-01  -4.9941318e-01   3.8238081e-01   1.0531129e+01   1.0000000e+00   1.6446169e-02
   9.5645418e-01  -9.5813136e-08   1.4982603e+00   5.0011429e-01  -1.4977149e+00   1.9976875e+00  -4.9891736e-01   1.4976713e+00   4.9937901e-01  -5.0002296e-01   9.5645418e-01   9.2461589e+00   1.0000000e+00   1.6345119e-02
   4.9493307e-02  -9.2817221e-06   1.4980958e+00   4.9935253e-01  -1.4978703e+00   1.9973215e+00  -4.9941258e-01   1.4980685e+00   4.9926876e-01  -4.9949798e-01   4.9493307e-02   1.1941301e+01   1.0000000e+00   1.6323240e-02
   8.9470862e-01   2.6055996e-04   1.4982946e+00   5.0079567e-01  -1.4972349e+00   1.9977193e+00  -4.9918511e-01   1.4978226e+00   4.9926391e-01  -5.0060907e-01   8.9470862e-01   9.3627717e+00   1.0000000e+00   1.6163641e-02
   9.5919538e-01  -1.0265482e-05   1.4981095e+00   4.9909929e-01  -1.4982269e+00   1.9976842e+00  -4.9924088e-01   1.4982143e+00   4.9937208e-01  -4.9932125e-01   9.5919538e-01   9.2401828e+00   1.0000000e+00   1.6013636e-02
   8.6849145e-01  -1.7075639e-04   1.4977905e+00   4.9923384e-01  -1.4976511e+00   1.9974467e+00  -4.9810249e-01   1.4979854e+00   4.9958579e-01  -4.9938776e-01   8.6849145e-01   9.4108068e+00   1.0000000e+00   1.5895800e-02
   6.3967216e-01  -2.5005129e-04   1.4980486e+00   4.9925563e-01  -1.4976067e+00   1.9973667e+00  -4.9924764e-01   1.4984043e+00   4.9959021e-01  -4.9932821e-01   6.3967216e-01   9.8813064e+00   1.0000000e+00   1.5869606e-02
