1 0 0 
0.999969 0.0078539 0 
0.999877 0.0157073 0 
0.999722 0.0235598 0 
0.999507 0.0314108 0 
0.999229 0.0392598 0 
0.99889 0.0471065 0 
0.998489 0.0549502 0 
0.998027 0.0627905 0 
0.997503 0.070627 0 
0.996917 0.0784591 0 
0.99627 0.0862864 0 
0.995562 0.0941083 0 
0.994792 0.101924 0 
0.993961 0.109734 0 
0.993068 0.117537 0 
0.992115 0.125333 0 
0.9911 0.133121 0 
0.990024 0.140901 0 
0.988886 0.148672 0 
0.987688 0.156434 0 
0.986429 0.164187 0 
0.985109 0.171929 0 
0.983729 0.179661 0 
0.982287 0.187381 0 
0.980785 0.19509 0 
0.979223 0.202787 0 
0.9776 0.210472 0 
0.975917 0.218143 0 
0.974173 0.225801 0 
0.97237 0.233445 0 
0.970506 0.241075 0 
0.968583 0.24869 0 
0.9666 0.256289 0 
0.964557 0.263873 0 
0.962455 0.27144 0 
0.960294 0.278991 0 
0.958073 0.286525 0 
0.955793 0.29404 0 
0.953454 0.301538 0 
0.951057 0.309017 0 
0.9486 0.316477 0 
0.946085 0.323917 0 
0.943512 0.331338 0 
0.940881 0.338738 0 
0.938191 0.346117 0 
0.935444 0.353475 0 
0.932639 0.360811 0 
0.929776 0.368125 0 
0.926857 0.375416 0 
0.92388 0.382683 0 
0.920845 0.389928 0 
0.917755 0.397148 0 
0.914607 0.404344 0 
0.911403 0.411514 0 
0.908143 0.41866 0 
0.904827 0.425779 0 
0.901455 0.432873 0 
0.898028 0.439939 0 
0.894545 0.446979 0 
0.891007 0.453991 0 
0.887413 0.460974 0 
0.883766 0.46793 0 
0.880063 0.474856 0 
0.876307 0.481754 0 
0.872496 0.488621 0 
0.868632 0.495459 0 
0.864713 0.502266 0 
0.860742 0.509041 0 
0.856718 0.515786 0 
0.85264 0.522499 0 
0.84851 0.529179 0 
0.844328 0.535827 0 
0.840094 0.542442 0 
0.835807 0.549023 0 
0.83147 0.55557 0 
0.827081 0.562083 0 
0.822641 0.568562 0 
0.81815 0.575005 0 
0.813608 0.581413 0 
0.809017 0.587785 0 
0.804376 0.594121 0 
0.799685 0.60042 0 
0.794944 0.606682 0 
0.790155 0.612907 0 
0.785317 0.619094 0 
0.78043 0.625243 0 
0.775496 0.631353 0 
0.770513 0.637424 0 
0.765483 0.643456 0 
0.760406 0.649448 0 
0.755282 0.6554 0 
0.750111 0.661312 0 
0.744894 0.667183 0 
0.739631 0.673013 0 
0.734323 0.678801 0 
0.728969 0.684547 0 
0.72357 0.690251 0 
0.718126 0.695913 0 
0.712639 0.701531 0 
0.707107 0.707107 0 
0.701531 0.712639 0 
0.695913 0.718126 0 
0.690251 0.72357 0 
0.684547 0.728969 0 
0.678801 0.734323 0 
0.673013 0.739631 0 
0.667183 0.744894 0 
0.661312 0.750111 0 
0.6554 0.755282 0 
0.649448 0.760406 0 
0.643456 0.765483 0 
0.637424 0.770513 0 
0.631353 0.775496 0 
0.625243 0.78043 0 
0.619094 0.785317 0 
0.612907 0.790155 0 
0.606682 0.794944 0 
0.60042 0.799685 0 
0.594121 0.804376 0 
0.587785 0.809017 0 
0.581413 0.813608 0 
0.575005 0.81815 0 
0.568562 0.822641 0 
0.562083 0.827081 0 
0.55557 0.83147 0 
0.549023 0.835807 0 
0.542442 0.840094 0 
0.535827 0.844328 0 
0.529179 0.84851 0 
0.522499 0.85264 0 
0.515786 0.856718 0 
0.509041 0.860742 0 
0.502266 0.864713 0 
0.495459 0.868632 0 
0.488621 0.872496 0 
0.481754 0.876307 0 
0.474856 0.880063 0 
0.46793 0.883766 0 
0.460974 0.887413 0 
0.45399 0.891007 0 
0.446979 0.894545 0 
0.439939 0.898028 0 
0.432873 0.901455 0 
0.425779 0.904827 0 
0.41866 0.908143 0 
0.411514 0.911403 0 
0.404344 0.914607 0 
0.397148 0.917755 0 
0.389928 0.920845 0 
0.382683 0.92388 0 
0.375416 0.926857 0 
0.368125 0.929776 0 
0.360811 0.932639 0 
0.353475 0.935444 0 
0.346117 0.938191 0 
0.338738 0.940881 0 
0.331338 0.943512 0 
0.323917 0.946085 0 
0.316477 0.9486 0 
0.309017 0.951057 0 
0.301538 0.953454 0 
0.29404 0.955793 0 
0.286525 0.958073 0 
0.278991 0.960294 0 
0.27144 0.962455 0 
0.263873 0.964557 0 
0.256289 0.9666 0 
0.24869 0.968583 0 
0.241075 0.970506 0 
0.233445 0.97237 0 
0.225801 0.974173 0 
0.218143 0.975917 0 
0.210472 0.9776 0 
0.202787 0.979223 0 
0.19509 0.980785 0 
0.187381 0.982287 0 
0.179661 0.983729 0 
0.171929 0.985109 0 
0.164187 0.986429 0 
0.156434 0.987688 0 
0.148672 0.988887 0 
0.140901 0.990024 0 
0.133121 0.9911 0 
0.125333 0.992115 0 
0.117537 0.993068 0 
0.109734 0.993961 0 
0.101924 0.994792 0 
0.0941083 0.995562 0 
0.0862863 0.99627 0 
0.0784591 0.996917 0 
0.070627 0.997503 0 
0.0627905 0.998027 0 
0.0549502 0.998489 0 
0.0471064 0.99889 0 
0.0392598 0.999229 0 
0.0314107 0.999507 0 
0.0235597 0.999722 0 
0.0157073 0.999877 0 
0.00785388 0.999969 0 
0.999969 0 0.0078539 
0.999938 0.00785366 0.0078539 
0.999846 0.0157068 0.0078539 
0.999692 0.023559 0.0078539 
0.999476 0.0314098 0.0078539 
0.999198 0.0392586 0.0078539 
0.998859 0.047105 0.0078539 
0.998458 0.0549485 0.0078539 
0.997996 0.0627886 0.0078539 
0.997472 0.0706248 0.0078539 
0.996887 0.0784567 0.0078539 
0.99624 0.0862837 0.0078539 
0.995531 0.0941054 0.0078539 
0.994761 0.101921 0.0078539 
0.99393 0.109731 0.0078539 
0.993038 0.117534 0.0078539 
0.992084 0.125329 0.0078539 
0.991069 0.133117 0.0078539 
0.989993 0.140897 0.0078539 
0.988856 0.148668 0.0078539 
0.987658 0.15643 0.0078539 
0.986399 0.164182 0.0078539 
0.985079 0.171924 0.0078539 
0.983698 0.179655 0.0078539 
0.982257 0.187376 0.0078539 
0.980755 0.195084 0.0078539 
0.979193 0.202781 0.0078539 
0.97757 0.210465 0.0078539 
0.975887 0.218137 0.0078539 
0.974143 0.225794 0.0078539 
0.97234 0.233438 0.0078539 
0.970477 0.241068 0.0078539 
0.968553 0.248682 0.0078539 
0.96657 0.256281 0.0078539 
0.964528 0.263865 0.0078539 
0.962426 0.271432 0.0078539 
0.960264 0.278983 0.0078539 
0.958043 0.286516 0.0078539 
0.955764 0.294031 0.0078539 
0.953425 0.301529 0.0078539 
0.951027 0.309007 0.0078539 
0.948571 0.316467 0.0078539 
0.946056 0.323907 0.0078539 
0.943483 0.331328 0.0078539 
0.940852 0.338727 0.0078539 
0.938162 0.346106 0.0078539 
0.935415 0.353464 0.0078539 
0.93261 0.3608 0.0078539 
0.929748 0.368113 0.0078539 
0.926828 0.375404 0.0078539 
0.923851 0.382672 0.0078539 
0.920817 0.389916 0.0078539 
0.917726 0.397136 0.0078539 
0.914579 0.404331 0.0078539 
0.911375 0.411502 0.0078539 
0.908115 0.418647 0.0078539 
0.904799 0.425766 0.0078539 
0.901427 0.432859 0.0078539 
0.898 0.439926 0.0078539 
0.894517 0.446965 0.0078539 
0.890979 0.453977 0.0078539 
0.887386 0.46096 0.0078539 
0.883738 0.467915 0.0078539 
0.880036 0.474842 0.0078539 
0.87628 0.481739 0.0078539 
0.872469 0.488606 0.0078539 
0.868605 0.495443 0.0078539 
0.864687 0.50225 0.0078539 
0.860715 0.509026 0.0078539 
0.856691 0.51577 0.0078539 
0.852614 0.522482 0.0078539 
0.848484 0.529163 0.0078539 
0.844302 0.53581 0.0078539 
0.840068 0.542425 0.0078539 
0.835782 0.549006 0.0078539 
0.831444 0.555553 0.0078539 
0.827055 0.562066 0.0078539 
0.822615 0.568544 0.0078539 
0.818124 0.574988 0.0078539 
0.813583 0.581395 0.0078539 
0.808992 0.587767 0.0078539 
0.804351 0.594103 0.0078539 
0.79966 0.600402 0.0078539 
0.79492 0.606664 0.0078539 
0.790131 0.612888 0.0078539 
0.785293 0.619075 0.0078539 
0.780406 0.625223 0.0078539 
0.775472 0.631333 0.0078539 
0.770489 0.637404 0.0078539 
0.76546 0.643436 0.0078539 
0.760383 0.649428 0.0078539 
0.755259 0.65538 0.0078539 
0.750088 0.661291 0.0078539 
0.744871 0.667162 0.0078539 
0.739608 0.672992 0.0078539 
0.7343 0.67878 0.0078539 
0.728946 0.684526 0.0078539 
0.723547 0.69023 0.0078539 
0.718104 0.695891 0.0078539 
0.712617 0.70151 0.0078539 
0.707085 0.707085 0.0078539 
0.70151 0.712617 0.0078539 
0.695891 0.718104 0.0078539 
0.69023 0.723547 0.0078539 
0.684526 0.728946 0.0078539 
0.67878 0.7343 0.0078539 
0.672992 0.739608 0.0078539 
0.667162 0.744871 0.0078539 
0.661291 0.750088 0.0078539 
0.65538 0.755259 0.0078539 
0.649428 0.760383 0.0078539 
0.643436 0.76546 0.0078539 
0.637404 0.770489 0.0078539 
0.631333 0.775472 0.0078539 
0.625223 0.780406 0.0078539 
0.619075 0.785293 0.0078539 
0.612888 0.790131 0.0078539 
0.606664 0.79492 0.0078539 
0.600402 0.79966 0.0078539 
0.594103 0.804351 0.0078539 
0.587767 0.808992 0.0078539 
0.581395 0.813583 0.0078539 
0.574988 0.818124 0.0078539 
0.568544 0.822615 0.0078539 
0.562066 0.827055 0.0078539 
0.555553 0.831444 0.0078539 
0.549006 0.835782 0.0078539 
0.542425 0.840068 0.0078539 
0.53581 0.844302 0.0078539 
0.529163 0.848484 0.0078539 
0.522482 0.852614 0.0078539 
0.51577 0.856691 0.0078539 
0.509026 0.860715 0.0078539 
0.50225 0.864687 0.0078539 
0.495443 0.868605 0.0078539 
0.488606 0.872469 0.0078539 
0.481739 0.87628 0.0078539 
0.474842 0.880036 0.0078539 
0.467915 0.883738 0.0078539 
0.46096 0.887386 0.0078539 
0.453976 0.890979 0.0078539 
0.446965 0.894517 0.0078539 
0.439926 0.898 0.0078539 
0.432859 0.901427 0.0078539 
0.425766 0.904799 0.0078539 
0.418647 0.908115 0.0078539 
0.411502 0.911375 0.0078539 
0.404331 0.914579 0.0078539 
0.397136 0.917726 0.0078539 
0.389916 0.920817 0.0078539 
0.382672 0.923851 0.0078539 
0.375404 0.926828 0.0078539 
0.368113 0.929748 0.0078539 
0.3608 0.93261 0.0078539 
0.353464 0.935415 0.0078539 
0.346106 0.938162 0.0078539 
0.338727 0.940852 0.0078539 
0.331328 0.943483 0.0078539 
0.323907 0.946056 0.0078539 
0.316467 0.948571 0.0078539 
0.309007 0.951027 0.0078539 
0.301529 0.953425 0.0078539 
0.294031 0.955764 0.0078539 
0.286516 0.958043 0.0078539 
0.278982 0.960264 0.0078539 
0.271432 0.962426 0.0078539 
0.263865 0.964528 0.0078539 
0.256281 0.96657 0.0078539 
0.248682 0.968553 0.0078539 
0.241068 0.970477 0.0078539 
0.233438 0.97234 0.0078539 
0.225794 0.974143 0.0078539 
0.218136 0.975887 0.0078539 
0.210465 0.97757 0.0078539 
0.202781 0.979193 0.0078539 
0.195084 0.980755 0.0078539 
0.187376 0.982257 0.0078539 
0.179655 0.983698 0.0078539 
0.171924 0.985079 0.0078539 
0.164182 0.986399 0.0078539 
0.15643 0.987658 0.0078539 
0.148668 0.988856 0.0078539 
0.140897 0.989993 0.0078539 
0.133117 0.991069 0.0078539 
0.125329 0.992084 0.0078539 
0.117534 0.993038 0.0078539 
0.109731 0.99393 0.0078539 
0.101921 0.994761 0.0078539 
0.0941054 0.995531 0.0078539 
0.0862837 0.99624 0.0078539 
0.0784567 0.996887 0.0078539 
0.0706248 0.997472 0.0078539 
0.0627886 0.997996 0.0078539 
0.0549485 0.998458 0.0078539 
0.047105 0.998859 0.0078539 
0.0392586 0.999198 0.0078539 
0.0314098 0.999476 0.0078539 
0.023559 0.999692 0.0078539 
0.0157068 0.999846 0.0078539 
0.00785364 0.999938 0.0078539 
0.999877 0 0.0157073 
0.999846 0.00785293 0.0157073 
0.999753 0.0157054 0.0157073 
0.999599 0.0235569 0.0157073 
0.999383 0.0314069 0.0157073 
0.999106 0.039255 0.0157073 
0.998767 0.0471006 0.0157073 
0.998366 0.0549434 0.0157073 
0.997904 0.0627828 0.0157073 
0.99738 0.0706183 0.0157073 
0.996794 0.0784494 0.0157073 
0.996147 0.0862757 0.0157073 
0.995439 0.0940967 0.0157073 
0.994669 0.101912 0.0157073 
0.993838 0.109721 0.0157073 
0.992946 0.117523 0.0157073 
0.991992 0.125318 0.0157073 
0.990977 0.133105 0.0157073 
0.989902 0.140884 0.0157073 
0.988765 0.148654 0.0157073 
0.987566 0.156415 0.0157073 
0.986308 0.164167 0.0157073 
0.984988 0.171908 0.0157073 
0.983607 0.179639 0.0157073 
0.982166 0.187358 0.0157073 
0.980664 0.195066 0.0157073 
0.979102 0.202762 0.0157073 
0.977479 0.210446 0.0157073 
0.975796 0.218116 0.0157073 
0.974053 0.225773 0.0157073 
0.97225 0.233417 0.0157073 
0.970387 0.241045 0.0157073 
0.968464 0.248659 0.0157073 
0.966481 0.256258 0.0157073 
0.964438 0.263841 0.0157073 
0.962336 0.271407 0.0157073 
0.960175 0.278957 0.0157073 
0.957955 0.286489 0.0157073 
0.955675 0.294004 0.0157073 
0.953337 0.301501 0.0157073 
0.950939 0.308979 0.0157073 
0.948483 0.316438 0.0157073 
0.945969 0.323877 0.0157073 
0.943396 0.331297 0.0157073 
0.940765 0.338696 0.0157073 
0.938076 0.346074 0.0157073 
0.935329 0.353431 0.0157073 
0.932524 0.360766 0.0157073 
0.929662 0.368079 0.0157073 
0.926742 0.375369 0.0157073 
0.923766 0.382636 0.0157073 
0.920732 0.38988 0.0157073 
0.917641 0.397099 0.0157073 
0.914494 0.404294 0.0157073 
0.911291 0.411464 0.0157073 
0.908031 0.418608 0.0157073 
0.904715 0.425727 0.0157073 
0.901344 0.432819 0.0157073 
0.897917 0.439885 0.0157073 
0.894434 0.446923 0.0157073 
0.890897 0.453934 0.0157073 
0.887304 0.460918 0.0157073 
0.883657 0.467872 0.0157073 
0.879955 0.474798 0.0157073 
0.876199 0.481694 0.0157073 
0.872388 0.488561 0.0157073 
0.868524 0.495398 0.0157073 
0.864607 0.502204 0.0157073 
0.860636 0.508979 0.0157073 
0.856612 0.515722 0.0157073 
0.852535 0.522434 0.0157073 
0.848406 0.529114 0.0157073 
0.844224 0.535761 0.0157073 
0.83999 0.542375 0.0157073 
0.835704 0.548955 0.0157073 
0.831367 0.555502 0.0157073 
0.826979 0.562014 0.0157073 
0.822539 0.568492 0.0157073 
0.818049 0.574934 0.0157073 
0.813508 0.581341 0.0157073 
0.808917 0.587713 0.0157073 
0.804276 0.594048 0.0157073 
0.799586 0.600346 0.0157073 
0.794846 0.606608 0.0157073 
0.790058 0.612831 0.0157073 
0.78522 0.619018 0.0157073 
0.780334 0.625166 0.0157073 
0.7754 0.631275 0.0157073 
0.770418 0.637345 0.0157073 
0.765389 0.643376 0.0157073 
0.760312 0.649368 0.0157073 
0.755189 0.655319 0.0157073 
0.750019 0.66123 0.0157073 
0.744802 0.6671 0.0157073 
0.73954 0.672929 0.0157073 
0.734232 0.678717 0.0157073 
0.728879 0.684463 0.0157073 
0.723481 0.690166 0.0157073 
0.718038 0.695827 0.0157073 
0.712551 0.701445 0.0157073 
0.70702 0.70702 0.0157073 
0.701445 0.712551 0.0157073 
0.695827 0.718038 0.0157073 
0.690166 0.723481 0.0157073 
0.684463 0.728879 0.0157073 
0.678717 0.734232 0.0157073 
0.672929 0.73954 0.0157073 
0.6671 0.744802 0.0157073 
0.66123 0.750019 0.0157073 
0.655319 0.755189 0.0157073 
0.649368 0.760312 0.0157073 
0.643376 0.765389 0.0157073 
0.637345 0.770418 0.0157073 
0.631275 0.7754 0.0157073 
0.625166 0.780334 0.0157073 
0.619018 0.78522 0.0157073 
0.612831 0.790058 0.0157073 
0.606607 0.794846 0.0157073 
0.600346 0.799586 0.0157073 
0.594048 0.804276 0.0157073 
0.587713 0.808917 0.0157073 
0.581341 0.813508 0.0157073 
0.574934 0.818049 0.0157073 
0.568492 0.822539 0.0157073 
0.562014 0.826979 0.0157073 
0.555502 0.831367 0.0157073 
0.548955 0.835704 0.0157073 
0.542375 0.83999 0.0157073 
0.535761 0.844224 0.0157073 
0.529114 0.848406 0.0157073 
0.522434 0.852535 0.0157073 
0.515722 0.856612 0.0157073 
0.508979 0.860636 0.0157073 
0.502204 0.864607 0.0157073 
0.495398 0.868524 0.0157073 
0.488561 0.872388 0.0157073 
0.481694 0.876199 0.0157073 
0.474798 0.879955 0.0157073 
0.467872 0.883657 0.0157073 
0.460917 0.887304 0.0157073 
0.453934 0.890897 0.0157073 
0.446923 0.894434 0.0157073 
0.439885 0.897917 0.0157073 
0.432819 0.901344 0.0157073 
0.425727 0.904715 0.0157073 
0.418608 0.908031 0.0157073 
0.411464 0.911291 0.0157073 
0.404294 0.914494 0.0157073 
0.397099 0.917641 0.0157073 
0.38988 0.920732 0.0157073 
0.382636 0.923766 0.0157073 
0.375369 0.926742 0.0157073 
0.368079 0.929662 0.0157073 
0.360766 0.932524 0.0157073 
0.353431 0.935329 0.0157073 
0.346074 0.938076 0.0157073 
0.338696 0.940765 0.0157073 
0.331297 0.943396 0.0157073 
0.323877 0.945969 0.0157073 
0.316438 0.948483 0.0157073 
0.308979 0.950939 0.0157073 
0.301501 0.953337 0.0157073 
0.294004 0.955675 0.0157073 
0.286489 0.957955 0.0157073 
0.278957 0.960175 0.0157073 
0.271407 0.962337 0.0157073 
0.26384 0.964438 0.0157073 
0.256258 0.966481 0.0157073 
0.248659 0.968464 0.0157073 
0.241045 0.970387 0.0157073 
0.233417 0.97225 0.0157073 
0.225773 0.974053 0.0157073 
0.218116 0.975796 0.0157073 
0.210446 0.977479 0.0157073 
0.202762 0.979102 0.0157073 
0.195066 0.980664 0.0157073 
0.187358 0.982166 0.0157073 
0.179639 0.983607 0.0157073 
0.171908 0.984988 0.0157073 
0.164167 0.986308 0.0157073 
0.156415 0.987566 0.0157073 
0.148654 0.988765 0.0157073 
0.140884 0.989902 0.0157073 
0.133105 0.990977 0.0157073 
0.125318 0.991992 0.0157073 
0.117523 0.992946 0.0157073 
0.109721 0.993838 0.0157073 
0.101912 0.994669 0.0157073 
0.0940967 0.995439 0.0157073 
0.0862757 0.996147 0.0157073 
0.0784494 0.996794 0.0157073 
0.0706183 0.99738 0.0157073 
0.0627828 0.997904 0.0157073 
0.0549434 0.998366 0.0157073 
0.0471006 0.998767 0.0157073 
0.0392549 0.999106 0.0157073 
0.0314069 0.999383 0.0157073 
0.0235568 0.999599 0.0157073 
0.0157054 0.999753 0.0157073 
0.00785291 0.999846 0.0157073 
0.999722 0 0.0235598 
0.999692 0.00785172 0.0235598 
0.999599 0.015703 0.0235598 
0.999445 0.0235532 0.0235598 
0.999229 0.031402 0.0235598 
0.998952 0.0392489 0.0235598 
0.998613 0.0470934 0.0235598 
0.998212 0.0549349 0.0235598 
0.99775 0.0627731 0.0235598 
0.997226 0.0706074 0.0235598 
0.996641 0.0784373 0.0235598 
0.995994 0.0862624 0.0235598 
0.995286 0.0940822 0.0235598 
0.994516 0.101896 0.0235598 
0.993685 0.109704 0.0235598 
0.992793 0.117505 0.0235598 
0.991839 0.125298 0.0235598 
0.990825 0.133084 0.0235598 
0.989749 0.140862 0.0235598 
0.988612 0.148631 0.0235598 
0.987414 0.156391 0.0235598 
0.986155 0.164141 0.0235598 
0.984836 0.171881 0.0235598 
0.983456 0.179611 0.0235598 
0.982015 0.187329 0.0235598 
0.980513 0.195036 0.0235598 
0.978951 0.202731 0.0235598 
0.977329 0.210413 0.0235598 
0.975646 0.218083 0.0235598 
0.973903 0.225739 0.0235598 
0.9721 0.233381 0.0235598 
0.970237 0.241008 0.0235598 
0.968314 0.248621 0.0235598 
0.966332 0.256218 0.0235598 
0.96429 0.2638 0.0235598 
0.962188 0.271365 0.0235598 
0.960027 0.278914 0.0235598 
0.957807 0.286445 0.0235598 
0.955528 0.293959 0.0235598 
0.95319 0.301454 0.0235598 
0.950793 0.308931 0.0235598 
0.948337 0.316389 0.0235598 
0.945823 0.323828 0.0235598 
0.94325 0.331246 0.0235598 
0.94062 0.338644 0.0235598 
0.937931 0.346021 0.0235598 
0.935184 0.353377 0.0235598 
0.93238 0.360711 0.0235598 
0.929518 0.368022 0.0235598 
0.926599 0.375311 0.0235598 
0.923623 0.382577 0.0235598 
0.92059 0.389819 0.0235598 
0.9175 0.397038 0.0235598 
0.914353 0.404231 0.0235598 
0.91115 0.4114 0.0235598 
0.907891 0.418544 0.0235598 
0.904576 0.425661 0.0235598 
0.901205 0.432752 0.0235598 
0.897778 0.439817 0.0235598 
0.894296 0.446855 0.0235598 
0.890759 0.453864 0.0235598 
0.887167 0.460846 0.0235598 
0.88352 0.4678 0.0235598 
0.879819 0.474725 0.0235598 
0.876063 0.48162 0.0235598 
0.872254 0.488486 0.0235598 
0.86839 0.495321 0.0235598 
0.864473 0.502126 0.0235598 
0.860503 0.5089 0.0235598 
0.85648 0.515643 0.0235598 
0.852403 0.522354 0.0235598 
0.848275 0.529032 0.0235598 
0.844094 0.535678 0.0235598 
0.83986 0.542291 0.0235598 
0.835575 0.54887 0.0235598 
0.831239 0.555416 0.0235598 
0.826851 0.561927 0.0235598 
0.822412 0.568404 0.0235598 
0.817923 0.574846 0.0235598 
0.813383 0.581252 0.0235598 
0.808792 0.587622 0.0235598 
0.804152 0.593956 0.0235598 
0.799463 0.600254 0.0235598 
0.794724 0.606514 0.0235598 
0.789936 0.612737 0.0235598 
0.785099 0.618922 0.0235598 
0.780214 0.625069 0.0235598 
0.77528 0.631178 0.0235598 
0.770299 0.637247 0.0235598 
0.765271 0.643277 0.0235598 
0.760195 0.649268 0.0235598 
0.755072 0.655218 0.0235598 
0.749903 0.661128 0.0235598 
0.744687 0.666998 0.0235598 
0.739426 0.672826 0.0235598 
0.734119 0.678612 0.0235598 
0.728766 0.684357 0.0235598 
0.723369 0.69006 0.0235598 
0.717927 0.69572 0.0235598 
0.712441 0.701337 0.0235598 
0.706911 0.706911 0.0235598 
0.701337 0.712441 0.0235598 
0.69572 0.717927 0.0235598 
0.69006 0.723369 0.0235598 
0.684357 0.728766 0.0235598 
0.678612 0.734119 0.0235598 
0.672826 0.739426 0.0235598 
0.666998 0.744687 0.0235598 
0.661128 0.749903 0.0235598 
0.655218 0.755072 0.0235598 
0.649268 0.760195 0.0235598 
0.643277 0.765271 0.0235598 
0.637247 0.770299 0.0235598 
0.631178 0.77528 0.0235598 
0.625069 0.780214 0.0235598 
0.618922 0.785099 0.0235598 
0.612737 0.789936 0.0235598 
0.606514 0.794724 0.0235598 
0.600254 0.799463 0.0235598 
0.593956 0.804152 0.0235598 
0.587622 0.808792 0.0235598 
0.581252 0.813383 0.0235598 
0.574846 0.817923 0.0235598 
0.568404 0.822412 0.0235598 
0.561927 0.826851 0.0235598 
0.555416 0.831239 0.0235598 
0.54887 0.835575 0.0235598 
0.542291 0.83986 0.0235598 
0.535678 0.844094 0.0235598 
0.529032 0.848275 0.0235598 
0.522354 0.852404 0.0235598 
0.515643 0.85648 0.0235598 
0.5089 0.860503 0.0235598 
0.502126 0.864473 0.0235598 
0.495321 0.86839 0.0235598 
0.488486 0.872254 0.0235598 
0.48162 0.876063 0.0235598 
0.474725 0.879819 0.0235598 
0.4678 0.88352 0.0235598 
0.460846 0.887167 0.0235598 
0.453864 0.890759 0.0235598 
0.446855 0.894296 0.0235598 
0.439817 0.897778 0.0235598 
0.432752 0.901205 0.0235598 
0.425661 0.904576 0.0235598 
0.418544 0.907891 0.0235598 
0.4114 0.91115 0.0235598 
0.404231 0.914353 0.0235598 
0.397038 0.9175 0.0235598 
0.389819 0.92059 0.0235598 
0.382577 0.923623 0.0235598 
0.375311 0.926599 0.0235598 
0.368022 0.929518 0.0235598 
0.360711 0.93238 0.0235598 
0.353377 0.935184 0.0235598 
0.346021 0.937931 0.0235598 
0.338644 0.94062 0.0235598 
0.331246 0.94325 0.0235598 
0.323827 0.945823 0.0235598 
0.316389 0.948337 0.0235598 
0.308931 0.950793 0.0235598 
0.301454 0.95319 0.0235598 
0.293959 0.955528 0.0235598 
0.286445 0.957807 0.0235598 
0.278914 0.960027 0.0235598 
0.271365 0.962188 0.0235598 
0.2638 0.96429 0.0235598 
0.256218 0.966332 0.0235598 
0.248621 0.968314 0.0235598 
0.241008 0.970237 0.0235598 
0.233381 0.9721 0.0235598 
0.225739 0.973903 0.0235598 
0.218083 0.975646 0.0235598 
0.210413 0.977329 0.0235598 
0.202731 0.978951 0.0235598 
0.195036 0.980513 0.0235598 
0.187329 0.982015 0.0235598 
0.179611 0.983456 0.0235598 
0.171881 0.984836 0.0235598 
0.164141 0.986155 0.0235598 
0.156391 0.987414 0.0235598 
0.148631 0.988612 0.0235598 
0.140862 0.989749 0.0235598 
0.133084 0.990825 0.0235598 
0.125298 0.991839 0.0235598 
0.117505 0.992793 0.0235598 
0.109704 0.993685 0.0235598 
0.101896 0.994516 0.0235598 
0.0940822 0.995286 0.0235598 
0.0862624 0.995994 0.0235598 
0.0784373 0.996641 0.0235598 
0.0706074 0.997226 0.0235598 
0.0627731 0.99775 0.0235598 
0.0549349 0.998212 0.0235598 
0.0470934 0.998613 0.0235598 
0.0392489 0.998952 0.0235598 
0.031402 0.999229 0.0235598 
0.0235532 0.999445 0.0235598 
0.0157029 0.999599 0.0235598 
0.0078517 0.999692 0.0235598 
0.999507 0 0.0314108 
0.999476 0.00785003 0.0314108 
0.999383 0.0156996 0.0314108 
0.999229 0.0235481 0.0314108 
0.999013 0.0313953 0.0314108 
0.998736 0.0392404 0.0314108 
0.998397 0.0470832 0.0314108 
0.997996 0.0549231 0.0314108 
0.997534 0.0627595 0.0314108 
0.997011 0.0705921 0.0314108 
0.996425 0.0784204 0.0314108 
0.995779 0.0862438 0.0314108 
0.995071 0.0940619 0.0314108 
0.994301 0.101874 0.0314108 
0.99347 0.10968 0.0314108 
0.992578 0.117479 0.0314108 
0.991625 0.125271 0.0314108 
0.990611 0.133056 0.0314108 
0.989535 0.140832 0.0314108 
0.988399 0.148599 0.0314108 
0.987201 0.156357 0.0314108 
0.985943 0.164106 0.0314108 
0.984623 0.171844 0.0314108 
0.983243 0.179572 0.0314108 
0.981803 0.187289 0.0314108 
0.980301 0.194994 0.0314108 
0.97874 0.202687 0.0314108 
0.977118 0.210368 0.0314108 
0.975435 0.218036 0.0314108 
0.973693 0.22569 0.0314108 
0.97189 0.23333 0.0314108 
0.970028 0.240956 0.0314108 
0.968105 0.248567 0.0314108 
0.966123 0.256163 0.0314108 
0.964081 0.263743 0.0314108 
0.96198 0.271307 0.0314108 
0.95982 0.278853 0.0314108 
0.9576 0.286383 0.0314108 
0.955321 0.293895 0.0314108 
0.952984 0.301389 0.0314108 
0.950587 0.308865 0.0314108 
0.948132 0.316321 0.0314108 
0.945619 0.323758 0.0314108 
0.943047 0.331174 0.0314108 
0.940416 0.338571 0.0314108 
0.937728 0.345946 0.0314108 
0.934982 0.3533 0.0314108 
0.932179 0.360633 0.0314108 
0.929318 0.367943 0.0314108 
0.926399 0.37523 0.0314108 
0.923424 0.382495 0.0314108 
0.920391 0.389735 0.0314108 
0.917302 0.396952 0.0314108 
0.914156 0.404144 0.0314108 
0.910954 0.411311 0.0314108 
0.907695 0.418453 0.0314108 
0.904381 0.425569 0.0314108 
0.90101 0.432659 0.0314108 
0.897584 0.439722 0.0314108 
0.894103 0.446758 0.0314108 
0.890567 0.453766 0.0314108 
0.886976 0.460747 0.0314108 
0.88333 0.467699 0.0314108 
0.879629 0.474622 0.0314108 
0.875874 0.481516 0.0314108 
0.872065 0.48838 0.0314108 
0.868203 0.495214 0.0314108 
0.864287 0.502018 0.0314108 
0.860317 0.50879 0.0314108 
0.856295 0.515531 0.0314108 
0.852219 0.522241 0.0314108 
0.848092 0.528918 0.0314108 
0.843911 0.535562 0.0314108 
0.839679 0.542174 0.0314108 
0.835395 0.548752 0.0314108 
0.831059 0.555296 0.0314108 
0.826672 0.561806 0.0314108 
0.822235 0.568281 0.0314108 
0.817746 0.574722 0.0314108 
0.813207 0.581126 0.0314108 
0.808618 0.587495 0.0314108 
0.803979 0.593828 0.0314108 
0.79929 0.600124 0.0314108 
0.794552 0.606383 0.0314108 
0.789765 0.612605 0.0314108 
0.784929 0.618788 0.0314108 
0.780045 0.624934 0.0314108 
0.775113 0.631041 0.0314108 
0.770133 0.637109 0.0314108 
0.765105 0.643138 0.0314108 
0.760031 0.649128 0.0314108 
0.754909 0.655077 0.0314108 
0.749741 0.660986 0.0314108 
0.744526 0.666854 0.0314108 
0.739266 0.67268 0.0314108 
0.73396 0.678466 0.0314108 
0.728609 0.684209 0.0314108 
0.723213 0.689911 0.0314108 
0.717772 0.695569 0.0314108 
0.712287 0.701185 0.0314108 
0.706758 0.706758 0.0314108 
0.701185 0.712287 0.0314108 
0.695569 0.717772 0.0314108 
0.689911 0.723213 0.0314108 
0.684209 0.728609 0.0314108 
0.678466 0.73396 0.0314108 
0.67268 0.739266 0.0314108 
0.666854 0.744527 0.0314108 
0.660986 0.749741 0.0314108 
0.655077 0.754909 0.0314108 
0.649128 0.760031 0.0314108 
0.643138 0.765106 0.0314108 
0.637109 0.770133 0.0314108 
0.631041 0.775113 0.0314108 
0.624934 0.780045 0.0314108 
0.618788 0.784929 0.0314108 
0.612605 0.789765 0.0314108 
0.606383 0.794552 0.0314108 
0.600124 0.79929 0.0314108 
0.593828 0.803979 0.0314108 
0.587495 0.808618 0.0314108 
0.581126 0.813207 0.0314108 
0.574722 0.817746 0.0314108 
0.568281 0.822235 0.0314108 
0.561806 0.826672 0.0314108 
0.555296 0.831059 0.0314108 
0.548752 0.835395 0.0314108 
0.542174 0.839679 0.0314108 
0.535562 0.843911 0.0314108 
0.528918 0.848092 0.0314108 
0.522241 0.852219 0.0314108 
0.515531 0.856295 0.0314108 
0.50879 0.860317 0.0314108 
0.502018 0.864287 0.0314108 
0.495214 0.868203 0.0314108 
0.48838 0.872065 0.0314108 
0.481516 0.875874 0.0314108 
0.474622 0.879629 0.0314108 
0.467699 0.88333 0.0314108 
0.460747 0.886976 0.0314108 
0.453766 0.890567 0.0314108 
0.446758 0.894103 0.0314108 
0.439722 0.897584 0.0314108 
0.432659 0.90101 0.0314108 
0.425569 0.904381 0.0314108 
0.418453 0.907695 0.0314108 
0.411311 0.910954 0.0314108 
0.404144 0.914156 0.0314108 
0.396952 0.917302 0.0314108 
0.389735 0.920391 0.0314108 
0.382495 0.923424 0.0314108 
0.37523 0.926399 0.0314108 
0.367943 0.929318 0.0314108 
0.360633 0.932179 0.0314108 
0.3533 0.934982 0.0314108 
0.345946 0.937728 0.0314108 
0.338571 0.940417 0.0314108 
0.331174 0.943047 0.0314108 
0.323758 0.945619 0.0314108 
0.316321 0.948132 0.0314108 
0.308864 0.950587 0.0314108 
0.301389 0.952984 0.0314108 
0.293895 0.955321 0.0314108 
0.286383 0.9576 0.0314108 
0.278853 0.95982 0.0314108 
0.271306 0.96198 0.0314108 
0.263743 0.964081 0.0314108 
0.256163 0.966123 0.0314108 
0.248567 0.968105 0.0314108 
0.240956 0.970028 0.0314108 
0.23333 0.97189 0.0314108 
0.22569 0.973693 0.0314108 
0.218036 0.975435 0.0314108 
0.210368 0.977118 0.0314108 
0.202687 0.97874 0.0314108 
0.194994 0.980301 0.0314108 
0.187289 0.981803 0.0314108 
0.179572 0.983243 0.0314108 
0.171844 0.984623 0.0314108 
0.164106 0.985943 0.0314108 
0.156357 0.987201 0.0314108 
0.148599 0.988399 0.0314108 
0.140832 0.989535 0.0314108 
0.133056 0.990611 0.0314108 
0.125271 0.991625 0.0314108 
0.117479 0.992578 0.0314108 
0.10968 0.99347 0.0314108 
0.101874 0.994301 0.0314108 
0.0940619 0.995071 0.0314108 
0.0862438 0.995779 0.0314108 
0.0784204 0.996425 0.0314108 
0.0705921 0.997011 0.0314108 
0.0627595 0.997534 0.0314108 
0.054923 0.997996 0.0314108 
0.0470832 0.998397 0.0314108 
0.0392404 0.998736 0.0314108 
0.0313952 0.999013 0.0314108 
0.0235481 0.999229 0.0314108 
0.0156995 0.999383 0.0314108 
0.00785 0.999476 0.0314108 
0.999229 0 0.0392598 
0.999198 0.00784785 0.0392598 
0.999106 0.0156952 0.0392598 
0.998952 0.0235416 0.0392598 
0.998736 0.0313865 0.0392598 
0.998459 0.0392295 0.0392598 
0.99812 0.0470701 0.0392598 
0.997719 0.0549078 0.0392598 
0.997257 0.0627421 0.0392598 
0.996734 0.0705725 0.0392598 
0.996149 0.0783986 0.0392598 
0.995502 0.0862198 0.0392598 
0.994794 0.0940358 0.0392598 
0.994025 0.101846 0.0392598 
0.993195 0.10965 0.0392598 
0.992303 0.117447 0.0392598 
0.99135 0.125237 0.0392598 
0.990336 0.133019 0.0392598 
0.98926 0.140793 0.0392598 
0.988124 0.148558 0.0392598 
0.986927 0.156314 0.0392598 
0.985669 0.16406 0.0392598 
0.98435 0.171797 0.0392598 
0.98297 0.179522 0.0392598 
0.98153 0.187237 0.0392598 
0.980029 0.19494 0.0392598 
0.978468 0.202631 0.0392598 
0.976846 0.210309 0.0392598 
0.975164 0.217975 0.0392598 
0.973422 0.225627 0.0392598 
0.97162 0.233265 0.0392598 
0.969758 0.240889 0.0392598 
0.967836 0.248498 0.0392598 
0.965855 0.256092 0.0392598 
0.963814 0.26367 0.0392598 
0.961713 0.271231 0.0392598 
0.959553 0.278776 0.0392598 
0.957334 0.286304 0.0392598 
0.955056 0.293814 0.0392598 
0.952719 0.301305 0.0392598 
0.950323 0.308779 0.0392598 
0.947869 0.316233 0.0392598 
0.945356 0.323668 0.0392598 
0.942785 0.331082 0.0392598 
0.940155 0.338477 0.0392598 
0.937468 0.34585 0.0392598 
0.934723 0.353202 0.0392598 
0.93192 0.360533 0.0392598 
0.92906 0.367841 0.0392598 
0.926142 0.375126 0.0392598 
0.923167 0.382388 0.0392598 
0.920136 0.389627 0.0392598 
0.917047 0.396842 0.0392598 
0.913902 0.404032 0.0392598 
0.910701 0.411197 0.0392598 
0.907443 0.418337 0.0392598 
0.904129 0.425451 0.0392598 
0.90076 0.432539 0.0392598 
0.897335 0.4396 0.0392598 
0.893855 0.446634 0.0392598 
0.89032 0.45364 0.0392598 
0.886729 0.460619 0.0392598 
0.883084 0.467569 0.0392598 
0.879385 0.47449 0.0392598 
0.875631 0.481382 0.0392598 
0.871823 0.488245 0.0392598 
0.867962 0.495077 0.0392598 
0.864047 0.501878 0.0392598 
0.860078 0.508649 0.0392598 
0.856057 0.515388 0.0392598 
0.851983 0.522096 0.0392598 
0.847856 0.528771 0.0392598 
0.843677 0.535414 0.0392598 
0.839446 0.542023 0.0392598 
0.835163 0.5486 0.0392598 
0.830829 0.555142 0.0392598 
0.826443 0.56165 0.0392598 
0.822006 0.568124 0.0392598 
0.817519 0.574562 0.0392598 
0.812981 0.580965 0.0392598 
0.808393 0.587332 0.0392598 
0.803755 0.593663 0.0392598 
0.799068 0.599957 0.0392598 
0.794331 0.606215 0.0392598 
0.789546 0.612435 0.0392598 
0.784711 0.618617 0.0392598 
0.779829 0.624761 0.0392598 
0.774898 0.630866 0.0392598 
0.769919 0.636933 0.0392598 
0.764893 0.64296 0.0392598 
0.75982 0.648947 0.0392598 
0.7547 0.654895 0.0392598 
0.749533 0.660802 0.0392598 
0.74432 0.666668 0.0392598 
0.739061 0.672494 0.0392598 
0.733756 0.678277 0.0392598 
0.728407 0.684019 0.0392598 
0.723012 0.689719 0.0392598 
0.717573 0.695376 0.0392598 
0.712089 0.700991 0.0392598 
0.706562 0.706562 0.0392598 
0.700991 0.712089 0.0392598 
0.695376 0.717573 0.0392598 
0.689719 0.723012 0.0392598 
0.684019 0.728407 0.0392598 
0.678277 0.733756 0.0392598 
0.672494 0.739061 0.0392598 
0.666668 0.74432 0.0392598 
0.660802 0.749533 0.0392598 
0.654895 0.7547 0.0392598 
0.648947 0.75982 0.0392598 
0.64296 0.764893 0.0392598 
0.636933 0.769919 0.0392598 
0.630866 0.774898 0.0392598 
0.624761 0.779829 0.0392598 
0.618617 0.784711 0.0392598 
0.612435 0.789546 0.0392598 
0.606215 0.794331 0.0392598 
0.599957 0.799068 0.0392598 
0.593663 0.803755 0.0392598 
0.587332 0.808393 0.0392598 
0.580965 0.812981 0.0392598 
0.574562 0.817519 0.0392598 
0.568123 0.822006 0.0392598 
0.56165 0.826443 0.0392598 
0.555142 0.830829 0.0392598 
0.5486 0.835163 0.0392598 
0.542023 0.839446 0.0392598 
0.535414 0.843677 0.0392598 
0.528771 0.847856 0.0392598 
0.522096 0.851983 0.0392598 
0.515388 0.856057 0.0392598 
0.508649 0.860078 0.0392598 
0.501878 0.864047 0.0392598 
0.495077 0.867962 0.0392598 
0.488245 0.871823 0.0392598 
0.481382 0.875631 0.0392598 
0.47449 0.879385 0.0392598 
0.467569 0.883084 0.0392598 
0.460619 0.886729 0.0392598 
0.45364 0.89032 0.0392598 
0.446634 0.893855 0.0392598 
0.4396 0.897335 0.0392598 
0.432539 0.90076 0.0392598 
0.425451 0.904129 0.0392598 
0.418337 0.907443 0.0392598 
0.411197 0.910701 0.0392598 
0.404032 0.913902 0.0392598 
0.396842 0.917047 0.0392598 
0.389627 0.920136 0.0392598 
0.382388 0.923167 0.0392598 
0.375126 0.926142 0.0392598 
0.367841 0.92906 0.0392598 
0.360533 0.93192 0.0392598 
0.353202 0.934723 0.0392598 
0.34585 0.937468 0.0392598 
0.338477 0.940155 0.0392598 
0.331082 0.942785 0.0392598 
0.323668 0.945356 0.0392598 
0.316233 0.947869 0.0392598 
0.308779 0.950323 0.0392598 
0.301305 0.952719 0.0392598 
0.293814 0.955056 0.0392598 
0.286304 0.957334 0.0392598 
0.278776 0.959553 0.0392598 
0.271231 0.961713 0.0392598 
0.26367 0.963814 0.0392598 
0.256092 0.965855 0.0392598 
0.248498 0.967836 0.0392598 
0.240889 0.969758 0.0392598 
0.233265 0.97162 0.0392598 
0.225627 0.973422 0.0392598 
0.217975 0.975164 0.0392598 
0.210309 0.976846 0.0392598 
0.202631 0.978468 0.0392598 
0.19494 0.980029 0.0392598 
0.187237 0.98153 0.0392598 
0.179522 0.98297 0.0392598 
0.171797 0.98435 0.0392598 
0.16406 0.985669 0.0392598 
0.156314 0.986927 0.0392598 
0.148558 0.988124 0.0392598 
0.140793 0.98926 0.0392598 
0.133019 0.990336 0.0392598 
0.125237 0.99135 0.0392598 
0.117447 0.992303 0.0392598 
0.10965 0.993195 0.0392598 
0.101846 0.994025 0.0392598 
0.0940357 0.994794 0.0392598 
0.0862198 0.995502 0.0392598 
0.0783986 0.996149 0.0392598 
0.0705725 0.996734 0.0392598 
0.0627421 0.997257 0.0392598 
0.0549078 0.997719 0.0392598 
0.0470701 0.99812 0.0392598 
0.0392295 0.998459 0.0392598 
0.0313865 0.998736 0.0392598 
0.0235416 0.998952 0.0392598 
0.0156952 0.999106 0.0392598 
0.00784782 0.999198 0.0392598 
0.99889 0 0.0471065 
0.998859 0.00784518 0.0471065 
0.998767 0.0156899 0.0471065 
0.998613 0.0235336 0.0471065 
0.998397 0.0313759 0.0471065 
0.99812 0.0392162 0.0471065 
0.997781 0.0470542 0.0471065 
0.997381 0.0548892 0.0471065 
0.996919 0.0627208 0.0471065 
0.996395 0.0705486 0.0471065 
0.995811 0.078372 0.0471065 
0.995164 0.0861906 0.0471065 
0.994457 0.0940038 0.0471065 
0.993688 0.101811 0.0471065 
0.992858 0.109612 0.0471065 
0.991966 0.117407 0.0471065 
0.991013 0.125194 0.0471065 
0.99 0.132974 0.0471065 
0.988925 0.140745 0.0471065 
0.987789 0.148507 0.0471065 
0.986592 0.156261 0.0471065 
0.985334 0.164005 0.0471065 
0.984016 0.171738 0.0471065 
0.982637 0.179461 0.0471065 
0.981197 0.187173 0.0471065 
0.979696 0.194874 0.0471065 
0.978136 0.202562 0.0471065 
0.976515 0.210238 0.0471065 
0.974833 0.217901 0.0471065 
0.973092 0.225551 0.0471065 
0.97129 0.233186 0.0471065 
0.969429 0.240807 0.0471065 
0.967508 0.248414 0.0471065 
0.965527 0.256005 0.0471065 
0.963487 0.26358 0.0471065 
0.961387 0.271139 0.0471065 
0.959228 0.278681 0.0471065 
0.957009 0.286206 0.0471065 
0.954732 0.293714 0.0471065 
0.952396 0.301203 0.0471065 
0.950001 0.308674 0.0471065 
0.947547 0.316126 0.0471065 
0.945035 0.323558 0.0471065 
0.942465 0.33097 0.0471065 
0.939836 0.338362 0.0471065 
0.93715 0.345733 0.0471065 
0.934406 0.353082 0.0471065 
0.931604 0.36041 0.0471065 
0.928744 0.367716 0.0471065 
0.925828 0.374999 0.0471065 
0.922854 0.382259 0.0471065 
0.919823 0.389495 0.0471065 
0.916736 0.396707 0.0471065 
0.913592 0.403895 0.0471065 
0.910392 0.411058 0.0471065 
0.907135 0.418195 0.0471065 
0.903823 0.425307 0.0471065 
0.900454 0.432392 0.0471065 
0.897031 0.439451 0.0471065 
0.893552 0.446482 0.0471065 
0.890017 0.453487 0.0471065 
0.886428 0.460463 0.0471065 
0.882785 0.46741 0.0471065 
0.879086 0.474329 0.0471065 
0.875334 0.481219 0.0471065 
0.871527 0.488079 0.0471065 
0.867667 0.494909 0.0471065 
0.863753 0.501708 0.0471065 
0.859786 0.508476 0.0471065 
0.855766 0.515213 0.0471065 
0.851694 0.521919 0.0471065 
0.847568 0.528592 0.0471065 
0.843391 0.535232 0.0471065 
0.839161 0.541839 0.0471065 
0.83488 0.548413 0.0471065 
0.830547 0.554953 0.0471065 
0.826162 0.561459 0.0471065 
0.821727 0.567931 0.0471065 
0.817241 0.574367 0.0471065 
0.812705 0.580768 0.0471065 
0.808119 0.587133 0.0471065 
0.803483 0.593462 0.0471065 
0.798797 0.599754 0.0471065 
0.794062 0.606009 0.0471065 
0.789278 0.612227 0.0471065 
0.784445 0.618407 0.0471065 
0.779564 0.624549 0.0471065 
0.774635 0.630652 0.0471065 
0.769658 0.636716 0.0471065 
0.764633 0.642742 0.0471065 
0.759562 0.648727 0.0471065 
0.754443 0.654673 0.0471065 
0.749278 0.660578 0.0471065 
0.744067 0.666442 0.0471065 
0.73881 0.672265 0.0471065 
0.733507 0.678047 0.0471065 
0.728159 0.683787 0.0471065 
0.722767 0.689485 0.0471065 
0.717329 0.69514 0.0471065 
0.711847 0.700753 0.0471065 
0.706322 0.706322 0.0471065 
0.700753 0.711847 0.0471065 
0.69514 0.717329 0.0471065 
0.689485 0.722767 0.0471065 
0.683787 0.728159 0.0471065 
0.678047 0.733507 0.0471065 
0.672265 0.73881 0.0471065 
0.666442 0.744067 0.0471065 
0.660578 0.749278 0.0471065 
0.654673 0.754443 0.0471065 
0.648727 0.759562 0.0471065 
0.642742 0.764633 0.0471065 
0.636716 0.769658 0.0471065 
0.630652 0.774635 0.0471065 
0.624549 0.779564 0.0471065 
0.618407 0.784445 0.0471065 
0.612227 0.789278 0.0471065 
0.606009 0.794062 0.0471065 
0.599754 0.798797 0.0471065 
0.593462 0.803483 0.0471065 
0.587133 0.808119 0.0471065 
0.580768 0.812705 0.0471065 
0.574367 0.817241 0.0471065 
0.567931 0.821727 0.0471065 
0.561459 0.826162 0.0471065 
0.554953 0.830547 0.0471065 
0.548413 0.83488 0.0471065 
0.541839 0.839161 0.0471065 
0.535232 0.843391 0.0471065 
0.528592 0.847568 0.0471065 
0.521919 0.851694 0.0471065 
0.515213 0.855766 0.0471065 
0.508476 0.859787 0.0471065 
0.501708 0.863754 0.0471065 
0.494909 0.867667 0.0471065 
0.488079 0.871527 0.0471065 
0.481219 0.875334 0.0471065 
0.474329 0.879086 0.0471065 
0.46741 0.882785 0.0471065 
0.460463 0.886428 0.0471065 
0.453486 0.890017 0.0471065 
0.446482 0.893552 0.0471065 
0.439451 0.897031 0.0471065 
0.432392 0.900454 0.0471065 
0.425307 0.903823 0.0471065 
0.418195 0.907135 0.0471065 
0.411058 0.910392 0.0471065 
0.403895 0.913592 0.0471065 
0.396707 0.916736 0.0471065 
0.389495 0.919823 0.0471065 
0.382259 0.922854 0.0471065 
0.374999 0.925828 0.0471065 
0.367716 0.928744 0.0471065 
0.36041 0.931604 0.0471065 
0.353082 0.934406 0.0471065 
0.345733 0.93715 0.0471065 
0.338362 0.939836 0.0471065 
0.33097 0.942465 0.0471065 
0.323558 0.945035 0.0471065 
0.316126 0.947547 0.0471065 
0.308674 0.950001 0.0471065 
0.301203 0.952396 0.0471065 
0.293714 0.954732 0.0471065 
0.286206 0.957009 0.0471065 
0.278681 0.959228 0.0471065 
0.271139 0.961387 0.0471065 
0.26358 0.963487 0.0471065 
0.256005 0.965527 0.0471065 
0.248414 0.967508 0.0471065 
0.240807 0.969429 0.0471065 
0.233186 0.97129 0.0471065 
0.225551 0.973092 0.0471065 
0.217901 0.974833 0.0471065 
0.210238 0.976515 0.0471065 
0.202562 0.978136 0.0471065 
0.194874 0.979696 0.0471065 
0.187173 0.981197 0.0471065 
0.179461 0.982637 0.0471065 
0.171738 0.984016 0.0471065 
0.164005 0.985334 0.0471065 
0.156261 0.986592 0.0471065 
0.148507 0.987789 0.0471065 
0.140745 0.988925 0.0471065 
0.132974 0.99 0.0471065 
0.125194 0.991013 0.0471065 
0.117407 0.991966 0.0471065 
0.109612 0.992858 0.0471065 
0.101811 0.993688 0.0471065 
0.0940038 0.994457 0.0471065 
0.0861906 0.995164 0.0471065 
0.078372 0.995811 0.0471065 
0.0705486 0.996395 0.0471065 
0.0627208 0.996919 0.0471065 
0.0548892 0.997381 0.0471065 
0.0470541 0.997781 0.0471065 
0.0392162 0.99812 0.0471065 
0.0313759 0.998397 0.0471065 
0.0235336 0.998613 0.0471065 
0.0156899 0.998767 0.0471065 
0.00784516 0.998859 0.0471065 
0.998489 0 0.0549502 
0.998458 0.00784203 0.0549502 
0.998366 0.0156836 0.0549502 
0.998212 0.0235242 0.0549502 
0.997996 0.0313633 0.0549502 
0.997719 0.0392005 0.0549502 
0.997381 0.0470353 0.0549502 
0.99698 0.0548672 0.0549502 
0.996519 0.0626957 0.0549502 
0.995996 0.0705203 0.0549502 
0.995411 0.0783406 0.0549502 
0.994765 0.086156 0.0549502 
0.994058 0.0939661 0.0549502 
0.993289 0.10177 0.0549502 
0.992459 0.109569 0.0549502 
0.991568 0.11736 0.0549502 
0.990616 0.125144 0.0549502 
0.989602 0.13292 0.0549502 
0.988528 0.140688 0.0549502 
0.987392 0.148448 0.0549502 
0.986196 0.156198 0.0549502 
0.984939 0.163939 0.0549502 
0.983621 0.171669 0.0549502 
0.982242 0.179389 0.0549502 
0.980803 0.187098 0.0549502 
0.979303 0.194796 0.0549502 
0.977743 0.202481 0.0549502 
0.976123 0.210154 0.0549502 
0.974442 0.217814 0.0549502 
0.972702 0.22546 0.0549502 
0.970901 0.233093 0.0549502 
0.96904 0.240711 0.0549502 
0.96712 0.248314 0.0549502 
0.96514 0.255902 0.0549502 
0.9631 0.263474 0.0549502 
0.961001 0.27103 0.0549502 
0.958843 0.27857 0.0549502 
0.956625 0.286092 0.0549502 
0.954349 0.293596 0.0549502 
0.952014 0.301082 0.0549502 
0.94962 0.30855 0.0549502 
0.947167 0.315999 0.0549502 
0.944656 0.323428 0.0549502 
0.942087 0.330837 0.0549502 
0.939459 0.338226 0.0549502 
0.936774 0.345594 0.0549502 
0.934031 0.352941 0.0549502 
0.93123 0.360266 0.0549502 
0.928372 0.367568 0.0549502 
0.925456 0.374848 0.0549502 
0.922484 0.382105 0.0549502 
0.919454 0.389339 0.0549502 
0.916368 0.396548 0.0549502 
0.913225 0.403733 0.0549502 
0.910026 0.410893 0.0549502 
0.906771 0.418027 0.0549502 
0.90346 0.425136 0.0549502 
0.900093 0.432219 0.0549502 
0.896671 0.439274 0.0549502 
0.893193 0.446303 0.0549502 
0.88966 0.453305 0.0549502 
0.886073 0.460278 0.0549502 
0.88243 0.467223 0.0549502 
0.878734 0.474139 0.0549502 
0.874983 0.481026 0.0549502 
0.871178 0.487883 0.0549502 
0.867319 0.49471 0.0549502 
0.863407 0.501507 0.0549502 
0.859442 0.508272 0.0549502 
0.855423 0.515007 0.0549502 
0.851352 0.521709 0.0549502 
0.847228 0.528379 0.0549502 
0.843052 0.535017 0.0549502 
0.838824 0.541622 0.0549502 
0.834545 0.548193 0.0549502 
0.830213 0.554731 0.0549502 
0.825831 0.561234 0.0549502 
0.821398 0.567703 0.0549502 
0.816914 0.574136 0.0549502 
0.812379 0.580535 0.0549502 
0.807795 0.586897 0.0549502 
0.80316 0.593223 0.0549502 
0.798476 0.599513 0.0549502 
0.793743 0.605766 0.0549502 
0.788961 0.611981 0.0549502 
0.78413 0.618159 0.0549502 
0.779251 0.624298 0.0549502 
0.774324 0.630399 0.0549502 
0.769349 0.636461 0.0549502 
0.764327 0.642484 0.0549502 
0.759257 0.648467 0.0549502 
0.754141 0.65441 0.0549502 
0.748978 0.660313 0.0549502 
0.743769 0.666175 0.0549502 
0.738514 0.671996 0.0549502 
0.733213 0.677775 0.0549502 
0.727867 0.683513 0.0549502 
0.722477 0.689208 0.0549502 
0.717041 0.694861 0.0549502 
0.711562 0.700471 0.0549502 
0.706038 0.706038 0.0549502 
0.700471 0.711562 0.0549502 
0.694861 0.717041 0.0549502 
0.689208 0.722477 0.0549502 
0.683513 0.727867 0.0549502 
0.677775 0.733213 0.0549502 
0.671996 0.738514 0.0549502 
0.666175 0.743769 0.0549502 
0.660313 0.748978 0.0549502 
0.65441 0.754141 0.0549502 
0.648467 0.759257 0.0549502 
0.642484 0.764327 0.0549502 
0.636461 0.769349 0.0549502 
0.630399 0.774324 0.0549502 
0.624298 0.779251 0.0549502 
0.618159 0.78413 0.0549502 
0.611981 0.788961 0.0549502 
0.605766 0.793743 0.0549502 
0.599513 0.798476 0.0549502 
0.593223 0.80316 0.0549502 
0.586897 0.807795 0.0549502 
0.580535 0.812379 0.0549502 
0.574136 0.816914 0.0549502 
0.567703 0.821398 0.0549502 
0.561234 0.825831 0.0549502 
0.554731 0.830213 0.0549502 
0.548193 0.834545 0.0549502 
0.541622 0.838824 0.0549502 
0.535017 0.843052 0.0549502 
0.528379 0.847228 0.0549502 
0.521709 0.851352 0.0549502 
0.515007 0.855423 0.0549502 
0.508272 0.859442 0.0549502 
0.501507 0.863407 0.0549502 
0.49471 0.867319 0.0549502 
0.487883 0.871178 0.0549502 
0.481026 0.874983 0.0549502 
0.474139 0.878734 0.0549502 
0.467223 0.88243 0.0549502 
0.460278 0.886073 0.0549502 
0.453305 0.88966 0.0549502 
0.446303 0.893193 0.0549502 
0.439274 0.896671 0.0549502 
0.432219 0.900093 0.0549502 
0.425136 0.90346 0.0549502 
0.418027 0.906771 0.0549502 
0.410893 0.910026 0.0549502 
0.403733 0.913225 0.0549502 
0.396548 0.916368 0.0549502 
0.389339 0.919454 0.0549502 
0.382105 0.922484 0.0549502 
0.374848 0.925456 0.0549502 
0.367568 0.928372 0.0549502 
0.360266 0.93123 0.0549502 
0.352941 0.934031 0.0549502 
0.345594 0.936774 0.0549502 
0.338226 0.939459 0.0549502 
0.330837 0.942087 0.0549502 
0.323428 0.944656 0.0549502 
0.315999 0.947167 0.0549502 
0.30855 0.94962 0.0549502 
0.301082 0.952014 0.0549502 
0.293596 0.954349 0.0549502 
0.286092 0.956625 0.0549502 
0.27857 0.958843 0.0549502 
0.27103 0.961001 0.0549502 
0.263474 0.9631 0.0549502 
0.255902 0.96514 0.0549502 
0.248314 0.96712 0.0549502 
0.240711 0.96904 0.0549502 
0.233093 0.970901 0.0549502 
0.22546 0.972702 0.0549502 
0.217814 0.974442 0.0549502 
0.210154 0.976123 0.0549502 
0.202481 0.977743 0.0549502 
0.194796 0.979303 0.0549502 
0.187098 0.980803 0.0549502 
0.179389 0.982242 0.0549502 
0.171669 0.983621 0.0549502 
0.163939 0.984939 0.0549502 
0.156198 0.986196 0.0549502 
0.148448 0.987392 0.0549502 
0.140688 0.988528 0.0549502 
0.13292 0.989602 0.0549502 
0.125144 0.990616 0.0549502 
0.11736 0.991568 0.0549502 
0.109568 0.992459 0.0549502 
0.10177 0.993289 0.0549502 
0.0939661 0.994058 0.0549502 
0.086156 0.994765 0.0549502 
0.0783405 0.995411 0.0549502 
0.0705203 0.995996 0.0549502 
0.0626956 0.996519 0.0549502 
0.0548671 0.99698 0.0549502 
0.0470353 0.997381 0.0549502 
0.0392005 0.997719 0.0549502 
0.0313633 0.997996 0.0549502 
0.0235241 0.998212 0.0549502 
0.0156836 0.998366 0.0549502 
0.00784201 0.998458 0.0549502 
0.998027 0 0.0627905 
0.997996 0.0078384 0.0627905 
0.997904 0.0156763 0.0627905 
0.99775 0.0235133 0.0627905 
0.997534 0.0313488 0.0627905 
0.997257 0.0391823 0.0627905 
0.996919 0.0470135 0.0627905 
0.996519 0.0548417 0.0627905 
0.996057 0.0626666 0.0627905 
0.995534 0.0704876 0.0627905 
0.99495 0.0783043 0.0627905 
0.994304 0.0861161 0.0627905 
0.993597 0.0939226 0.0627905 
0.992829 0.101723 0.0627905 
0.992 0.109518 0.0627905 
0.991109 0.117305 0.0627905 
0.990157 0.125086 0.0627905 
0.989144 0.132859 0.0627905 
0.98807 0.140623 0.0627905 
0.986935 0.148379 0.0627905 
0.985739 0.156126 0.0627905 
0.984483 0.163863 0.0627905 
0.983165 0.17159 0.0627905 
0.981787 0.179306 0.0627905 
0.980349 0.187012 0.0627905 
0.97885 0.194705 0.0627905 
0.977291 0.202387 0.0627905 
0.975671 0.210056 0.0627905 
0.973991 0.217713 0.0627905 
0.972251 0.225356 0.0627905 
0.970451 0.232985 0.0627905 
0.968591 0.240599 0.0627905 
0.966672 0.248199 0.0627905 
0.964693 0.255784 0.0627905 
0.962654 0.263352 0.0627905 
0.960556 0.270905 0.0627905 
0.958399 0.278441 0.0627905 
0.956182 0.285959 0.0627905 
0.953907 0.29346 0.0627905 
0.951573 0.300943 0.0627905 
0.94918 0.308407 0.0627905 
0.946728 0.315852 0.0627905 
0.944218 0.323278 0.0627905 
0.94165 0.330684 0.0627905 
0.939024 0.33807 0.0627905 
0.93634 0.345434 0.0627905 
0.933598 0.352777 0.0627905 
0.930799 0.360099 0.0627905 
0.927942 0.367398 0.0627905 
0.925028 0.374675 0.0627905 
0.922056 0.381928 0.0627905 
0.919028 0.389158 0.0627905 
0.915944 0.396364 0.0627905 
0.912802 0.403546 0.0627905 
0.909605 0.410702 0.0627905 
0.906351 0.417834 0.0627905 
0.903042 0.424939 0.0627905 
0.899676 0.432018 0.0627905 
0.896256 0.439071 0.0627905 
0.892779 0.446097 0.0627905 
0.889248 0.453095 0.0627905 
0.885662 0.460065 0.0627905 
0.882022 0.467006 0.0627905 
0.878327 0.473919 0.0627905 
0.874577 0.480803 0.0627905 
0.870774 0.487657 0.0627905 
0.866917 0.494481 0.0627905 
0.863007 0.501274 0.0627905 
0.859044 0.508037 0.0627905 
0.855027 0.514768 0.0627905 
0.850958 0.521468 0.0627905 
0.846836 0.528135 0.0627905 
0.842662 0.534769 0.0627905 
0.838436 0.541371 0.0627905 
0.834158 0.547939 0.0627905 
0.829829 0.554474 0.0627905 
0.825449 0.560974 0.0627905 
0.821017 0.56744 0.0627905 
0.816535 0.573871 0.0627905 
0.812003 0.580266 0.0627905 
0.807421 0.586625 0.0627905 
0.802788 0.592949 0.0627905 
0.798107 0.599235 0.0627905 
0.793376 0.605485 0.0627905 
0.788596 0.611698 0.0627905 
0.783767 0.617872 0.0627905 
0.77889 0.624009 0.0627905 
0.773965 0.630107 0.0627905 
0.768993 0.636166 0.0627905 
0.763973 0.642186 0.0627905 
0.758905 0.648167 0.0627905 
0.753791 0.654107 0.0627905 
0.748631 0.660007 0.0627905 
0.743424 0.665866 0.0627905 
0.738172 0.671684 0.0627905 
0.732873 0.677461 0.0627905 
0.72753 0.683196 0.0627905 
0.722142 0.688889 0.0627905 
0.716709 0.69454 0.0627905 
0.711232 0.700147 0.0627905 
0.705711 0.705711 0.0627905 
0.700147 0.711232 0.0627905 
0.69454 0.716709 0.0627905 
0.688889 0.722142 0.0627905 
0.683196 0.72753 0.0627905 
0.677461 0.732873 0.0627905 
0.671684 0.738172 0.0627905 
0.665866 0.743424 0.0627905 
0.660007 0.748631 0.0627905 
0.654107 0.753791 0.0627905 
0.648167 0.758905 0.0627905 
0.642186 0.763973 0.0627905 
0.636166 0.768993 0.0627905 
0.630107 0.773965 0.0627905 
0.624009 0.77889 0.0627905 
0.617872 0.783767 0.0627905 
0.611698 0.788596 0.0627905 
0.605485 0.793376 0.0627905 
0.599235 0.798107 0.0627905 
0.592949 0.802788 0.0627905 
0.586625 0.807421 0.0627905 
0.580266 0.812003 0.0627905 
0.573871 0.816535 0.0627905 
0.56744 0.821017 0.0627905 
0.560974 0.825449 0.0627905 
0.554474 0.829829 0.0627905 
0.547939 0.834158 0.0627905 
0.541371 0.838436 0.0627905 
0.534769 0.842662 0.0627905 
0.528135 0.846836 0.0627905 
0.521468 0.850958 0.0627905 
0.514768 0.855027 0.0627905 
0.508037 0.859044 0.0627905 
0.501274 0.863007 0.0627905 
0.494481 0.866917 0.0627905 
0.487657 0.870774 0.0627905 
0.480803 0.874577 0.0627905 
0.473919 0.878327 0.0627905 
0.467006 0.882022 0.0627905 
0.460065 0.885662 0.0627905 
0.453095 0.889248 0.0627905 
0.446097 0.892779 0.0627905 
0.439071 0.896256 0.0627905 
0.432018 0.899676 0.0627905 
0.424939 0.903042 0.0627905 
0.417834 0.906351 0.0627905 
0.410702 0.909605 0.0627905 
0.403546 0.912802 0.0627905 
0.396364 0.915944 0.0627905 
0.389158 0.919028 0.0627905 
0.381928 0.922056 0.0627905 
0.374675 0.925028 0.0627905 
0.367398 0.927942 0.0627905 
0.360099 0.930799 0.0627905 
0.352777 0.933598 0.0627905 
0.345434 0.93634 0.0627905 
0.338069 0.939024 0.0627905 
0.330684 0.94165 0.0627905 
0.323278 0.944218 0.0627