   1.0000000e+00   1.0000000e+00   0.0000000e+00   0.0000000e+00   0.0000000e+00   0.0000000e+00   0.0000000e+00   0.0000000e+00   0.0000000e+00   0.0000000e+00   3.7493995e-33   6.1232340e-17   1.0000000e+00   1.0000000e+00             Inf
   0.0000000e+00   1.0000000e+00   0.0000000e+00   0.0000000e+00   0.0000000e+00   6.7353167e-08   0.0000000e+00   0.0000000e+00   0.0000000e+00   0.0000000e+00   6.1232340e-17   1.0000000e+00   0.0000000e+00   1.0000000e+00             Inf
   2.1565069e-01   0.0000000e+00   5.9747691e-04   2.3932888e-03   1.1324093e-02   2.1867862e-03   0.0000000e+00   2.0132806e-03   7.9602825e-03   8.5428744e-03   9.4343663e-01   0.0000000e+00   3.3239497e-01   1.0000000e+00             Inf
   0.0000000e+00   0.0000000e+00   0.0000000e+00   4.2270576e-05   0.0000000e+00   1.0368577e-04   0.0000000e+00   0.0000000e+00   0.0000000e+00   0.0000000e+00   1.0000000e+00   0.0000000e+00   0.0000000e+00   1.0000000e+00             Inf
   1.0000000e+00   0.0000000e+00   0.0000000e+00   3.6961812e-02   0.0000000e+00   1.9137383e-01   0.0000000e+00   0.0000000e+00   0.0000000e+00   0.0000000e+00   6.3558564e-17   0.0000000e+00   1.0379901e+00   1.0000000e+00             Inf
   7.9273961e-01   1.6621507e-01   1.6008805e-03   4.6617842e-03   1.8798560e-02   3.4402438e-03   0.0000000e+00   1.0889007e-02   6.0249465e-03   2.1545630e-02   3.0931499e-01   8.2645574e-02   9.4842615e-01   1.0000000e+00   2.0852639e-02
   4.9165308e-01   5.9957494e-02   8.5501619e-04   1.6735756e-02   2.2178192e-02   4.9942427e-03   1.6329704e-02   1.0999983e-02   2.3371148e-03   7.3483416e-03   7.1402998e-01   6.7447605e-02   6.9864373e-01   1.0000000e+00   1.9830245e-02
   2.0399830e-01   6.0517998e-01   1.2561761e-01   6.5409361e-03   8.5959242e-03   1.8893312e-02   1.4730784e-02   0.0000000e+00   3.9912272e-03   1.6892156e-03   5.6069459e-01   7.8508472e-01   3.2017782e-01   1.0000000e+00   1.9508705e-02
   3.3693205e-01   3.7573679e-01   1.8039191e-02   8.1064892e-04   1.9099279e-02   2.8327569e-04   3.8958878e-02   6.3516847e-02   2.1846566e-02   1.6756687e-02   7.2217767e-01   4.8375360e-01   5.0842230e-01   1.0000000e+00   1.8615973e-02
   6.2583834e-01   1.0188064e-01   1.6723062e-03   2.5461735e-02   2.1531027e-02   3.1305085e-03   1.0017007e-04   1.1885718e-02   7.7215355e-03   2.4802420e-02   5.4845192e-01   8.8527858e-02   8.3381542e-01   1.0000000e+00   1.8223505e-02
   1.2350608e-01   7.7197763e-01   6.9484873e-03   1.3611221e-03   9.4632130e-04   1.4447746e-02   4.6782388e-04   2.1584548e-02   7.2115787e-03   8.7088748e-03   3.4428440e-01   9.1975304e-01   1.9295281e-01   1.0000000e+00   1.8017512e-02
   9.3644486e-01   5.3663335e-01   8.1321786e-03   5.7868265e-03   8.5164399e-03   1.1618231e-03   2.1986676e-03   6.0896661e-05   0.0000000e+00   2.2524760e-02   6.6350499e-02   7.4462322e-02   9.9570319e-01   1.0000000e+00   1.7687852e-02
   7.6119228e-01   9.5116026e-01   9.5273594e-03   2.9274327e-02   1.4319756e-03   6.4528809e-02   5.4154661e-03   3.7710192e-02   5.9563022e-03   4.5833670e-03   2.8266254e-02   3.6772387e-01   9.3662549e-01   1.0000000e+00   1.7116356e-02
   5.7342317e-01   5.2902531e-02   2.9564878e-03   1.6546843e-02   2.4002952e-02   3.7429741e-03   1.1926088e-04   6.3229401e-03   8.1514726e-03   1.7523024e-02   6.1969016e-01   5.1614558e-02   7.8478919e-01   1.0000000e+00   1.6930453e-02
   4.2846216e-01   9.2675132e-01   0.0000000e+00   8.8386782e-04   1.6539595e-02   2.6729618e-02   6.4883246e-04   4.1455400e-02   7.9294191e-03   3.6747309e-03   9.0020425e-02   7.7893099e-01   6.2509113e-01   1.0000000e+00   1.6817780e-02
   3.8519895e-01   6.4092149e-01   5.3625956e-02   0.0000000e+00   1.2538351e-02   0.0000000e+00   4.4865864e-03   3.3039537e-03   5.0898724e-03   5.3729962e-03   4.4106327e-01   6.9723324e-01   5.7059292e-01   1.0000000e+00   1.6212969e-02
   5.8831323e-02   7.8274089e-01   4.9171048e-04   2.2305326e-03   0.0000000e+00   1.2941696e-02   6.4377421e-04   4.7166477e-03   5.2124745e-03   8.4748428e-03   3.3335397e-01   9.3858576e-01   9.2307713e-02   1.0000000e+00   1.6162115e-02
   1.5454444e-01   4.4810317e-01   7.9308926e-03   1.0984940e-03   6.2545626e-04   5.4048222e-03   3.8461282e-03   3.1124224e-04   9.0714071e-04   0.0000000e+00   7.4006591e-01   6.2827213e-01   2.4040682e-01   1.0000000e+00   1.5898516e-02
   9.4175171e-02   3.0846648e-02   0.0000000e+00   0.0000000e+00   0.0000000e+00   4.0065247e-04   3.4150420e-04   2.4622773e-03   2.4488608e-04   0.0000000e+00   9.8792378e-01   4.7906160e-02   1.4739201e-01   1.0000000e+00   1.5777568e-02
   8.5050853e-01   5.4955043e-01   5.7265219e-03   0.0000000e+00   1.5169344e-02   1.9735682e-02   0.0000000e+00   4.9118176e-02   5.3435376e-03   8.5057450e-04   1.5169900e-01   1.7736293e-01   9.7556544e-01   1.0000000e+00   1.5672814e-02
   2.6730968e-01   3.4215975e-01   1.6386141e-02   0.0000000e+00   1.5832009e-02   1.0787925e-03   3.0867935e-02   5.9968841e-02   3.3733598e-02   2.6292622e-02   7.8980277e-01   4.7071190e-01   4.1047146e-01   1.0000000e+00   1.5345387e-02
   5.5448838e-01   2.7256549e-01   3.6797861e-03   1.5304592e-02   1.6827099e-02   6.5070159e-03   3.5109880e-03   6.7658312e-03   8.0197252e-03   4.0155535e-02   5.8728784e-01   2.6802502e-01   7.6673151e-01   1.0000000e+00   1.5285559e-02
   5.1746858e-01   7.1538140e-01   5.5823679e-03   5.6307802e-04   3.5921663e-02   1.2418351e-02   3.2427813e-03   1.3565134e-02   2.5729104e-03   1.3891154e-02   2.9775857e-01   6.2103403e-01   7.2759908e-01   1.0000000e+00   1.5232474e-02
   4.3695312e-02   4.3775221e-01   1.5800760e-03   8.1188495e-03   2.8585527e-02   1.6833129e-04   1.2317610e-02   0.0000000e+00   3.0545437e-02   1.3668990e-03   7.7246000e-01   6.3445384e-01   6.8717816e-02   1.0000000e+00   1.5182367e-02
   2.7883139e-01   4.4570377e-01   4.2379362e-03   1.6356610e-04   1.3909383e-02   6.9348187e-03   4.0805717e-03   1.7294798e-03   0.0000000e+00   4.0795006e-03   6.9278732e-01   5.8365681e-01   4.2424310e-01   1.0000000e+00   1.5041007e-02
   2.0077759e-01   1.5142903e-01   2.2426156e-03   4.8508899e-03   1.2529058e-02   2.3543207e-03   4.8896199e-03   2.2670433e-03   2.2794489e-03   3.5459255e-03   9.2413034e-01   2.2405922e-01   3.1025221e-01   1.0000000e+00   1.4915970e-02
   4.6846783e-01   6.7503054e-01   8.8249820e-03   7.2694737e-04   1.8986125e-02   1.3035560e-02   5.3108629e-03   1.7039604e-02   0.0000000e+00   2.0971590e-02   3.6265397e-01   6.4763814e-01   6.7214816e-01   1.0000000e+00   1.4793260e-02
   2.6276512e-01   6.9277827e-01   8.7575627e-02   6.6439003e-04   3.1618931e-02   1.6211458e-02   5.5089608e-03   2.8110811e-03   4.7325049e-03   3.1485897e-03   4.2892368e-01   8.1871593e-01   4.0474174e-01   1.0000000e+00   1.4749570e-02
   4.0492841e-01   6.3238059e-03   5.5936018e-03   1.1204452e-02   0.0000000e+00   8.1872154e-03   0.0000000e+00   7.9478466e-03   1.7868988e-03   0.0000000e+00   8.0463621e-01   7.9930452e-03   5.9420301e-01   1.0000000e+00   1.4735935e-02
   3.2181826e-01   3.7119314e-01   0.0000000e+00   1.3218578e-02   1.9320673e-02   3.6001179e-03   3.0874033e-05   0.0000000e+00   1.7665598e-02   1.8282574e-02   7.3125079e-01   4.8230626e-01   4.8483918e-01   1.0000000e+00   1.4730408e-02
   3.0509803e-02   6.7105647e-01   1.3796603e-04   2.2010571e-03   0.0000000e+00   1.7108526e-02   5.5323822e-05   1.7028234e-03   5.7827495e-03   8.3183410e-03   4.9364819e-01   8.6880433e-01   4.7925655e-02   1.0000000e+00   1.4433524e-02
   6.7410900e-01   7.8681553e-01   1.2564754e-02   1.1437021e-03   2.1594670e-02   1.3657503e-02   3.1365485e-03   8.2652005e-03   0.0000000e+00   1.2111696e-02   1.6115141e-01   4.6311246e-01   8.7271525e-01   1.0000000e+00   1.4371003e-02
   8.4597857e-02   9.2580600e-01   3.7483892e-03   1.6164530e-03   1.1769607e-02   2.0396481e-02   3.9230472e-03   1.0811841e-03   0.0000000e+00   4.4560736e-04   1.1532261e-01   9.8503874e-01   1.3257315e-01   1.0000000e+00   1.4325225e-02
   2.2539407e-02   8.6801997e-01   1.0601073e-02   1.7596012e-03   3.8783479e-03   1.5592092e-02   3.0800764e-03   9.8155424e-04   3.5764771e-03   0.0000000e+00   2.0578455e-01   9.7836223e-01   3.5411470e-02   1.0000000e+00   1.4246020e-02
   3.2544610e-01   7.8477458e-01   0.0000000e+00   2.4002163e-03   7.2635397e-02   3.0855646e-03   1.0454217e-03   0.0000000e+00   1.1014016e-03   1.4085899e-04   2.9080006e-01   8.2714039e-01   4.9182227e-01   1.0000000e+00   1.4232568e-02
   2.6016110e-02   9.7470997e-01   0.0000000e+00   0.0000000e+00   3.0916864e-03   0.0000000e+00   1.5769225e-04   0.0000000e+00   0.0000000e+00   5.6928543e-04   3.9682266e-02   9.9838670e-01   4.0855041e-02   1.0000000e+00   1.4111812e-02
   4.0984785e-01   3.8135117e-01   1.9786818e-03   1.3006119e-02   2.7359388e-02   1.0934987e-02   0.0000000e+00   0.0000000e+00   8.5668485e-03   2.3841261e-02   6.6167837e-01   4.5173209e-01   6.0123926e-01   1.0000000e+00   1.4044488e-02
   1.0546362e-01   1.0746719e-01   7.0060917e-03   5.0278826e-03   4.0588825e-02   2.7309782e-02   2.0382308e-02   1.6017270e-02   1.1249569e-02   3.5068756e-03   9.7547722e-01   1.6625160e-01   1.6544582e-01   1.0000000e+00   1.4023435e-02
   4.4548410e-01   0.0000000e+00   9.7746283e-04   2.2667449e-03   2.5477108e-02   1.8673170e-03   3.2445095e-03   1.2702785e-02   1.0003866e-02   1.5875938e-02   7.6589843e-01   0.0000000e+00   6.4479946e-01   1.0000000e+00   1.3852265e-02
   1.8307414e-01   4.6662655e-01   3.5898447e-03   0.0000000e+00   1.5017643e-02   5.2720608e-03   6.1627479e-03   1.7811210e-03   0.0000000e+00   5.0369475e-03   7.1290536e-01   6.4182153e-01   2.8371932e-01   1.0000000e+00   1.3826014e-02
   1.0000000e+00   5.5110294e-01   1.4764156e-02   4.2489865e-03   6.7474161e-02   8.9237249e-03   6.9751264e-03   1.7580672e-02   1.8621389e-02   1.2894211e-01   4.0567497e-17   4.7665407e-17   1.0221990e+00   1.0000000e+00   1.3824082e-02
   4.3692175e-01   6.6116335e-01   9.9178573e-02   8.6002293e-03   1.0713926e-02   9.8337249e-03   1.0563063e-02   2.4896645e-02   1.0994240e-03   2.3624609e-05   3.9683120e-01   6.7381212e-01   6.4056927e-01   1.0000000e+00   1.3795631e-02
   2.5320776e-01   6.0984137e-01   2.3906667e-02   1.9447489e-02   7.9914394e-04   1.6588098e-02   4.5084154e-02   6.3557314e-03   1.8531356e-03   7.5648470e-03   5.3208942e-01   7.5668582e-01   3.8863486e-01   1.0000000e+00   1.3793731e-02
   1.8514338e-02   1.8011267e-01   9.1279362e-05   6.2570374e-03   4.5361713e-02   2.8468553e-02   3.6566171e-02   1.2870373e-02   9.4185296e-03   1.9974110e-03   9.6416014e-01   2.8029947e-01   2.9209087e-02   1.0000000e+00   1.3767263e-02
   5.3778883e-01   3.9081780e-01   1.3931434e-02   9.5929261e-04   4.7222047e-03   7.3277129e-03   7.4324988e-03   7.4782183e-03   0.0000000e+00   1.9139694e-02   5.4309578e-01   3.8273731e-01   7.4836935e-01   1.0000000e+00   1.3742728e-02
   8.4792712e-01   4.5544701e-01   1.1648271e-02   3.8704710e-03   3.0918325e-03   4.2494974e-03   2.5156164e-04   3.8268572e-04   6.7627992e-04   1.6588322e-02   1.7867957e-01   1.5527031e-01   9.7204588e-01   1.0000000e+00   1.3671516e-02
   3.5688695e-01   3.0969345e-01   2.1072381e-03   5.7860894e-05   2.4544573e-02   3.3871216e-03   4.8348153e-03   0.0000000e+00   2.1315764e-03   2.8888296e-03   7.4917554e-01   3.9620627e-01   5.3203972e-01   1.0000000e+00   1.3654899e-02
   4.2142633e-01   3.6491592e-01   0.0000000e+00   1.4402953e-02   3.1172791e-02   4.1297019e-03   7.4706489e-04   0.0000000e+00   1.1721466e-02   2.3028945e-02   6.6394098e-01   4.2857703e-01   6.1582191e-01   1.0000000e+00   1.3631022e-02
   5.2701383e-02   0.0000000e+00   5.6694311e-04   6.0573739e-03   9.1056540e-03   0.0000000e+00   1.6151253e-03   0.0000000e+00   0.0000000e+00   2.5050570e-02   9.9732293e-01   0.0000000e+00   8.2750640e-02   1.0000000e+00   1.3556944e-02
   1.7370305e-01   8.4704353e-01   5.4143482e-03   1.3192176e-02   3.6795770e-02   7.6849815e-04   1.4214142e-02   2.8273607e-03   4.1670851e-02   6.5754039e-03   2.2996849e-01   9.3866241e-01   2.7043514e-01   1.0000000e+00   1.3518018e-02
   2.2124161e-01   9.9519426e-01   0.0000000e+00   4.1853946e-04   0.0000000e+00   1.6728498e-02   9.0865617e-03   4.1141181e-03   7.0829340e-04   3.0302308e-02   7.1067078e-03   9.4141214e-01   3.4101443e-01   1.0000000e+00   1.3497701e-02
   6.9504447e-01   2.8349956e-01   5.3563590e-03   2.3987872e-04   9.9589414e-03   2.7208219e-02   0.0000000e+00   9.0676156e-02   7.4224921e-03   4.4459549e-03   4.1977330e-01   2.0035615e-01   8.9557930e-01   1.0000000e+00   1.3491290e-02
   1.3647624e-01   8.8713324e-01   0.0000000e+00   1.9955362e-03   0.0000000e+00   5.6720602e-03   2.4094280e-03   3.9606477e-04   5.8299291e-03   2.5964999e-03   1.7234058e-01   9.6187287e-01   2.1275575e-01   1.0000000e+00   1.3384047e-02
   4.0956830e-01   4.5696344e-01   0.0000000e+00   7.7311348e-02   2.2272653e-02   1.1418504e-02   4.1485893e-03   3.1490969e-02   6.7988000e-03   1.8500548e-02   6.0749644e-01   5.3045184e-01   6.0467736e-01   1.0000000e+00   1.3374579e-02
   1.3982689e-01   8.7452719e-01   0.0000000e+00   2.2941643e-03   0.0000000e+00   9.6355472e-03   1.9670230e-03   0.0000000e+00   5.1293071e-03   1.7024937e-03   1.9113942e-01   9.5720682e-01   2.1790644e-01   1.0000000e+00   1.3326956e-02
   8.2461185e-01   8.0117387e-01   1.1087148e-03   3.8821618e-03   1.0271038e-03   0.0000000e+00   0.0000000e+00   1.4215936e-02   5.7299485e-03   0.0000000e+00   8.3604933e-02   2.5893313e-01   9.6253232e-01   1.0000000e+00   1.3183298e-02
   6.6615839e-02   8.9703659e-01   0.0000000e+00   4.6246194e-03   5.8063253e-03   2.2568168e-02   2.7641282e-03   1.4170918e-03   3.7959958e-03   0.0000000e+00   1.6024380e-01   9.8212870e-01   1.0451053e-01   1.0000000e+00   1.3163061e-02
   5.4141698e-01   3.0003757e-01   4.1446768e-03   1.2702403e-02   2.1480616e-02   7.8431625e-03   1.5365013e-03   8.9227764e-03   1.3055872e-02   3.2588668e-02   5.8891125e-01   3.0010905e-01   7.5309628e-01   1.0000000e+00   1.3160028e-02
   6.1647019e-01   2.4405710e-01   6.7943198e-04   2.0040296e-02   3.6932835e-02   3.2913898e-03   0.0000000e+00   3.5749252e-02   3.6569486e-02   3.0821900e-03   5.2784084e-01   2.1288805e-01   8.2757819e-01   1.0000000e+00   1.3143830e-02
   5.8651898e-01   6.2110170e-02   1.0781673e-03   1.9566657e-02   2.7847512e-02   5.4582351e-03   8.3340991e-05   3.9393459e-02   3.2760224e-02   0.0000000e+00   6.0420378e-01   5.9135331e-02   7.9942736e-01   1.0000000e+00   1.3139311e-02
   7.6022942e-01   5.2811745e-01   8.8011712e-04   1.4595194e-03   3.7423164e-03   0.0000000e+00   1.7544666e-03   2.2104790e-02   3.8196280e-03   6.5697306e-02   2.4953199e-01   2.7260826e-01   9.3440923e-01   1.0000000e+00   1.3106446e-02
   6.4655830e-01   1.2798404e-01   7.4903746e-04   2.9767506e-03   2.3891186e-02   1.3724648e-03   1.8431017e-03   8.5004218e-03   8.1175804e-03   1.6821689e-02   5.1700459e-01   1.0536023e-01   8.5065840e-01   1.0000000e+00   1.3007549e-02
   3.5131958e-01   7.9854903e-01   1.8501146e-02   1.0083121e-03   2.4833083e-02   9.6036642e-03   2.5830718e-02   3.5542837e-03   2.0046466e-03   1.0775010e-02   2.6548104e-01   8.1077430e-01   5.2523583e-01   1.0000000e+00   1.2999486e-02
   1.1271529e-01   5.7460216e-01   4.4980178e-03   7.0924419e-03   2.6610523e-02   0.0000000e+00   1.8552709e-02   2.3745147e-03   4.2018795e-02   3.0041991e-03   6.1166927e-01   7.7490223e-01   1.7664049e-01   1.0000000e+00   1.2995855e-02
   3.7310918e-01   4.6146687e-01   4.2253242e-03   8.9564968e-05   1.4026315e-02   5.7361535e-03   2.7596206e-03   1.6925033e-03   1.8737937e-03   5.3725794e-03   6.2383951e-01   5.5254838e-01   5.5325885e-01   1.0000000e+00   1.2990332e-02
   8.7063551e-01   2.0573461e-03   7.9037027e-03   0.0000000e+00   1.5259399e-02   0.0000000e+00   0.0000000e+00   1.2188186e-02   8.4878613e-03   1.2160228e-02   2.0194259e-01   6.5261440e-04   9.8007488e-01   1.0000000e+00   1.2915139e-02
   4.3030710e-01   1.7827080e-01   4.6251125e-04   7.6311757e-02   3.0336621e-02   1.2772159e-02   0.0000000e+00   8.6284126e-03   3.8882858e-03   9.9840285e-03   7.5506154e-01   2.1714338e-01   6.3005869e-01   1.0000000e+00   1.2900730e-02
   5.6312838e-01   3.0848684e-01   4.0197759e-03   1.2281402e-02   1.4759900e-02   7.2562464e-03   1.3212144e-03   6.0413920e-03   9.3541459e-03   5.0628096e-02   5.6243648e-01   2.9608533e-01   7.7605500e-01   1.0000000e+00   1.2880516e-02
   8.9989458e-01   2.2676827e-01   5.7602377e-03   4.8951135e-03   1.2249470e-02   2.7151496e-03   8.6553561e-04   1.1492829e-02   6.1902290e-03   2.1602360e-02   1.4689289e-01   5.4655662e-02   9.8850429e-01   1.0000000e+00   1.2857776e-02
   4.1273942e-01   2.3197551e-01   4.7645455e-04   7.4927888e-02   3.0755756e-02   1.2694718e-02   0.0000000e+00   7.9930532e-03   4.0215313e-03   9.6953901e-03   7.4989408e-01   2.8602376e-01   6.0801967e-01   1.0000000e+00   1.2783348e-02
   1.7156440e-01   7.9010652e-01   7.1334994e-03   1.1412923e-02   8.8989313e-03   1.1772758e-03   1.7114274e-02   9.9312638e-04   6.9169005e-02   5.6914352e-03   3.1374995e-01   9.1688918e-01   2.6767286e-01   1.0000000e+00   1.2759642e-02
   1.6581901e-01   3.0036828e-01   0.0000000e+00   5.9263749e-04   8.5833937e-02   0.0000000e+00   1.2721915e-02   1.2820976e-03   3.2538541e-02   4.6634085e-03   8.6811076e-01   4.4295729e-01   2.5975052e-01   1.0000000e+00   1.2709203e-02
   1.7913194e-01   7.7766094e-01   4.2649798e-02   8.2429552e-03   0.0000000e+00   1.0843541e-02   7.9795564e-03   0.0000000e+00   0.0000000e+00   0.0000000e+00   3.2941515e-01   9.0454414e-01   2.7825574e-01   1.0000000e+00   1.2702051e-02
   1.5652730e-01   3.7363335e-01   7.1109107e-03   8.4757347e-04   8.0727823e-03   7.8606798e-03   4.5810927e-03   4.2556468e-04   1.2815738e-03   0.0000000e+00   8.0778074e-01   5.3723713e-01   2.4345163e-01   1.0000000e+00   1.2653011e-02
   6.1883756e-02   7.1877463e-01   0.0000000e+00   9.9195309e-04   7.4205231e-04   1.1981408e-02   3.8975201e-04   0.0000000e+00   4.5279379e-03   9.1382043e-03   4.2560791e-01   8.9996241e-01   9.7077952e-02   1.0000000e+00   1.2626138e-02
   3.3647663e-01   7.3139515e-01   8.3583405e-04   1.5062257e-02   1.8869634e-02   0.0000000e+00   0.0000000e+00   7.2625932e-03   5.7235966e-03   1.1780954e-03   3.5387310e-01   7.8834390e-01   5.0460799e-01   1.0000000e+00   1.2482400e-02
   1.6831148e-02   2.6788577e-01   5.2353645e-04   1.0676017e-03   6.6169034e-03   3.0188498e-03   1.7255520e-02   3.3583769e-03   4.1621785e-03   4.0354813e-02   9.1427918e-01   4.0916297e-01   2.6488339e-02   1.0000000e+00   1.2444121e-02
   6.7314058e-01   9.8446962e-01   7.1571297e-03   3.0928784e-02   0.0000000e+00   8.4969431e-02   7.6718596e-03   2.0611756e-02   4.0447919e-03   8.0347021e-03   1.2086211e-02   4.9533855e-01   8.7872375e-01   1.0000000e+00   1.2440728e-02
   5.0799333e-01   6.5012242e-01   3.4222851e-02   4.8655105e-03   2.5202344e-02   1.1147839e-02   6.0886883e-03   3.9046039e-03   5.8097767e-03   7.1082270e-03   3.6544238e-01   5.9660526e-01   7.1742611e-01   1.0000000e+00   1.2414380e-02
   2.2148989e-01   6.6781784e-01   6.5273259e-02   8.4368744e-04   3.1915497e-02   2.2225494e-02   5.6082818e-03   9.6813829e-03   4.4848324e-03   0.0000000e+00   4.7134332e-01   8.1981055e-01   3.4295703e-01   1.0000000e+00   1.2408461e-02
   2.8255801e-01   9.2364349e-01   1.0139425e-02   0.0000000e+00   1.3781886e-02   1.1882766e-02   2.9184584e-03   0.0000000e+00   1.8251913e-04   1.1067543e-02   1.0812089e-01   8.9712735e-01   4.2965415e-01   1.0000000e+00   1.2379881e-02
   5.1218563e-01   8.5386009e-01   2.6295287e-03   3.7804301e-03   2.2371825e-02   1.8395213e-02   2.5464210e-03   1.5228424e-02   0.0000000e+00   2.3577884e-02   1.5805074e-01   6.7636963e-01   7.2170327e-01   1.0000000e+00   1.2292560e-02
   8.7865307e-02   6.4751069e-01   1.3120906e-03   9.6666370e-03   3.2499320e-02   0.0000000e+00   1.2844829e-02   0.0000000e+00   1.7489970e-02   1.8704534e-03   5.2167496e-01   8.4387164e-01   1.3780440e-01   1.0000000e+00   1.2280194e-02
   5.0105864e-01   3.8410900e-01   9.6679162e-03   0.0000000e+00   3.3532013e-02   6.7891553e-04   1.7947033e-04   2.1631440e-02   0.0000000e+00   7.1596095e-03   5.8229776e-01   4.0124765e-01   7.0951232e-01   1.0000000e+00   1.2272822e-02
   3.1791506e-01   7.3300575e-01   1.0490004e-04   1.5757474e-02   0.0000000e+00   1.5973478e-02   0.0000000e+00   4.4694885e-05   2.5459860e-02   3.9580261e-03   3.5789577e-01   8.0273517e-01   4.7944019e-01   1.0000000e+00   1.2263977e-02
   5.4754413e-01   3.9426474e-02   1.3309845e-03   3.5667306e-02   2.4589555e-02   4.1330595e-03   1.3085301e-04   0.0000000e+00   1.2138838e-02   1.6537626e-02   6.5263428e-01   4.0470021e-02   7.5965063e-01   1.0000000e+00   1.2202453e-02
   3.4225664e-01   1.8963896e-01   5.7586168e-03   1.8667773e-02   2.2341126e-02   0.0000000e+00   0.0000000e+00   4.5586649e-02   2.1329399e-03   7.8885926e-03   8.2358892e-01   2.5285785e-01   5.1363872e-01   1.0000000e+00   1.2103184e-02
   3.3246155e-01   7.9021051e-01   7.0629494e-03   1.1812245e-04   7.8327512e-02   6.3580453e-03   5.6032293e-03   4.7356239e-03   9.4948234e-04   1.0165469e-04   2.8223251e-01   8.2522403e-01   5.0194628e-01   1.0000000e+00   1.2073794e-02
   5.0451883e-01   9.8285799e-01   9.4716264e-03   0.0000000e+00   2.3455304e-02   1.2170327e-02   0.0000000e+00   6.6128049e-03   0.0000000e+00   3.1357756e-03   1.8917979e-02   7.0240596e-01   7.1270735e-01   1.0000000e+00   1.2067909e-02
   3.2929343e-02   3.8067302e-01   4.8498126e-04   2.6837757e-03   9.8245863e-03   4.3156624e-04   1.6497055e-02   2.7356912e-03   1.8518399e-02   5.4466967e-03   8.2600481e-01   5.6262974e-01   5.1741336e-02   1.0000000e+00   1.2029596e-02
   4.1181243e-02   1.0762699e-01   4.1811070e-05   4.3875507e-04   2.9448320e-03   8.6295678e-04   1.3717728e-03   0.0000000e+00   0.0000000e+00   3.4532764e-05   9.8369298e-01   1.6790593e-01   6.4642983e-02   1.0000000e+00   1.1919500e-02
   3.8578183e-01   8.9137098e-02   7.4401187e-03   1.8936554e-02   5.3914702e-03   1.2278737e-02   0.0000000e+00   8.8141697e-03   0.0000000e+00   3.5879188e-03   8.1445490e-01   1.1478801e-01   5.6996149e-01   1.0000000e+00   1.1914295e-02
   4.7626390e-01   8.5633609e-02   1.0112317e-03   2.7092483e-03   2.3820037e-02   1.3966552e-03   2.2308961e-03   1.2039512e-02   1.0199325e-02   1.7025050e-02   7.2716691e-01   9.8407611e-02   6.8102020e-01   1.0000000e+00   1.1847133e-02
   8.4438181e-01   1.1463039e-01   2.7737796e-03   3.5039891e-03   2.1821187e-02   3.1861566e-03   0.0000000e+00   1.4226536e-02   5.0945507e-03   2.4630751e-02   2.3842397e-01   4.3400922e-02   9.7157336e-01   1.0000000e+00   1.1836574e-02
   4.1869666e-01   1.7860505e-01   9.4099298e-04   2.5458987e-03   2.5454351e-02   1.5621877e-03   2.2533877e-03   1.1957106e-02   8.9550550e-03   1.1345272e-02   7.6123786e-01   2.1935239e-01   6.1190837e-01   1.0000000e+00   1.1747221e-02
   2.6379028e-01   3.1902749e-01   2.4424338e-03   4.1438399e-05   2.1688683e-02   3.8531943e-03   3.6203582e-03   2.6399590e-03   0.0000000e+00   1.0435917e-04   8.0323142e-01   4.3998368e-01   4.0281076e-01   1.0000000e+00   1.1733377e-02
   4.8783031e-01   2.8729012e-01   0.0000000e+00   3.2949491e-02   1.3203983e-02   1.1163563e-02   1.7603499e-03   7.4085614e-03   4.1321385e-02   3.9108120e-02   6.5140082e-01   3.1568684e-01   6.9670635e-01   1.0000000e+00   1.1700226e-02
   3.3434090e-01   7.2167019e-01   8.1969094e-04   1.4413774e-02   1.3188316e-02   1.6497840e-03   5.7509554e-05   7.5996880e-03   7.1561593e-03   1.9381039e-03   3.6652546e-01   7.8424022e-01   5.0161961e-01   1.0000000e+00   1.1691112e-02
   1.5186535e-01   9.7401993e-02   1.1622045e-03   5.8194494e-03   8.6114087e-04   1.6129025e-02   1.1813228e-03   2.8081919e-03   3.3883881e-03   8.7340624e-03   9.6070860e-01   1.4814492e-01   2.3638639e-01   1.0000000e+00   1.1676907e-02
   1.5899216e-01   4.8410873e-01   4.2602426e-03   3.1635197e-04   6.2506411e-03   6.1656709e-03   3.4828427e-03   2.0371010e-03   8.0872952e-04   2.0412315e-04   7.0213603e-01   6.6792942e-01   2.4718396e-01   1.0000000e+00   1.1670531e-02
   2.5075856e-01   7.8552947e-01   7.2466243e-03   1.2257985e-04   7.5696750e-02   4.0478716e-03   6.7816312e-03   4.6020876e-03   1.1897651e-03   0.0000000e+00   3.0703127e-01   8.7662851e-01   3.8603586e-01   1.0000000e+00   1.1666449e-02
   2.9235288e-01   3.9378661e-01   4.1792621e-03   0.0000000e+00   0.0000000e+00   0.0000000e+00   4.6492248e-02   0.0000000e+00   0.0000000e+00   1.0966532e-01   7.4068132e-01   5.2716894e-01   4.4955183e-01   1.0000000e+00   1.1547727e-02
   1.9544127e-01   3.5355379e-01   3.4244457e-03   1.6903164e-04   2.0466192e-02   5.2930126e-03   2.4862606e-03   0.0000000e+00   8.1553412e-03   1.1204163e-03   8.1041328e-01   5.0286614e-01   3.0235972e-01   1.0000000e+00   1.1542799e-02
   4.9081747e-02   8.9286315e-01   5.2608110e-03   1.9386674e-03   8.3512303e-03   2.3509795e-02   2.0339944e-03   9.6093824e-04   4.0723694e-03   4.1949586e-04   1.6711221e-01   9.8360821e-01   7.7073116e-02   1.0000000e+00   1.1483646e-02
   3.8130552e-01   6.6083383e-01   5.2929565e-02   0.0000000e+00   1.8721435e-02   6.4029130e-05   1.0995947e-02   8.0168065e-03   4.2383822e-03   1.0750530e-03   4.2090712e-01   7.1384732e-01   5.6567052e-01   1.0000000e+00   1.1464198e-02
   3.6342172e-01   7.9844743e-01   2.3795580e-02   9.8977839e-04   2.3574657e-02   1.0207294e-02   1.5148634e-02   2.2683927e-03   2.7269023e-03   1.2077562e-02   2.6239192e-01   8.0090792e-01   5.4122987e-01   1.0000000e+00   1.1421728e-02
   4.9592735e-01   1.7654905e-01   1.9929051e-03   3.1372576e-03   2.4540747e-02   1.5044417e-03   1.5965872e-03   1.0416371e-02   1.0156882e-02   2.0182426e-02   6.8527497e-01   1.9506884e-01   7.0343986e-01   1.0000000e+00   1.1398531e-02
   6.4822540e-01   9.0763032e-01   1.8251693e-04   4.7571473e-03   7.2070660e-03   2.8542051e-02   1.3210508e-03   4.8202287e-02   8.7524619e-03   6.3946933e-03   7.6141872e-02   5.2108858e-01   8.5401647e-01   1.0000000e+00   1.1396889e-02
   4.5529126e-01   3.6794452e-01   5.8699808e-03   0.0000000e+00   3.3685694e-02   8.5701696e-04   2.7338343e-04   2.3075139e-02   0.0000000e+00   1.2403013e-03   6.3343197e-01   4.1316556e-01   6.5686303e-01   1.0000000e+00   1.1394998e-02
   1.9706727e-01   3.3995302e-01   7.5448157e-03   3.0668898e-02   8.9566412e-03   9.6072968e-03   6.8765978e-04   1.7603363e-02   2.1365970e-03   4.6688776e-03   8.2110204e-01   4.8551660e-01   3.0509148e-01   1.0000000e+00   1.1368253e-02
   1.8276112e-01   5.9164085e-01   5.4998331e-02   4.5273751e-03   1.8726743e-03   1.0390232e-02   1.6935922e-02   2.2431591e-04   1.1223875e-03   1.8126156e-03   5.7584792e-01   7.7108866e-01   2.8412978e-01   1.0000000e+00   1.1343191e-02
   5.4588436e-01   9.4109268e-01   8.3267920e-03   0.0000000e+00   2.6257423e-02   1.3069232e-02   1.0458673e-03   5.7940218e-03   0.0000000e+00   3.2643464e-03   6.0520536e-02   6.5218625e-01   7.5692876e-01   1.0000000e+00   1.1313909e-02
   5.2865718e-01   8.7827864e-01   1.2254458e-03   1.0891017e-03   0.0000000e+00   1.0098943e-02   8.4988997e-04   0.0000000e+00   4.0808265e-05   3.5801008e-04   1.2820675e-01   6.6234829e-01   7.3828777e-01   1.0000000e+00   1.1313575e-02
   5.2383101e-01   5.9364485e-01   6.0167282e-04   0.0000000e+00   2.9953710e-02   1.0622905e-02   9.6095071e-04   4.1935496e-02   8.0989622e-03   1.2490784e-02   4.0646626e-01   5.4786715e-01   7.3526786e-01   1.0000000e+00   1.1179706e-02
   1.5083893e-01   2.5200152e-01   2.5132333e-03   4.9105364e-03   1.4593241e-02   2.3223364e-03   8.7282150e-03   1.9047068e-03   2.3068956e-03   3.7131337e-03   8.9720555e-01   3.7494380e-01   2.3480816e-01   1.0000000e+00   1.1173262e-02
   4.5886881e-01   3.8021679e-01   2.2607423e-04   1.5252283e-02   2.1146609e-02   4.8089934e-03   7.9492201e-04   8.7719535e-04   9.1827106e-03   2.1989876e-02   6.2201972e-01   4.2303389e-01   6.6081764e-01   1.0000000e+00   1.1139601e-02
   5.6364169e-01   7.0161228e-01   1.1906118e-02   2.2862513e-04   0.0000000e+00   5.6011148e-03   3.8284430e-03   3.8350633e-03   0.0000000e+00   1.7913489e-02   2.8609906e-01   5.6503406e-01   7.7455212e-01   1.0000000e+00   1.1126293e-02
   6.8115702e-01   7.5444267e-01   1.0367749e-03   2.4582627e-03   2.6233783e-03   0.0000000e+00   1.8281077e-03   8.5045478e-02   1.7378427e-02   1.3298571e-03   1.8201377e-01   4.4824229e-01   8.8380688e-01   1.0000000e+00   1.1106930e-02
   5.0541728e-02   9.1716050e-02   4.2886373e-05   3.4978135e-04   2.8997726e-03   6.1251586e-04   1.3489673e-03   0.0000000e+00   0.0000000e+00   4.5563352e-05   9.8653368e-01   1.4311871e-01   7.9308239e-02   1.0000000e+00   1.1087697e-02
   2.8986837e-01   8.6877400e-01   0.0000000e+00   1.3747365e-02   2.7781914e-02   1.0416939e-02   0.0000000e+00   3.1729909e-03   1.0934804e-02   5.7628821e-03   1.8404685e-01   8.8018899e-01   4.4029533e-01   1.0000000e+00   1.1042152e-02
   6.2409248e-01   8.5873082e-01   2.9851713e-03   1.6442092e-04   2.0831842e-02   1.7990803e-02   1.0911395e-04   1.5131333e-02   1.7321293e-03   1.9404461e-02   1.2270381e-01   5.4385009e-01   8.3181903e-01   1.0000000e+00   1.0982796e-02
   1.6775440e-01   2.3096801e-01   2.1712438e-02   0.0000000e+00   1.2548924e-02   1.4057505e-03   4.7734019e-03   9.2674110e-04   0.0000000e+00   8.3769563e-04   9.0322602e-01   3.4287107e-01   2.6063972e-01   1.0000000e+00   1.0927971e-02
   6.3178525e-01   6.6342411e-02   2.3150547e-03   1.5613294e-02   3.0637703e-02   5.5609832e-03   2.0375511e-04   7.9803022e-03   7.5229227e-03   1.4937183e-02   5.4456048e-01   5.6955198e-02   8.3865175e-01   1.0000000e+00   1.0926191e-02
   4.6168428e-01   6.0122903e-02   8.0965587e-04   1.5509659e-02   2.6515721e-02   4.1916551e-03   7.6266261e-03   1.3887048e-02   2.3132142e-03   1.0013503e-02   7.4600630e-01   7.0663668e-02   6.6416864e-01   1.0000000e+00   1.0925566e-02
   9.3976426e-01   2.7320509e-01   2.3338122e-03   2.9299333e-02   1.6439597e-02   6.5835232e-03   2.9298131e-04   3.3410141e-02   5.3347775e-03   1.4648861e-02   8.6127724e-02   3.9411366e-02   9.9805257e-01   1.0000000e+00   1.0904594e-02
   1.2875148e-01   2.2682946e-01   1.8100182e-02   6.3715591e-03   1.2479891e-02   3.0017850e-03   4.5099604e-03   1.4408958e-03   5.6748147e-04   0.0000000e+00   9.1860174e-01   3.4189234e-01   2.0097811e-01   1.0000000e+00   1.0886116e-02
   4.8420449e-01   3.1742070e-01   1.0806796e-02   4.7725442e-05   2.6007580e-03   2.0729438e-02   0.0000000e+00   6.6271489e-02   9.5288080e-03   3.4797407e-03   6.3944490e-01   3.4817154e-01   6.9282641e-01   1.0000000e+00   1.0841099e-02
   4.3853468e-01   6.0763912e-01   9.3010910e-03   0.0000000e+00   0.0000000e+00   7.3256186e-03   4.2246638e-03   3.8646099e-03   3.0657644e-03   1.1563219e-02   4.4637184e-01   6.3014249e-01   6.3584971e-01   1.0000000e+00   1.0825798e-02
   3.3603518e-01   4.3196587e-01   7.9797923e-04   1.6716499e-03   2.6936775e-02   1.6551706e-02   0.0000000e+00   2.2922164e-02   5.7900318e-03   8.5605251e-03   6.7363897e-01   5.4311039e-01   5.0449455e-01   1.0000000e+00   1.0747220e-02
   5.3236592e-01   8.8748316e-01   4.3279600e-03   2.0573242e-02   3.3553773e-03   8.0459222e-02   9.2291106e-03   1.9333390e-02   5.9424862e-04   6.7279249e-03   1.1872229e-01   6.6472122e-01   7.4764227e-01   1.0000000e+00   1.0744359e-02
   5.3309979e-01   9.9988534e-01   9.3163218e-03   5.5370433e-03   2.3625915e-02   1.2328677e-02   1.9794914e-03   6.2926206e-03   7.3809259e-05   2.6928921e-03   1.2066916e-04   6.6999118e-01   7.4355187e-01   1.0000000e+00   1.0740682e-02
   6.4481160e-01   8.7271650e-02   2.3613419e-03   1.5594275e-02   2.8424392e-02   5.4618360e-03   3.2638717e-04   7.3505544e-03   7.8960614e-03   1.4758909e-02   5.2520837e-01   7.2453138e-02   8.4955895e-01   1.0000000e+00   1.0733233e-02
   3.9323197e-01   6.7176680e-01   6.8386588e-02   6.6902320e-03   5.8220113e-03   5.2488376e-03   1.1187891e-02   6.4505074e-03   1.2341268e-03   5.3257028e-03   4.0394253e-01   7.1277578e-01   5.8203532e-01   1.0000000e+00   1.0669830e-02
   1.0745222e-01   1.1072487e-01   8.1367308e-04   6.8673073e-03   8.8601715e-06   1.5439026e-02   1.2137335e-03   1.4362912e-03   3.7332226e-03   8.0323775e-03   9.7127429e-01   1.7065433e-01   1.6804713e-01   1.0000000e+00   1.0657671e-02
   3.0743756e-01   4.9323083e-01   1.7405111e-02   8.9658309e-04   1.9663717e-02   1.3304754e-03   3.5234373e-02   5.1624883e-02   2.4229823e-02   1.4968924e-02   6.3629047e-01   6.2290100e-01   4.6688100e-01   1.0000000e+00   1.0656893e-02
   6.1405155e-01   2.5490647e-02   1.2367877e-02   8.2359449e-03   1.5791153e-02   0.0000000e+00   1.4126879e-03   2.1184347e-03   1.6269452e-02   0.0000000e+00   5.6975218e-01   2.2825427e-02   8.2240177e-01   1.0000000e+00   1.0645792e-02
   2.4866600e-01   8.1593594e-01   8.0615579e-03   2.1809689e-02   2.7391420e-02   1.0337173e-02   0.0000000e+00   1.0296113e-03   1.9323612e-02   5.3326956e-03   2.6411537e-01   8.8789478e-01   3.8143227e-01   1.0000000e+00   1.0581212e-02
   4.2672367e-01   6.3918519e-01   6.2719571e-02   9.9608756e-03   1.5574809e-02   8.2878565e-03   9.6736238e-03   1.0330251e-02   1.0707224e-04   1.3834404e-03   4.2265352e-01   6.6411505e-01   6.2404228e-01   1.0000000e+00   1.0580164e-02
   4.2139866e-01   9.7105860e-01   9.4067414e-03   1.1720176e-03   1.0745973e-02   1.3047213e-02   9.6146065e-03   0.0000000e+00   1.0403304e-03   1.6011335e-02   3.5873620e-02   7.8856322e-01   6.1508744e-01   1.0000000e+00   1.0579640e-02
   2.0173935e-01   9.3845956e-01   3.9551786e-03   0.0000000e+00   2.4377035e-02   2.3220256e-02   4.5204391e-03   1.1992801e-02   9.2210329e-04   5.3060183e-03   9.1834414e-02   9.4704201e-01   3.1203257e-01   1.0000000e+00   1.0556821e-02
   4.3034512e-01   2.1155432e-01   1.2243437e-02   7.6055867e-02   2.3383710e-02   1.3539156e-02   4.3076564e-04   8.5340961e-03   3.9681029e-03   8.6005881e-03   7.4244836e-01   2.5622377e-01   6.2993722e-01   1.0000000e+00   1.0556465e-02
   4.1559468e-01   1.9452943e-01   9.3879679e-04   2.5512684e-03   2.5631791e-02   1.5737585e-03   2.2565370e-03   1.1972770e-02   8.9856852e-03   1.1678894e-02   7.5836134e-01   2.3922172e-01   6.0805179e-01   1.0000000e+00   1.0552418e-02
   2.7971953e-01   7.8650480e-01   7.0131925e-03   1.2223684e-04   7.4713901e-02   4.4621778e-03   6.3655023e-03   0.0000000e+00   1.0430071e-03   0.0000000e+00   2.9954200e-01   8.5946378e-01   4.2780227e-01   1.0000000e+00   1.0545042e-02
   6.6930376e-01   3.8117299e-02   2.3591910e-03   1.8517469e-02   2.8367721e-02   4.8848894e-03   5.2660392e-04   6.8211632e-03   1.0593747e-02   1.7384771e-02   4.9633063e-01   2.9753118e-02   8.6951134e-01   1.0000000e+00   1.0538649e-02
   4.0088302e-01   7.3794668e-01   4.8690227e-03   5.9796751e-03   2.6059139e-02   1.4956118e-02   2.9498808e-03   8.0183164e-03   1.1138477e-03   7.9773260e-03   3.2372169e-01   7.4150586e-01   5.8955469e-01   1.0000000e+00   1.0523548e-02
   1.9386027e-01   3.5712267e-01   1.7677824e-03   0.0000000e+00   1.9908521e-02   5.2791319e-03   5.9749106e-03   9.8040488e-05   6.3633833e-03   1.6986648e-03   8.0819370e-01   5.0778602e-01   2.9998237e-01   1.0000000e+00   1.0514026e-02
   9.2738908e-02   5.5078314e-01   5.2726640e-03   1.2210793e-02   3.0047164e-02   0.0000000e+00   1.9097243e-02   1.1996107e-02   3.7978008e-02   2.9500852e-03   6.4359349e-01   7.5543095e-01   1.4560045e-01   1.0000000e+00   1.0492135e-02
   4.2586786e-01   8.2513885e-02   0.0000000e+00   2.1610353e-02   2.3006323e-02   1.1564728e-03   7.6395480e-04   7.0704617e-03   6.4048101e-03   2.2509983e-02   7.7913358e-01   1.0155478e-01   6.2115368e-01   1.0000000e+00   1.0477034e-02
   4.7316192e-01   1.0155799e-01   1.0090355e-03   2.7146180e-03   2.3997477e-02   1.4082261e-03   2.2340454e-03   1.2055176e-02   1.0229956e-02   1.7358673e-02   7.2776099e-01   1.1709245e-01   6.7745088e-01   1.0000000e+00   1.0448107e-02
   4.9442027e-01   9.1080847e-01   1.2809580e-02   0.0000000e+00   2.9064551e-02   1.2442117e-02   9.8329429e-05   6.5960819e-03   3.7599051e-06   0.0000000e+00   9.9724995e-02   7.0714083e-01   7.0172826e-01   1.0000000e+00   1.0440577e-02
   5.6941738e-01   7.3593714e-01   8.2188746e-03   0.0000000e+00   7.4132313e-03   1.2178698e-02   4.0708801e-03   2.2167849e-04   2.0440609e-03   2.5164526e-02   2.5249183e-01   5.7340622e-01   7.8057914e-01   1.0000000e+00   1.0434840e-02
   7.6629853e-01   5.1069635e-01   8.8907457e-03   1.5941220e-04   2.0192399e-02   1.8104222e-02   3.3700931e-05   6.0006928e-02   1.0536771e-02   1.0963300e-03   2.5061601e-01   2.5918234e-01   9.3759900e-01   1.0000000e+00   1.0420358e-02
   2.6849726e-01   6.6174131e-01   3.3927176e-02   0.0000000e+00   2.6391494e-02   1.9769101e-02   9.2550514e-03   3.6666781e-03   4.7876270e-03   0.0000000e+00   4.6337661e-01   7.8844109e-01   4.1032810e-01   1.0000000e+00   1.0411100e-02
   3.4297904e-01   4.4842953e-01   8.2759553e-03   3.6192577e-03   1.4446210e-02   1.3828337e-03   2.1952116e-02   5.6115691e-02   1.9841748e-02   2.3691161e-02   6.5725865e-01   5.5855369e-01   5.1556638e-01   1.0000000e+00   1.0401773e-02
   2.7288793e-01   4.7445330e-01   1.8884785e-02   3.4899124e-02   0.0000000e+00   1.1843548e-02   2.8789371e-02   5.9830286e-03   8.8503647e-04   5.5274336e-03   6.7016129e-01   6.1842431e-01   4.1672972e-01   1.0000000e+00   1.0384239e-02
   4.6015081e-01   1.4704631e-02   6.0983514e-03   4.6704617e-03   2.9212641e-02   5.7606233e-04   0.0000000e+00   1.6000047e-02   5.8512891e-03   8.9093877e-03   7.5071577e-01   1.7343102e-02   6.6233779e-01   1.0000000e+00   1.0366755e-02
   8.8044392e-01   3.8457101e-02   8.7851422e-03   1.8200959e-03   0.0000000e+00   0.0000000e+00   0.0000000e+00   1.2076177e-02   8.8950019e-03   1.1519930e-02   1.8643743e-01   1.1276083e-02   9.8284813e-01   1.0000000e+00   1.0327607e-02
   7.2924610e-01   9.3157788e-01   7.5573421e-03   1.2301523e-03   0.0000000e+00   1.5777763e-02   2.6273964e-03   7.4834539e-03   3.2605443e-04   1.6624065e-02   4.4287698e-02   4.1047804e-01   9.1150462e-01   1.0000000e+00   1.0292205e-02
   4.0653213e-02   7.0942815e-01   3.8149255e-03   2.6225781e-03   9.2709995e-03   1.7706664e-02   2.2897801e-03   9.9406156e-04   4.4088302e-03   8.2863117e-04   4.4004405e-01   8.9620312e-01   6.3843068e-02   1.0000000e+00   1.0289302e-02
   1.2437001e-01   2.9513983e-02   6.4080131e-05   4.6792572e-06   5.7039525e-04   6.6163000e-04   0.0000000e+00   0.0000000e+00   0.0000000e+00   4.7104272e-03   9.7994634e-01   4.5463336e-02   1.9412411e-01   1.0000000e+00   1.0283316e-02
   6.5572076e-01   9.1267397e-01   9.6668084e-04   1.2087466e-03   2.0361534e-02   2.6283179e-02   9.5178890e-04   6.7971982e-02   5.7391456e-03   4.4461627e-03   7.0803736e-02   5.1292832e-01   8.6225749e-01   1.0000000e+00   1.0272832e-02
   1.1870321e-01   1.0658867e-01   0.0000000e+00   6.3220293e-03   0.0000000e+00   0.0000000e+00   6.0780847e-06   0.0000000e+00   9.2268369e-04   0.0000000e+00   9.6896530e-01   1.6376611e-01   1.8538758e-01   1.0000000e+00   1.0248588e-02
   1.4415530e-01   3.6762492e-01   7.3932820e-03   4.2758450e-03   4.6963021e-03   0.0000000e+00   1.9368492e-02   2.7856996e-03   2.5665880e-03   0.0000000e+00   8.1685686e-01   5.3222285e-01   2.2461725e-01   1.0000000e+00   1.0239919e-02
   2.1323630e-01   1.9824529e-01   2.0233077e-02   6.5452144e-03   1.6815911e-02   1.1030234e-02   3.4784029e-02   5.2973083e-02   2.7775096e-02   2.3127258e-02   9.0455896e-01   2.9115504e-01   3.3075390e-01   1.0000000e+00   1.0230970e-02
   5.4918123e-01   3.0487769e-01   0.0000000e+00   7.7387027e-03   2.1547391e-02   9.1920576e-04   2.3457312e-02   2.0580415e-02   8.4662667e-03   2.4452440e-02   5.7850565e-01   3.0036850e-01   7.6121714e-01   1.0000000e+00   1.0224535e-02
   2.2760150e-01   8.3278064e-01   4.8524324e-04   2.6763670e-02   2.4394527e-02   1.0358730e-02   2.5621382e-03   2.5824376e-02   4.4906244e-03   1.3049661e-02   2.4379445e-01   9.0670381e-01   3.5074688e-01   1.0000000e+00   1.0201795e-02
   7.3683159e-01   9.3194275e-01   1.1095651e-04   1.1382215e-03   0.0000000e+00   7.8171984e-03   0.0000000e+00   2.7942180e-04   6.0116988e-04   1.3203591e-03   4.2865511e-02   3.9944306e-01   9.1582585e-01   1.0000000e+00   1.0192001e-02
   4.4631201e-01   7.1759324e-01   0.0000000e+00   0.0000000e+00   3.1005272e-02   1.8577159e-02   2.4733206e-03   5.3336519e-02   9.5298452e-03   6.1419497e-05   3.2936650e-01   6.9312564e-01   6.4777228e-01   1.0000000e+00   1.0165840e-02
   3.0642772e-01   4.3546140e-01   1.1807684e-03   6.9448390e-03   1.5097747e-03   0.0000000e+00   9.8301852e-04   0.0000000e+00   4.5200011e-03   1.8406314e-03   6.8702882e-01   5.6015785e-01   4.6299888e-01   1.0000000e+00   1.0164798e-02
   1.1327984e-02   5.8998708e-02   0.0000000e+00   5.1007503e-06   0.0000000e+00   1.0711264e-03   0.0000000e+00   7.9412038e-05   1.5556894e-05   9.8683206e-06   9.9555227e-01   9.2527808e-02   1.7793036e-02   1.0000000e+00   1.0162991e-02
   2.0301637e-01   4.8947053e-01   3.4028258e-03   3.9411923e-03   1.5649032e-02   8.2029674e-03   2.5677445e-03   5.9325667e-03   0.0000000e+00   1.3097084e-03   6.8273020e-01   6.6051142e-01   3.1363973e-01   1.0000000e+00   1.0139758e-02
   4.2440676e-03   6.3954914e-01   1.9376459e-02   1.8337082e-02   1.1382315e-02   3.5226377e-02   1.9834281e-02   3.1094438e-03   1.4924691e-03   6.8442593e-03   5.3777213e-01   8.4606824e-01   6.6834112e-03   1.0000000e+00   1.0117998e-02
   5.5239034e-01   8.5821370e-01   8.1472156e-03   0.0000000e+00   8.3702307e-03   1.1729095e-02   3.2934014e-03   1.3113479e-03   2.0606563e-03   2.1777399e-02   1.4292816e-01   6.3110062e-01   7.6342274e-01   1.0000000e+00   1.0110163e-02
   2.8693746e-01   7.6876607e-02   1.3425489e-03   0.0000000e+00   2.8090768e-02   0.0000000e+00   3.5027590e-03   1.4252014e-02   1.0882789e-02   2.3884184e-02   8.9509326e-01   1.0861770e-01   4.3635246e-01   1.0000000e+00   1.0104072e-02
   4.4491401e-01   9.4925927e-01   1.3631552e-02   3.2988768e-02   0.0000000e+00   6.9745280e-02   1.0188902e-02   2.8926900e-02   4.7980409e-03   2.1864020e-03   6.1387108e-02   7.6856325e-01   6.4792468e-01   1.0000000e+00   1.0055483e-02
   8.7205855e-01   6.5816332e-01   2.0991113e-02   5.2640586e-03   0.0000000e+00   0.0000000e+00   2.4269417e-04   5.1124581e-02   8.3262930e-04   0.0000000e+00   1.0242485e-01   1.7205611e-01   9.8289418e-01   1.0000000e+00   1.0046546e-02
   2.7181788e-01   3.5709564e-03   2.4963234e-03   3.4007842e-03   1.1117308e-02   9.4993553e-04   1.3894396e-03   1.8462295e-03   7.6921869e-03   9.8124056e-03   9.1048603e-01   5.1071930e-03   4.1424072e-01   1.0000000e+00   1.0020460e-02
   1.2069894e-01   2.0419738e-01   2.8146497e-03   3.1498857e-03   3.8578012e-02   4.2632870e-02   2.7581125e-02   1.2722580e-02   1.7172117e-02   2.7571187e-03   9.3623266e-01   3.1103966e-01   1.8931690e-01   1.0000000e+00   1.0007153e-02
   1.6582074e-01   3.3043018e-01   8.2115651e-03   1.0347832e-03   0.0000000e+00   5.6055160e-03   3.8503573e-03   5.6279196e-04   0.0000000e+00   3.9092581e-05   8.3910445e-01   4.7936850e-01   2.5756495e-01   1.0000000e+00   9.9710014e-03
   2.3109511e-01   6.9461403e-01   6.2649509e-03   0.0000000e+00   7.4976039e-02   3.9400851e-03   7.4159402e-03   6.2252281e-03   1.2322084e-03   0.0000000e+00   4.3392770e-01   8.3410977e-01   3.5713281e-01   1.0000000e+00   9.9626303e-03
   4.5564248e-02   5.5413356e-01   2.4243931e-02   2.0203125e-02   6.9935942e-03   3.0360519e-02   2.8712311e-02   3.3212027e-05   0.0000000e+00   1.1780017e-02   6.4473045e-01   7.6488360e-01   7.1720575e-02   1.0000000e+00   9.9530767e-03
   3.8709771e-01   0.0000000e+00   0.0000000e+00   0.0000000e+00   9.5611529e-02   1.9611821e-02   0.0000000e+00   0.0000000e+00   2.4758332e-02   0.0000000e+00   8.2908445e-01   0.0000000e+00   5.7706162e-01   1.0000000e+00   9.9313782e-03
   3.3281429e-01   1.1788982e-01   3.6401238e-03   2.4449043e-03   2.7820780e-02   4.8545258e-03   3.5110113e-03   1.3454743e-02   1.0521956e-02   2.3454487e-02   8.5304237e-01   1.5979794e-01   5.0012806e-01   1.0000000e+00   9.9292334e-03
   7.1865677e-01   1.8982160e-01   4.3789792e-03   4.9040978e-03   1.1447510e-02   3.0166566e-03   4.9218421e-04   9.7609702e-03   6.2234792e-03   2.3985846e-02   4.0918097e-01   1.2575500e-01   9.0473382e-01   1.0000000e+00   9.9124339e-03
   2.9954897e-01   8.3891160e-01   1.6389686e-02   9.3205066e-04   2.3298637e-02   6.3563311e-03   1.3472191e-02   2.1407046e-03   3.6884138e-03   1.3476216e-02   2.2341526e-01   8.6400989e-01   4.5391858e-01   1.0000000e+00   9.9027958e-03
   1.4707963e-01   2.8329010e-01   2.1548634e-03   4.7935741e-03   1.6844305e-02   2.2599760e-03   7.5118349e-03   1.0814189e-02   0.0000000e+00   9.8700731e-03   8.7914855e-01   4.1925906e-01   2.2911683e-01   1.0000000e+00   9.8964136e-03
   4.7701193e-01   4.3025644e-01   8.5624471e-04   1.2758866e-02   1.8933485e-02   3.6415281e-03   1.0625891e-03   0.0000000e+00   1.0123296e-02   2.2283812e-02   5.7187469e-01   4.5853636e-01   6.8189142e-01   1.0000000e+00   9.8870715e-03
   2.8517913e-01   6.3863251e-01   2.9770267e-02   1.7244925e-04   2.5091663e-02   1.2201837e-02   7.6496808e-03   3.8143866e-03   4.3498693e-03   0.0000000e+00   4.8544343e-01   7.6131679e-01   4.3388712e-01   1.0000000e+00   9.8762122e-03
   6.3573102e-01   2.2127087e-01   0.0000000e+00   2.8562469e-04   3.3359961e-02   9.6055650e-05   1.6594869e-06   1.4198422e-02   0.0000000e+00   1.2925355e-03   5.0976777e-01   1.8467806e-01   8.4182246e-01   1.0000000e+00   9.8371459e-03
   5.7433590e-01   9.4395666e-01   9.1957054e-03   4.4828147e-02   2.8925295e-03   6.4535581e-02   4.7242143e-03   3.3434611e-02   4.3077944e-04   1.0922334e-02   5.4912365e-02   6.2216031e-01   7.9057691e-01   1.0000000e+00   9.8357570e-03
   3.5771866e-01   4.4624485e-01   0.0000000e+00   1.2198979e-02   2.4261527e-02   3.4053902e-03   1.6378089e-05   1.5451768e-03   1.2742057e-02   3.8688422e-02   6.4827751e-01   5.4710109e-01   5.3408204e-01   1.0000000e+00   9.8355694e-03
   5.6231584e-01   1.0000000e+00   9.2774513e-03   4.7942185e-03   2.2696790e-02   1.3092019e-02   1.8157284e-03   0.0000000e+00   3.1057318e-04   2.7721046e-03   3.8890423e-17   6.3512881e-01   7.7345033e-01   1.0000000e+00   9.8355646e-03
   2.9163210e-01   6.9192279e-01   3.8441749e-02   8.1046336e-04   3.2983240e-02   2.7729758e-02   5.4281221e-03   3.1419742e-03   4.2351894e-03   2.5595088e-04   4.1870448e-01   7.9660390e-01   4.4374034e-01   1.0000000e+00   9.8154566e-03
   1.3032296e-02   4.5022835e-01   4.9816557e-02   0.0000000e+00   0.0000000e+00   0.0000000e+00   1.5225204e-01   1.2116242e-01   9.8066840e-02   0.0000000e+00   7.9798383e-01   6.8203775e-01   2.1492313e-02   1.0000000e+00   9.7995942e-03
   1.1479483e-01   7.9224826e-01   5.3148139e-03   1.3492691e-03   0.0000000e+00   1.3705817e-02   0.0000000e+00   1.1028380e-02   6.4117946e-03   8.7328407e-03   3.1552071e-01   9.3229135e-01   1.7942565e-01   1.0000000e+00   9.7962839e-03
   5.8661483e-01   9.5204035e-01   6.7045435e-03   1.6688325e-03   8.5465640e-03   1.1761792e-02   1.0465611e-03   1.3482746e-03   2.1433131e-03   2.0903031e-02   4.5541204e-02   6.0337316e-01   7.9704106e-01   1.0000000e+00   9.7952744e-03
   1.7919880e-01   5.7708259e-01   2.8411783e-03   5.4241141e-03   3.1331174e-02   7.4414320e-04   1.5540092e-02   2.1663154e-03   4.1186581e-02   3.5672650e-03   5.9401975e-01   7.5860164e-01   2.7860873e-01   1.0000000e+00   9.7932996e-03
   3.0920594e-01   6.1079656e-02   1.4119310e-03   4.0762072e-03   1.0949220e-02   2.4814499e-03   1.9238955e-03   7.3063480e-03   5.2257874e-03   1.0655756e-02   8.8058299e-01   8.4746586e-02   4.6698706e-01   1.0000000e+00   9.7816603e-03
   4.7927968e-01   2.4821683e-01   7.7868436e-03   1.2325553e-02   3.2952509e-02   4.0271827e-03   2.7222353e-03   0.0000000e+00   2.4118165e-02   3.5806078e-02   6.7712426e-01   2.7825459e-01   6.8590006e-01   1.0000000e+00   9.7772916e-03
   3.9978581e-01   8.6537751e-01   8.5403407e-03   1.1338913e-03   9.7412013e-03   1.3463707e-02   9.1116486e-03   1.0220143e-03   9.8651282e-04   1.7032378e-02   1.6997093e-01   7.9176314e-01   5.8793928e-01   1.0000000e+00   9.7495188e-03
   7.0464339e-01   3.6281686e-01   7.5456049e-03   0.0000000e+00   7.2295318e-03   1.9421759e-02   0.0000000e+00   7.1258399e-02   8.5865416e-03   3.3249571e-03   3.7888321e-01   2.4280487e-01   8.9934594e-01   1.0000000e+00   9.7459679e-03
   7.2004529e-01   2.3306360e-01   2.3387424e-03   3.9486441e-02   2.0904515e-02   7.0480029e-03   3.3763862e-04   2.5909816e-02   5.4603524e-03   1.5239899e-02   3.9869020e-01   1.5284905e-01   9.0755818e-01   1.0000000e+00   9.7285309e-03
   4.1575554e-01   7.2980491e-01   4.7815772e-03   4.9814903e-03   2.6096588e-02   1.5243109e-02   2.4781925e-03   7.9414441e-03   8.5085740e-04   6.9914614e-03   3.2740948e-01   7.2453954e-01   6.0828152e-01   1.0000000e+00   9.7218177e-03
   7.0829647e-01   3.5355795e-01   6.8772436e-03   0.0000000e+00   7.4210963e-03   2.2765684e-02   0.0000000e+00   7.6321075e-02   8.2608078e-03   3.4474985e-03   3.7831254e-01   2.3474855e-01   9.0269967e-01   1.0000000e+00   9.7168197e-03
   4.8196256e-01   3.0824368e-01   9.2563402e-03   2.9222772e-02   7.3262240e-03   9.4074904e-03   3.0732371e-04   1.4179151e-02   1.8591116e-03   4.9942402e-03   6.4414883e-01   3.3878728e-01   6.8769173e-01   1.0000000e+00   9.6979409e-03
   3.0335014e-03   8.6422826e-02   6.6102597e-05   0.0000000e+00   0.0000000e+00   7.1143966e-04   0.0000000e+00   0.0000000e+00   0.0000000e+00   0.0000000e+00   9.9078901e-01   1.3533462e-01   4.7649972e-03   1.0000000e+00   9.6488475e-03
   2.7858098e-01   8.8801801e-01   0.0000000e+00   2.1419875e-02   1.9875667e-02   9.8346136e-03   2.8424187e-05   3.1743001e-04   1.9706470e-02   5.3439686e-03   1.5872285e-01   8.9301673e-01   4.2434091e-01   1.0000000e+00   9.6475562e-03
   2.3054201e-01   4.5668000e-01   2.0773535e-02   1.7859977e-02   2.9911803e-03   1.3863802e-02   2.9030952e-02   5.9581210e-03   7.2236938e-04   6.6629944e-03   7.0599765e-01   6.1590705e-01   3.5493536e-01   1.0000000e+00   9.6411318e-03
   2.9528975e-01   1.0012323e-01   1.6746968e-03   3.6093331e-03   1.1262153e-02   0.0000000e+00   1.0764798e-03   2.4171804e-03   5.0506714e-03   6.9946305e-03   8.8350114e-01   1.4010815e-01   4.4748597e-01   1.0000000e+00   9.6362879e-03
   1.1648884e-01   3.2983476e-01   3.3155480e-03   3.5068575e-03   6.9127108e-03   2.6149887e-03   1.8806547e-02   3.0220172e-03   1.6422910e-03   1.1870036e-03   8.5463682e-01   4.8718227e-01   1.8204182e-01   1.0000000e+00   9.6236312e-03
   1.3254946e-01   6.5135348e-01   5.1701274e-02   4.3700545e-03   1.5266774e-03   1.5184819e-02   1.3966463e-02   1.3604133e-02   2.7315699e-03   1.8332766e-03   5.1112864e-01   8.3808043e-01   2.0739258e-01   1.0000000e+00   9.6112629e-03
   3.6580876e-01   6.7457385e-01   1.8503539e-02   0.0000000e+00   2.0314344e-02   9.8925763e-04   2.6844345e-02   7.1555115e-02   2.8546339e-02   3.7654556e-02   4.1426643e-01   7.3856584e-01   5.4830729e-01   1.0000000e+00   9.6057560e-03
   1.4145946e-01   5.4730663e-01   2.9302594e-03   5.6492410e-03   2.7097073e-02   0.0000000e+00   1.3725512e-02   2.1641667e-03   4.8746986e-02   3.5553522e-03   6.3875003e-01   7.4150469e-01   2.2111973e-01   1.0000000e+00   9.5931825e-03
   9.1365929e-01   6.1904616e-01   9.9276080e-03   3.6269723e-03   6.6474007e-03   2.1899692e-05   2.1910744e-03   2.2796171e-03   0.0000000e+00   0.0000000e+00   7.6178425e-02   1.1173268e-01   9.9098157e-01   1.0000000e+00   9.5821685e-03
   3.4640963e-01   6.1697499e-01   7.5825267e-03   1.0957306e-02   0.0000000e+00   8.0019396e-04   3.2802057e-03   1.8694828e-02   0.0000000e+00   1.5301509e-03   4.8452241e-01   7.0571646e-01   5.1796157e-01   1.0000000e+00   9.5756463e-03
   2.6221212e-01   9.5083988e-01   3.9796967e-03   0.0000000e+00   2.9744063e-02   2.9082837e-02   3.3937736e-03   6.8952749e-03   3.4143457e-04   5.4862001e-03   7.0821972e-02   9.1531539e-01   4.0106936e-01   1.0000000e+00   9.5597465e-03
   2.6793113e-01   6.3976431e-01   2.8713643e-02   0.0000000e+00   2.5014768e-02   1.1843655e-02   6.6499996e-03   3.7020883e-03   4.8480181e-03   5.4332087e-05   4.9017173e-01   7.7175536e-01   4.0923340e-01   1.0000000e+00   9.5518002e-03
   7.0658960e-02   2.6062126e-01   3.7260261e-03   0.0000000e+00   1.0252814e-02   5.2447765e-03   4.4682294e-03   3.5631081e-02   4.1964256e-03   7.0811905e-02   9.1761892e-01   3.9815278e-01   1.1147951e-01   1.0000000e+00   9.5186923e-03
   2.4284018e-01   4.1024341e-01   9.2992998e-03   1.7340093e-03   6.9698977e-02   7.5801944e-03   8.7006167e-05   0.0000000e+00   5.3602303e-03   5.5474082e-03   7.4575189e-01   5.6037236e-01   3.7415424e-01   1.0000000e+00   9.4719527e-03
   2.1346677e-01   4.9943609e-01   2.0771942e-02   2.5668734e-02   8.4053696e-04   1.1749646e-02   3.1641655e-02   5.9917036e-03   0.0000000e+00   4.7984435e-03   6.6984732e-01   6.6866168e-01   3.2981789e-01   1.0000000e+00   9.4651366e-03
   3.8038131e-01   2.2126753e-02   1.2030718e-02   8.4413049e-03   1.1266948e-02   2.4485529e-04   1.1752593e-03   2.0141464e-03   1.5166031e-02   7.0670846e-03   8.2676365e-01   2.8747088e-02   5.6293218e-01   1.0000000e+00   9.4643668e-03
   3.2748016e-01   6.1650640e-01   1.0503149e-02   2.5252567e-03   7.3781855e-02   6.3602767e-03   5.6694576e-03   4.2531675e-03   2.6021397e-03   3.7302742e-04   4.9607687e-01   7.2140720e-01   4.9480047e-01   1.0000000e+00   9.4484121e-03
   2.7383548e-01   1.9493155e-01   2.3050606e-02   5.9821364e-03   1.6336297e-02   1.1200378e-02   3.3623533e-02   4.7172437e-02   2.5202186e-02   2.1614883e-02   8.7132613e-01   2.7546121e-01   4.1925695e-01   1.0000000e+00   9.4428936e-03
   1.0000000e+00   2.7237545e-01   2.7331713e-02   4.7511890e-02   1.4781618e-01   5.8082832e-02   2.1855180e-03   1.5377888e-02   5.6138595e-02   9.6225044e-04   5.7474664e-17   2.6209422e-17   1.0316214e+00   1.0000000e+00   9.4202796e-03
   4.0872707e-01   1.2133751e-01   1.3085176e-02   3.7394363e-02   6.4885851e-03   1.2001853e-02   0.0000000e+00   8.5040116e-03   1.7927176e-03   3.8193593e-03   7.8783225e-01   1.5200317e-01   5.9992536e-01   1.0000000e+00   9.4197958e-03
   3.7158592e-01   2.7853036e-02   1.7263969e-03   6.0081945e-03   2.8004865e-02   0.0000000e+00   3.5015165e-03   1.6943676e-02   1.2117660e-02   1.6382387e-02   8.3492063e-01   3.6552311e-02   5.5195080e-01   1.0000000e+00   9.3954338e-03
   6.3638126e-02   3.9755981e-01   8.6772619e-03   1.7410187e-03   7.0496652e-02   9.7917692e-03   2.1288317e-04   0.0000000e+00   5.9860335e-03   2.0048205e-03   8.1139864e-01   5.8477695e-01   1.0031347e-01   1.0000000e+00   9.3919161e-03
   1.9952709e-01   9.5506240e-03   6.2099118e-03   0.0000000e+00   2.5600987e-02   1.5500955e-03   3.1071713e-03   1.2493467e-02   1.7716949e-02   1.4913687e-02   9.5250891e-01   1.4290692e-02   3.0874157e-01   1.0000000e+00   9.3818814e-03
   3.6564510e-01   2.8470328e-01   2.6618353e-03   0.0000000e+00   2.1692286e-02   2.8981331e-03   4.5174454e-03   0.0000000e+00   3.2325365e-03   4.4711445e-03   7.5738645e-01   3.6325749e-01   5.4358423e-01   1.0000000e+00   9.3809149e-03
   2.4934729e-01   6.7008258e-01   3.1025165e-02   8.8997529e-04   4.8805241e-02   3.1931281e-02   5.4542905e-03   3.0011401e-03   7.0472682e-03   8.8122363e-03   4.5990857e-01   8.0654864e-01   3.8346564e-01   1.0000000e+00   9.3222693e-03
   2.5650581e-01   2.6856976e-01   1.8851811e-02   0.0000000e+00   1.7113998e-02   0.0000000e+00   2.5992458e-02   5.0643657e-02   2.7946517e-02   2.5005537e-02   8.4371089e-01   3.7867046e-01   3.9418086e-01   1.0000000e+00   9.2979003e-03
   3.5542541e-02   2.1021276e-01   2.3483459e-03   1.9033762e-04   1.8278717e-02   7.2269808e-03   0.0000000e+00   4.3629933e-03   4.4114770e-03   2.2438617e-04   9.4490968e-01   3.2386774e-01   5.5825113e-02   1.0000000e+00   9.2844924e-03
   9.8457620e-02   4.0050107e-01   2.2495569e-02   1.8903952e-02   1.7882326e-02   1.5379387e-02   4.2577809e-02   3.1503127e-03   4.0344537e-04   0.0000000e+00   8.0149415e-01   5.8328397e-01   1.5454058e-01   1.0000000e+00   9.2656248e-03
   1.5372241e-01   3.2346991e-01   7.8675076e-03   9.3959463e-04   0.0000000e+00   5.6541395e-03   3.7713854e-03   5.3292073e-04   9.3160299e-04   0.0000000e+00   8.4841471e-01   4.7246000e-01   2.3915327e-01   1.0000000e+00   9.2593817e-03
   7.1744454e-01   8.9858346e-01   3.0411697e-03   1.9896435e-04   2.2987814e-02   2.0367486e-02   0.0000000e+00   1.0884831e-02   1.8436397e-03   2.3043896e-02   6.8227102e-02   4.2465134e-01   9.0456056e-01   1.0000000e+00   9.2557525e-03
   2.6703304e-01   7.7176896e-02   2.8011884e-03   3.2779243e-03   1.3273015e-02   1.1890410e-03   1.7488298e-03   6.5286505e-03   6.7797163e-03   9.7576072e-03   9.0695546e-01   1.1049128e-01   4.0741831e-01   1.0000000e+00   9.2545069e-03
   1.2255426e-01   9.1076591e-01   0.0000000e+00   2.0974038e-03   1.6860662e-03   9.1195226e-03   0.0000000e+00   0.0000000e+00   5.3264297e-03   8.6280763e-03   1.3715575e-01   9.7208895e-01   1.9135792e-01   1.0000000e+00   9.2450172e-03
   3.7509312e-01   6.7847340e-01   8.1386879e-02   6.3005159e-03   1.4606635e-02   7.7832352e-04   4.9119360e-03   3.2576728e-03   4.7713496e-03   3.7519507e-03   4.0506569e-01   7.3264467e-01   5.5955339e-01   1.0000000e+00   9.2296525e-03
   5.7662966e-01   9.3462437e-01   2.1160723e-04   3.1172575e-03   1.4169679e-02   1.4216463e-04   0.0000000e+00   0.0000000e+00   2.1528729e-03   1.3874961e-03   6.3271640e-02   6.1396400e-01   7.8707001e-01   1.0000000e+00   9.2271407e-03
   7.9820664e-01   4.1878492e-01   6.9812918e-03   1.8048532e-04   1.5918447e-02   1.3373914e-02   2.8421558e-04   4.1966811e-02   8.2994692e-03   0.0000000e+00   2.4722152e-01   1.9101002e-01   9.5237831e-01   1.0000000e+00   9.2104338e-03
   6.2222658e-01   9.4547369e-01   8.3200002e-03   1.1311736e-04   2.2615637e-02   1.2735906e-02   0.0000000e+00   5.7336109e-03   2.2377274e-04   3.1478396e-03   4.7873282e-02   5.5757519e-01   8.2969281e-01   1.0000000e+00   9.1920586e-03
   2.5572969e-01   5.7944903e-01   7.5749899e-02   8.4298832e-04   3.1649960e-02   1.5134344e-02   8.1954147e-03   2.2960694e-03   0.0000000e+00   3.6546552e-03   5.6873207e-01   7.3189614e-01   3.9374140e-01   1.0000000e+00   9.1917765e-03
   1.6379918e-01   5.0483554e-01   1.4355508e-03   9.7673475e-03   2.1930662e-02   2.9553760e-03   8.6542328e-03   7.5398041e-03   7.8368260e-03   0.0000000e+00   6.7914582e-01   6.8954210e-01   2.5466424e-01   1.0000000e+00   9.1805135e-03
   3.8049855e-01   6.8831512e-01   7.7254176e-03   1.3565479e-02   1.6169270e-02   0.0000000e+00   2.8000148e-04   7.3117809e-03   7.0781438e-03   2.9892857e-03   3.8898184e-01   7.2998051e-01   5.6307853e-01   1.0000000e+00   9.1776975e-03
   6.3206801e-01   4.7533291e-01   8.1025399e-03   2.9059353e-05   0.0000000e+00   1.6852821e-02   0.0000000e+00   6.2087261e-02   8.6966613e-03   3.3206573e-03   4.0269062e-01   3.7263409e-01   8.4118062e-01   1.0000000e+00   9.1765627e-03
   4.2106270e-01   9.8434512e-01   9.8661553e-03   0.0000000e+00   1.0852518e-02   1.2812299e-02   9.7378382e-03   7.6415605e-04   8.5826102e-04   2.1617192e-02   1.9421562e-02   7.8963592e-01   6.1480424e-01   1.0000000e+00   9.1732589e-03
   5.7668878e-01   9.4385057e-01   9.4339855e-03   4.0909019e-02   2.8934793e-03   6.5428027e-02   5.3618885e-03   2.9893782e-02   0.0000000e+00   1.1995612e-02   5.4736060e-02   6.1898502e-01   7.9255803e-01   1.0000000e+00   9.1613725e-03
   2.6728293e-01   3.8246002e-01   1.7602512e-02   8.2515190e-04   1.5951262e-02   7.8165378e-04   2.9046951e-02   7.2734416e-02   2.5907466e-02   3.2942599e-02   7.5963029e-01   5.2054660e-01   4.1106763e-01   1.0000000e+00   9.1486787e-03
   1.2623783e-01   1.2808579e-01   2.9445091e-03   1.2429948e-03   3.8467262e-02   4.4994000e-02   3.7721291e-02   1.2561072e-02   1.3173698e-02   0.0000000e+00   9.6568870e-01   1.9695820e-01   1.9803488e-01   1.0000000e+00   9.1484745e-03
   3.6084490e-01   1.1011277e-01   0.0000000e+00   2.9227891e-02   3.7629463e-02   9.0752595e-03   0.0000000e+00   7.5844911e-03   1.1408864e-02   6.8657750e-03   8.3317857e-01   1.4556503e-01   5.3833619e-01   1.0000000e+00   9.1284169e-03
   8.2974702e-02   6.7585503e-01   1.8995687e-04   2.2272688e-03   0.0000000e+00   1.2058774e-02   5.2187726e-04   0.0000000e+00   4.4805940e-03   8.3513861e-03   4.8343078e-01   8.6595383e-01   1.2999891e-01   1.0000000e+00   9.0933021e-03
   3.1266558e-01   8.3404048e-01   0.0000000e+00   1.6555289e-02   0.0000000e+00   1.6592933e-02   0.0000000e+00   0.0000000e+00   1.8218392e-02   3.9392074e-03   2.2748386e-01   8.5276916e-01   4.7204907e-01   1.0000000e+00   9.0876971e-03
   5.5764995e-01   1.8745723e-03   0.0000000e+00   2.9366790e-02   2.2521271e-02   3.3547360e-03   0.0000000e+00   4.6280876e-05   1.2457360e-02   1.8158671e-02   6.4145577e-01   1.8888177e-03   7.6958820e-01   1.0000000e+00   9.0782852e-03
   7.2813013e-02   6.9363253e-01   3.5173849e-04   1.0604785e-02   5.5091019e-02   1.3470342e-02   1.1876782e-02   4.0070323e-03   2.2471974e-02   5.7088262e-03   4.6170555e-01   8.8417311e-01   1.1458442e-01   1.0000000e+00   9.0763424e-03
   4.8540595e-01   3.3996272e-01   7.6819669e-03   1.0027590e-02   5.2198256e-02   3.6338098e-03   2.7460379e-03   0.0000000e+00   2.3587154e-02   3.6431373e-02   6.2543013e-01   3.6982892e-01   6.9402002e-01   1.0000000e+00   9.0699695e-03
   1.6568902e-01   8.9772377e-01   5.7755855e-03   1.4800812e-02   3.1841055e-02   7.3240970e-04   1.1635135e-02   2.9479664e-03   1.9100583e-02   6.6382514e-03   1.5485896e-01   9.5561438e-01   2.5780367e-01   1.0000000e+00   9.0489228e-03
   2.2646279e-01   7.1188676e-01   3.7242739e-03   3.2703725e-03   3.6957706e-03   3.7199507e-02   3.4723140e-03   3.5283005e-03   4.9170022e-03   1.6231995e-02   4.1061031e-01   8.4448577e-01   3.4887583e-01   1.0000000e+00   9.0007657e-03
   4.5177955e-01   2.8813210e-01   2.1015201e-03   2.8107727e-02   1.3186149e-02   9.7232768e-03   1.9833933e-03   6.1125099e-03   2.5803026e-02   3.7106438e-02   6.8435565e-01   3.3277608e-01   6.5362148e-01   1.0000000e+00   8.9767278e-03
   1.8578117e-01   8.0393817e-01   4.7882580e-03   1.6729810e-02   3.6055780e-02   0.0000000e+00   1.6580640e-02   2.9427050e-03   9.9155878e-02   6.7661064e-03   2.9372701e-01   9.2339635e-01   2.9108448e-01   1.0000000e+00   8.9617836e-03
   3.1356509e-01   8.2112599e-01   3.9757112e-03   5.0299863e-03   1.2077238e-02   0.0000000e+00   3.1807250e-02   5.4774006e-02   0.0000000e+00   4.4070529e-02   2.4583130e-01   8.5177726e-01   4.7577550e-01   1.0000000e+00   8.9472119e-03
   1.1264566e-01   5.4655867e-01   1.1440579e-03   6.5013613e-03   3.0175953e-02   1.4819983e-03   1.5536651e-02   2.1658020e-03   4.3569255e-02   4.7462765e-03   6.4535402e-01   7.4739348e-01   1.7657128e-01   1.0000000e+00   8.9226263e-03
   4.4036154e-01   4.7332728e-01   0.0000000e+00   1.0268611e-02   2.6342436e-02   3.4145484e-03   0.0000000e+00   1.0288900e-03   1.0798986e-02   3.3767066e-02   5.6808385e-01   5.2236991e-01   6.3918115e-01   1.0000000e+00   8.9125333e-03
   2.1261703e-01   3.6681985e-01   8.9727707e-04   1.4659995e-03   0.0000000e+00   3.5304805e-03   6.2972048e-03   3.1671292e-02   4.2085026e-03   3.5907719e-02   7.9408041e-01   5.1595355e-01   3.2857918e-01   1.0000000e+00   8.9040521e-03
   2.5298777e-01   6.5151165e-01   1.5289463e-03   1.1063970e-02   0.0000000e+00   1.7460439e-03   1.2162105e-02   1.6170968e-04   2.2216602e-02   9.6773116e-03   4.8032798e-01   7.8801800e-01   3.8734912e-01   1.0000000e+00   8.8945563e-03
   3.3363070e-01   9.4111241e-01   6.8086991e-03   1.5294210e-04   8.8903441e-02   5.9490196e-03   5.4905086e-03   1.3178288e-02   9.2069504e-04   0.0000000e+00   8.0626929e-02   8.6915114e-01   5.0450291e-01   1.0000000e+00   8.8738046e-03
   6.1350593e-01   2.3351746e-01   1.2016106e-02   6.8958240e-03   1.8891949e-02   0.0000000e+00   1.6824581e-03   0.0000000e+00   1.6632783e-02   4.7936663e-04   5.3298124e-01   2.0476922e-01   8.2198440e-01   1.0000000e+00   8.8613265e-03
   6.9998792e-02   5.1606306e-01   1.1501278e-03   1.2507038e-03   3.3504375e-03   6.3043028e-03   7.2430490e-03   3.5294349e-02   4.5465231e-03   2.7425344e-02   6.8633627e-01   7.2187553e-01   1.0996559e-01   1.0000000e+00   8.8100873e-03
   3.0481359e-01   4.0675421e-01   1.8845037e-02   2.8399049e-03   1.8035726e-02   5.4108946e-05   2.1884226e-02   6.6666555e-02   3.7348402e-02   3.4528101e-02   7.1830804e-01   5.3361591e-01   4.6449187e-01   1.0000000e+00   8.7813487e-03
   5.4151080e-01   2.6035999e-01   2.8633570e-03   1.2092680e-02   1.7037259e-02   1.1286663e-02   3.5108402e-03   4.3306036e-03   7.4021336e-03   4.8227375e-02   6.0694401e-01   2.6305571e-01   7.5392125e-01   1.0000000e+00   8.7757605e-03
   7.8438473e-02   8.3580856e-01   1.0899110e-05   1.1692984e-02   1.7392650e-03   2.1509164e-03   3.7381229e-04   3.8231951e-03   6.1559313e-03   1.4710088e-02   2.5323256e-01   9.5999142e-01   1.2295017e-01   1.0000000e+00   8.7487767e-03
   2.2569447e-01   5.9111458e-01   1.7547627e-02   2.1984909e-02   1.0743264e-04   1.3334015e-02   3.3679115e-02   0.0000000e+00   8.7815147e-04   8.0216059e-03   5.6298633e-01   7.5256790e-01   3.4789306e-01   1.0000000e+00   8.7484501e-03
   4.1600707e-02   6.9990630e-01   4.3384312e-03   4.2007618e-03   7.5854702e-03   1.4448773e-02   1.7939348e-03   2.0633484e-03   4.5855243e-03   0.0000000e+00   4.5330252e-01   8.8933267e-01   6.5321374e-02   1.0000000e+00   8.7384009e-03
   5.5162688e-03   2.0622263e-01   0.0000000e+00   4.7981721e-04   1.9726687e-02   0.0000000e+00   2.7023775e-02   5.7600470e-03   4.3767891e-02   3.2957932e-04   9.5086393e-01   3.1926291e-01   8.6914150e-03   1.0000000e+00   8.7310204e-03
   6.0040935e-01   9.7216658e-01   9.8845205e-03   3.6124748e-02   0.0000000e+00   6.6351002e-02   6.1478208e-03   3.6928171e-02   4.8037493e-03   4.6024463e-03   2.5853526e-02   5.9095788e-01   8.1526361e-01   1.0000000e+00   8.7224286e-03
   4.5009966e-01   8.3518269e-01   2.0576240e-02   0.0000000e+00   8.8568298e-03   7.0200455e-03   1.3418622e-02   2.2466990e-03   8.9956974e-05   1.3348268e-02   1.9482499e-01   7.3563814e-01   6.5016104e-01   1.0000000e+00   8.7039550e-03
   1.0269270e-01   7.9234987e-01   2.0380778e-05   1.3678028e-03   2.7024862e-04   1.3102188e-02   5.2895179e-04   1.2314271e-02   5.6895389e-03   7.4302887e-03   3.1639393e-01   9.3536312e-01   1.6067701e-01   1.0000000e+00   8.6980858e-03
   4.3548243e-01   1.4432210e-02   5.7874219e-03   1.0568934e-02   0.0000000e+00   6.7138140e-03   1.8629170e-03   0.0000000e+00   1.8753137e-03   6.3199423e-03   7.7500173e-01   1.7572348e-02   6.3209018e-01   1.0000000e+00   8.6665419e-03
   9.2928225e-01   9.6589503e-01   6.4039008e-04   0.0000000e+00   0.0000000e+00   1.5662399e-03   0.0000000e+00   0.0000000e+00   0.0000000e+00   0.0000000e+00   5.9358899e-03   1.1069615e-01   9.9383945e-01   1.0000000e+00   8.6301628e-03
   2.9965660e-01   9.2640643e-02   0.0000000e+00   5.0382914e-02   3.5745709e-02   1.0360221e-02   3.2469470e-03   2.8230670e-02   6.7756714e-03   1.7215759e-02   8.8630520e-01   1.2989293e-01   4.5581062e-01   1.0000000e+00   8.6247872e-03
   2.1850250e-01   7.4963191e-01   1.0480184e-04   4.3238941e-03   0.0000000e+00   1.3445111e-02   4.5794697e-04   0.0000000e+00   6.3489776e-03   1.3038550e-02   3.6101433e-01   8.7014234e-01   3.3666175e-01   1.0000000e+00   8.6226023e-03
   3.0981870e-01   1.3943901e-01   1.6474723e-03   3.6068009e-03   1.3355093e-02   2.2163953e-03   1.3930461e-03   2.7801892e-03   5.9893694e-03   9.2382628e-03   8.6306590e-01   1.9211971e-01   4.6783239e-01   1.0000000e+00   8.5854988e-03
   2.5710753e-01   6.3622671e-01   3.0510557e-02   1.1405375e-03   2.8060791e-02   2.6912153e-02   4.9607983e-03   3.4064224e-03   4.4969073e-03   1.1848014e-03   4.9855654e-01   7.7540238e-01   3.9395710e-01   1.0000000e+00   8.5812039e-03
   9.0176630e-02   3.7043972e-01   1.1008781e-03   1.4301737e-03   3.2360044e-03   3.3470169e-03   7.9270676e-03   3.8822650e-02   4.5967746e-03   4.3282097e-02   8.2994672e-01   5.4599407e-01   1.4166853e-01   1.0000000e+00   8.5650910e-03
   1.3869947e-01   8.8396634e-01   7.3347778e-05   2.0926237e-03   0.0000000e+00   9.7915767e-03   2.3349545e-03   2.7796761e-04   5.6552316e-03   2.5823011e-03   1.7699846e-01   9.6032625e-01   2.1618034e-01   1.0000000e+00   8.5577220e-03
   1.2998467e-02   7.8888530e-02   1.4950848e-04   4.7447155e-05   0.0000000e+00   0.0000000e+00   0.0000000e+00   4.5263536e-04   0.0000000e+00   5.3297881e-04   9.9212568e-01   1.2357522e-01   2.0416537e-02   1.0000000e+00   8.5527916e-03
   7.2532586e-01   9.6396839e-01   0.0000000e+00   1.2094931e-03   0.0000000e+00   1.0661335e-02   0.0000000e+00   0.0000000e+00   0.0000000e+00   0.0000000e+00   2.3659212e-02   4.1757327e-01   9.0846193e-01   1.0000000e+00   8.5330283e-03
   7.3507936e-01   6.4350033e-01   0.0000000e+00   1.1143992e-03   0.0000000e+00   0.0000000e+00   0.0000000e+00   0.0000000e+00   8.4635070e-02   0.0000000e+00   2.1625550e-01   3.4494177e-01   9.2121047e-01   1.0000000e+00   8.5283603e-03
   3.5778742e-01   7.7812516e-01   6.8806281e-03   1.1715322e-04   7.5760134e-02   5.9488852e-03   7.9072026e-03   1.0279196e-03   3.2641936e-03   0.0000000e+00   2.9068240e-01   8.0000132e-01   5.3603131e-01   1.0000000e+00   8.5035280e-03
   6.5217223e-01   2.6188717e-01   0.0000000e+00   1.9033149e-02   3.3306109e-02   3.5567836e-03   1.1156976e-04   2.8433505e-02   2.7633046e-02   3.7953114e-03   4.7770122e-01   2.0840320e-01   8.5704167e-01   1.0000000e+00   8.4951149e-03
   5.8739646e-01   8.9172181e-01   1.0066988e-02   3.5792709e-02   4.8706011e-03   6.1484830e-02   5.3351366e-03   4.0218365e-02   0.0000000e+00   4.6523110e-03   1.0288270e-01   5.9905294e-01   8.0268679e-01   1.0000000e+00   8.4949499e-03
   3.6737742e-01   3.7136506e-01   0.0000000e+00   1.3593290e-02   2.1278060e-02   3.8513459e-03   0.0000000e+00   1.5884459e-03   1.0975895e-02   2.6159429e-02   7.0049117e-01   4.6228985e-01   5.4637139e-01   1.0000000e+00   8.4923120e-03
   2.4578128e-01   2.2529791e-02   0.0000000e+00   3.2856990e-03   1.1372776e-02   1.8497521e-03   2.6169232e-03   1.7988121e-03   9.9062265e-03   1.0382830e-02   9.2614801e-01   3.2789803e-02   3.7668816e-01   1.0000000e+00   8.4884311e-03
   2.0783218e-01   4.4042579e-01   1.2021421e-03   1.3431396e-03   0.0000000e+00   3.7695859e-03   6.6565950e-03   3.6353713e-02   3.2960320e-03   3.5852921e-02   7.3136755e-01   6.0586425e-01   3.2155329e-01   1.0000000e+00   8.4611852e-03
   1.8466043e-01   2.7874799e-01   8.2598690e-04   0.0000000e+00   9.8371058e-03   7.6702667e-03   2.5686475e-02   3.0643814e-03   1.7022673e-02   4.3904194e-02   8.7046979e-01   4.0752293e-01   2.8688376e-01   1.0000000e+00   8.4602409e-03
   0.0000000e+00   1.9569956e-01   1.8187092e-03   1.5246760e-03   1.0613309e-02   0.0000000e+00   2.5836925e-02   3.0115784e-03   3.5772097e-02   1.4712531e-04   9.5509955e-01   3.0321323e-01   0.0000000e+00   1.0000000e+00   8.4299663e-03
   8.7170373e-02   4.1961654e-01   1.3124052e-03   9.0678690e-03   3.0775586e-02   5.9808577e-04   1.1201227e-02   0.0000000e+00   2.0365183e-02   1.2824710e-03   7.8435694e-01   6.0765326e-01   1.3671418e-01   1.0000000e+00   8.4197014e-03
   1.2951206e-01   8.7134440e-01   1.7076536e-03   1.3369101e-02   2.3569539e-02   8.1589722e-03   8.9533499e-05   6.1459866e-04   2.0870631e-02   5.4691185e-03   1.9682929e-01   9.6066464e-01   2.0229321e-01   1.0000000e+00   8.4158764e-03
   5.3332066e-01   6.6229828e-01   6.1657516e-04   3.5087634e-03   2.1528910e-02   1.1613011e-02   0.0000000e+00   3.7275677e-02   8.0116822e-03   1.0155694e-02   3.3927511e-01   5.7843876e-01   7.4474250e-01   1.0000000e+00   8.3828908e-03
   3.7949545e-01   6.3754753e-01   4.7649716e-02   0.0000000e+00   1.3108552e-02   7.3864478e-04   4.4476680e-03   4.1270097e-03   4.9179249e-03   5.3731332e-03   4.4722868e-01   6.9875509e-01   5.6284966e-01   1.0000000e+00   8.3803291e-03
   1.4429292e-01   8.5514231e-01   3.9152028e-03   1.3036787e-02   5.3413170e-02   4.7148861e-04   1.1343375e-02   2.6863619e-03   5.5647751e-02   6.5432371e-03   2.2120175e-01   9.5530046e-01   2.2613798e-01   1.0000000e+00   8.3649788e-03
