   0.0000000e+00   1.0000000e+00   0.0000000e+00   0.0000000e+00   0.0000000e+00   0.0000000e+00   0.0000000e+00   0.0000000e+00   0.0000000e+00   0.0000000e+00   6.1232340e-17   1.0000000e+00   0.0000000e+00   1.0000000e+00             Inf
   6.2140127e-02   0.0000000e+00   0.0000000e+00   9.0422862e-04   0.0000000e+00   0.0000000e+00   0.0000000e+00   2.5147295e-03   3.3532776e-05   7.9941236e-06   9.9524708e-01   0.0000000e+00   9.7455255e-02   1.0000000e+00             Inf
   0.0000000e+00   0.0000000e+00   0.0000000e+00   0.0000000e+00   0.0000000e+00   0.0000000e+00   0.0000000e+00   3.7905049e-06   0.0000000e+00   0.0000000e+00   1.0000000e+00   0.0000000e+00   0.0000000e+00   1.0000000e+00             Inf
   1.0000000e+00   1.0000000e+00   0.0000000e+00   0.0000000e+00   3.0386681e-04   0.0000000e+00   0.0000000e+00   0.0000000e+00   0.0000000e+00   2.1951850e-06   3.7493998e-33   6.1232346e-17   1.0000001e+00   1.0000000e+00             Inf
   1.0000000e+00   4.5800662e-01   8.7413164e-02   1.5141059e-03   5.2479915e-02   0.0000000e+00   3.0562766e-03   0.0000000e+00   7.7334027e-04   2.4978009e-01   4.9410505e-17   4.3287011e-17   1.0727975e+00   1.0000000e+00             Inf
   1.0000000e+00   3.7593083e-01   1.1869984e-01   1.2790713e-03   5.7395767e-02   0.0000000e+00   0.0000000e+00   7.2040212e-05   9.5719611e-03   1.8536130e-01   5.3499571e-17   3.5860530e-17   1.0518360e+00   1.0000000e+00   2.7943890e-02
   6.7124914e-01   4.5949456e-02   4.3018647e-02   1.5479597e-02   5.5255572e-03   0.0000000e+00   1.3477988e-02   8.0796633e-03   4.2782236e-04   0.0000000e+00   4.9363388e-01   3.5691130e-02   8.7166111e-01   1.0000000e+00   2.4707910e-02
   8.0759509e-01   7.9719815e-01   2.0192069e-04   4.0013806e-04   3.9817461e-03   1.7024821e-02   0.0000000e+00   1.8058429e-04   1.2357522e-03   0.0000000e+00   9.3252196e-02   2.8276023e-01   9.5496895e-01   1.0000000e+00   2.0573562e-02
   1.3117952e-01   3.9354466e-02   0.0000000e+00   8.6849720e-04   0.0000000e+00   0.0000000e+00   0.0000000e+00   5.5766601e-04   3.4637237e-04   0.0000000e+00   9.7697686e-01   6.0471659e-02   2.0460148e-01   1.0000000e+00   1.9277908e-02
   1.0000000e+00   3.9804197e-01   7.9964836e-02   3.9094712e-04   5.1947777e-02   0.0000000e+00   0.0000000e+00   0.0000000e+00   0.0000000e+00   1.7122403e-01   5.1555503e-17   3.7215535e-17   1.0384108e+00   1.0000000e+00   1.8397265e-02
   7.4336653e-01   6.6479320e-01   2.7764405e-02   0.0000000e+00   9.5756455e-03   1.6127286e-02   5.2847883e-03   1.3955267e-03   2.6345997e-02   7.0512329e-04   1.9750765e-01   3.3978014e-01   9.2154102e-01   1.0000000e+00   1.7930486e-02
   4.9432522e-01   1.3111573e-01   6.8363918e-02   8.7595877e-03   1.3642454e-02   1.5860027e-03   2.1829482e-02   1.1570938e-02   0.0000000e+00   0.0000000e+00   7.0218020e-01   1.4669840e-01   7.0466456e-01   1.0000000e+00   1.7914747e-02
   9.8369256e-01   6.9120575e-01   3.3562574e-03   1.9804770e-04   7.6018914e-03   1.8002620e-03   3.5502275e-03   4.8694824e-04   1.1730878e-02   0.0000000e+00   1.1944793e-02   2.2663482e-02   9.9989465e-01   1.0000000e+00   1.7597208e-02
   2.0366352e-02   9.3030770e-01   0.0000000e+00   0.0000000e+00   0.0000000e+00   0.0000000e+00   0.0000000e+00   0.0000000e+00   0.0000000e+00   5.1072267e-04   1.0919801e-01   9.9350552e-01   3.1985942e-02   1.0000000e+00   1.6900024e-02
   4.5058710e-01   8.5164005e-01   1.5072702e-02   6.1231588e-04   1.2745055e-03   7.5317766e-03   1.1271407e-03   1.1832727e-02   8.8121906e-03   1.8111222e-02   1.7561559e-01   7.3988340e-01   6.5069052e-01   1.0000000e+00   1.6408823e-02
   8.7820134e-02   9.2729714e-01   5.1561467e-03   0.0000000e+00   6.0612032e-03   3.1186097e-03   1.4715417e-02   8.3626696e-05   1.3370178e-02   0.0000000e+00   1.1292366e-01   9.8450919e-01   1.3757485e-01   1.0000000e+00   1.6358064e-02
   3.5541883e-01   1.7628947e-01   3.3941834e-03   1.7532837e-03   2.1177687e-03   3.7800524e-03   1.5438846e-02   1.0951627e-03   1.7637969e-03   0.0000000e+00   8.1607506e-01   2.3194242e-01   5.2988335e-01   1.0000000e+00   1.6212230e-02
   7.6781832e-01   8.9177480e-01   3.5400915e-03   1.4660366e-02   9.9814171e-03   4.1363804e-02   9.8608087e-03   2.1693569e-03   3.0416864e-03   7.3719712e-04   6.0473342e-02   3.5229264e-01   9.3623558e-01   1.0000000e+00   1.5978447e-02
   1.0000000e+00   6.9497981e-01   4.7394917e-02   6.2931378e-02   2.2227307e-02   0.0000000e+00   1.3639464e-02   1.2459812e-03   1.2713516e-01   5.5879684e-03   2.8879852e-17   5.5591771e-17   1.0230829e+00   1.0000000e+00   1.5762044e-02
   7.0762089e-01   6.5615719e-02   1.2007176e-02   5.2920401e-04   6.3376258e-03   1.4920328e-02   5.4063804e-02   1.5259285e-03   5.2380076e-03   1.4797930e-02   4.4251766e-01   4.5772019e-02   8.9958524e-01   1.0000000e+00   1.5577183e-02
   1.2770508e-01   9.6491267e-01   6.6391320e-03   0.0000000e+00   1.5494126e-02   2.2174871e-02   1.3248198e-03   6.7926677e-03   1.8677445e-02   3.7321803e-03   5.4046570e-02   9.7962045e-01   1.9949246e-01   1.0000000e+00   1.5399202e-02
   5.2777492e-01   3.9606565e-02   7.2570681e-02   1.5088791e-02   2.1358273e-03   0.0000000e+00   1.6457313e-02   1.0940847e-02   1.3611208e-04   3.6873325e-05   6.7825755e-01   4.2251538e-02   7.4161634e-01   1.0000000e+00   1.5303659e-02
   7.6750206e-01   7.7326347e-01   1.9423654e-02   0.0000000e+00   4.0310658e-03   3.5547851e-03   0.0000000e+00   8.5145823e-02   5.7464047e-03   1.1689508e-02   1.2550115e-01   3.3734911e-01   9.4135942e-01   1.0000000e+00   1.5180271e-02
   1.2072272e-01   4.4749472e-01   5.3005580e-03   1.0136776e-03   4.5145496e-03   7.3856713e-03   0.0000000e+00   4.1715606e-04   0.0000000e+00   2.4013218e-03   7.4936142e-01   6.3493210e-01   1.8851706e-01   1.0000000e+00   1.5053247e-02
   9.4973301e-03   5.9419471e-01   2.2260356e-02   4.4018251e-03   2.1642658e-02   1.2259057e-02   5.5940906e-03   1.5658003e-03   0.0000000e+00   5.3176742e-03   5.9578333e-01   8.0449475e-01   1.4935654e-02   1.0000000e+00   1.4942261e-02
   6.0528485e-03   9.7410680e-01   1.6096898e-03   0.0000000e+00   6.2733849e-03   1.9479223e-04   0.0000000e+00   1.3362377e-03   0.0000000e+00   0.0000000e+00   4.0661669e-02   9.9917154e-01   9.5080651e-03   1.0000000e+00   1.4862277e-02
   1.2584848e-01   5.0323700e-01   4.7717518e-03   0.0000000e+00   4.7848403e-03   2.1644192e-02   9.4921086e-04   3.4539454e-03   2.3818510e-03   4.2710645e-02   6.9142687e-01   6.9849422e-01   1.9686020e-01   1.0000000e+00   1.4808662e-02
   3.8776316e-02   2.9484115e-01   2.6133087e-02   0.0000000e+00   4.8133491e-04   2.2458499e-02   1.1386123e-02   5.2817691e-03   3.6211365e-04   4.3029236e-03   8.9421489e-01   4.4653505e-01   6.0955053e-02   1.0000000e+00   1.4807792e-02
   3.8440542e-01   2.3404563e-01   2.0155476e-02   3.0358149e-05   5.5402548e-03   2.4899964e-02   4.2636007e-03   6.5169007e-04   9.5383829e-02   2.7143772e-02   7.7654696e-01   2.9908577e-01   5.7398814e-01   1.0000000e+00   1.4741133e-02
   6.1759823e-01   9.2401516e-01   1.4226171e-02   0.0000000e+00   4.5339742e-03   5.5223684e-03   1.2726757e-04   1.5985960e-02   8.7528864e-03   1.8746042e-02   6.7363377e-02   5.6170439e-01   8.2572713e-01   1.0000000e+00   1.4690537e-02
   1.5252831e-01   2.4336999e-01   1.0352488e-02   3.7976855e-03   1.0014663e-02   2.7738727e-02   7.2177194e-03   4.8314018e-03   2.1353715e-02   1.8497106e-02   9.0299272e-01   3.6306115e-01   2.3774779e-01   1.0000000e+00   1.4634461e-02
   5.4958670e-01   5.9785793e-01   1.4183525e-03   8.7094960e-02   2.2793135e-02   0.0000000e+00   0.0000000e+00   0.0000000e+00   0.0000000e+00   6.4554000e-03   3.8692058e-01   5.2879960e-01   7.6617709e-01   1.0000000e+00   1.4489716e-02
   1.5773907e-01   2.5812454e-01   3.0645876e-02   8.2253905e-03   9.1357024e-03   1.3770075e-02   5.2903045e-02   3.6420331e-04   9.2880425e-03   8.0690097e-03   8.9462549e-01   3.8401391e-01   2.4628587e-01   1.0000000e+00   1.4171147e-02
   7.3371901e-01   6.1069809e-02   1.0442155e-02   2.8702817e-04   1.2681384e-02   1.8540403e-02   5.0877931e-02   7.8289007e-04   4.8321414e-03   1.1837664e-02   4.0567673e-01   3.9035663e-02   9.1686783e-01   1.0000000e+00   1.4163470e-02
   2.7527807e-01   6.6324287e-02   0.0000000e+00   4.7215839e-03   2.0995465e-02   3.0931004e-02   4.8472109e-03   5.0026268e-03   4.9427759e-02   5.1891873e-03   9.0659373e-01   9.4793909e-02   4.2070678e-01   1.0000000e+00   1.4149830e-02
   6.3636861e-01   6.7176162e-02   9.0607116e-03   0.0000000e+00   1.4231485e-02   1.3771476e-02   5.8330935e-02   7.8968279e-04   4.6211352e-03   1.3718577e-02   5.3982446e-01   5.7174675e-02   8.4469594e-01   1.0000000e+00   1.4148981e-02
   4.2713043e-01   1.1560038e-01   1.6933174e-02   3.7092078e-02   2.5096430e-02   8.8230170e-03   0.0000000e+00   3.8236778e-03   1.6830779e-02   1.4860170e-03   7.7242043e-01   1.4182190e-01   6.2337871e-01   1.0000000e+00   1.3998830e-02
   1.1872011e-01   9.0844866e-01   2.1370336e-02   2.0548253e-03   1.0944697e-02   2.2124023e-02   1.1454263e-03   4.5574663e-03   1.8636181e-02   2.2660709e-03   1.4103202e-01   9.7392332e-01   1.8567396e-01   1.0000000e+00   1.3979307e-02
   6.6308150e-01   5.6868906e-01   6.6165030e-03   1.4130936e-03   3.0465638e-02   3.5266337e-02   1.9856399e-02   2.0728634e-03   3.1307228e-03   3.9389077e-03   3.1731239e-01   3.9440344e-01   8.6547607e-01   1.0000000e+00   1.3927979e-02
   2.4255305e-01   1.0471691e-01   0.0000000e+00   3.0757651e-03   0.0000000e+00   0.0000000e+00   0.0000000e+00   1.7743906e-03   0.0000000e+00   0.0000000e+00   9.1577433e-01   1.5200817e-01   3.7185497e-01   1.0000000e+00   1.3856554e-02
   5.7662319e-01   2.0186776e-01   2.5171672e-02   6.0724775e-03   2.6512938e-02   6.0103673e-03   2.0098070e-02   2.3844135e-02   4.3373877e-02   5.6881853e-03   5.8884377e-01   1.9323875e-01   7.9027311e-01   1.0000000e+00   1.3783331e-02
   1.0558916e-02   8.6777032e-02   0.0000000e+00   0.0000000e+00   4.9267739e-04   0.0000000e+00   1.9828855e-04   0.0000000e+00   0.0000000e+00   0.0000000e+00   9.9058831e-01   1.3586868e-01   1.6585151e-02   1.0000000e+00   1.3648730e-02
   2.1988720e-01   2.4095915e-01   2.5704451e-02   1.8611188e-03   1.0160888e-02   3.5487451e-02   2.7474224e-04   2.8635497e-03   2.6302451e-02   1.1684574e-02   8.7684534e-01   3.4869671e-01   3.3954067e-01   1.0000000e+00   1.3570425e-02
   4.3280294e-02   6.4544226e-01   1.9067596e-02   5.7664957e-03   3.7302259e-02   1.1632828e-02   5.3294601e-03   1.0599018e-03   0.0000000e+00   8.5860700e-03   5.2843724e-01   8.4863325e-01   6.8069858e-02   1.0000000e+00   1.3546857e-02
   6.4143018e-01   7.0227710e-01   2.8332952e-02   1.6250336e-03   1.0750120e-02   9.8346889e-03   7.3933357e-03   4.9075483e-04   4.2145835e-02   4.3501429e-03   2.4138561e-01   4.7796466e-01   8.4795434e-01   1.0000000e+00   1.3542849e-02
   5.3415801e-01   8.3685743e-02   4.7760141e-03   1.9409773e-02   2.7472220e-02   4.5610331e-02   2.0389641e-02   2.0581667e-04   1.3841739e-02   0.0000000e+00   6.6494765e-01   8.7916517e-02   7.4686944e-01   1.0000000e+00   1.3461831e-02
   3.4760506e-01   2.1586104e-01   4.4404798e-03   4.0157752e-04   7.9590992e-04   1.1922638e-03   1.7501064e-02   0.0000000e+00   0.0000000e+00   1.1608489e-04   8.0620608e-01   2.8434488e-01   5.1945773e-01   1.0000000e+00   1.3377911e-02
   1.1598018e-01   4.2538782e-01   6.9652689e-03   4.4482720e-04   3.7223470e-03   2.5654667e-02   1.7750562e-03   3.2378140e-03   0.0000000e+00   2.9924653e-02   7.7320771e-01   6.1031194e-01   1.8147044e-01   1.0000000e+00   1.3277507e-02
   3.7201854e-01   7.8153804e-01   0.0000000e+00   1.1378201e-03   9.0090780e-03   1.0572799e-02   0.0000000e+00   0.0000000e+00   7.8765795e-04   2.4613810e-03   2.8068820e-01   7.8559133e-01   5.5178101e-01   1.0000000e+00   1.3209761e-02
   8.8152291e-01   8.4595257e-01   0.0000000e+00   2.2643205e-04   6.5870502e-03   8.2927382e-03   0.0000000e+00   1.7862646e-04   7.2888072e-04   0.0000000e+00   4.4342610e-02   1.7966056e-01   9.8284352e-01   1.0000000e+00   1.3109149e-02
   5.9350264e-01   8.9480492e-01   1.2784361e-02   4.9517507e-03   3.5925671e-03   1.0163072e-02   0.0000000e+00   3.6830891e-02   6.1612537e-03   8.6308127e-03   9.8211214e-02   5.8893543e-01   8.0439978e-01   1.0000000e+00   1.3050230e-02
   8.9748687e-01   3.2028291e-01   1.9388765e-02   6.2895409e-03   4.5186766e-03   4.0671803e-02   0.0000000e+00   7.0792052e-04   1.1684716e-02   2.0423416e-03   1.4077931e-01   7.7475567e-02   9.8926554e-01   1.0000000e+00   1.2927141e-02
   1.3538947e-01   9.1444687e-01   2.5043403e-02   2.3751862e-03   1.2200898e-02   2.0155171e-02   4.4582766e-03   5.1198578e-03   1.2106157e-02   1.4965686e-03   1.3114501e-01   9.6999728e-01   2.1136167e-01   1.0000000e+00   1.2910432e-02
   4.8454665e-01   9.3814024e-01   4.5381251e-03   1.3547804e-03   0.0000000e+00   1.6686573e-02   5.9721475e-03   3.0274856e-04   5.4373591e-03   1.6095612e-03   7.0271595e-02   7.2091136e-01   6.8999016e-01   1.0000000e+00   1.2786715e-02
   5.4015417e-01   9.5294282e-01   1.4292022e-02   0.0000000e+00   0.0000000e+00   0.0000000e+00   0.0000000e+00   9.2271340e-03   6.2058968e-04   1.5018504e-02   4.8849591e-02   6.5966466e-01   7.5065785e-01   1.0000000e+00   1.2753481e-02
   7.9422910e-01   9.1667226e-01   1.2826374e-02   0.0000000e+00   2.3041477e-03   4.9093046e-03   5.6889186e-04   3.5339284e-02   3.7911535e-03   7.9102201e-03   4.1518687e-02   3.1538713e-01   9.4965761e-01   1.0000000e+00   1.2688490e-02
   8.6436723e-01   6.0697858e-01   6.9099544e-03   1.9942369e-03   2.8692691e-02   3.1102860e-02   8.3755397e-03   3.1153350e-03   2.7392698e-03   3.1874007e-03   1.2263813e-01   1.7274780e-01   9.7928630e-01   1.0000000e+00   1.2681599e-02
   6.6217247e-01   5.2473398e-01   8.1370756e-03   2.9085161e-03   2.1099810e-02   1.7204367e-02   8.9640822e-04   2.4824771e-02   9.9459383e-02   1.8625548e-02   3.4770876e-01   3.7583403e-01   8.7254093e-01   1.0000000e+00   1.2671581e-02
   1.2296238e-01   6.0122007e-01   2.3246748e-02   5.7714984e-03   2.1548918e-02   1.1146309e-02   0.0000000e+00   1.4326369e-03   3.0976334e-03   7.7064092e-03   5.7604209e-01   7.9605775e-01   1.9218689e-01   1.0000000e+00   1.2639170e-02
   2.3456848e-01   6.8750125e-01   4.8119530e-03   5.9997089e-03   7.4734509e-03   7.4211341e-03   1.7700991e-03   1.1050786e-03   0.0000000e+00   9.6816114e-03   4.3987449e-01   8.2295118e-01   3.6027516e-01   1.0000000e+00   1.2527948e-02
   1.0000000e+00   3.5485849e-01   5.7750485e-02   1.1629970e-03   7.5990570e-02   1.8724567e-03   2.5551211e-03   1.4399104e-03   0.0000000e+00   1.8356537e-01   5.4188511e-17   3.3778295e-17   1.0428194e+00   1.0000000e+00   1.2514229e-02
   6.1877408e-01   1.0986768e-02   1.1584377e-02   1.4150970e-03   5.7725298e-03   8.8873655e-03   5.0177832e-02   1.7320962e-03   0.0000000e+00   5.2999855e-02   5.6673497e-01   9.7816686e-03   8.3060431e-01   1.0000000e+00   1.2486206e-02
   9.2177148e-01   6.0366785e-01   6.8680011e-03   1.6504881e-03   3.1329691e-02   2.9918797e-02   6.6845488e-03   4.1185285e-03   2.4988007e-03   3.6991851e-03   7.1617067e-02   9.9776290e-02   9.9445262e-01   1.0000000e+00   1.2458646e-02
   7.6572112e-01   6.6120683e-01   2.9024626e-02   0.0000000e+00   9.8767877e-03   1.6370735e-02   0.0000000e+00   1.3120456e-03   2.6844568e-02   3.5871459e-03   1.8289714e-01   3.1060452e-01   9.3486023e-01   1.0000000e+00   1.2428775e-02
   3.3900944e-01   6.8774857e-01   1.5744920e-02   0.0000000e+00   4.1452002e-03   1.3423069e-02   0.0000000e+00   3.7778008e-04   5.1258900e-02   1.0478502e-03   4.0707467e-01   7.6229892e-01   5.0926218e-01   1.0000000e+00   1.2423321e-02
   4.8505510e-02   6.5372500e-04   0.0000000e+00   9.3055162e-04   1.2751258e-04   0.0000000e+00   7.6040289e-03   2.6221239e-03   2.4153682e-05   6.7430255e-04   9.9716409e-01   1.0239571e-03   7.6123605e-02   1.0000000e+00   1.2372055e-02
   1.4541551e-01   3.6283596e-03   2.0115575e-02   2.3799945e-03   3.3266855e-04   5.1938358e-04   9.2247284e-04   8.6295706e-04   0.0000000e+00   3.1190255e-03   9.7442102e-01   5.5536889e-03   2.2653260e-01   1.0000000e+00   1.2321648e-02
   1.7744267e-01   1.3985699e-01   1.0884680e-02   6.0615444e-03   1.0302831e-02   2.3193474e-02   7.2187820e-03   5.5289691e-03   1.5574334e-02   7.1850557e-03   9.3940356e-01   2.0976001e-01   2.7545492e-01   1.0000000e+00   1.2318571e-02
   9.4690177e-01   9.5228679e-01   4.3974517e-03   1.4160594e-02   9.9793545e-03   3.6456518e-02   1.1648884e-02   2.1740629e-03   2.9206199e-03   0.0000000e+00   6.2492526e-03   8.3225285e-02   9.9831492e-01   1.0000000e+00   1.2316004e-02
   4.4993009e-01   6.9607672e-01   1.4562708e-05   3.4371408e-02   1.6335033e-03   0.0000000e+00   2.8975288e-04   9.3083823e-04   6.9595874e-02   3.3605660e-02   3.5191977e-01   6.8028453e-01   6.5401266e-01   1.0000000e+00   1.2269493e-02
   6.9660902e-01   7.9134465e-01   1.0316197e-02   6.1683286e-03   2.5218004e-02   2.0267498e-02   3.7554168e-04   1.9836773e-03   9.4280969e-04   9.9495765e-04   1.4785042e-01   4.3483057e-01   8.8963945e-01   1.0000000e+00   1.2229095e-02
   2.3480001e-02   4.6276872e-01   2.9873383e-03   3.6683713e-03   0.0000000e+00   1.1149782e-02   2.7987277e-03   2.9638349e-03   1.7604825e-02   9.3027989e-04   7.4707374e-01   6.6443081e-01   3.6891421e-02   1.0000000e+00   1.2200639e-02
   0.0000000e+00   3.1098112e-01   1.9392834e-02   6.5557229e-03   4.8725135e-03   1.9376032e-02   1.8947158e-02   4.5144606e-03   1.1378626e-02   2.8038026e-03   8.8422225e-01   4.6991774e-01   0.0000000e+00   1.0000000e+00   1.2180336e-02
   1.6575774e-01   3.0189642e-01   2.2702974e-02   3.8061382e-02   8.5266006e-03   1.0893342e-02   5.1144773e-02   1.9279388e-03   1.4875534e-03   9.8646071e-03   8.6385438e-01   4.4340214e-01   2.5869458e-01   1.0000000e+00   1.2109370e-02
   6.5601131e-01   3.9668463e-01   5.6051547e-03   2.8126575e-03   1.4594301e-02   2.3509205e-02   3.4581424e-04   1.1935266e-02   1.4755436e-01   1.4099483e-02   4.2732123e-01   3.0707974e-01   8.7718937e-01   1.0000000e+00   1.2051409e-02
   4.3336452e-01   7.7470500e-01   1.3080649e-02   5.0679574e-03   1.1891463e-02   7.9996549e-03   2.5998320e-03   1.3519716e-03   6.9068342e-02   1.0695417e-02   2.7073677e-01   7.3281824e-01   6.3269130e-01   1.0000000e+00   1.2010395e-02
   0.0000000e+00   6.2992050e-01   1.7591426e-02   6.1229142e-03   3.2777415e-02   1.0195419e-02   5.8224176e-03   9.5082651e-04   0.0000000e+00   8.8757171e-03   5.5002712e-01   8.3710843e-01   0.0000000e+00   1.0000000e+00   1.1964251e-02
   5.3156123e-01   5.6968557e-01   9.8618308e-03   3.0396604e-03   1.5439282e-02   2.7355984e-02   3.2948204e-02   0.0000000e+00   0.0000000e+00   1.8367209e-02   4.2097602e-01   5.2493242e-01   7.4314453e-01   1.0000000e+00   1.1943866e-02
   2.2324206e-01   5.5219018e-01   1.2524505e-02   2.2124955e-02   1.6244379e-02   1.0365226e-02   1.7678699e-02   1.3192627e-03   6.2335473e-03   4.9280883e-03   6.0831195e-01   7.1722366e-01   3.4400431e-01   1.0000000e+00   1.1865644e-02
   8.4017772e-02   4.9122824e-01   3.9086992e-03   1.8041263e-04   2.6435957e-03   2.2031772e-02   4.4024493e-03   3.2583786e-03   0.0000000e+00   4.2109708e-02   7.1219119e-01   6.9283065e-01   1.3189613e-01   1.0000000e+00   1.1862245e-02
   5.9549340e-01   8.3496073e-01   9.6194284e-03   1.3147163e-02   8.5985488e-04   0.0000000e+00   4.3240188e-03   4.8732870e-03   2.4313351e-02   1.2873813e-02   1.5230458e-01   5.7427654e-01   8.0569336e-01   1.0000000e+00   1.1839084e-02
   8.8684864e-02   6.4879657e-01   0.0000000e+00   4.8185352e-03   6.4129804e-03   1.2023950e-03   0.0000000e+00   1.8542490e-03   4.3330006e-03   2.1353311e-02   5.1931450e-01   8.4385946e-01   1.3893126e-01   1.0000000e+00   1.1812115e-02
   1.6013010e-01   4.8734166e-01   1.6614633e-02   1.8519429e-02   1.8434340e-02   2.4972643e-02   2.4772936e-02   0.0000000e+00   7.9612645e-03   4.3839356e-03   6.9992829e-01   6.7263314e-01   2.4945498e-01   1.0000000e+00   1.1760257e-02
   4.7214527e-02   1.8975897e-01   2.1479486e-02   5.0129892e-03   7.7635204e-03   1.4122833e-02   4.6617553e-02   0.0000000e+00   7.6818096e-03   8.7739486e-03   9.5618922e-01   2.9376598e-01   7.4322831e-02   1.0000000e+00   1.1735119e-02
   6.1731772e-01   1.7580615e-01   0.0000000e+00   2.0900876e-02   4.6188542e-02   3.4542617e-02   1.5573488e-02   0.0000000e+00   3.2916516e-02   3.3143351e-03   5.4690968e-01   1.5499239e-01   8.2891136e-01   1.0000000e+00   1.1693949e-02
   5.0031076e-01   7.0956026e-01   1.0176490e-05   4.3600397e-02   1.1250159e-03   2.3377354e-02   0.0000000e+00   3.4250876e-03   6.4544785e-02   4.4034800e-02   3.1403749e-01   6.3991108e-01   7.1351160e-01   1.0000000e+00   1.1679273e-02
   4.8975690e-01   9.0710644e-01   0.0000000e+00   1.2383411e-02   0.0000000e+00   1.0481494e-02   0.0000000e+00   0.0000000e+00   0.0000000e+00   0.0000000e+00   1.0448141e-01   7.1094472e-01   6.9582162e-01   1.0000000e+00   1.1631707e-02
   3.2057331e-01   1.7938747e-01   1.1478024e-01   9.6283557e-03   9.8498761e-03   2.2320906e-03   7.5031011e-03   1.3567699e-02   2.5169650e-02   1.7067826e-03   8.5331513e-01   2.4702089e-01   4.8941695e-01   1.0000000e+00   1.1572132e-02
   1.8399373e-01   8.5629313e-01   3.1777916e-02   0.0000000e+00   2.0521034e-02   3.8811570e-02   1.5319554e-02   3.2399559e-03   1.1097197e-02   0.0000000e+00   2.1524810e-01   9.3729499e-01   2.8595195e-01   1.0000000e+00   1.1540106e-02
   1.0000000e+00   6.8035218e-01   4.6569141e-02   6.6486933e-02   2.1435197e-02   1.0469621e-03   1.2752493e-02   1.2333557e-03   9.4257997e-02   8.5066802e-03   2.9945758e-17   5.4542583e-17   1.0161708e+00   1.0000000e+00   1.1534089e-02
   2.0423019e-01   4.5628296e-01   0.0000000e+00   9.9962679e-03   0.0000000e+00   2.1023389e-02   1.6768348e-02   8.3716034e-03   3.9322461e-02   3.4858298e-02   7.1810890e-01   6.2568453e-01   3.1648205e-01   1.0000000e+00   1.1503956e-02
   2.9302183e-01   1.7456624e-01   7.0055597e-02   1.1064403e-02   1.1829387e-02   0.0000000e+00   2.5423897e-02   9.9007631e-03   2.4491208e-02   3.3541848e-03   8.6808532e-01   2.4418699e-01   4.4709550e-01   1.0000000e+00   1.1473598e-02
   6.5026380e-01   9.0346191e-03   1.6438591e-02   1.3445255e-03   4.6151693e-03   1.8164527e-02   4.0162435e-02   1.5101918e-03   9.3790944e-06   4.8263545e-02   5.2447752e-01   7.4436468e-03   8.5675242e-01   1.0000000e+00   1.1434628e-02
   6.9663785e-02   2.8380543e-01   2.7103030e-02   3.1243026e-03   4.8663424e-04   1.7963488e-02   1.0694864e-02   2.5072618e-03   2.5372104e-03   3.2565193e-03   8.9794982e-01   4.2911776e-01   1.0934095e-01   1.0000000e+00   1.1370945e-02
   1.5553288e-01   5.2564008e-01   9.6936844e-03   4.4441704e-04   5.6311976e-04   1.6158807e-02   1.5584587e-04   0.0000000e+00   2.5829871e-03   1.4456366e-04   6.5816496e-01   7.1343657e-01   2.4197497e-01   1.0000000e+00   1.1283762e-02
   6.9207049e-01   6.6727997e-01   0.0000000e+00   8.9737838e-02   3.0718851e-02   2.6320166e-03   4.1285328e-03   0.0000000e+00   1.1765164e-03   0.0000000e+00   2.3423274e-01   4.0660714e-01   8.9326973e-01   1.0000000e+00   1.1253731e-02
   3.5182316e-01   1.0000000e+00   1.5376127e-02   6.1488780e-03   1.2720031e-02   3.1651791e-02   2.1174783e-03   4.7542605e-03   9.6090596e-03   4.3599521e-03   5.2199467e-17   8.5248199e-01   5.2576568e-01   1.0000000e+00   1.1182447e-02
   2.4603800e-01   2.9869051e-01   1.0221879e-02   7.0812077e-03   1.4257384e-02   4.8678874e-02   7.1877467e-03   3.3889191e-03   1.7392833e-02   2.1143169e-02   8.2907676e-01   4.2028985e-01   3.7826070e-01   1.0000000e+00   1.1119989e-02
   1.0000000e+00   0.0000000e+00   8.9484567e-02   1.4646779e-02   0.0000000e+00   6.9381341e-04   2.7527672e-02   1.1477827e-02   3.9413068e-03   0.0000000e+00   6.1791241e-17   0.0000000e+00   1.0091275e+00   1.0000000e+00   1.1102462e-02
   8.0112072e-02   3.1764304e-01   1.9331468e-02   3.8568205e-03   1.3660455e-03   1.9307030e-02   1.0872272e-02   4.7899068e-03   1.8037367e-03   2.7996421e-03   8.7193841e-01   4.7515688e-01   1.2562278e-01   1.0000000e+00   1.1098810e-02
   6.5894249e-02   3.3898851e-01   2.5465808e-02   3.5474691e-03   0.0000000e+00   1.0860235e-02   1.0608640e-02   1.5638740e-02   2.5080807e-03   4.4994719e-03   8.5793506e-01   5.0554322e-01   1.0344185e-01   1.0000000e+00   1.1081482e-02
   4.3801905e-01   1.9899571e-01   2.2278252e-02   0.0000000e+00   5.6171240e-03   2.0510792e-02   1.1754027e-03   3.7510365e-03   5.6946772e-02   3.3164333e-02   7.3896096e-01   2.3881483e-01   6.3839328e-01   1.0000000e+00   1.1072352e-02
   8.6062688e-01   6.4130641e-01   4.6394036e-03   1.5140372e-03   3.2509168e-02   2.6533843e-02   1.6526258e-02   2.6000605e-03   3.5002948e-03   2.9825440e-03   1.1623741e-01   1.8399435e-01   9.7816704e-01   1.0000000e+00   1.1065692e-02
   1.9244580e-01   9.9174123e-01   1.2099227e-02   1.7530741e-03   1.2129831e-02   2.0116741e-02   7.9764959e-03   4.3179121e-04   6.2840442e-02   1.7484210e-02   1.2446429e-02   9.5936767e-01   2.9920458e-01   1.0000000e+00   1.1063881e-02
   6.5952683e-01   9.6951746e-01   3.4118889e-03   2.2035457e-05   7.3431537e-03   1.1592119e-02   3.7658614e-03   8.3046661e-05   2.3083842e-02   0.0000000e+00   2.4413375e-02   5.0947716e-01   8.6100613e-01   1.0000000e+00   1.0985568e-02
   5.0557068e-01   5.4161539e-01   1.1876487e-02   7.3649269e-03   1.4727912e-02   2.9686648e-02   2.6201037e-02   0.0000000e+00   4.9857042e-04   2.4872954e-02   4.6337401e-01   5.2829094e-01   7.1512082e-01   1.0000000e+00   1.0963268e-02
   2.0128082e-01   4.1935544e-01   2.1460716e-02   2.8193142e-03   9.8820340e-03   5.3868125e-03   3.3876434e-02   0.0000000e+00   1.3630301e-02   8.1853387e-03   7.5307855e-01   5.8292732e-01   3.1155029e-01   1.0000000e+00   1.0946978e-02
   7.2648724e-02   7.7988799e-01   1.4257888e-02   0.0000000e+00   1.7793941e-02   2.6636848e-02   1.7163249e-04   6.5227534e-03   2.1698043e-02   3.5787462e-03   3.3729028e-01   9.3634284e-01   1.1406874e-01   1.0000000e+00   1.0894438e-02
   4.3782059e-01   9.4023869e-01   1.0121620e-02   2.1928413e-02   1.1056614e-02   1.8945699e-02   0.0000000e+00   2.1378341e-03   2.8805090e-03   9.0681366e-04   7.2506294e-02   7.7011830e-01   6.3546689e-01   1.0000000e+00   1.0868890e-02
   4.3553566e-01   1.8035360e-01   2.0072197e-02   0.0000000e+00   6.5837876e-03   2.5870648e-02   2.8934181e-03   4.0557580e-04   8.3385958e-02   9.9252513e-02   7.5741306e-01   2.2050512e-01   6.4333589e-01   1.0000000e+00   1.0866135e-02
   6.3138125e-01   8.6953508e-01   1.1607876e-02   2.9703636e-03   0.0000000e+00   7.2844082e-03   2.6159589e-03   1.1785549e-02   8.1506265e-03   1.8108302e-02   1.1144018e-01   5.3615218e-01   8.3761322e-01   1.0000000e+00   1.0849897e-02
   9.7829553e-02   3.9844096e-01   2.1067498e-02   0.0000000e+00   1.1949536e-03   1.8359563e-02   9.9827602e-03   3.5217666e-03   2.2639941e-03   0.0000000e+00   8.0162401e-01   5.7941986e-01   1.5320389e-01   1.0000000e+00   1.0837865e-02
   4.3617006e-01   3.9061438e-01   6.8555982e-03   3.0029794e-03   2.4390506e-02   1.9789233e-02   0.0000000e+00   2.1426091e-02   9.4796447e-02   1.2298680e-02   6.3982680e-01   4.5060091e-01   6.3950929e-01   1.0000000e+00   1.0810758e-02
   8.2270688e-01   5.8008998e-01   3.3442020e-03   9.4607871e-03   4.1017317e-02   3.2444977e-02   1.0752654e-02   1.1967383e-03   2.1464743e-04   1.7748026e-03   1.6895877e-01   2.1788392e-01   9.6431340e-01   1.0000000e+00   1.0795874e-02
   2.9697538e-01   7.8732441e-01   0.0000000e+00   5.8720964e-04   8.1513694e-03   1.0946391e-02   0.0000000e+00   1.5910847e-05   2.2195327e-03   0.0000000e+00   2.9291284e-01   8.4393760e-01   4.4983831e-01   1.0000000e+00   1.0794041e-02
   1.6825080e-01   9.0292214e-01   1.6503215e-02   8.6085847e-03   7.2745202e-03   4.2092773e-03   1.4680353e-02   0.0000000e+00   3.0456718e-04   9.4351069e-03   1.4673096e-01   9.5476628e-01   2.6141033e-01   1.0000000e+00   1.0793654e-02
   4.8654433e-01   4.2255779e-01   4.7711479e-03   1.8704051e-03   1.9669171e-02   2.4838772e-02   1.4842399e-03   1.2716310e-02   1.9389324e-01   1.2348412e-02   5.9076816e-01   4.6206035e-01   7.1895187e-01   1.0000000e+00   1.0792318e-02
   6.1044702e-01   2.5230575e-01   1.5886970e-04   1.9560819e-02   4.7884909e-02   3.1852235e-02   1.4481851e-02   3.7421646e-05   2.9050237e-02   0.0000000e+00   5.3241881e-01   2.2279770e-01   8.2243635e-01   1.0000000e+00   1.0785665e-02
   5.2423985e-01   1.2306424e-01   6.5412701e-02   8.7153959e-03   1.0954124e-02   0.0000000e+00   1.3231939e-02   1.0932454e-02   3.1149109e-04   8.3064946e-06   6.7019869e-01   1.3119359e-01   7.3700994e-01   1.0000000e+00   1.0771836e-02
   4.7049699e-01   6.2319348e-01   1.5785234e-02   6.5755584e-04   1.0106044e-02   1.8452954e-02   0.0000000e+00   0.0000000e+00   3.1956164e-02   4.4097954e-04   4.1307387e-01   6.1442715e-01   6.7474400e-01   1.0000000e+00   1.0767729e-02
   1.4004191e-01   2.3905049e-01   1.1950688e-02   2.0516137e-02   1.2095396e-02   1.3707599e-02   2.0848623e-02   1.5403136e-03   2.8271923e-03   1.2210359e-02   9.0926056e-01   3.5843391e-01   2.1853307e-01   1.0000000e+00   1.0731222e-02
   4.5885769e-01   6.5208239e-01   2.0607765e-02   0.0000000e+00   9.9202862e-03   1.0581519e-02   2.8591309e-04   0.0000000e+00   5.2863015e-02   2.2204172e-03   3.9179492e-01   6.4407069e-01   6.6223155e-01   1.0000000e+00   1.0716473e-02
   6.1018149e-01   1.3908339e-01   1.9170976e-04   1.8090681e-02   2.3476147e-02   3.5441190e-02   2.5065411e-02   1.5855017e-04   5.4313936e-04   0.0000000e+00   5.6265997e-01   1.2491908e-01   8.2057470e-01   1.0000000e+00   1.0714498e-02
   7.5646859e-01   6.7661540e-01   2.8682813e-02   0.0000000e+00   6.4218565e-03   2.0233274e-02   0.0000000e+00   1.2623488e-03   2.6515374e-02   4.4178372e-03   1.8192648e-01   3.2679545e-01   9.2957328e-01   1.0000000e+00   1.0709800e-02
   2.6671521e-01   6.9245593e-01   1.8259565e-02   0.0000000e+00   2.5894663e-02   1.8609192e-02   0.0000000e+00   8.2148986e-03   2.6126330e-02   2.7584546e-03   4.2523745e-01   8.1068096e-01   4.0766382e-01   1.0000000e+00   1.0690959e-02
   7.6870571e-01   9.9257220e-01   1.3399492e-02   0.0000000e+00   3.1100133e-04   1.7613334e-03   0.0000000e+00   4.0478738e-02   4.1632731e-03   7.8707961e-03   4.1541570e-03   3.5602710e-01   9.3649996e-01   1.0000000e+00   1.0685246e-02
   4.0499789e-01   2.4843506e-01   9.3640183e-03   3.7421788e-03   5.2556888e-03   1.8770243e-02   5.0527549e-02   8.6733264e-04   6.8856146e-03   7.4012350e-03   7.4623653e-01   3.0695433e-01   5.9598250e-01   1.0000000e+00   1.0669650e-02
   2.3439697e-01   1.3161756e-01   1.3264820e-03   3.4620419e-03   0.0000000e+00   9.5455006e-04   0.0000000e+00   4.3136829e-03   0.0000000e+00   1.3567917e-03   9.1314405e-01   1.9152400e-01   3.5993987e-01   1.0000000e+00   1.0605109e-02
   5.7198425e-01   9.4480713e-01   4.0393624e-03   1.3940352e-03   0.0000000e+00   1.6738316e-02   5.2710755e-03   2.9503374e-04   0.0000000e+00   1.7350342e-03   5.3945502e-02   6.2067232e-01   7.8263305e-01   1.0000000e+00   1.0584211e-02
   1.0070779e-01   7.0112004e-01   2.0953912e-03   4.8191024e-03   6.4645662e-03   4.0866772e-04   2.6247921e-03   2.0687280e-03   4.4969525e-03   1.9671614e-02   4.4699117e-01   8.8109835e-01   1.5760934e-01   1.0000000e+00   1.0550826e-02
   2.8767782e-01   6.3648455e-01   1.0379366e-02   2.2015564e-04   4.1164361e-02   4.9608651e-02   3.9147923e-02   0.0000000e+00   0.0000000e+00   7.5980911e-03   4.8907717e-01   7.6133683e-01   4.3921658e-01   1.0000000e+00   1.0458506e-02
   5.2167922e-02   7.3195797e-01   3.4241948e-02   2.8666902e-03   1.4460998e-02   9.9487608e-03   6.8768673e-03   4.8018216e-03   5.0052943e-03   2.8006275e-02   4.0830266e-01   9.1175651e-01   8.2047377e-02   1.0000000e+00   1.0442825e-02
   6.0850293e-02   9.7908140e-03   0.0000000e+00   9.6582061e-04   1.0550811e-03   6.3584963e-03   6.8701628e-04   1.5255028e-03   1.0355834e-02   0.0000000e+00   9.9546947e-01   1.5310905e-02   9.5452495e-02   1.0000000e+00   1.0427568e-02
   6.2187718e-01   6.3518146e-01   5.9686088e-03   7.6728894e-02   2.2132755e-02   2.2146955e-03   0.0000000e+00   4.7539590e-05   0.0000000e+00   0.0000000e+00   3.0538651e-01   4.7325614e-01   8.3405295e-01   1.0000000e+00   1.0406941e-02
   1.8089490e-01   6.0928792e-01   8.2657505e-03   2.8769758e-03   5.9022974e-03   1.9528972e-02   6.3087822e-03   9.2085131e-04   1.4611750e-02   3.8619138e-02   5.5406339e-01   7.8648104e-01   2.8096824e-01   1.0000000e+00   1.0390099e-02
   8.5653360e-01   8.5588465e-01   3.2579594e-03   7.9483497e-04   7.2600444e-03   1.2692070e-02   3.8970708e-03   1.3956602e-04   1.0847958e-02   4.9810161e-03   5.0172818e-02   2.1783604e-01   9.7508757e-01   1.0000000e+00   1.0384163e-02
   1.1244036e-01   4.8851368e-02   0.0000000e+00   1.5968187e-03   7.3324745e-03   1.7038233e-03   4.0956454e-03   4.1200124e-03   1.9899743e-02   6.7512178e-04   9.8202648e-01   7.5504599e-02   1.7579005e-01   1.0000000e+00   1.0339172e-02
   7.5310882e-01   6.3477003e-01   2.8407625e-02   3.1318057e-03   8.6075586e-03   1.1918742e-02   8.0663168e-04   1.2803347e-03   2.6755101e-02   3.4317022e-03   2.0561021e-01   3.1818170e-01   9.2736921e-01   1.0000000e+00   1.0328403e-02
   1.4665796e-02   1.5261174e-01   2.0051211e-02   3.2934127e-03   2.5792046e-03   6.9191661e-03   5.9806799e-02   0.0000000e+00   3.5885905e-05   8.9367506e-03   9.7515142e-01   2.3834849e-01   2.3129940e-02   1.0000000e+00   1.0325536e-02
   1.6380878e-01   3.3661575e-01   2.2697133e-02   3.1321081e-03   0.0000000e+00   1.8967631e-02   9.0473006e-03   6.1264739e-03   0.0000000e+00   5.3126469e-03   8.3587186e-01   4.8835440e-01   2.5474297e-01   1.0000000e+00   1.0317040e-02
   6.3038556e-01   7.1792729e-01   2.0283280e-02   1.5686848e-03   1.3618211e-02   9.0541394e-03   8.0873265e-03   4.2237830e-04   5.2970352e-02   4.7789345e-03   2.3600248e-01   4.9732145e-01   8.3912941e-01   1.0000000e+00   1.0307109e-02
   7.2832708e-01   9.4230654e-01   4.0634555e-03   0.0000000e+00   7.6368925e-03   9.7693910e-03   3.5971637e-03   0.0000000e+00   1.2260992e-02   3.9148562e-03   3.7472018e-02   4.1235324e-01   9.1063633e-01   1.0000000e+00   1.0303063e-02
   1.4157209e-01   5.5879253e-01   1.2148734e-02   2.7131712e-02   1.2080006e-02   1.3511865e-02   1.8500131e-02   1.4301274e-03   1.7730970e-04   1.2074399e-02   6.2421262e-01   7.5163622e-01   2.2092800e-01   1.0000000e+00   1.0292728e-02
   2.4395547e-01   6.4134581e-01   1.3097404e-02   0.0000000e+00   5.5803403e-02   3.7009037e-02   3.2551164e-02   7.6935009e-04   0.0000000e+00   6.1573601e-03   4.9815708e-01   7.8865015e-01   3.7604547e-01   1.0000000e+00   1.0275246e-02
   4.0269671e-01   7.7896974e-01   0.0000000e+00   2.7484694e-03   9.9071691e-03   1.0992001e-02   0.0000000e+00   0.0000000e+00   2.4061975e-03   2.5266166e-03   2.7449207e-01   7.5857697e-01   5.9134808e-01   1.0000000e+00   1.0256089e-02
   2.1477430e-01   9.1846329e-01   3.6544155e-02   2.7334122e-03   2.1062139e-02   2.8848034e-02   1.3303005e-02   3.9545626e-03   9.1333898e-03   9.2366019e-04   1.2087663e-01   9.3861060e-01   3.3196184e-01   1.0000000e+00   1.0250174e-02
   1.4464246e-02   7.1648084e-01   1.2153660e-02   1.6300777e-03   1.7694351e-02   2.3037295e-02   3.0547738e-03   6.4061451e-03   1.5279686e-02   3.6902885e-03   4.3121962e-01   9.0339200e-01   2.2747774e-02   1.0000000e+00   1.0231140e-02
   9.3421718e-01   3.2797516e-01   6.4352264e-03   6.2897847e-03   5.7668505e-03   3.8234067e-02   8.4126444e-04   4.5797858e-05   1.2599701e-02   2.0079195e-03   8.9915509e-02   5.0908555e-02   9.9639635e-01   1.0000000e+00   1.0226147e-02
   1.7137563e-01   8.2568512e-01   1.2686828e-02   4.4220884e-03   6.4611018e-03   0.0000000e+00   9.0503225e-04   0.0000000e+00   4.1997395e-03   9.2237322e-03   2.6075081e-01   9.2837582e-01   2.6604332e-01   1.0000000e+00   1.0204889e-02
   1.1134822e-01   9.6933111e-01   0.0000000e+00   4.2212043e-03   5.4329581e-03   1.2793345e-04   0.0000000e+00   2.5462041e-03   4.3635732e-03   9.7644553e-03   4.7429208e-02   9.8376600e-01   1.7404423e-01   1.0000000e+00   1.0200355e-02
   4.5299699e-02   3.8758767e-01   1.6094171e-03   1.5276438e-02   1.2909434e-04   9.5392592e-03   3.0932318e-03   3.0496379e-03   2.1907297e-03   2.1486873e-03   8.1853750e-01   5.7065636e-01   7.1121826e-02   1.0000000e+00   1.0181564e-02
   8.1677380e-02   6.4313203e-02   0.0000000e+00   8.3166661e-04   1.0616374e-03   4.6108816e-03   6.3061603e-04   1.6740239e-03   1.1466614e-02   0.0000000e+00   9.8688012e-01   1.0003808e-01   1.2796703e-01   1.0000000e+00   1.0166463e-02
   7.3301189e-02   7.4806167e-01   1.0897928e-02   0.0000000e+00   1.8417232e-02   2.6900775e-02   0.0000000e+00   6.5263943e-03   1.8284865e-02   3.6088288e-03   3.8354391e-01   9.1804092e-01   1.1506754e-01   1.0000000e+00   1.0146186e-02
   4.4182045e-01   7.8646503e-01   1.2786536e-02   4.8459923e-02   1.6289444e-02   3.3961049e-02   2.7542621e-03   4.1268987e-02   1.3705351e-03   5.3589536e-03   2.5446067e-01   7.2996699e-01   6.4325257e-01   1.0000000e+00   1.0097516e-02
   2.9805810e-01   6.2510521e-01   5.3220314e-03   7.3323574e-03   0.0000000e+00   7.5016503e-05   7.2166100e-02   4.3503491e-05   6.9180905e-02   9.5867070e-04   5.0065588e-01   7.4955262e-01   4.5581797e-01   1.0000000e+00   1.0090924e-02
   3.0089102e-01   3.0435511e-01   1.0337823e-02   4.1567842e-03   1.1381707e-02   4.7098544e-02   9.5734712e-03   1.1598922e-02   1.8051045e-02   1.0562513e-02   7.9302068e-01   4.1092171e-01   4.5666454e-01   1.0000000e+00   1.0062896e-02
   5.2006911e-01   7.3414013e-02   2.7950412e-03   3.4441456e-02   3.1799109e-02   4.0942925e-02   1.0354548e-02   2.4186091e-04   0.0000000e+00   0.0000000e+00   6.8263393e-01   7.9071111e-02   7.3195095e-01   1.0000000e+00   1.0057421e-02
   1.0351031e-01   6.9297842e-01   2.7432448e-03   2.3173615e-03   4.3074934e-03   3.1995601e-02   3.2492963e-03   8.0426637e-04   4.8368784e-03   3.4915069e-03   4.5817732e-01   8.7522360e-01   1.6205654e-01   1.0000000e+00   1.0037613e-02
   4.1934732e-01   6.2996232e-01   1.5476049e-02   9.2907550e-03   7.5106454e-03   1.5040821e-02   1.4200545e-04   5.1843676e-04   2.6434982e-02   3.7908763e-04   4.3476482e-01   6.6178081e-01   6.1289708e-01   1.0000000e+00   1.0002779e-02
   2.2467212e-01   9.1889558e-01   2.0560581e-02   1.9923685e-03   1.2974071e-02   1.8338381e-02   2.9690778e-03   4.5517680e-03   1.8041116e-02   2.2998562e-03   1.1937776e-01   9.3196693e-01   3.4608024e-01   1.0000000e+00   9.9632584e-03
   4.8879237e-01   1.0512476e-01   6.3912352e-02   8.3816344e-03   1.1790346e-02   1.2579373e-03   3.2696263e-02   1.1618772e-02   1.5014617e-03   0.0000000e+00   7.1356303e-01   1.1891318e-01   6.9837066e-01   1.0000000e+00   9.9584944e-03
   1.7643142e-01   4.2391656e-02   9.3473148e-03   5.4057917e-03   0.0000000e+00   1.5258406e-02   1.8604153e-03   3.8374084e-03   0.0000000e+00   9.5699677e-04   9.6006451e-01   6.4024063e-02   2.7370464e-01   1.0000000e+00   9.9431479e-03
   3.0279364e-02   5.9197261e-01   2.2086946e-02   5.3416736e-03   1.8950351e-02   1.1569386e-02   4.6232272e-03   1.4549186e-03   0.0000000e+00   7.2260567e-03   5.9791132e-01   8.0150353e-01   4.7596371e-02   1.0000000e+00   9.9374950e-03
   3.7327114e-01   7.4939009e-01   8.8046512e-02   2.0203522e-02   1.0614868e-02   8.3827027e-03   2.0360835e-02   1.0320689e-03   7.2557299e-03   2.5615645e-02   3.2252795e-01   7.7654628e-01   5.5854878e-01   1.0000000e+00   9.9306579e-03
   1.9264665e-01   8.7123073e-01   2.7177885e-02   6.1517387e-08   1.5329290e-02   3.8740317e-02   1.3551908e-02   3.0893637e-03   7.4124050e-03   1.5871720e-02   1.9233611e-01   9.3788313e-01   2.9889777e-01   1.0000000e+00   9.9214442e-03
   2.9814274e-01   6.9123337e-01   1.5826505e-02   0.0000000e+00   4.1592662e-02   5.1249924e-02   2.4842795e-02   6.3881991e-03   7.4499364e-03   1.0012434e-02   4.1827300e-01   7.9369475e-01   4.5383602e-01   1.0000000e+00   9.9194648e-03
   1.0312557e-01   1.8102124e-01   2.4283139e-02   5.1428753e-03   0.0000000e+00   1.1625954e-02   4.3939840e-02   5.4884105e-04   6.1917715e-03   8.0273913e-03   9.4991724e-01   2.7762968e-01   1.6173093e-01   1.0000000e+00   9.8975153e-03
   3.0403142e-01   3.0678457e-01   3.7687767e-02   6.0931119e-03   1.0918372e-02   4.6083823e-02   9.5277969e-03   1.1625484e-02   1.9183611e-02   1.0354649e-02   7.9043731e-01   4.1341706e-01   4.6164677e-01   1.0000000e+00   9.8928920e-03
   6.8301477e-01   8.2440530e-01   3.4642335e-03   0.0000000e+00   5.6213584e-03   1.1404150e-02   4.0237683e-03   0.0000000e+00   2.9368689e-02   4.3263661e-03   1.3020820e-01   4.6003804e-01   8.7951926e-01   1.0000000e+00   9.8923674e-03
   4.3245815e-01   7.8929927e-01   1.6613558e-02   0.0000000e+00   2.8904083e-02   2.5039261e-02   0.0000000e+00   5.4154780e-03   2.6470721e-02   5.1969539e-03   2.5345205e-01   7.3762252e-01   6.2981920e-01   1.0000000e+00   9.8891282e-03
   1.5761853e-01   2.5948387e-01   2.6742664e-03   1.9297145e-03   8.0390201e-03   2.9790456e-03   2.6890545e-03   4.6382642e-03   0.0000000e+00   4.1150698e-06   8.9018180e-01   3.8435951e-01   2.4509259e-01   1.0000000e+00   9.8681685e-03
   5.1211598e-01   7.4964574e-01   1.8058535e-02   2.5119128e-03   1.6251453e-02   2.3549268e-02   4.2106042e-02   5.1293581e-06   3.4963746e-03   1.6033034e-02   2.6660455e-01   6.4262863e-01   7.2273595e-01   1.0000000e+00   9.8320728e-03
   6.8558994e-01   5.7126240e-01   3.1167623e-02   0.0000000e+00   9.7957628e-03   1.6376804e-02   0.0000000e+00   1.0864840e-03   1.9649840e-02   3.2255825e-03   2.9616870e-01   3.7118500e-01   8.8202911e-01   1.0000000e+00   9.8304440e-03
   7.7341288e-02   2.2969250e-01   1.0199224e-02   3.4685146e-03   1.0399926e-02   3.2301759e-02   7.5532730e-03   3.6504208e-03   2.1572323e-02   1.7492694e-02   9.3067769e-01   3.5116016e-01   1.2144442e-01   1.0000000e+00   9.7868751e-03
   2.4277716e-01   4.6125146e-01   9.0109440e-03   2.3672776e-05   3.3745029e-04   2.8494450e-02   1.2785670e-03   1.3332909e-04   1.4555953e-03   0.0000000e+00   6.9563989e-01   6.1572364e-01   3.7251090e-01   1.0000000e+00   9.7726189e-03
   7.5404285e-01   6.9493831e-01   2.2449322e-02   2.6994397e-03   8.4029431e-03   1.1957689e-02   1.0535793e-03   1.2487077e-03   2.4118612e-02   3.1797210e-03   1.7396075e-01   3.3480938e-01   9.2751321e-01   1.0000000e+00   9.7636492e-03
   3.2959444e-01   8.7923406e-02   0.0000000e+00   5.8561812e-04   7.9247798e-04   6.1376162e-04   9.6864027e-03   4.0548260e-03   3.0113323e-03   0.0000000e+00   8.6077672e-01   1.1964334e-01   4.9496494e-01   1.0000000e+00   9.7566745e-03
   2.1010006e-03   2.1289284e-01   1.3536780e-02   1.2436037e-03   1.0830766e-02   3.0729836e-02   7.0392603e-03   4.5510492e-03   1.9388796e-02   1.8379290e-02   9.4651647e-01   3.2887774e-01   3.3069388e-03   1.0000000e+00   9.7516011e-03
   1.8530804e-01   6.5420858e-01   6.1941059e-03   3.8433675e-03   7.3258046e-03   3.0378404e-03   8.4312048e-04   1.1377285e-04   7.1118671e-05   1.1812841e-02   4.9523567e-01   8.2027429e-01   2.8706165e-01   1.0000000e+00   9.7464234e-03
   3.6891628e-01   7.8146100e-01   0.0000000e+00   2.5452776e-03   8.8966175e-03   9.7461385e-03   0.0000000e+00   0.0000000e+00   5.9483803e-04   2.3971391e-03   2.8168092e-01   7.8806879e-01   5.4770147e-01   1.0000000e+00   9.7433778e-03
   5.9747338e-01   1.1691000e-01   1.1174918e-02   1.0072805e-03   6.5475998e-03   1.5703640e-02   5.2628383e-02   1.4731795e-03   5.2262296e-03   1.5082242e-02   5.8305406e-01   1.0829322e-01   8.0945447e-01   1.0000000e+00   9.7377964e-03
   4.0500008e-01   1.0477975e-01   2.1962121e-02   0.0000000e+00   7.3317731e-03   2.6768107e-02   3.5065764e-03   0.0000000e+00   9.3167322e-02   5.8922197e-02   8.0415161e-01   1.3356162e-01   6.0209242e-01   1.0000000e+00   9.7153352e-03
   2.7983896e-01   6.5423488e-01   9.0412183e-03   1.4067363e-04   5.1865459e-02   4.0054434e-02   3.9911887e-02   9.0904035e-04   0.0000000e+00   5.2371170e-03   4.7048887e-01   7.7935813e-01   4.2810257e-01   1.0000000e+00   9.7105530e-03
   7.8262841e-01   1.9841725e-01   2.5174840e-02   6.0687044e-03   2.6053872e-02   0.0000000e+00   1.4340381e-02   2.5535842e-02   4.2709147e-02   5.2677755e-03   3.2001162e-01   1.0309918e-01   9.4609593e-01   1.0000000e+00   9.7044629e-03
   1.9409696e-01   2.9327506e-01   2.5468963e-02   0.0000000e+00   9.8323189e-03   4.2614798e-02   0.0000000e+00   3.3184500e-03   2.4412883e-02   1.5312844e-02   8.5734873e-01   4.2549379e-01   3.0120668e-01   1.0000000e+00   9.6956018e-03
   6.6384313e-01   2.4912878e-02   3.4183478e-03   3.2516953e-03   4.5874025e-03   1.2878358e-02   4.6605488e-02   1.3828715e-03   0.0000000e+00   5.0606004e-02   5.0593944e-01   1.9809070e-02   8.6807001e-01   1.0000000e+00   9.6771115e-03
   4.6447013e-01   8.0160830e-01   1.2964425e-02   4.8958708e-02   1.6465169e-02   2.8632451e-02   2.6417329e-03   3.7915786e-02   0.0000000e+00   5.1304383e-03   2.2973647e-01   7.1318165e-01   6.6997992e-01   1.0000000e+00   9.6551162e-03
   9.4134796e-01   9.5046476e-01   4.3841233e-03   1.4169494e-02   9.9758769e-03   3.6000453e-02   1.1637817e-02   2.1753868e-03   2.9341215e-03   2.6165747e-04   7.1639067e-03   9.1883611e-02   9.9751591e-01   1.0000000e+00   9.6427757e-03
   4.4517419e-01   3.0751319e-01   2.0750813e-02   1.6654738e-03   5.7863776e-03   3.0171904e-02   0.0000000e+00   3.2489311e-04   7.9818961e-02   2.8376721e-02   6.8354302e-01   3.5850579e-01   6.4917095e-01   1.0000000e+00   9.6190734e-03
   8.6409670e-01   5.5678336e-01   7.0994663e-03   0.0000000e+00   2.5905559e-02   3.1293274e-02   8.3527936e-03   3.1368952e-03   3.0641299e-03   2.9590985e-03   1.3611122e-01   1.6284785e-01   9.7905801e-01   1.0000000e+00   9.6186037e-03
   8.3480995e-01   5.7045311e-01   0.0000000e+00   1.1323452e-02   8.8653613e-04   1.6199454e-02   1.3602821e-02   4.4561910e-04   6.1385044e-03   0.0000000e+00   1.6037937e-01   2.0047843e-01   9.6711733e-01   1.0000000e+00   9.5871760e-03
   8.9319101e-01   1.0000000e+00   4.1896288e-03   0.0000000e+00   7.6642481e-03   1.0823615e-02   3.2570417e-03   0.0000000e+00   1.2530769e-02   5.0453983e-03   1.0229090e-17   1.6705372e-01   9.8633983e-01   1.0000000e+00   9.5157069e-03
   4.1825686e-02   7.8558845e-01   0.0000000e+00   5.0950671e-03   3.4172315e-03   6.9084039e-04   9.7232906e-03   2.0201439e-04   2.3318480e-04   3.7347325e-04   3.2979648e-01   9.4190695e-01   6.5661104e-02   1.0000000e+00   9.4789445e-03
   3.0700199e-01   1.9151659e-01   5.6333664e-02   9.6112545e-03   8.5946603e-03   6.8152783e-04   7.3894025e-03   1.1148482e-02   1.0276538e-02   3.3484972e-03   8.4924743e-01   2.6347885e-01   4.6544895e-01   1.0000000e+00   9.4679498e-03
   3.4580717e-01   7.2869501e-01   3.6481984e-03   1.8232110e-03   3.9468874e-02   3.8212949e-02   2.4122176e-02   8.0676431e-03   9.3299387e-03   6.7741791e-03   3.5523067e-01   7.8246816e-01   5.1884335e-01   1.0000000e+00   9.4280270e-03
   6.0707621e-01   1.2616676e-01   2.9448592e-03   2.2626918e-02   2.8437957e-02   4.6310537e-02   9.1968868e-03   0.0000000e+00   7.8097571e-03   0.0000000e+00   5.6948200e-01   1.1436242e-01   8.1845208e-01   1.0000000e+00   9.4055092e-03
   1.2875975e-01   2.2968928e-01   2.7443566e-02   6.3587108e-03   7.7013481e-03   8.0532765e-03   4.3724462e-02   6.0498440e-04   6.7939789e-03   7.8072348e-03   9.1923679e-01   3.4683802e-01   2.0146920e-01   1.0000000e+00   9.3916897e-03
   5.8074312e-01   6.2319475e-01   1.7719349e-02   0.0000000e+00   1.0460799e-02   1.4873422e-02   0.0000000e+00   0.0000000e+00   2.9294843e-02   2.0488556e-03   3.4195637e-01   5.0864555e-01   7.9206176e-01   1.0000000e+00   9.3878274e-03
   4.9634900e-01   3.0529271e-01   7.0685897e-02   5.6206057e-03   1.2760743e-02   1.5977565e-03   2.3521476e-02   1.2491184e-02   1.2945746e-02   0.0000000e+00   6.3476360e-01   3.3010398e-01   7.0730764e-01   1.0000000e+00   9.3835942e-03
   4.1170408e-02   7.0904156e-01   1.8966628e-02   0.0000000e+00   1.7439115e-02   2.3062527e-02   0.0000000e+00   5.8138930e-03   2.4583262e-02   3.6721070e-03   4.4118171e-01   8.9714266e-01   6.4744644e-02   1.0000000e+00   9.3809033e-03
   9.5323154e-02   3.3369960e-01   2.3553992e-02   3.0243783e-03   1.7595654e-03   1.8667012e-02   1.0531540e-02   3.7541521e-03   2.5890753e-03   2.2979753e-03   8.5695175e-01   4.9541891e-01   1.4933139e-01   1.0000000e+00   9.3126549e-03
   3.6053825e-01   6.8937679e-01   1.4647650e-02   1.1614947e-03   1.3066689e-02   1.3990093e-02   1.3120197e-04   4.8988249e-04   3.9962950e-02   4.2781193e-04   3.9646632e-01   7.4702530e-01   5.3771004e-01   1.0000000e+00   9.3096197e-03
   8.4394100e-01   7.6290631e-01   1.4248025e-03   1.1694087e-03   7.3324819e-03   7.8257584e-03   0.0000000e+00   8.2536009e-05   0.0000000e+00   3.4438655e-04   8.8319243e-02   2.2607895e-01   9.7021910e-01   1.0000000e+00   9.3066512e-03
   3.9513577e-01   5.2413318e-02   3.7154503e-03   1.1553905e-02   9.2593902e-03   3.4370121e-02   5.3884932e-03   6.1791308e-03   4.0052233e-02   0.0000000e+00   8.1323065e-01   6.7105495e-02   5.8338132e-01   1.0000000e+00   9.2972640e-03
   4.6032057e-01   7.6457215e-01   1.8203830e-02   7.3794107e-03   1.2896758e-02   7.2365241e-03   0.0000000e+00   2.0131376e-03   7.8348083e-02   1.0969822e-02   2.7285894e-01   7.0389111e-01   6.6623355e-01   1.0000000e+00   9.2673852e-03
   5.3870238e-01   7.0190484e-01   3.5137589e-02   4.4211321e-04   1.6811693e-02   2.0909965e-02   5.2550013e-02   0.0000000e+00   1.3156223e-03   1.7299208e-02   3.0065526e-01   5.9445966e-01   7.5251825e-01   1.0000000e+00   9.2477956e-03
   1.0860960e-01   5.7166594e-01   4.4566703e-03   1.7885339e-03   1.9464134e-02   6.8161596e-02   4.2332182e-02   0.0000000e+00   4.5918071e-03   1.0562266e-02   6.1843317e-01   7.7608410e-01   1.7096097e-01   1.0000000e+00   9.2389270e-03
   2.2506396e-01   8.8783883e-01   1.9581143e-02   0.0000000e+00   1.3719969e-02   1.9778982e-02   2.4703655e-03   5.2257575e-03   1.8209950e-02   1.9246866e-03   1.6465182e-01   9.2486379e-01   3.4667232e-01   1.0000000e+00   9.2195922e-03
   5.3688623e-01   4.3387460e-01   9.0537784e-03   1.5584269e-03   1.8972234e-02   3.1928960e-02   5.9849908e-05   5.5818236e-02   1.1767402e-01   1.4108761e-02   5.2604373e-01   4.2672286e-01   7.6077851e-01   1.0000000e+00   9.2058263e-03
   3.3689565e-03   1.9104100e-01   2.0927781e-02   4.0797332e-03   7.7111258e-03   2.0436255e-02   4.7711248e-02   2.5237706e-06   7.5293768e-03   8.6023576e-03   9.5848707e-01   2.9658564e-01   5.3095884e-03   1.0000000e+00   9.1760440e-03
   1.7792138e-01   5.5761616e-01   9.1824752e-03   5.2047170e-04   1.2803872e-03   1.5723343e-02   1.5967837e-04   0.0000000e+00   4.4672255e-04   0.0000000e+00   6.1566595e-01   7.3856387e-01   2.7594622e-01   1.0000000e+00   9.1733326e-03
   2.4936207e-01   4.7241524e-02   6.8490441e-04   2.7862523e-03   0.0000000e+00   2.6907243e-03   1.4259730e-08   1.7899349e-03   0.0000000e+00   0.0000000e+00   9.2173613e-01   6.8524927e-02   3.8176458e-01   1.0000000e+00   9.1342481e-03
   3.7325152e-01   2.0081492e-01   1.7819652e-02   3.1304146e-03   7.8539642e-03   2.5130941e-02   5.1166677e-02   4.6310371e-04   8.4411417e-03   8.2947624e-03   7.9488512e-01   2.5939924e-01   5.5537531e-01   1.0000000e+00   9.1315696e-03
   3.9349424e-01   2.1330524e-01   4.8532216e-03   1.1596937e-04   2.3725364e-03   0.0000000e+00   1.6287696e-02   0.0000000e+00   6.6246461e-03   9.3945774e-04   7.6992207e-01   2.6807714e-01   5.7968377e-01   1.0000000e+00   9.1150953e-03
   2.9241114e-01   7.4877019e-01   2.0886427e-04   7.7604207e-04   4.2825922e-02   4.3582252e-02   3.0148768e-02   9.5608845e-03   8.2380431e-03   9.7055608e-03   3.4630673e-01   8.3151146e-01   4.4550803e-01   1.0000000e+00   9.1147087e-03
   2.6368840e-02   2.1163755e-01   0.0000000e+00   0.0000000e+00   1.0386604e-04   0.0000000e+00   0.0000000e+00   3.4869698e-06   0.0000000e+00   0.0000000e+00   9.4443831e-01   3.2607001e-01   4.1408235e-02   1.0000000e+00   9.1127824e-03
   4.6556139e-01   3.5282081e-01   1.3339673e-02   7.9041040e-03   4.2498494e-03   2.3493553e-02   0.0000000e+00   8.1558759e-05   2.3365132e-02   4.4289498e-02   6.3499520e-01   3.9300631e-01   6.7005521e-01   1.0000000e+00   9.0854978e-03
   3.3789999e-02   4.6912554e-01   2.9051773e-02   4.9635450e-03   0.0000000e+00   1.9169258e-02   7.4336206e-03   9.1098522e-03   1.3344115e-03   4.5082645e-03   7.4054465e-01   6.7198666e-01   5.3126373e-02   1.0000000e+00   9.0764765e-03
   2.6319036e-01   8.2549950e-01   2.7683559e-02   5.7753074e-03   1.1039065e-02   3.1122330e-02   0.0000000e+00   4.7479888e-03   1.1582899e-02   2.9447758e-03   2.4839028e-01   8.8337800e-01   4.0256793e-01   1.0000000e+00   9.0714108e-03
   3.6026975e-01   8.4914288e-01   8.6690583e-02   3.1993718e-02   9.2012306e-03   9.1851498e-03   1.0693009e-02   7.8679275e-04   5.1988059e-03   4.3292100e-03   1.9991368e-01   8.2778900e-01   5.4093972e-01   1.0000000e+00   9.0588390e-03
   3.6106165e-01   2.0786330e-01   2.1740747e-02   2.9211104e-03   5.1701665e-03   1.9304401e-02   5.1942618e-02   4.6423514e-04   8.1047127e-03   8.2805348e-03   8.0183854e-01   2.7152743e-01   5.3922887e-01   1.0000000e+00   9.0296659e-03
   3.1468595e-01   2.5165197e-01   2.1683658e-02   2.0830989e-04   3.9245256e-03   2.4392707e-02   3.9177865e-03   9.6921296e-04   1.0111412e-01   2.6676708e-02   8.2218734e-01   3.4306340e-01   4.8013074e-01   1.0000000e+00   9.0287738e-03
   3.1167513e-01   8.5348017e-01   9.0330117e-02   3.1110889e-02   8.8364088e-03   1.0761918e-02   1.2987146e-02   9.2910703e-04   4.7929842e-03   6.1423589e-03   2.0325161e-01   8.6746759e-01   4.7474529e-01   1.0000000e+00   9.0181684e-03
   8.1544437e-01   1.0000000e+00   0.0000000e+00   2.0611911e-05   2.1985203e-02   1.1038034e-02   3.2141914e-03   1.5851500e-04   1.4731656e-02   5.5271743e-03   1.7518723e-17   2.8610246e-01   9.5909976e-01   1.0000000e+00   9.0146214e-03
   1.4690406e-01   8.8762530e-01   2.8003893e-03   0.0000000e+00   6.4073109e-03   3.2089177e-03   1.3497248e-02   6.7264214e-04   9.5502348e-03   0.0000000e+00   1.7100488e-01   9.5868587e-01   2.2879007e-01   1.0000000e+00   9.0044116e-03
   2.5690535e-01   4.5226756e-01   7.3764839e-03   0.0000000e+00   4.3736272e-05   1.5713792e-02   3.5380199e-04   3.1120783e-04   1.5283352e-03   0.0000000e+00   6.9740585e-01   5.9995009e-01   3.9280128e-01   1.0000000e+00   8.9980772e-03
   2.5635264e-03   2.3020502e-01   1.2917897e-03   1.2871906e-04   8.0642197e-03   6.2483447e-04   2.9372212e-03   4.6922047e-03   1.3851348e-03   0.0000000e+00   9.3541579e-01   3.5380847e-01   4.0271683e-03   1.0000000e+00   8.9864696e-03
   3.8402960e-01   5.0526519e-02   0.0000000e+00   3.3306748e-04   4.7532933e-03   0.0000000e+00   1.1430288e-02   0.0000000e+00   9.0687149e-06   0.0000000e+00   8.2103980e-01   6.5300528e-02   5.6739424e-01   1.0000000e+00   8.9646539e-03
   3.1063615e-01   8.6226386e-01   9.2797731e-02   3.3290041e-02   8.9573664e-03   1.0292358e-02   9.6136983e-03   5.8433602e-04   5.0977287e-03   6.9763807e-03   1.9152886e-01   8.7139491e-01   4.7353516e-01   1.0000000e+00   8.9613832e-03
   5.4617734e-01   2.4727732e-01   1.0125917e-01   0.0000000e+00   7.9416599e-03   2.1329808e-04   2.1512135e-02   0.0000000e+00   0.0000000e+00   5.2181512e-04   6.1180885e-01   2.5035943e-01   7.6464727e-01   1.0000000e+00   8.9381454e-03
   2.1345450e-01   8.3845179e-01   3.9600608e-02   2.6726945e-03   1.9303495e-02   3.2714477e-02   8.7771670e-03   5.9887949e-03   9.7592893e-03   5.9977030e-04   2.3782987e-01   9.1702204e-01   3.3010813e-01   1.0000000e+00   8.9355767e-03
   7.0877512e-01   9.9623463e-01   3.2078343e-03   2.0725414e-05   7.3622033e-03   1.2441745e-02   3.7536821e-03   6.4592283e-05   1.2643137e-02   5.5412046e-03   2.6133828e-03   4.4184570e-01   8.9755980e-01   1.0000000e+00   8.9201961e-03
   2.8660268e-01   6.6590318e-01   9.0371527e-03   0.0000000e+00   5.2573753e-02   3.8688985e-02   3.8558921e-02   7.2441816e-04   0.0000000e+00   5.6511195e-03   4.5376039e-01   7.8376381e-01   4.3769130e-01   1.0000000e+00   8.9136624e-03
   5.5272310e-01   6.2378340e-01   1.7365852e-02   1.3913905e-03   1.3347512e-02   1.4430392e-02   0.0000000e+00   0.0000000e+00   2.3088030e-02   0.0000000e+00   3.6047008e-01   5.3725615e-01   7.6411031e-01   1.0000000e+00   8.9102119e-03
   2.0821013e-01   6.3482146e-01   9.4933586e-03   5.6643078e-03   4.4097176e-02   1.5634507e-02   1.4355164e-03   4.1882167e-03   3.5483792e-02   1.0702527e-03   5.1575655e-01   7.9827443e-01   3.2240986e-01   1.0000000e+00   8.9079859e-03
   6.0471697e-01   7.6799618e-01   2.6195838e-03   8.8971538e-03   1.6823823e-04   1.8767582e-02   1.2745940e-02   0.0000000e+00   7.5111201e-03   0.0000000e+00   2.0749098e-01   5.4392503e-01   8.1388438e-01   1.0000000e+00   8.8958939e-03
   4.9760895e-01   7.3783505e-01   5.1654494e-03   0.0000000e+00   1.8326535e-02   2.7714481e-02   5.2717242e-02   1.2207994e-03   1.9102125e-03   5.8318512e-02   2.8617064e-01   6.5517938e-01   7.0959969e-01   1.0000000e+00   8.8906980e-03
   7.5945031e-01   9.5040953e-01   4.7255107e-03   1.3392621e-02   1.0311418e-02   3.4620517e-02   1.2958645e-02   2.7088810e-03   2.5092676e-03   0.0000000e+00   2.8757562e-02   3.6842942e-01   9.3102735e-01   1.0000000e+00   8.8763000e-03
   2.7910400e-01   2.8098524e-01   6.9806616e-02   1.0781421e-02   9.9594336e-03   3.7838795e-03   5.5026401e-03   9.2904836e-03   2.6134646e-02   1.5635022e-03   8.2348978e-01   3.8906265e-01   4.2701199e-01   1.0000000e+00   8.8681236e-03
   3.3437617e-01   6.7715966e-01   2.4065416e-02   2.3881233e-03   9.8920675e-03   2.3056988e-02   2.1884291e-03   0.0000000e+00   0.0000000e+00   1.6214271e-02   4.2081708e-01   7.5743876e-01   5.0216107e-01   1.0000000e+00   8.8444016e-03
   7.1148734e-01   2.2866303e-01   5.7882836e-02   0.0000000e+00   3.0137447e-02   6.0175577e-04   1.0170278e-02   2.0695144e-03   1.2076187e-02   3.4751300e-03   4.1175351e-01   1.5460127e-01   9.0312088e-01   1.0000000e+00   8.8341796e-03
   1.3066851e-02   1.6814336e-01   2.4015496e-02   9.8752437e-03   0.0000000e+00   1.2882838e-02   4.3406898e-02   4.0165606e-04   6.0461725e-03   7.1276139e-03   9.6783337e-01   2.6173782e-01   2.0581632e-02   1.0000000e+00   8.8264560e-03
   6.3407893e-01   9.2010693e-01   4.4856650e-03   2.6250508e-02   3.3069200e-03   0.0000000e+00   6.9835272e-03   3.1666893e-03   1.9261206e-02   1.8704822e-02   6.8149680e-02   5.4018994e-01   8.4056667e-01   1.0000000e+00   8.8109818e-03
   7.8390926e-02   3.6631220e-01   1.5008558e-03   4.9536103e-03   0.0000000e+00   1.0881451e-02   2.3089847e-03   3.0137456e-03   7.3473378e-03   5.5505994e-04   8.3279935e-01   5.4016720e-01   1.2285151e-01   1.0000000e+00   8.8107242e-03
   2.0190908e-01   0.0000000e+00   2.1892094e-02   2.2796348e-03   6.1727928e-03   3.3311787e-02   0.0000000e+00   4.0287891e-03   3.8257744e-02   1.2641678e-02   9.5323432e-01   0.0000000e+00   3.1288802e-01   1.0000000e+00   8.7947073e-03
   6.3729677e-02   4.0928399e-01   2.9073671e-02   4.8756505e-03   0.0000000e+00   1.9807940e-02   7.1056081e-03   8.7848002e-03   1.5850999e-03   3.5253185e-03   7.9747057e-01   5.9735648e-01   1.0007954e-01   1.0000000e+00   8.7600025e-03
   1.9297537e-01   1.1242894e-01   2.0459007e-02   2.6226649e-03   6.9043500e-03   4.3352630e-02   1.5836080e-03   5.9416976e-03   0.0000000e+00   3.5336752e-03   9.4182128e-01   1.6807946e-01   2.9922145e-01   1.0000000e+00   8.7583399e-03
   4.2238814e-01   1.5951726e-01   5.4887791e-02   0.0000000e+00   8.1663427e-03   0.0000000e+00   2.0051973e-02   1.1978655e-02   3.7972682e-03   0.0000000e+00   7.6602458e-01   1.9606265e-01   6.1810818e-01   1.0000000e+00   8.7558633e-03
   7.4093883e-01   9.2398132e-01   4.1365940e-03   0.0000000e+00   3.9908461e-03   9.7670667e-03   3.1242077e-03   0.0000000e+00   1.2011324e-02   3.6507102e-03   4.7163423e-02   3.9309187e-01   9.1861094e-01   1.0000000e+00   8.7443889e-03
   6.2022164e-01   4.1148905e-01   1.0011006e-02   3.3565260e-03   1.7814290e-02   2.2260650e-02   0.0000000e+00   1.0238031e-02   1.4897525e-01   1.3325718e-02   4.5896330e-01   3.4628104e-01   8.4663480e-01   1.0000000e+00   8.7338339e-03
   1.7473613e-01   4.2507569e-01   1.0164193e-02   2.6391324e-03   3.0337505e-03   1.3615191e-02   2.1696930e-03   2.7067276e-03   1.0916719e-02   0.0000000e+00   7.5617942e-01   5.9626958e-01   2.7115969e-01   1.0000000e+00   8.7136332e-03
   2.8518031e-01   4.2792740e-01   7.7258775e-03   0.0000000e+00   0.0000000e+00   1.6298234e-02   3.0398226e-04   3.1005120e-04   0.0000000e+00   4.3087462e-03   7.0550092e-01   5.6145155e-01   4.3327692e-01   1.0000000e+00   8.6748693e-03
   1.3696518e-01   2.0774635e-01   1.0148222e-02   3.5216904e-03   1.0371110e-02   3.0924653e-02   7.3643666e-03   3.7158010e-03   2.2681453e-02   1.6173816e-02   9.2726075e-01   3.1380943e-01   2.1392047e-01   1.0000000e+00   8.6691882e-03
   4.6882468e-01   5.9913001e-01   2.0074927e-03   3.9454901e-04   1.5966130e-02   2.2020039e-02   8.5318475e-02   3.4932888e-04   0.0000000e+00   4.6744107e-02   4.4074636e-01   6.0489523e-01   6.7850227e-01   1.0000000e+00   8.6547479e-03
   6.9517003e-02   5.8240502e-01   3.2929736e-02   1.6208440e-03   1.7400282e-02   1.4693167e-02   6.0975222e-03   2.3889825e-03   1.2363189e-02   2.0819561e-02   6.0763988e-01   7.8950531e-01   1.0922372e-01   1.0000000e+00   8.6521812e-03
   5.4629253e-01   3.6961031e-01   0.0000000e+00   1.1443746e-02   1.6552124e-02   2.6031539e-02   5.7496755e-03   1.6080103e-02   1.2864316e-01   1.5880062e-02   5.5666210e-01   3.6517107e-01   7.7036265e-01   1.0000000e+00   8.6470846e-03
   2.7626881e-01   9.0456130e-01   9.2511558e-02   3.9154572e-02   1.0202603e-02   9.8476991e-03   1.6353628e-02   1.6800342e-03   7.5863939e-05   2.1287662e-02   1.3700255e-01   9.0701321e-01   4.2510074e-01   1.0000000e+00   8.6410904e-03
   5.3860484e-02   7.3004432e-01   1.5098520e-02   0.0000000e+00   1.8261400e-02   2.3494188e-02   0.0000000e+00   5.6376965e-03   2.2547645e-02   3.1157471e-03   4.1066117e-01   9.0968251e-01   8.4643512e-02   1.0000000e+00   8.6339287e-03
   6.4636709e-01   1.0761178e-01   9.9640785e-03   3.9939488e-04   8.4924336e-03   1.6463368e-02   3.6744146e-02   4.9901876e-03   2.5457825e-02   1.4029990e-02   5.2122359e-01   8.8954509e-02   8.5190687e-01   1.0000000e+00   8.6057731e-03
   6.2216834e-01   9.1395426e-01   1.3875141e-02   0.0000000e+00   0.0000000e+00   4.6651216e-03   0.0000000e+00   3.6529298e-02   1.0306396e-02   8.5191300e-03   7.5490421e-02   5.5511975e-01   8.3042229e-01   1.0000000e+00   8.5633660e-03
   8.1376794e-01   8.2414901e-01   2.8134947e-03   0.0000000e+00   7.2172259e-03   7.0457385e-03   0.0000000e+00   7.3372721e-04   0.0000000e+00   6.6257787e-05   7.8657113e-02   2.7747679e-01   9.5762210e-01   1.0000000e+00   8.5467239e-03
   7.1788214e-01   6.1329686e-01   0.0000000e+00   1.5288977e-02   0.0000000e+00   1.9236585e-02   1.2119749e-02   5.3441547e-04   9.2579793e-03   0.0000000e+00   2.4493952e-01   3.5237870e-01   9.0416146e-01   1.0000000e+00   8.5402883e-03
   4.8335618e-01   6.6777710e-01   6.3621919e-03   0.0000000e+00   0.0000000e+00   3.1827865e-02   3.3710353e-02   2.8929235e-03   0.0000000e+00   4.6727107e-02   3.6316291e-01   6.3155809e-01   6.9139686e-01   1.0000000e+00   8.5347451e-03
   1.1441406e-01   2.6765245e-01   7.1930485e-03   3.0102671e-03   9.4590288e-03   3.3567728e-02   7.7053287e-03   3.5025666e-03   2.4149398e-02   1.7731269e-02   9.0022840e-01   4.0247896e-01   1.7915679e-01   1.0000000e+00   8.5242925e-03
   1.7321884e-01   0.0000000e+00   2.0426641e-02   9.5810836e-03   1.1194986e-02   1.3743227e-02   4.0710511e-02   0.0000000e+00   8.3181962e-03   6.6730983e-03   9.6570979e-01   0.0000000e+00   2.6944381e-01   1.0000000e+00   8.5110597e-03
   7.2233474e-01   9.6247528e-01   6.9059591e-03   1.6588186e-02   1.0152591e-02   3.8097619e-02   1.0412462e-02   2.1651819e-03   5.4248658e-03   3.1669373e-03   2.4937339e-02   4.2258048e-01   9.0822236e-01   1.0000000e+00   8.4846573e-03
   1.8465980e-01   6.2510933e-01   1.1558054e-03   0.0000000e+00   0.0000000e+00   0.0000000e+00   8.9374754e-02   0.0000000e+00   7.0368498e-02   8.1549922e-04   5.3911276e-01   8.0713931e-01   2.8971399e-01   1.0000000e+00   8.4570338e-03
   3.9604150e-01   6.9839987e-01   1.6176397e-02   1.6478533e-04   1.0654539e-02   9.8193935e-03   1.7218003e-04   0.0000000e+00   5.0713670e-02   1.9599629e-03   3.7188683e-01   7.2535608e-01   5.8451930e-01   1.0000000e+00   8.4440438e-03
   2.7650805e-01   9.4121728e-01   8.6065271e-02   4.7167657e-02   9.0050513e-03   9.7698891e-03   1.5196149e-02   1.6903615e-03   0.0000000e+00   1.7066267e-02   8.4507577e-02   9.1261869e-01   4.2515829e-01   1.0000000e+00   8.4433445e-03
   5.6926483e-02   2.2897754e-01   1.0264314e-02   3.4978038e-03   9.8143903e-03   3.0564208e-02   7.1224440e-03   3.5762834e-03   2.0933101e-02   1.7007293e-02   9.3407861e-01   3.5124552e-01   8.9473951e-02   1.0000000e+00   8.4114803e-03
   1.6166754e-01   1.4332711e-01   0.0000000e+00   5.8914350e-03   9.9598782e-03   2.0973350e-02   7.1461984e-03   5.0556943e-03   1.5378549e-02   6.1706566e-03   9.4437391e-01   2.1628079e-01   2.5145849e-01   1.0000000e+00   8.3881902e-03
   4.5270856e-01   1.6848430e-01   1.5318467e-02   5.1856067e-02   2.5679678e-02   8.6928621e-03   0.0000000e+00   1.7499298e-03   2.9526831e-02   2.2605050e-03   7.3457626e-01   1.9907874e-01   6.5563971e-01   1.0000000e+00   8.3810447e-03
   2.3685256e-01   8.2607566e-01   3.0543200e-02   0.0000000e+00   2.0878968e-02   3.9084386e-02   1.7435691e-02   4.8254331e-03   1.0060260e-02   2.2794580e-05   2.5219030e-01   9.0001751e-01   3.6473196e-01   1.0000000e+00   8.3752519e-03
   5.6778209e-01   6.6958918e-01   1.6408778e-02   2.2754044e-03   1.6077209e-02   0.0000000e+00   4.4100103e-02   0.0000000e+00   3.0394490e-03   2.3275229e-02   3.1242243e-01   5.4691447e-01   7.8060448e-01   1.0000000e+00   8.3712107e-03
   4.3019340e-01   1.5567390e-01   3.7238777e-03   1.1478497e-02   1.8507134e-02   3.3412796e-02   5.4011136e-03   5.4123600e-03   4.5440129e-02   0.0000000e+00   7.5985092e-01   1.8960215e-01   6.2781140e-01   1.0000000e+00   8.3706909e-03
   5.5790223e-01   1.7404506e-02   6.4856631e-02   7.8223631e-03   1.0639932e-02   1.8130643e-03   1.9657101e-02   2.6925849e-02   2.6470223e-04   4.3010960e-04   6.4323608e-01   1.7589771e-02   7.7263160e-01   1.0000000e+00   8.3546382e-03
   4.2674588e-01   6.7062751e-01   2.1060440e-02   4.5824749e-04   1.4013627e-02   1.6097564e-02   4.1252025e-02   4.6317163e-03   0.0000000e+00   1.9512210e-02   3.8874227e-01   6.8310139e-01   6.2311100e-01   1.0000000e+00   8.3495063e-03
   0.0000000e+00   6.9168192e-01   2.3033735e-03   2.2502277e-03   4.8910446e-03   3.4328595e-02   1.9177564e-03   1.0743661e-03   1.2237115e-02   3.8783405e-03   4.6623694e-01   8.8622218e-01   0.0000000e+00   1.0000000e+00   8.3118195e-03
   1.7128616e-01   7.0789188e-01   4.9401532e-04   0.0000000e+00   6.2858761e-03   0.0000000e+00   4.0111054e-03   5.1571996e-04   6.2707501e-03   1.3763497e-02   4.2709725e-01   8.6455571e-01   2.6589693e-01   1.0000000e+00   8.3109415e-03
   7.0784109e-01   9.3606635e-01   9.1661374e-03   4.5309142e-04   7.5668187e-03   1.2402798e-02   3.5067345e-03   9.6219300e-05   1.5279627e-02   5.7931858e-03   4.4438022e-02   4.4100333e-01   8.9704567e-01   1.0000000e+00   8.3089733e-03
   2.4986979e-01   7.7947506e-01   4.8511605e-02   0.0000000e+00   2.5300761e-02   3.9927829e-03   6.3934161e-02   4.1261951e-03   3.6524260e-02   1.0751141e-02   3.1638264e-01   8.7651821e-01   3.8577002e-01   1.0000000e+00   8.3086270e-03
   2.9570313e-01   9.7717927e-01   8.0451115e-02   3.8308709e-02   9.8630887e-03   1.4315887e-02   1.3150435e-02   5.4022527e-04   1.0590256e-03   6.2150985e-03   3.2312824e-02   9.0103052e-01   4.5175397e-01   1.0000000e+00   8.3022295e-03
   2.8041798e-01   7.9343042e-01   0.0000000e+00   2.5849984e-04   4.7278439e-02   4.1623657e-02   1.5647501e-02   1.2627455e-02   0.0000000e+00   5.9172981e-03   2.8965399e-01   8.6112381e-01   4.2825238e-01   1.0000000e+00   8.2734350e-03
   3.5560297e-02   6.6597320e-02   0.0000000e+00   4.1400987e-03   0.0000000e+00   4.2508703e-03   0.0000000e+00   1.5236976e-03   9.8969834e-03   6.9522249e-04   9.9311716e-01   1.0427145e-01   5.5836532e-02   1.0000000e+00   8.2707975e-03
   3.7547574e-01   4.7574665e-01   0.0000000e+00   1.2087891e-03   1.9265450e-04   1.9730868e-02   1.0764277e-04   7.1964614e-03   4.2890463e-02   3.2144396e-02   6.1162087e-01   5.6670826e-01   5.5803546e-01   1.0000000e+00   8.2458537e-03
   6.4292026e-01   1.2940293e-01   0.0000000e+00   2.6481907e-02   2.7440068e-02   4.7425567e-02   1.2765673e-02   0.0000000e+00   2.7253246e-03   0.0000000e+00   5.2301492e-01   1.0779973e-01   8.5005721e-01   1.0000000e+00   8.2438399e-03
   7.9842962e-02   4.8303452e-01   4.8042009e-03   0.0000000e+00   4.9391377e-03   2.2551709e-02   9.5305452e-04   3.3409869e-03   2.3541381e-03   3.9559544e-02   7.2153727e-01   6.8406993e-01   1.2535602e-01   1.0000000e+00   8.2189561e-03
   3.6517445e-01   7.1273064e-01   1.8323942e-02   8.1463633e-03   9.4895963e-03   2.3322361e-02   0.0000000e+00   2.6237178e-05   2.5828918e-02   2.0898174e-02   3.6706974e-01   7.5748927e-01   5.4383303e-01   1.0000000e+00   8.2086457e-03
   1.5959385e-02   4.8463948e-01   2.9864876e-02   2.0050352e-02   0.0000000e+00   2.3728796e-02   7.0475089e-03   5.4899240e-03   1.2381847e-03   3.4558918e-03   7.2514455e-01   6.9096956e-01   2.5115203e-02   1.0000000e+00   8.2042711e-03
   2.6515516e-01   3.8013054e-01   4.3862182e-06   1.1726975e-01   5.3615223e-03   4.7962046e-02   5.2951416e-02   6.5863881e-03   4.3144699e-02   0.0000000e+00   7.7198965e-01   5.2487506e-01   4.1297744e-01   1.0000000e+00   8.2024074e-03
   4.7358280e-01   7.3708220e-01   1.6644356e-02   0.0000000e+00   1.3300948e-02   1.5410264e-02   4.2521562e-02   4.6961872e-03   0.0000000e+00   1.8401981e-02   2.9617079e-01   6.7589423e-01   6.7910119e-01   1.0000000e+00   8.1892280e-03
   4.7542385e-01   7.0938856e-01   0.0000000e+00   6.1233534e-03   4.2922712e-02   6.1714589e-02   2.9629346e-02   8.2760520e-03   1.3909476e-02   7.1182544e-03   3.2571649e-01   6.6325690e-01   6.8396238e-01   1.0000000e+00   8.1702824e-03
   4.0678530e-01   7.3083295e-01   2.3273921e-02   1.1153479e-03   1.3316794e-02   1.4583222e-02   1.2949109e-04   0.0000000e+00   3.1201575e-02   3.7148674e-04   3.2999568e-01   7.3341645e-01   5.9751153e-01   1.0000000e+00   8.1552177e-03
   5.1809670e-01   4.6085687e-03   5.4340604e-02   8.3415461e-03   1.1892494e-02   1.2222811e-03   2.9805240e-02   1.2446736e-02   1.1968945e-03   0.0000000e+00   6.8959655e-01   4.9921613e-03   7.2997920e-01   1.0000000e+00   8.1541305e-03
   5.5010195e-01   6.2829035e-01   9.4375559e-03   2.8877770e-03   1.5127637e-02   2.8731518e-02   3.2176221e-02   0.0000000e+00   7.3682336e-04   1.7908196e-02   3.5884896e-01   5.4311123e-01   7.6241755e-01   1.0000000e+00   8.1207028e-03
   1.8495301e-01   2.7334907e-01   2.2367168e-02   1.0106237e-02   8.9804229e-03   1.3819841e-02   5.1742069e-02   1.2948867e-04   7.5706176e-03   9.7451605e-03   8.7435014e-01   4.0033489e-01   2.8751475e-01   1.0000000e+00   8.1176812e-03
   9.4259792e-02   5.2556404e-01   1.3199093e-02   1.8921259e-02   1.4282019e-02   1.1603457e-02   1.4823756e-02   1.3162074e-03   0.0000000e+00   1.0110356e-02   6.7153125e-01   7.2775090e-01   1.4769876e-01   1.0000000e+00   8.1095856e-03
   1.4194391e-01   1.9022373e-01   7.7954068e-04   1.7153259e-04   7.6543979e-03   0.0000000e+00   3.0017376e-03   4.4220066e-03   5.2119255e-03   0.0000000e+00   9.3213973e-01   2.8712226e-01   2.2114759e-01   1.0000000e+00   8.1030668e-03
   2.9428663e-01   3.0622118e-01   9.8832333e-03   7.0426527e-03   1.2867278e-02   4.6964209e-02   8.1041556e-03   6.5688537e-03   1.8234134e-02   2.2562573e-02   7.9623449e-01   4.1555213e-01   4.4752298e-01   1.0000000e+00   8.0947053e-03
   3.1553583e-01   3.9361408e-01   0.0000000e+00   1.2649874e-01   4.8530349e-03   7.1339400e-02   3.1932982e-02   9.0806374e-03   3.8093610e-02   2.7309543e-03   7.3378417e-01   5.2196045e-01   4.8685697e-01   1.0000000e+00   8.0926322e-03
