   0.0000000e+00   0.0000000e+00   0.0000000e+00   0.0000000e+00   0.0000000e+00   0.0000000e+00   0.0000000e+00   0.0000000e+00   0.0000000e+00   0.0000000e+00   1.0000000e+00   0.0000000e+00   0.0000000e+00   1.0000000e+00             Inf
   1.0000000e+00   1.0000000e+00   0.0000000e+00   0.0000000e+00   0.0000000e+00   1.2188566e-05   0.0000000e+00   0.0000000e+00   0.0000000e+00   0.0000000e+00   3.7493995e-33   6.1232340e-17   1.0000000e+00   1.0000000e+00             Inf
   0.0000000e+00   0.0000000e+00   0.0000000e+00   0.0000000e+00   0.0000000e+00   0.0000000e+00   0.0000000e+00   0.0000000e+00   0.0000000e+00   0.0000000e+00   1.0000000e+00   0.0000000e+00   0.0000000e+00   1.0000000e+00             Inf
   0.0000000e+00   1.0000000e+00   0.0000000e+00   0.0000000e+00   4.0090860e-04   0.0000000e+00   1.1767529e-04   7.3436720e-06   0.0000000e+00   0.0000000e+00   6.1232351e-17   1.0000002e+00   0.0000000e+00   1.0000000e+00             Inf
   8.4565936e-01   0.0000000e+00   7.4832453e-02   3.4152995e-01   0.0000000e+00   1.5334139e-01   0.0000000e+00   1.5345527e-01   0.0000000e+00   2.9491866e-02   2.8092350e-01   0.0000000e+00   1.1359535e+00   1.0000000e+00             Inf
   1.0000000e+00   6.0805619e-01   7.1137812e-03   7.7402924e-03   0.0000000e+00   7.9641908e-03   1.5395606e-02   1.5271513e-03   1.1877931e-01   1.1152039e-01   3.6315019e-17   5.1337132e-17   1.0269586e+00   1.0000000e+00   1.0439861e-01
   6.1675975e-01   8.8086009e-01   5.5907432e-03   1.7233196e-02   2.9942475e-03   6.9673538e-03   9.9456019e-03   9.8983633e-03   3.7703526e-03   2.0266190e-03   1.0542307e-01   5.5673248e-01   8.2470432e-01   1.0000000e+00   2.0874900e-02
   1.0000000e+00   5.6921979e-01   6.9279351e-03   1.6183327e-02   0.0000000e+00   1.2845019e-02   1.7631206e-02   7.1610593e-04   9.5690587e-02   8.6131096e-02   3.9009311e-17   4.8569474e-17   1.0173615e+00   1.0000000e+00   2.0698342e-02
   9.1124433e-01   9.5865735e-01   1.0986492e-02   3.6386201e-02   7.7461673e-04   1.2653174e-02   5.4038234e-04   0.0000000e+00   0.0000000e+00   1.0948419e-02   9.0337858e-03   1.3891223e-01   9.9200595e-01   1.0000000e+00   1.9256827e-02
   1.4250811e-01   4.3192352e-01   5.8849685e-03   3.0063733e-02   0.0000000e+00   2.7971149e-02   3.2085734e-03   2.1838759e-03   0.0000000e+00   3.8079708e-02   7.6153152e-01   6.1388874e-01   2.2269364e-01   1.0000000e+00   1.9130431e-02
   1.9841687e-01   5.1504631e-01   2.7092186e-04   3.6247969e-03   6.1381220e-05   1.4716931e-02   4.1858740e-03   8.5725497e-03   1.1199925e-02   3.0975810e-03   6.5724571e-01   6.8907141e-01   3.0679076e-01   1.0000000e+00   1.8402618e-02
   5.2124025e-01   2.4984291e-02   1.3943725e-02   5.2830676e-03   1.1348603e-02   1.9863160e-02   0.0000000e+00   1.2563354e-02   7.8004105e-02   2.7940034e-02   6.8790262e-01   2.7010767e-02   7.3597442e-01   1.0000000e+00   1.8340863e-02
   4.7991845e-01   1.7875111e-01   2.0806349e-02   5.6701491e-03   2.5654468e-02   3.7122986e-02   0.0000000e+00   2.6245290e-02   8.5885370e-02   1.0053876e-02   7.0797850e-01   2.0418152e-01   6.9175514e-01   1.0000000e+00   1.7832878e-02
   5.5860147e-01   2.4456192e-01   1.0808736e-02   3.6292306e-03   9.0642167e-04   2.8448627e-02   3.0148669e-05   1.0258093e-02   3.9136755e-02   0.0000000e+00   5.9406002e-01   2.4014335e-01   7.7109314e-01   1.0000000e+00   1.7510608e-02
   7.7647292e-01   6.2880355e-01   1.6530161e-04   3.1477849e-02   4.2558332e-03   5.9541781e-03   2.3092248e-02   3.6417904e-03   6.7321960e-03   0.0000000e+00   1.8968372e-01   2.8758657e-01   9.4052607e-01   1.0000000e+00   1.7412166e-02
   5.5041576e-01   4.5732921e-01   2.9404374e-02   1.9299918e-03   5.2473376e-03   8.5549667e-03   1.3733467e-02   5.8033482e-03   3.9376371e-03   2.1169441e-02   4.8939031e-01   4.2782010e-01   7.6208912e-01   1.0000000e+00   1.6723485e-02
   2.2088865e-01   5.1605235e-01   1.3936248e-03   1.4113162e-02   2.4060635e-03   1.5435155e-02   9.5412538e-03   2.2210166e-03   2.8010451e-03   1.5642457e-02   6.4850570e-01   6.8206307e-01   3.4032083e-01   1.0000000e+00   1.6659777e-02
   6.7858611e-01   5.3546451e-02   0.0000000e+00   8.6714242e-03   1.1259423e-02   7.8264863e-02   3.9881315e-03   1.6643595e-02   4.9158755e-02   1.0361624e-03   4.8634490e-01   4.1003486e-02   8.8314489e-01   1.0000000e+00   1.5918315e-02
   2.7834546e-01   5.8777788e-01   9.1129531e-06   3.1079214e-03   0.0000000e+00   2.5767333e-02   0.0000000e+00   3.6238385e-03   1.8350013e-02   4.2397149e-03   5.4703355e-01   7.2330826e-01   4.2386724e-01   1.0000000e+00   1.5790181e-02
   5.2411367e-01   1.2362277e-01   1.2101920e-02   5.9762227e-03   0.0000000e+00   1.8533952e-02   1.9661273e-04   1.3853271e-02   5.3443285e-02   3.5666479e-02   6.7027765e-01   1.3181974e-01   7.3693062e-01   1.0000000e+00   1.5718374e-02
   1.7639614e-01   7.9264237e-01   7.2930063e-03   0.0000000e+00   6.6987868e-03   0.0000000e+00   1.1677620e-02   1.4976406e-03   1.1634551e-02   4.3452930e-03   3.0790302e-01   9.1164100e-01   2.7365745e-01   1.0000000e+00   1.5416165e-02
   5.0117714e-01   1.6744497e-01   1.2500989e-02   6.5266927e-03   4.8710158e-04   1.4347032e-02   6.6763621e-04   1.4360448e-02   4.8985313e-02   2.0555342e-02   6.8386493e-01   1.8413743e-01   7.1084552e-01   1.0000000e+00   1.5047841e-02
   2.3927283e-01   5.0487814e-01   5.9768930e-03   4.0439868e-02   1.1408877e-03   2.3303475e-02   1.0823760e-03   4.6198128e-03   5.3042486e-04   2.5846425e-02   6.5458577e-01   6.6469504e-01   3.6812907e-01   1.0000000e+00   1.4980337e-02
   2.3745932e-01   5.4232424e-01   0.0000000e+00   4.0232805e-02   1.2828459e-03   2.3000119e-02   1.0615498e-03   6.6803609e-03   1.6238348e-02   2.6100002e-02   6.1521021e-01   7.0297623e-01   3.6555523e-01   1.0000000e+00   1.4965857e-02
   3.8818509e-01   6.0756812e-01   1.3997303e-02   1.9418911e-02   1.0050623e-04   2.0910937e-02   1.0020210e-02   4.5541856e-04   0.0000000e+00   3.0286221e-02   4.7490093e-01   6.7025848e-01   5.7383196e-01   1.0000000e+00   1.4887698e-02
   9.3431417e-01   7.9368288e-01   1.3586481e-02   3.5699151e-02   8.0410601e-03   1.8503566e-02   2.7506329e-05   4.9922613e-03   0.0000000e+00   5.7349523e-03   3.2861058e-02   9.7822302e-02   9.9659540e-01   1.0000000e+00   1.4860999e-02
   1.2676597e-01   3.4769946e-01   0.0000000e+00   0.0000000e+00   8.3715351e-02   0.0000000e+00   0.0000000e+00   0.0000000e+00   0.0000000e+00   0.0000000e+00   8.4350803e-01   5.1271880e-01   1.9919656e-01   1.0000000e+00   1.4842488e-02
   4.6366132e-01   7.1956181e-02   1.2497201e-02   7.7400122e-03   0.0000000e+00   1.5971382e-02   9.7905717e-05   1.4831775e-02   5.2260419e-02   2.1081798e-02   7.4440063e-01   8.4498634e-02   6.6818871e-01   1.0000000e+00   1.4707342e-02
   4.7002455e-01   2.3098283e-01   2.0215037e-04   4.1971922e-03   3.6931270e-03   8.2742564e-03   4.5183967e-03   2.3328611e-04   1.6724294e-02   4.4714265e-02   6.9311379e-01   2.6312943e-01   6.7465586e-01   1.0000000e+00   1.4704129e-02
   3.8140216e-01   3.0938884e-02   2.9647536e-02   1.4291683e-03   2.3447501e-04   1.1602864e-02   5.9224850e-03   1.0055894e-02   3.8592091e-02   3.2231138e-03   8.2705276e-01   4.0225350e-02   5.6539894e-01   1.0000000e+00   1.4633739e-02
   6.6606964e-01   9.1147854e-01   0.0000000e+00   0.0000000e+00   3.9542935e-04   5.1390265e-04   0.0000000e+00   4.5492328e-05   4.5029004e-03   9.3915392e-05   6.9414747e-02   4.9598849e-01   8.6557404e-01   1.0000000e+00   1.4536070e-02
   9.1523618e-02   9.2084592e-01   4.5293819e-02   0.0000000e+00   2.8938593e-02   2.5760237e-02   3.6778648e-03   1.9342287e-02   2.6614400e-02   2.6420735e-03   1.2330685e-01   9.8661553e-01   1.4393724e-01   1.0000000e+00   1.4399884e-02
   4.9246992e-01   2.7954081e-01   0.0000000e+00   2.2420426e-03   2.9227144e-03   1.1047365e-02   3.7617092e-03   0.0000000e+00   2.1783853e-02   3.7142314e-02   6.4884936e-01   3.0475388e-01   7.0009378e-01   1.0000000e+00   1.4190416e-02
   7.9402916e-01   5.5078416e-01   9.2449214e-03   6.2160013e-04   0.0000000e+00   1.1866759e-02   5.1711903e-05   7.5662357e-03   9.6806176e-03   6.8917945e-03   2.0626432e-01   2.4210773e-01   9.4851955e-01   1.0000000e+00   1.4139244e-02
   2.8891354e-01   5.5160413e-01   1.0604251e-01   9.3905323e-04   2.2002526e-05   3.8079116e-02   1.4399857e-03   2.4571223e-03   0.0000000e+00   1.5110530e-02   5.8951150e-01   6.9376151e-01   4.4407557e-01   1.0000000e+00   1.4060480e-02
   1.0000000e+00   4.2912074e-02   1.9553588e-02   5.9485295e-03   1.3327538e-04   1.8128853e-02   0.0000000e+00   1.3783823e-02   4.5644898e-02   2.0649927e-02   6.1303829e-17   4.1385236e-18   1.0034463e+00   1.0000000e+00   1.3776749e-02
   6.9078181e-02   8.6540602e-02   8.9317791e-04   0.0000000e+00   8.8976334e-04   3.0261724e-03   0.0000000e+00   1.4834635e-02   4.1023996e-03   2.0627071e-03   9.8519587e-01   1.3475630e-01   1.0832223e-01   1.0000000e+00   1.3670800e-02
   5.0891213e-01   3.9390680e-01   2.3614017e-02   1.8499297e-02   4.9663605e-04   9.6350842e-03   4.6874767e-03   5.9811105e-03   1.3231374e-02   8.5206413e-03   5.6863063e-01   4.0487617e-01   7.1786689e-01   1.0000000e+00   1.3662480e-02
   3.9702561e-01   5.6037733e-01   1.4121952e-03   4.4939296e-03   0.0000000e+00   2.3000033e-02   5.1094936e-03   9.3573791e-03   3.1935181e-02   0.0000000e+00   5.1793201e-01   6.2682832e-01   5.8498287e-01   1.0000000e+00   1.3601985e-02
   3.2482558e-01   6.2827681e-01   2.4335205e-03   0.0000000e+00   8.5537506e-04   1.9394082e-03   9.2226610e-03   4.3099381e-03   5.7097819e-04   0.0000000e+00   4.8112115e-01   7.2813425e-01   4.8843804e-01   1.0000000e+00   1.3568450e-02
   6.5230826e-01   4.1730241e-01   1.1162597e-03   1.0641223e-02   1.0708056e-02   4.9722923e-02   1.8103023e-03   1.9845092e-02   4.8153306e-02   1.0962329e-03   4.1398576e-01   3.1831978e-01   8.5915935e-01   1.0000000e+00   1.3559170e-02
   6.1079093e-01   9.9640531e-01   3.9305621e-03   6.0548271e-03   3.5985986e-03   8.7554843e-03   1.1811470e-02   0.0000000e+00   1.0920012e-03   2.0123294e-03   3.2419553e-03   5.7414362e-01   8.1909805e-01   1.0000000e+00   1.3512064e-02
   5.7956975e-01   4.5482002e-01   1.1578963e-02   3.9825458e-03   9.0301801e-04   3.0039048e-02   1.1777155e-03   1.0910938e-02   4.1246839e-02   0.0000000e+00   4.6476672e-01   4.0307374e-01   7.9201097e-01   1.0000000e+00   1.3423369e-02
   2.9232451e-01   7.0995422e-01   6.0750188e-03   0.0000000e+00   9.8650656e-03   3.4359884e-02   1.0780484e-01   4.4162930e-02   6.1792993e-03   1.6287629e-02   4.0041761e-01   8.1720527e-01   4.4994791e-01   1.0000000e+00   1.3368852e-02
   8.8156603e-01   8.3437694e-01   4.2098290e-04   3.1652103e-02   3.7930526e-03   5.8639817e-03   2.1006213e-02   3.0183276e-03   8.7042119e-03   0.0000000e+00   4.7654400e-02   1.7902200e-01   9.8429495e-01   1.0000000e+00   1.3366288e-02
   3.7308873e-01   3.8966037e-02   2.5533647e-02   3.7152188e-03   9.6905796e-03   1.3869641e-02   6.8170937e-03   1.2504102e-02   5.2256374e-02   0.0000000e+00   8.3480483e-01   5.1160395e-02   5.5522050e-01   1.0000000e+00   1.3365866e-02
   6.4174430e-02   5.7110060e-01   4.8245725e-05   7.2410184e-03   0.0000000e+00   1.4108349e-02   8.2370938e-04   1.0378942e-02   3.3183737e-03   7.0037312e-03   6.2098597e-01   7.7786935e-01   1.0067658e-01   1.0000000e+00   1.3334104e-02
   2.8668751e-01   5.3897819e-01   1.3743469e-03   1.2581243e-02   8.6077770e-04   1.8030877e-02   1.0455984e-02   8.0458744e-03   4.2098651e-06   1.6191831e-02   5.9701533e-01   6.7499385e-01   4.3566200e-01   1.0000000e+00   1.3314214e-02
   1.9301016e-01   5.9063521e-01   5.0138160e-03   6.9302451e-03   7.2966892e-03   1.9807304e-02   2.8157431e-02   1.1513723e-02   1.7723673e-03   7.8682916e-02   5.7664566e-01   7.6961804e-01   3.0083680e-01   1.0000000e+00   1.3302153e-02
   7.6586417e-01   4.4253748e-01   2.0877292e-02   2.3774088e-03   3.0564772e-04   2.5551981e-02   3.9658456e-03   1.1444383e-02   1.9697726e-02   2.3824040e-04   2.7656798e-01   2.3065988e-01   9.3464826e-01   1.0000000e+00   1.3243810e-02
   1.4288674e-01   6.5165599e-01   1.1651581e-02   2.5030026e-06   1.3127216e-03   8.9857030e-03   0.0000000e+00   1.3117010e-02   1.1944060e-02   6.2076441e-03   5.0751890e-01   8.3305190e-01   2.2269345e-01   1.0000000e+00   1.3210671e-02
   2.8512430e-01   6.0121431e-01   0.0000000e+00   3.0382573e-03   0.0000000e+00   2.6009850e-02   0.0000000e+00   3.1767775e-03   1.8457471e-02   3.7513726e-03   5.2897557e-01   7.3100054e-01   4.3350354e-01   1.0000000e+00   1.3203318e-02
   4.6534746e-01   3.9546995e-01   1.1348354e-03   6.3662726e-03   2.0704656e-02   1.2103200e-02   3.6739489e-02   1.7397905e-02   1.9959339e-02   5.9617701e-02   6.0920311e-01   4.3602269e-01   6.7174304e-01   1.0000000e+00   1.3170290e-02
   1.9234105e-01   5.3245654e-01   0.0000000e+00   1.2269644e-02   0.0000000e+00   2.1076053e-02   8.6910929e-03   0.0000000e+00   2.7471778e-03   1.5132787e-02   6.4037925e-01   7.0924637e-01   2.9782291e-01   1.0000000e+00   1.3112947e-02
   1.5000726e-01   8.5500515e-01   4.7868130e-03   6.3302708e-04   0.0000000e+00   8.0082660e-03   0.0000000e+00   3.0813275e-04   3.0987095e-02   0.0000000e+00   2.1978413e-01   9.4824856e-01   2.3370105e-01   1.0000000e+00   1.3098711e-02
   1.3401571e-01   3.8909889e-01   0.0000000e+00   0.0000000e+00   8.6759613e-04   3.4365090e-03   5.9061438e-03   0.0000000e+00   4.0156826e-03   7.3702482e-04   8.0093487e-01   5.6121447e-01   2.0897342e-01   1.0000000e+00   1.2946668e-02
   2.5530125e-01   2.6214356e-01   1.3611379e-02   2.7451573e-02   1.0536926e-03   2.4093435e-02   5.0293419e-03   1.0756291e-03   0.0000000e+00   2.0414760e-02   8.4536160e-01   3.6920501e-01   3.9112994e-01   1.0000000e+00   1.2940980e-02
   5.3840404e-01   7.3858720e-02   2.8141045e-02   2.5855486e-03   5.6935878e-03   8.4427835e-03   1.3680586e-02   5.3233594e-03   3.9568494e-03   1.8457716e-02   6.5970308e-01   7.6882029e-02   7.4955417e-01   1.0000000e+00   1.2873213e-02
   2.6269010e-01   5.8734513e-01   6.1394385e-02   3.6218207e-03   2.1834780e-02   9.6563193e-02   5.5868104e-03   7.6917999e-03   2.8078951e-02   0.0000000e+00   5.6107491e-01   7.4082701e-01   4.0682214e-01   1.0000000e+00   1.2866180e-02
   2.2667228e-01   7.5233098e-01   1.8894285e-02   4.5590964e-03   0.0000000e+00   2.3032874e-03   7.9223191e-03   6.3432284e-03   2.5884096e-07   0.0000000e+00   3.5568091e-01   8.6766186e-01   3.4874974e-01   1.0000000e+00   1.2861614e-02
   2.0381929e-01   1.7727563e-01   1.3140781e-02   0.0000000e+00   2.4026907e-02   2.6493335e-02   0.0000000e+00   1.1245867e-02   5.1625963e-02   1.3340697e-02   9.1665697e-01   2.6206486e-01   3.1610864e-01   1.0000000e+00   1.2841768e-02
   5.1858501e-01   8.5833678e-02   1.0804908e-02   9.7113831e-04   0.0000000e+00   2.5606812e-02   0.0000000e+00   7.8971906e-03   3.3462991e-02   1.4487564e-02   6.8141077e-01   9.2433501e-02   7.2902054e-01   1.0000000e+00   1.2734605e-02
   7.3506054e-01   7.5852004e-01   1.0662663e-02   3.0170866e-02   9.0942166e-03   1.8493839e-02   0.0000000e+00   9.1198087e-03   0.0000000e+00   6.6538865e-03   1.4992611e-01   3.7611321e-01   9.1608722e-01   1.0000000e+00   1.2672558e-02
   0.0000000e+00   4.9655535e-01   9.7039226e-03   3.7639506e-02   0.0000000e+00   3.5754544e-02   4.4056478e-03   2.2134095e-03   0.0000000e+00   3.5355395e-02   7.1381136e-01   7.0612821e-01   0.0000000e+00   1.0000000e+00   1.2645110e-02
   6.1100126e-01   7.9899327e-01   1.7292816e-02   3.2805476e-02   4.2693881e-03   1.1158951e-02   0.0000000e+00   0.0000000e+00   0.0000000e+00   5.3856507e-03   1.7842677e-01   5.4620065e-01   8.2032013e-01   1.0000000e+00   1.2638695e-02
   5.8467024e-01   9.1826638e-01   2.9396862e-02   2.5840717e-02   0.0000000e+00   1.3920618e-02   1.6822642e-02   8.3525621e-03   0.0000000e+00   2.5455357e-02   7.7940879e-02   6.0373907e-01   7.9679651e-01   1.0000000e+00   1.2524297e-02
   8.1730747e-01   8.7883161e-01   8.5711263e-03   5.2097497e-02   0.0000000e+00   0.0000000e+00   3.1431659e-03   0.0000000e+00   4.8551442e-03   0.0000000e+00   5.3699553e-02   2.7872276e-01   9.6181083e-01   1.0000000e+00   1.2518995e-02
   3.5058562e-01   6.5610091e-01   0.0000000e+00   8.9463786e-03   7.2042750e-03   1.1615162e-02   4.2574883e-02   1.7033137e-02   2.0077500e-02   4.3073253e-02   4.4029684e-01   7.3420091e-01   5.2570443e-01   1.0000000e+00   1.2488782e-02
   6.5043609e-01   4.4531570e-01   4.4658310e-04   1.0725157e-02   9.8403580e-03   3.7960228e-02   4.5121365e-04   1.9905028e-02   4.1579340e-02   1.1770942e-03   4.0085952e-01   3.3729701e-01   8.5622194e-01   1.0000000e+00   1.2477692e-02
   3.6748634e-01   8.8368230e-01   1.0880860e-02   5.8071132e-03   1.7499892e-03   1.6274835e-02   1.2881505e-02   4.1674089e-02   1.9965677e-04   0.0000000e+00   1.5260964e-01   8.2593434e-01   5.4698597e-01   1.0000000e+00   1.2474374e-02
   5.7213972e-02   8.0081874e-02   0.0000000e+00   4.4888024e-04   4.4308971e-05   0.0000000e+00   3.1096022e-04   0.0000000e+00   5.4223860e-04   2.2514703e-03   9.8810033e-01   1.2495521e-01   8.9751073e-02   1.0000000e+00   1.2453945e-02
   4.2621303e-01   8.1366307e-01   1.9880224e-03   6.1333635e-03   1.5492321e-02   6.0702962e-03   1.5915337e-02   1.1200357e-02   1.2641482e-02   2.9815175e-02   2.2664638e-01   7.5209667e-01   6.2167269e-01   1.0000000e+00   1.2432260e-02
   6.2396229e-01   2.9341614e-01   1.1690386e-02   9.1302099e-03   3.0549758e-03   2.3084001e-02   1.5194531e-03   1.2467735e-02   4.2644668e-02   0.0000000e+00   5.0017791e-01   2.4837157e-01   8.3283745e-01   1.0000000e+00   1.2333577e-02
   4.3117627e-01   3.5040734e-01   0.0000000e+00   0.0000000e+00   0.0000000e+00   6.6945852e-03   3.6604315e-03   5.3525856e-03   2.3606542e-02   0.0000000e+00   6.6460733e-01   4.0785706e-01   6.2708724e-01   1.0000000e+00   1.2290666e-02
   1.8684955e-01   4.0347623e-01   0.0000000e+00   1.1314546e-02   2.7554511e-03   0.0000000e+00   4.7726197e-03   1.0053493e-02   0.0000000e+00   1.0482446e-02   7.7162158e-01   5.6707910e-01   2.8941365e-01   1.0000000e+00   1.2243725e-02
   1.9386206e-01   4.2759734e-01   5.9888419e-03   2.3305981e-02   1.0691425e-03   2.1806752e-02   2.9096547e-03   2.6859181e-03   0.0000000e+00   3.6584922e-02   7.4856953e-01   5.9509276e-01   3.0055576e-01   1.0000000e+00   1.2161586e-02
   3.0702010e-01   5.2333749e-02   2.6519003e-02   1.5268766e-03   1.1915542e-02   1.5080771e-02   4.9708942e-03   1.3862017e-02   6.2831186e-02   0.0000000e+00   8.8758075e-01   7.3128967e-02   4.6621804e-01   1.0000000e+00   1.1976857e-02
   2.3602304e-01   6.7724818e-01   8.6293483e-03   7.5694673e-05   2.8128229e-03   1.1458472e-03   1.0156792e-04   1.4815036e-03   0.0000000e+00   0.0000000e+00   4.5258756e-01   8.1489010e-01   3.6234022e-01   1.0000000e+00   1.1962234e-02
   4.1173813e-01   3.5276095e-01   5.5236478e-03   3.0029682e-02   6.6626463e-04   2.8603263e-02   7.4904020e-04   3.9405302e-03   0.0000000e+00   3.4198068e-02   6.8062100e-01   4.2115617e-01   6.0437085e-01   1.0000000e+00   1.1956948e-02
   4.5510832e-01   2.9855226e-03   2.8123279e-02   4.5000309e-03   4.3266745e-04   5.2935700e-03   7.3336222e-03   1.0164765e-02   4.2443390e-02   1.1456308e-03   7.5727586e-01   3.5513832e-03   6.5736365e-01   1.0000000e+00   1.1880948e-02
   3.9591148e-01   3.4891332e-01   9.3300581e-03   1.0445029e-02   1.8763867e-03   1.4292285e-03   4.8350419e-03   3.3737273e-04   9.7654625e-04   1.2518294e-02   6.9399425e-01   4.2365246e-01   5.8280052e-01   1.0000000e+00   1.1860609e-02
   1.0286519e-01   8.1142351e-01   2.4594448e-04   0.0000000e+00   3.1402910e-03   9.5942702e-04   5.6730311e-04   0.0000000e+00   9.2583255e-03   1.2616659e-03   2.8812852e-01   9.4408265e-01   1.6089393e-01   1.0000000e+00   1.1836113e-02
   1.0997869e-01   6.5242105e-01   0.0000000e+00   0.0000000e+00   0.0000000e+00   1.7673845e-02   5.1613016e-03   6.6732418e-03   1.2004128e-02   0.0000000e+00   5.1179309e-01   8.4234430e-01   1.7198683e-01   1.0000000e+00   1.1814721e-02
   3.2554549e-01   4.9384684e-01   1.8732648e-03   4.5768676e-03   0.0000000e+00   1.7490182e-02   6.5311848e-03   8.6664251e-03   1.4227807e-02   1.3164397e-03   6.2298893e-01   6.1106102e-01   4.8968788e-01   1.0000000e+00   1.1792730e-02
   8.7261215e-01   2.5808852e-01   7.6438294e-04   4.7797274e-03   0.0000000e+00   1.4871003e-02   4.0470448e-03   3.1497106e-04   1.7922416e-02   4.2696913e-02   1.8309552e-01   7.8580651e-02   9.8240393e-01   1.0000000e+00   1.1784158e-02
   4.8228391e-03   5.7076935e-01   0.0000000e+00   1.5749922e-03   6.9664840e-04   2.1488718e-02   8.3796069e-04   8.6935362e-03   9.7771637e-03   0.0000000e+00   6.2467856e-01   7.8166032e-01   7.5804481e-03   1.0000000e+00   1.1778541e-02
   3.7480554e-01   4.4908010e-01   3.8878372e-03   8.8994827e-03   1.6462720e-02   1.2588819e-02   3.1958816e-02   0.0000000e+00   2.3625385e-02   5.8997863e-02   6.3669889e-01   5.4220306e-01   5.5841716e-01   1.0000000e+00   1.1759681e-02
   7.0664039e-01   4.2054010e-01   3.7382915e-03   1.0007882e-02   1.1678607e-02   5.0207052e-02   1.9785304e-03   2.0433889e-02   5.3561648e-02   1.7141020e-03   3.5325801e-01   2.7449533e-01   9.0112536e-01   1.0000000e+00   1.1730281e-02
   8.9661870e-02   6.7637217e-01   4.8664623e-03   3.3636509e-04   3.2446941e-03   0.0000000e+00   5.2513098e-04   5.1359343e-04   8.9145189e-03   0.0000000e+00   4.8197511e-01   8.6499648e-01   1.4039143e-01   1.0000000e+00   1.1678461e-02
   6.8370539e-01   8.8935415e-01   4.7152065e-03   1.1301103e-02   2.4453733e-03   0.0000000e+00   7.4320012e-03   2.7382921e-03   0.0000000e+00   1.2569331e-03   8.2443624e-02   4.6956753e-01   8.7928944e-01   1.0000000e+00   1.1650435e-02
   1.1277904e-02   4.9759289e-01   1.7162141e-02   0.0000000e+00   2.6105701e-03   3.4792675e-04   9.7723245e-04   8.2695796e-05   1.0885605e-02   3.3874392e-02   7.1077702e-01   7.0542223e-01   1.7742147e-02   1.0000000e+00   1.1640480e-02
   5.0721056e-01   5.0733008e-01   2.1562009e-03   3.1980847e-02   1.5471966e-02   5.9103782e-02   8.6578391e-03   2.1360178e-02   6.8297306e-02   1.0511661e-02   4.9349899e-01   5.0499624e-01   7.2226828e-01   1.0000000e+00   1.1624812e-02
   9.0206561e-02   8.9514312e-01   7.7784737e-02   0.0000000e+00   3.5682164e-02   3.2539873e-02   3.7346942e-03   5.1414537e-02   2.5292822e-02   2.0130982e-03   1.6421833e-01   9.8798974e-01   1.4287245e-01   1.0000000e+00   1.1610847e-02
   4.8982844e-01   9.4408424e-01   2.7709958e-02   2.5135667e-02   0.0000000e+00   1.3138549e-02   1.8855030e-02   9.3806152e-03   0.0000000e+00   2.7908600e-02   6.3186133e-02   7.1754458e-01   6.9766354e-01   1.0000000e+00   1.1559592e-02
   2.8410491e-01   5.0522764e-01   3.8444917e-03   0.0000000e+00   7.4269660e-03   1.4057584e-03   9.3270203e-03   1.6390973e-02   4.8927678e-04   0.0000000e+00   6.3286616e-01   6.4334609e-01   4.3178935e-01   1.0000000e+00   1.1520378e-02
   3.5561876e-01   8.0428710e-01   1.9353158e-03   7.1029993e-03   8.4110679e-03   1.2246151e-02   3.1908018e-02   1.5613490e-02   1.1722412e-02   3.0611575e-02   2.5727815e-01   8.1034854e-01   5.3138745e-01   1.0000000e+00   1.1498060e-02
   1.6150550e-01   8.9659288e-01   4.5800495e-02   0.0000000e+00   1.9351964e-02   3.0620717e-02   4.4716182e-04   2.3723015e-02   2.3584593e-02   6.2160200e-03   1.5725702e-01   9.5961391e-01   2.5212612e-01   1.0000000e+00   1.1487891e-02
   5.5110409e-01   6.4306090e-01   0.0000000e+00   5.5732264e-04   1.5560955e-04   1.7784802e-02   3.1893271e-02   5.5088332e-02   2.1926768e-02   3.0455797e-03   3.4632389e-01   5.5156312e-01   7.6523113e-01   1.0000000e+00   1.1460515e-02
   1.5628386e-01   6.5998099e-01   2.1425472e-03   2.5468982e-03   2.9216907e-03   3.6901180e-03   1.2322473e-03   3.8793736e-03   1.1782669e-02   4.2415455e-05   4.9389758e-01   8.3507829e-01   2.4307762e-01   1.0000000e+00   1.1422744e-02
   3.6285102e-01   8.2192792e-01   1.9527616e-03   0.0000000e+00   9.3603330e-03   1.8057288e-02   3.5420354e-02   1.9560670e-02   1.0893393e-02   4.3440734e-02   2.3338248e-01   8.1248365e-01   5.4179366e-01   1.0000000e+00   1.1334047e-02
   5.1740026e-01   2.6784657e-01   0.0000000e+00   6.0346516e-03   2.9580682e-03   9.7057575e-03   4.0426039e-03   0.0000000e+00   1.7029570e-02   3.5155197e-02   6.2861512e-01   2.8127465e-01   7.2738823e-01   1.0000000e+00   1.1324980e-02
   7.7658568e-01   8.1519500e-01   2.3832604e-02   1.4927866e-03   8.4906534e-03   6.9500393e-03   1.1395426e-02   0.0000000e+00   7.4847841e-03   2.8509705e-02   9.8566506e-02   3.2995209e-01   9.4063686e-01   1.0000000e+00   1.1257035e-02
   9.8287119e-02   2.2689687e-01   0.0000000e+00   6.3440499e-03   4.5174045e-04   1.2103699e-03   2.5916337e-03   7.1724485e-03   1.0278406e-02   9.3563761e-03   9.2628060e-01   3.4486199e-01   1.5382154e-01   1.0000000e+00   1.1237525e-02
   4.6553727e-03   7.5513673e-01   1.0092253e-02   1.5123380e-03   3.9731351e-03   1.1457200e-02   1.5543724e-02   3.2293750e-02   0.0000000e+00   0.0000000e+00   3.7578266e-01   9.2833587e-01   7.3238070e-03   1.0000000e+00   1.1197441e-02
   5.9136181e-02   8.5726116e-01   5.9046771e-04   3.8092601e-03   1.0339553e-03   2.1130546e-02   2.6519781e-03   1.8093867e-05   1.0853558e-02   3.1429358e-03   2.2151338e-01   9.7134559e-01   9.2812755e-02   1.0000000e+00   1.1107746e-02
   3.6640022e-01   5.7841628e-01   1.9824474e-03   3.8725346e-03   0.0000000e+00   1.6869127e-02   5.8393936e-03   9.1049800e-03   1.5879148e-02   0.0000000e+00   5.1616114e-01   6.6202367e-01   5.4465408e-01   1.0000000e+00   1.1092349e-02
   2.5314913e-01   3.3830045e-01   8.6685979e-03   1.0747114e-02   1.9016696e-03   1.3736947e-03   4.6982913e-03   3.5438406e-04   0.0000000e+00   1.1913011e-02   7.9511929e-01   4.6737164e-01   3.8738835e-01   1.0000000e+00   1.1065069e-02
   2.9876450e-02   2.9599619e-02   0.0000000e+00   9.5316995e-04   0.0000000e+00   4.4835233e-03   1.4150729e-03   5.4867891e-05   2.8402027e-03   0.0000000e+00   9.9785051e-01   4.6428493e-02   4.6914051e-02   1.0000000e+00   1.0947603e-02
   1.6408460e-01   5.0887334e-01   1.0609974e-02   1.4465314e-02   8.6126796e-05   2.1719717e-02   1.3130160e-02   0.0000000e+00   4.7462791e-03   2.8621096e-02   6.7537165e-01   6.9446598e-01   2.5536000e-01   1.0000000e+00   1.0932748e-02
   5.7739193e-01   2.2324912e-01   1.2004300e-02   3.5096346e-03   0.0000000e+00   2.9496100e-02   0.0000000e+00   1.1902750e-02   4.0998527e-02   5.5582654e-03   5.8030698e-01   2.1227516e-01   7.8990578e-01   1.0000000e+00   1.0921965e-02
   6.1988039e-01   9.2680590e-01   4.2469522e-03   3.3928660e-03   3.5482834e-03   2.2976028e-03   1.1651767e-02   3.8268991e-03   0.0000000e+00   1.7974289e-03   6.4512935e-02   5.5863909e-01   8.2714123e-01   1.0000000e+00   1.0911955e-02
   1.4090863e-01   3.6074048e-01   7.8865546e-03   1.1093287e-02   2.3858494e-03   1.8758438e-03   4.7175650e-03   1.8436279e-03   0.0000000e+00   1.1033268e-02   8.2340285e-01   5.2389178e-01   2.1961097e-01   1.0000000e+00   1.0908449e-02
   6.6823300e-01   6.7010881e-01   3.9575339e-03   2.6864661e-03   3.7911310e-03   8.3921918e-03   1.6683392e-02   4.1181168e-02   4.2828271e-03   4.3245327e-02   2.4757806e-01   4.3422298e-01   8.7069632e-01   1.0000000e+00   1.0899168e-02
   3.8735993e-01   9.2112882e-02   2.6513582e-02   2.6764468e-03   0.0000000e+00   1.1974511e-02   1.8937233e-02   1.0701132e-02   3.2561463e-02   1.9986769e-03   8.1389449e-01   1.1859161e-01   5.7297409e-01   1.0000000e+00   1.0887345e-02
   3.4159609e-01   4.8767445e-02   1.6520402e-02   7.8657737e-04   2.2519632e-02   6.3008927e-03   8.5914388e-03   7.9008470e-03   4.6407885e-02   3.4012026e-05   8.5960796e-01   6.5978277e-02   5.1278779e-01   1.0000000e+00   1.0864879e-02
   1.7359898e-01   7.6485454e-01   0.0000000e+00   0.0000000e+00   3.2883463e-02   0.0000000e+00   0.0000000e+00   0.0000000e+00   0.0000000e+00   0.0000000e+00   3.4806014e-01   8.9906997e-01   2.6961293e-01   1.0000000e+00   1.0845781e-02
   9.0432574e-01   3.0162590e-01   1.0136644e-02   9.5356612e-03   1.2998062e-03   4.2412861e-03   1.2119664e-02   2.9197434e-03   1.6519136e-02   5.9708200e-03   1.3331743e-01   6.8358067e-02   9.8939815e-01   1.0000000e+00   1.0834387e-02
   5.6590438e-01   9.4205834e-01   1.5913388e-02   1.6304093e-02   2.9689987e-03   2.6332322e-02   2.6346302e-03   0.0000000e+00   0.0000000e+00   0.0000000e+00   5.7353159e-02   6.2841279e-01   7.7734542e-01   1.0000000e+00   1.0802421e-02
   4.1269000e-02   4.5786767e-01   2.4377322e-03   2.2514998e-03   0.0000000e+00   9.3949091e-03   3.4198043e-03   0.0000000e+00   3.2381907e-03   0.0000000e+00   7.5083288e-01   6.5749180e-01   6.4787669e-02   1.0000000e+00   1.0793441e-02
   4.7735488e-01   5.1354439e-02   1.3107592e-02   5.4763351e-03   7.7126752e-03   1.6238429e-02   0.0000000e+00   1.4844412e-02   5.4096273e-02   1.6283639e-02   7.3229853e-01   5.9201059e-02   6.8419542e-01   1.0000000e+00   1.0750642e-02
   9.1928240e-01   2.5792845e-01   1.7292498e-02   0.0000000e+00   0.0000000e+00   2.4907413e-02   5.5835723e-04   0.0000000e+00   1.0738443e-02   3.4858098e-03   1.1633592e-01   4.9894233e-02   9.9301158e-01   1.0000000e+00   1.0744080e-02
   6.6388372e-01   8.3334695e-01   2.6128009e-02   5.4316833e-02   6.0329038e-03   1.3413245e-02   1.6749016e-03   5.3299608e-03   7.7014363e-05   2.2745014e-04   1.3088365e-01   4.8850621e-01   8.6718358e-01   1.0000000e+00   1.0689288e-02
   2.0743900e-01   8.2786286e-01   7.1083551e-03   2.1255024e-04   6.9917836e-03   0.0000000e+00   8.9319838e-03   3.2346616e-03   0.0000000e+00   4.5931903e-03   2.5310783e-01   9.1315123e-01   3.2017636e-01   1.0000000e+00   1.0655481e-02
   2.1097935e-01   3.4665367e-01   1.2683328e-02   1.0322561e-02   7.9008161e-04   1.9592202e-02   1.2883658e-02   2.7032399e-03   9.9818511e-03   1.8733724e-02   8.0986231e-01   4.9044745e-01   3.2578756e-01   1.0000000e+00   1.0654140e-02
   5.6330339e-01   6.0971373e-01   2.4463007e-03   3.2515758e-03   1.5646348e-03   5.2486139e-03   6.7266752e-03   0.0000000e+00   0.0000000e+00   1.7051086e-02   3.6459067e-01   5.1826451e-01   7.7410643e-01   1.0000000e+00   1.0641044e-02
   3.3120943e-01   3.5886814e-01   0.0000000e+00   0.0000000e+00   6.0717938e-03   1.6661903e-02   5.2632768e-04   1.5727031e-02   0.0000000e+00   1.6373051e-04   7.3385153e-01   4.6388820e-01   4.9738741e-01   1.0000000e+00   1.0598220e-02
   6.2156262e-01   2.3483327e-01   0.0000000e+00   6.4637808e-03   0.0000000e+00   1.6963893e-02   5.1252116e-03   0.0000000e+00   2.0266933e-02   3.3558634e-02   5.2336759e-01   2.0231808e-01   8.3002581e-01   1.0000000e+00   1.0596183e-02
   1.3625948e-01   7.2569079e-01   2.4327898e-02   0.0000000e+00   1.8407979e-03   5.6413089e-02   0.0000000e+00   1.8508394e-03   0.0000000e+00   2.9956775e-02   4.1005293e-01   8.9201810e-01   2.1339916e-01   1.0000000e+00   1.0487509e-02
   2.0117571e-01   9.0410065e-01   7.6877053e-03   6.5429665e-03   5.0168848e-03   0.0000000e+00   1.0816697e-02   6.3819733e-04   1.2605884e-02   9.7627906e-04   1.4269616e-01   9.4010041e-01   3.1089853e-01   1.0000000e+00   1.0448497e-02
   5.7216431e-01   9.2451406e-01   1.5674729e-02   1.4324172e-02   2.3524598e-03   2.9235214e-02   0.0000000e+00   2.4335789e-05   2.9013269e-03   0.0000000e+00   7.3746209e-02   6.1903006e-01   7.8358413e-01   1.0000000e+00   1.0394890e-02
   3.1164174e-01   5.7209916e-02   1.7149348e-02   3.4507832e-03   4.5134472e-03   1.2418682e-02   1.1162741e-02   1.1053171e-02   2.8659314e-02   2.1627929e-02   8.8076723e-01   7.9364013e-02   4.7115552e-01   1.0000000e+00   1.0391047e-02
   4.5009609e-01   3.3710128e-01   1.9278210e-02   4.6346368e-03   8.7521432e-03   1.3800451e-02   4.1054121e-03   1.4224943e-02   4.7736992e-02   4.2862617e-03   6.5826887e-01   3.8526436e-01   6.5162620e-01   1.0000000e+00   1.0388000e-02
   6.1252947e-02   8.3135570e-01   3.1433341e-04   3.6218423e-03   0.0000000e+00   1.7963740e-02   2.6481829e-03   0.0000000e+00   1.0506147e-02   2.9337487e-03   2.6072782e-01   9.6109705e-01   9.6111894e-02   1.0000000e+00   1.0382339e-02
   1.5416936e-01   4.6861171e-01   1.0303954e-02   0.0000000e+00   0.0000000e+00   1.0732999e-03   7.4435497e-03   0.0000000e+00   3.5356692e-03   0.0000000e+00   7.1959799e-01   6.5192094e-01   2.3985059e-01   1.0000000e+00   1.0373240e-02
   4.1478492e-01   7.1884537e-01   0.0000000e+00   7.2557062e-03   3.3900582e-03   1.0887418e-02   1.9122531e-02   1.3295523e-02   1.1341202e-02   2.9741999e-02   3.4045323e-01   7.2010696e-01   6.0746789e-01   1.0000000e+00   1.0360604e-02
   6.4069556e-01   4.2558809e-01   4.8040024e-04   1.2201862e-02   1.1138497e-02   3.5416686e-02   1.3492116e-03   2.1031317e-02   4.2604546e-02   1.7153644e-03   4.2135385e-01   3.3280019e-01   8.4811487e-01   1.0000000e+00   1.0276084e-02
   2.6507057e-01   7.7984127e-01   3.7476431e-03   1.0712993e-02   7.3360567e-03   1.7949305e-02   3.5663610e-02   1.4675938e-02   1.4960392e-02   4.1080805e-02   3.1122162e-01   8.6377551e-01   4.0602374e-01   1.0000000e+00   1.0272721e-02
   5.3717306e-01   1.5229196e-01   8.7567915e-04   9.0729252e-03   9.8891136e-03   2.7567781e-02   6.8228631e-03   5.1061475e-02   5.9151835e-02   1.7443407e-02   6.5048640e-01   1.5864699e-01   7.5269456e-01   1.0000000e+00   1.0265126e-02
   4.2324417e-01   3.9041503e-02   2.6377163e-02   8.0656615e-04   1.0124114e-02   1.3871403e-02   4.4064855e-03   1.3206335e-02   4.5098328e-02   2.3783526e-03   7.8807504e-01   4.8390366e-02   6.1891503e-01   1.0000000e+00   1.0252782e-02
   0.0000000e+00   5.5451463e-01   0.0000000e+00   4.1880458e-03   0.0000000e+00   2.0861821e-02   7.0702206e-04   9.6188931e-03   9.1223384e-03   4.3549714e-03   6.4445661e-01   7.6548809e-01   0.0000000e+00   1.0000000e+00   1.0244880e-02
   3.9365552e-01   9.3713218e-01   5.6138674e-03   4.2630912e-03   1.6388001e-03   1.8196518e-02   1.8375755e-02   2.7589020e-02   6.9638290e-04   0.0000000e+00   8.0455375e-02   8.1206694e-01   5.8055319e-01   1.0000000e+00   1.0237648e-02
   8.1065295e-02   6.8667757e-01   4.5167738e-02   0.0000000e+00   8.7420994e-03   1.3758116e-02   7.6325338e-03   4.1672404e-02   1.9336928e-02   0.0000000e+00   4.7080711e-01   8.7808767e-01   1.2756147e-01   1.0000000e+00   1.0202124e-02
   3.4444855e-01   2.2472310e-01   4.1684791e-03   0.0000000e+00   1.8441396e-04   5.3599676e-03   4.5504858e-03   7.9777359e-03   2.1041210e-02   2.1147815e-04   8.0477387e-01   2.9649914e-01   5.1533886e-01   1.0000000e+00   1.0178310e-02
   3.1011063e-01   7.2424673e-03   2.4391533e-02   1.2506334e-03   3.9804480e-05   1.5037198e-02   4.4639082e-03   1.1116548e-02   4.2314719e-02   3.2580710e-03   8.8607236e-01   1.0080785e-02   4.6937871e-01   1.0000000e+00   1.0172764e-02
   1.2880476e-01   1.8036310e-01   1.3666184e-04   4.7433708e-04   1.4413714e-03   0.0000000e+00   0.0000000e+00   5.7491831e-03   0.0000000e+00   6.9320831e-04   9.4058313e-01   2.7384650e-01   2.0095567e-01   1.0000000e+00   1.0100754e-02
   5.2927108e-01   9.7487838e-01   9.6896701e-03   2.7565222e-02   3.7487329e-03   1.5580749e-02   1.4950830e-03   5.2655266e-03   9.0958030e-03   8.6649052e-03   2.6618725e-02   6.7420856e-01   7.3981929e-01   1.0000000e+00   1.0083276e-02
   5.9841606e-01   3.4474028e-02   2.5271083e-04   8.3644679e-03   1.0780504e-02   5.3234939e-02   3.9789074e-03   1.3419278e-02   4.4449179e-02   1.0275380e-03   5.9199001e-01   3.2088623e-02   8.1174560e-01   1.0000000e+00   1.0054251e-02
   2.8757482e-01   7.7133290e-01   2.2519476e-03   7.9041846e-03   7.2610844e-03   1.9958438e-02   3.2997223e-02   1.7257470e-02   1.2851482e-02   4.4449367e-02   3.1753708e-01   8.4568817e-01   4.3828119e-01   1.0000000e+00   1.0040887e-02
   8.5813868e-02   8.5497816e-01   4.8987105e-02   0.0000000e+00   1.0708572e-02   8.2393234e-03   7.7477231e-03   4.1493373e-02   1.8475206e-02   0.0000000e+00   2.2483908e-01   9.6987096e-01   1.3502062e-01   1.0000000e+00   1.0033283e-02
   6.2133122e-01   7.2391120e-01   3.0147989e-02   2.3463308e-02   8.6014685e-05   1.1841066e-02   1.3861876e-02   9.8518287e-03   0.0000000e+00   2.7262945e-02   2.3608686e-01   5.0981686e-01   8.3043419e-01   1.0000000e+00   1.0030121e-02
   7.5173035e-01   8.5596535e-01   1.6124290e-02   4.8740430e-02   4.7713202e-03   2.0182086e-02   0.0000000e+00   5.1239514e-03   0.0000000e+00   5.2962613e-03   8.5547458e-02   3.7163802e-01   9.2780201e-01   1.0000000e+00   1.0028689e-02
   2.1829117e-01   3.9476212e-01   1.4785761e-02   1.3188617e-02   3.3970053e-04   2.0439147e-02   7.6172783e-03   0.0000000e+00   9.2475711e-03   2.0017600e-02   7.6748840e-01   5.4802219e-01   3.3666662e-01   1.0000000e+00   1.0025890e-02
   1.8544918e-01   6.1113065e-01   0.0000000e+00   2.6707122e-05   3.0388065e-04   1.7743568e-02   5.0789973e-03   7.2457156e-03   1.1296110e-02   0.0000000e+00   5.4967400e-01   7.8506711e-01   2.8735004e-01   1.0000000e+00   1.0004055e-02
   4.3867518e-01   8.2550954e-01   6.2364548e-03   7.6454612e-03   2.0594968e-02   1.8253310e-02   6.8766035e-02   4.4120557e-02   1.4755039e-02   1.5786363e-02   2.1058411e-01   7.4896902e-01   6.4090380e-01   1.0000000e+00   1.0001752e-02
   1.1624585e-01   8.3214980e-01   1.3016723e-04   3.6280605e-03   2.6445972e-03   1.7929277e-02   3.7965103e-03   0.0000000e+00   1.0673441e-02   0.0000000e+00   2.5640211e-01   9.4983883e-01   1.8167087e-01   1.0000000e+00   9.9990870e-03
   3.8313383e-01   8.0102203e-01   1.9504491e-03   2.9894261e-03   7.6080801e-03   1.5755428e-02   2.1855868e-02   1.5666360e-02   1.6182984e-02   5.0223967e-02   2.5443478e-01   7.8736851e-01   5.6831420e-01   1.0000000e+00   9.9901147e-03
   4.6301198e-01   1.4878408e-01   2.5867865e-02   0.0000000e+00   3.2647904e-04   3.7375423e-03   5.7883629e-03   1.0627337e-02   3.0336147e-02   1.4706670e-03   7.2793986e-01   1.7329310e-01   6.6601828e-01   1.0000000e+00   9.9623168e-03
   1.0782326e-01   7.9388007e-01   1.6381990e-03   0.0000000e+00   3.2829317e-03   5.9971255e-04   1.5214132e-03   7.3185024e-05   1.0684455e-02   9.3760856e-04   3.1363417e-01   9.3459944e-01   1.6858192e-01   1.0000000e+00   9.9543515e-03
   4.4720521e-01   5.0867223e-01   7.2403097e-04   6.3554719e-03   2.5338088e-02   1.0779087e-02   3.9271628e-02   2.3771381e-02   2.3100720e-02   5.7734196e-02   5.3590270e-01   5.5070573e-01   6.5047987e-01   1.0000000e+00   9.9184884e-03
   7.5688817e-01   8.1031736e-01   2.5563411e-02   5.5067841e-04   8.5534694e-03   6.4462335e-03   1.0964047e-02   3.3950126e-05   6.5116878e-03   3.2738635e-02   1.0962006e-01   3.5695865e-01   9.2982464e-01   1.0000000e+00   9.9157604e-03
   2.0976459e-01   8.6272913e-01   8.0856820e-03   0.0000000e+00   4.0519047e-03   0.0000000e+00   4.3163960e-04   0.0000000e+00   2.1657591e-02   8.3235097e-03   2.0257334e-01   9.2486711e-01   3.2376826e-01   1.0000000e+00   9.9074825e-03
   2.2671036e-01   5.9624657e-01   0.0000000e+00   1.0303505e-01   4.1847568e-02   0.0000000e+00   0.0000000e+00   2.5134016e-02   1.1617843e-01   5.3248668e-02   5.7165750e-01   7.7714203e-01   3.5886258e-01   1.0000000e+00   9.8956123e-03
   7.8359120e-01   7.6661371e-01   0.0000000e+00   1.8557316e-07   2.7317875e-04   0.0000000e+00   4.2520627e-04   0.0000000e+00   2.9856507e-03   0.0000000e+00   1.1951582e-01   3.1127197e-01   9.4278527e-01   1.0000000e+00   9.8565298e-03
   4.3318705e-01   6.9383674e-01   1.1698512e-02   3.5381807e-03   0.0000000e+00   1.6773628e-02   1.4712597e-02   3.2853117e-02   1.8958096e-04   0.0000000e+00   3.6019164e-01   6.9031202e-01   6.3022805e-01   1.0000000e+00   9.8550887e-03
   7.9819582e-01   9.6025669e-01   4.1409053e-04   2.0604063e-02   3.7912648e-03   0.0000000e+00   7.9341185e-03   8.6246488e-03   4.0550953e-03   4.1622384e-03   1.9458925e-02   3.1129365e-01   9.5075672e-01   1.0000000e+00   9.8230639e-03
   1.2339556e-01   9.7544000e-01   5.0486598e-03   0.0000000e+00   0.0000000e+00   1.1524883e-02   1.6813442e-03   8.5701604e-06   2.0900360e-02   6.1874696e-03   3.7871016e-02   9.8116758e-01   1.9274043e-01   1.0000000e+00   9.8208194e-03
   2.6367290e-01   7.1574798e-01   2.7682700e-02   7.3994776e-06   1.5024632e-03   4.2106347e-02   0.0000000e+00   1.3542845e-03   0.0000000e+00   2.4318943e-02   3.9654169e-01   8.2828876e-01   4.0369767e-01   1.0000000e+00   9.8019824e-03
   0.0000000e+00   9.9014682e-01   3.0269618e-04   8.0227357e-04   3.0728692e-04   0.0000000e+00   4.8305408e-05   6.9861773e-06   0.0000000e+00   8.6153399e-06   1.5476739e-02   9.9988106e-01   0.0000000e+00   1.0000000e+00   9.7902809e-03
   3.4631771e-01   2.6826175e-01   2.3280748e-03   0.0000000e+00   1.8308615e-04   5.4931718e-03   4.5602970e-03   7.8037543e-03   2.5554616e-02   1.8612039e-04   7.8140050e-01   3.5025048e-01   5.1795680e-01   1.0000000e+00   9.7609805e-03
   5.4720784e-01   6.1562580e-01   1.8541063e-02   2.2006896e-02   5.2573275e-03   9.2788153e-03   7.6282431e-04   1.1914390e-03   1.0020283e-03   0.0000000e+00   3.7096614e-01   5.3787299e-01   7.5826598e-01   1.0000000e+00   9.7323872e-03
   4.2179996e-02   1.9928597e-01   2.9052006e-03   1.4811934e-03   1.7121314e-04   9.2768969e-03   2.9963006e-03   0.0000000e+00   0.0000000e+00   0.0000000e+00   9.4941535e-01   3.0730689e-01   6.6214716e-02   1.0000000e+00   9.7224523e-03
   6.9805603e-01   9.7714552e-01   1.5535239e-02   2.3394664e-02   1.0079037e-02   1.4988205e-02   0.0000000e+00   4.1903417e-03   0.0000000e+00   0.0000000e+00   1.6410780e-02   4.5693174e-01   8.9062352e-01   1.0000000e+00   9.7162386e-03
   2.2484572e-01   8.0777714e-01   5.8562851e-03   6.2119255e-04   4.0641991e-03   3.9709406e-03   1.2843326e-03   5.6561547e-03   5.8878670e-03   6.9977819e-03   2.7907177e-01   8.9599314e-01   3.4595342e-01   1.0000000e+00   9.6933006e-03
   9.0645450e-02   9.4367323e-01   4.6011373e-02   1.8912260e-04   2.8192828e-02   2.8666375e-02   6.8280919e-03   1.7546171e-02   2.2499603e-02   5.2031192e-04   8.7870174e-02   9.9053865e-01   1.4255692e-01   1.0000000e+00   9.6693245e-03
   3.2579791e-01   4.8898045e-01   1.3747790e-02   2.8509229e-02   0.0000000e+00   2.0802057e-02   9.2309952e-03   0.0000000e+00   0.0000000e+00   1.8812841e-02   6.2826791e-01   6.0688591e-01   4.9063195e-01   1.0000000e+00   9.6543408e-03
   5.7930148e-01   9.3908473e-02   1.3693729e-02   1.0009144e-03   0.0000000e+00   2.3078119e-02   9.9685853e-04   7.2541823e-03   3.3200811e-02   1.4635694e-02   6.0837766e-01   9.0399081e-02   7.9113303e-01   1.0000000e+00   9.6524609e-03
   5.3024946e-01   6.5741568e-01   3.7166603e-03   2.7457970e-03   4.5006339e-03   8.6744257e-03   1.4853720e-02   2.8133254e-02   4.1531866e-03   5.0230750e-02   3.4605659e-01   5.7976533e-01   7.4260969e-01   1.0000000e+00   9.5820869e-03
   6.7901664e-01   2.2577666e-01   1.6376266e-02   0.0000000e+00   3.9257229e-04   2.8439443e-02   1.4412470e-03   2.5812322e-02   2.2780504e-02   2.1444310e-03   4.5407015e-01   1.6814495e-01   8.7754818e-01   1.0000000e+00   9.5795748e-03
   2.3445433e-01   6.4721489e-01   7.1002687e-03   8.0256243e-05   2.9977666e-03   0.0000000e+00   9.5670990e-05   1.4755341e-03   0.0000000e+00   3.8131846e-03   4.9097672e-01   7.9338910e-01   3.6003870e-01   1.0000000e+00   9.5769943e-03
   4.7769308e-01   5.9228684e-01   2.1989133e-03   2.5143111e-03   1.6713275e-03   5.1041968e-03   7.0473690e-03   0.0000000e+00   0.0000000e+00   1.5577442e-02   4.3721531e-01   5.8669360e-01   6.8212766e-01   1.0000000e+00   9.5733405e-03
   6.2818190e-01   8.5038207e-01   6.9011946e-02   0.0000000e+00   0.0000000e+00   4.2034759e-02   0.0000000e+00   1.9183914e-04   9.0061345e-03   4.3546430e-04   1.2925058e-01   5.3979434e-01   8.3975108e-01   1.0000000e+00   9.5670808e-03
   4.2322404e-02   1.3694834e-01   1.7074350e-02   1.4375723e-03   4.2638638e-03   6.5213232e-03   1.5171271e-03   9.3354106e-04   1.6609245e-02   2.1675661e-02   9.7586854e-01   2.1322609e-01   6.6504205e-02   1.0000000e+00   9.5659146e-03
   1.7302903e-01   7.8317297e-01   2.2238188e-02   4.4106771e-03   0.0000000e+00   2.1851513e-03   7.9867524e-03   5.9737037e-03   0.0000000e+00   3.6876808e-06   3.2198081e-01   9.0851837e-01   2.6862537e-01   1.0000000e+00   9.5532921e-03
   1.8102643e-01   7.8757664e-01   8.9190680e-03   0.0000000e+00   6.6579091e-03   0.0000000e+00   1.1392438e-02   9.3025361e-04   1.1611526e-02   4.3499482e-03   3.1449258e-01   9.0727323e-01   2.8065357e-01   1.0000000e+00   9.5107098e-03
   9.9636978e-02   5.0066249e-01   8.3122459e-03   2.9714802e-02   4.4127140e-06   2.6253680e-02   3.0796945e-03   2.0402922e-03   0.0000000e+00   2.4453167e-02   6.9930881e-01   7.0076577e-01   1.5622239e-01   1.0000000e+00   9.4292226e-03
   6.9853841e-01   3.9315024e-01   6.4110865e-03   2.0416090e-02   1.0644438e-02   5.0409275e-02   1.5541510e-03   3.0293735e-02   4.0815681e-02   3.0087612e-06   3.7392138e-01   2.6557027e-01   8.9503320e-01   1.0000000e+00   9.4241207e-03
   1.3169694e-01   2.0767858e-01   0.0000000e+00   2.4411592e-02   0.0000000e+00   5.2389527e-03   0.0000000e+00   4.0054998e-03   1.7227290e-03   3.7790516e-04   9.2765916e-01   3.1383420e-01   2.0552871e-01   1.0000000e+00   9.4039193e-03
   4.5703997e-01   2.4416026e-01   1.8810021e-03   9.8630023e-03   4.1386256e-02   2.5847168e-02   0.0000000e+00   8.3956777e-03   5.0961025e-02   4.8538603e-03   7.0207315e-01   2.8329147e-01   6.6121976e-01   1.0000000e+00   9.3974816e-03
   6.4423144e-01   9.5345388e-01   1.5273624e-02   1.4124271e-02   3.1031295e-03   8.4483754e-02   2.9057669e-03   0.0000000e+00   0.0000000e+00   0.0000000e+00   3.9024887e-02   5.3279906e-01   8.5430469e-01   1.0000000e+00   9.3885090e-03
   1.5951129e-01   6.9643156e-01   0.0000000e+00   6.0153629e-05   0.0000000e+00   2.0365152e-02   5.0503656e-03   5.5116458e-03   1.8384172e-02   0.0000000e+00   4.4500510e-01   8.6140090e-01   2.4814675e-01   1.0000000e+00   9.3636471e-03
   6.3100568e-01   1.2544675e-01   2.4590191e-02   6.0121601e-03   7.6420011e-03   1.6498316e-02   0.0000000e+00   1.4721705e-02   4.8634708e-02   1.4860605e-02   5.3912994e-01   1.0763297e-01   8.3983149e-01   1.0000000e+00   9.3508109e-03
   8.2643712e-01   7.7550732e-01   1.4227426e-02   2.8742340e-02   6.1215764e-03   1.8778547e-02   4.1402629e-04   8.2858052e-03   0.0000000e+00   6.0826872e-03   9.3138357e-02   2.5308347e-01   9.6453371e-01   1.0000000e+00   9.3073075e-03
   6.8179503e-01   9.1469050e-01   2.5033015e-03   1.0246776e-02   7.9643251e-03   2.0069229e-02   1.3323319e-02   9.7338163e-03   1.8768001e-03   8.0670822e-03   6.4092244e-02   4.7542030e-01   8.7846754e-01   1.0000000e+00   9.3014858e-03
   7.6340740e-01   2.9419708e-01   6.4590262e-03   2.1068622e-02   1.0363211e-02   5.1852733e-02   1.5907956e-03   3.1913196e-02   4.3299724e-02   0.0000000e+00   3.2705996e-01   1.6290744e-01   9.3748932e-01   1.0000000e+00   9.2909291e-03
   1.9014567e-01   2.6570623e-01   2.1724863e-02   0.0000000e+00   3.0734418e-02   2.5632921e-02   0.0000000e+00   1.1964225e-02   5.1892284e-02   1.6549930e-02   8.7821306e-01   3.8941916e-01   2.9578430e-01   1.0000000e+00   9.2800703e-03
   4.8341243e-01   7.0131719e-01   9.1478842e-03   1.2980400e-03   5.3349913e-03   5.8135169e-03   0.0000000e+00   3.7034894e-02   2.6896585e-03   1.0544794e-01   3.3208344e-01   6.5509771e-01   6.9715057e-01   1.0000000e+00   9.2363231e-03
   2.6772085e-01   3.8463570e-01   1.1478610e-02   2.0527544e-02   0.0000000e+00   4.7033937e-02   0.0000000e+00   0.0000000e+00   1.8533160e-02   1.4977830e-02   7.5376536e-01   5.2032217e-01   4.0960958e-01   1.0000000e+00   9.2018865e-03
   4.4015368e-01   8.8954517e-01   6.9216481e-03   7.4228101e-03   1.9460732e-02   1.8570154e-02   6.8253044e-02   5.3325631e-02   1.5406079e-02   1.2402470e-02   1.3414899e-01   7.6540992e-01   6.4316984e-01   1.0000000e+00   9.1974096e-03
   3.6879039e-01   4.9284193e-04   1.6011890e-02   8.0516886e-04   2.9395187e-02   1.3310111e-02   5.1819843e-03   9.5142520e-03   5.2791949e-02   0.0000000e+00   8.4036574e-01   6.5057287e-04   5.4973441e-01   1.0000000e+00   9.1669893e-03
   3.9165748e-02   1.5092888e-02   0.0000000e+00   3.1892282e-04   0.0000000e+00   0.0000000e+00   2.6354089e-04   2.6463049e-04   8.6720991e-04   6.1802293e-04   9.9782904e-01   2.3660818e-02   6.1482696e-02   1.0000000e+00   9.1619355e-03
   1.8215975e-02   1.6461577e-01   2.8086138e-03   6.0629123e-03   0.0000000e+00   0.0000000e+00   3.7167382e-03   0.0000000e+00   0.0000000e+00   9.5639500e-04   9.6641625e-01   2.5561645e-01   2.8611381e-02   1.0000000e+00   9.1578735e-03
   9.5854277e-03   5.2803196e-01   0.0000000e+00   5.4304055e-03   7.9039074e-05   2.3192382e-02   0.0000000e+00   9.7027816e-03   9.6317374e-03   4.4312157e-03   6.7574181e-01   7.3803417e-01   1.5067838e-02   1.0000000e+00   9.1486990e-03
   2.2818315e-01   7.9481315e-01   3.2344958e-03   0.0000000e+00   3.9166914e-02   7.0996181e-04   5.3312911e-04   0.0000000e+00   0.0000000e+00   0.0000000e+00   2.9708362e-01   8.8960126e-01   3.5134583e-01   1.0000000e+00   9.1425897e-03
   3.8709268e-01   1.7017492e-01   0.0000000e+00   1.0620445e-03   4.3242062e-04   3.1423124e-03   0.0000000e+00   6.4747506e-04   0.0000000e+00   0.0000000e+00   7.9162666e-01   2.1679835e-01   5.7126957e-01   1.0000000e+00   9.1368197e-03
   3.6321014e-02   7.5269955e-01   2.0662680e-03   2.9060484e-03   0.0000000e+00   4.2081971e-03   1.7781804e-03   4.6792716e-03   8.4686706e-03   1.7645538e-03   3.7819534e-01   9.2410853e-01   5.7029400e-02   1.0000000e+00   9.1304743e-03
   7.3240964e-01   1.9205898e-01   9.5350137e-03   3.1119621e-03   1.7991741e-03   2.2575604e-02   8.9773476e-04   2.6753880e-02   3.3631118e-02   4.4839790e-03   3.9059919e-01   1.2154824e-01   9.1521960e-01   1.0000000e+00   9.1007694e-03
   0.0000000e+00   2.3828586e-01   1.4143936e-04   4.9308048e-04   5.3985088e-04   2.1319581e-03   0.0000000e+00   0.0000000e+00   0.0000000e+00   1.3441519e-05   9.3076906e-01   3.6562160e-01   0.0000000e+00   1.0000000e+00   9.0870904e-03
   7.2568388e-01   9.6188038e-01   0.0000000e+00   2.0446623e-02   3.6864732e-03   0.0000000e+00   6.9664012e-03   7.5317115e-03   3.7895826e-03   3.4843268e-03   2.5009287e-02   4.1717028e-01   9.0910430e-01   1.0000000e+00   9.0826046e-03
   2.9034406e-01   3.3245933e-01   5.3123569e-03   3.3816287e-03   3.8296841e-03   1.2171901e-02   4.9894930e-03   0.0000000e+00   1.8951494e-02   2.1299079e-02   7.7893361e-01   4.4829281e-01   4.4088256e-01   1.0000000e+00   9.0586095e-03
   3.0702299e-02   8.8778643e-01   0.0000000e+00   9.8328123e-03   1.2849912e-03   1.9523765e-02   0.0000000e+00   2.7168302e-03   1.1325510e-02   0.0000000e+00   1.7525721e-01   9.8396580e-01   4.8238022e-02   1.0000000e+00   9.0520091e-03
   4.5064966e-01   4.8008108e-01   1.4595705e-03   6.2239425e-03   3.3743406e-02   1.3250968e-02   5.1390023e-02   2.5574610e-02   2.3508065e-02   6.5777531e-02   5.5903945e-01   5.2510699e-01   6.5641993e-01   1.0000000e+00   9.0438668e-03
   2.8898279e-03   2.5270664e-01   0.0000000e+00   1.0832671e-03   1.7204216e-04   2.7849240e-03   5.9802607e-03   0.0000000e+00   3.5907612e-03   3.6218116e-04   9.2228793e-01   3.8662626e-01   4.5395776e-03   1.0000000e+00   8.9948905e-03
   7.4456164e-01   5.5673687e-01   1.1185370e-02   3.2010908e-03   6.2601427e-04   0.0000000e+00   6.3959358e-03   6.6621740e-03   1.6119512e-02   1.6341911e-03   2.5061372e-01   2.9979782e-01   9.2102191e-01   1.0000000e+00   8.9758124e-03
   1.6530096e-01   2.4384383e-01   1.7612158e-02   1.5047000e-03   4.7915281e-02   4.2673208e-02   6.5030165e-03   4.6144278e-03   3.6047859e-04   1.8568943e-03   9.0047560e-01   3.6282792e-01   2.5790075e-01   1.0000000e+00   8.9745304e-03
   5.1609232e-02   2.8439906e-01   4.3587869e-02   7.5626997e-03   9.8341300e-03   1.7122976e-02   0.0000000e+00   2.7844480e-06   5.7313484e-03   1.8843242e-02   9.0135987e-01   4.3178028e-01   8.1200297e-02   1.0000000e+00   8.9524414e-03
   5.0302288e-01   1.3540597e-01   1.3229787e-02   1.3132222e-03   2.3341954e-04   2.4253918e-02   9.9105340e-04   6.3894341e-03   3.4983219e-02   7.3873123e-03   6.8931722e-01   1.4886613e-01   7.1193786e-01   1.0000000e+00   8.9523065e-03
   7.3894913e-01   1.8441130e-01   2.3033727e-03   8.7911358e-03   0.0000000e+00   1.6090025e-02   1.6725283e-03   3.7863532e-04   1.8260037e-02   3.8377982e-02   3.8287469e-01   1.1411820e-01   9.1907022e-01   1.0000000e+00   8.9510751e-03
   6.3427259e-01   8.2843926e-01   2.1871400e-02   3.3700392e-02   0.0000000e+00   1.1490770e-02   0.0000000e+00   0.0000000e+00   1.4296945e-02   6.5799810e-03   1.4496191e-01   5.2483277e-01   8.4114696e-01   1.0000000e+00   8.9468192e-03
   5.0509479e-01   1.5660331e-01   1.2700368e-02   6.2365370e-03   3.5542005e-04   1.4653969e-02   0.0000000e+00   1.1098305e-02   4.9678719e-02   1.8477744e-02   6.8258721e-01   1.7138184e-01   7.1512897e-01   1.0000000e+00   8.9372940e-03
   3.2565430e-01   9.3051375e-01   4.5007073e-03   7.0119395e-03   1.2633614e-03   2.4084031e-02   2.9984475e-02   5.4621934e-02   0.0000000e+00   1.7336885e-04   9.5418768e-02   8.7073413e-01   4.9173705e-01   1.0000000e+00   8.9351880e-03
   8.6439745e-01   8.8371302e-01   0.0000000e+00   2.7841844e-02   4.2382199e-03   6.2567374e-03   1.9696873e-02   3.8184196e-03   5.1840241e-03   0.0000000e+00   3.8448506e-02   2.0814230e-01   9.7863348e-01   1.0000000e+00   8.9188243e-03
   3.7111917e-01   8.0742847e-01   1.9596828e-03   7.1450457e-03   9.8237274e-03   8.0318329e-03   1.6497915e-02   1.3619715e-02   1.1811527e-02   3.1534305e-02   2.4914754e-01   7.9837749e-01   5.5148633e-01   1.0000000e+00   8.9143875e-03
   5.5690330e-01   1.8888721e-02   1.7553164e-02   9.9243688e-04   0.0000000e+00   2.1560953e-02   2.5116169e-03   6.1206482e-03   3.6124737e-02   1.4442670e-02   6.4237634e-01   1.9065115e-02   7.6919260e-01   1.0000000e+00   8.8965946e-03
   5.0997559e-02   2.1170098e-01   1.6741044e-03   0.0000000e+00   3.4449332e-04   2.4302731e-03   0.0000000e+00   1.4918010e-04   0.0000000e+00   1.0857872e-02   9.4230477e-01   3.2543849e-01   8.0031272e-02   1.0000000e+00   8.8964151e-03
   2.5850934e-01   8.6420766e-01   6.2841371e-03   0.0000000e+00   1.1060778e-02   3.0684101e-02   7.4977925e-02   4.5504459e-02   4.3802460e-03   1.7031571e-02   1.9624494e-01   9.0603715e-01   3.9859429e-01   1.0000000e+00   8.8350285e-03
   4.6876227e-02   9.7596008e-03   0.0000000e+00   3.0614225e-04   0.0000000e+00   0.0000000e+00   3.2655929e-04   2.3326699e-04   1.2487976e-03   5.7220906e-04   9.9717526e-01   1.5288239e-02   7.3566643e-02   1.0000000e+00   8.8291511e-03
   1.8253001e-01   4.5005011e-01   5.7729046e-04   9.9931887e-03   0.0000000e+00   1.8329910e-02   8.7211620e-03   0.0000000e+00   2.5275614e-03   1.0247704e-02   7.2976998e-01   6.2338180e-01   2.8298160e-01   1.0000000e+00   8.8216951e-03
   7.1849049e-01   7.9852435e-02   9.2707366e-04   4.4426670e-03   0.0000000e+00   1.6731613e-02   4.4962063e-03   2.6042132e-04   1.8627172e-02   3.6563734e-02   4.2541280e-01   5.3641955e-02   9.0562681e-01   1.0000000e+00   8.8091461e-03
   3.1961248e-01   6.7214039e-01   9.4159377e-03   0.0000000e+00   3.1517170e-03   0.0000000e+00   1.3925275e-04   1.7639225e-03   0.0000000e+00   0.0000000e+00   4.3180037e-01   7.6297571e-01   4.8126911e-01   1.0000000e+00   8.8063855e-03
   5.3365593e-01   5.6492017e-01   2.9545699e-02   1.8833806e-03   3.7250942e-03   8.4352731e-03   1.4186178e-02   0.0000000e+00   3.2751945e-03   1.6063296e-02   4.2288922e-01   5.1930522e-01   7.4454812e-01   1.0000000e+00   8.7845407e-03
   3.3545952e-01   3.9425844e-01   5.0597057e-03   3.0341990e-02   8.9968417e-04   2.9779062e-02   7.4323507e-04   3.0757819e-03   1.0628111e-03   2.6949686e-02   7.0563764e-01   5.0301544e-01   5.0418263e-01   1.0000000e+00   8.7774788e-03
   3.5758428e-02   2.5395637e-01   0.0000000e+00   0.0000000e+00   1.1407749e-03   1.6713409e-03   6.3313501e-03   0.0000000e+00   3.6670454e-03   7.0732242e-04   9.2008369e-01   3.8782758e-01   5.6142939e-02   1.0000000e+00   8.7727043e-03
   4.1146525e-01   7.5726472e-01   7.3166823e-03   9.5028038e-03   2.7257460e-03   2.6121821e-02   1.5223784e-02   6.8162340e-02   3.6378309e-03   3.3510663e-03   2.9876435e-01   7.4522181e-01   6.0571373e-01   1.0000000e+00   8.7595802e-03
   9.7679083e-03   3.8714579e-01   2.7588611e-04   2.1281877e-03   7.0649639e-04   2.0782578e-02   8.9630131e-04   1.6792910e-02   9.8262407e-03   0.0000000e+00   8.2129279e-01   5.7173053e-01   1.5355318e-02   1.0000000e+00   8.7584484e-03
   2.2895913e-01   1.0621708e-01   1.6661331e-02   0.0000000e+00   6.1506849e-02   4.9316551e-02   7.9624151e-03   1.5278887e-03   2.5419007e-03   0.0000000e+00   9.2908237e-01   1.5646771e-01   3.5425544e-01   1.0000000e+00   8.7579548e-03
   3.2773555e-01   7.4904056e-01   1.9578848e-03   8.5955219e-03   7.5518247e-03   2.0691009e-02   3.2880057e-02   2.1154063e-02   1.3543898e-02   4.2721542e-02   3.3566535e-01   8.0692600e-01   4.9438453e-01   1.0000000e+00   8.7335045e-03
   2.3210235e-01   3.8333129e-01   6.4351302e-04   1.3493677e-02   7.9087800e-04   1.5240679e-02   1.0250817e-02   9.8211403e-04   0.0000000e+00   1.5918426e-02   7.7055601e-01   5.2958484e-01   3.5683836e-01   1.0000000e+00   8.7126695e-03
   7.1488718e-01   4.2194985e-01   1.2837664e-03   8.5707930e-03   1.1334979e-02   6.0794570e-02   4.2312141e-04   1.8717358e-02   4.4738106e-02   1.7085235e-03   3.4348312e-01   2.6812184e-01   9.0701607e-01   1.0000000e+00   8.6963796e-03
   2.4101643e-01   3.4913329e-01   3.2292604e-03   1.5851603e-03   1.3701275e-06   1.6685564e-03   0.0000000e+00   9.3028465e-04   4.5423936e-04   0.0000000e+00   7.9293618e-01   4.8442824e-01   3.6961477e-01   1.0000000e+00   8.6823921e-03
   2.4470364e-01   5.7810071e-01   0.0000000e+00   8.1760183e-02   4.2752655e-02   0.0000000e+00   0.0000000e+00   2.5129808e-02   1.0730791e-01   5.2421846e-02   5.8371741e-01   7.4790590e-01   3.8376134e-01   1.0000000e+00   8.6721470e-03
   9.4271483e-02   2.8084169e-01   0.0000000e+00   4.2812930e-05   2.4650643e-03   8.5389052e-04   0.0000000e+00   9.8282154e-03   0.0000000e+00   5.0201826e-03   8.9448208e-01   4.2235670e-01   1.4755968e-01   1.0000000e+00   8.6557671e-03
   1.8245206e-02   1.8358228e-01   2.6553704e-03   4.5195606e-03   9.3621679e-05   0.0000000e+00   3.2398373e-03   3.5749474e-07   0.0000000e+00   8.8638773e-04   9.5835205e-01   2.8428450e-01   2.8656690e-02   1.0000000e+00   8.6537594e-03
   3.4814193e-01   5.0177068e-01   1.4846793e-02   1.8147531e-02   0.0000000e+00   2.0727743e-02   7.0114956e-03   5.6181959e-04   2.1322892e-03   1.8159437e-02   6.0312222e-01   6.0648660e-01   5.2071665e-01   1.0000000e+00   8.6420797e-03
   3.8886846e-01   1.5732183e-01   4.9269825e-03   5.8274084e-03   2.7968193e-02   3.7126918e-02   1.3666004e-03   2.8110631e-02   3.3570874e-02   7.6263571e-04   7.9757186e-01   2.0120902e-01   5.7592380e-01   1.0000000e+00   8.6369195e-03
   1.1137890e-01   7.8703906e-01   1.8323473e-03   4.4929489e-03   0.0000000e+00   1.5281460e-02   2.7188963e-03   0.0000000e+00   1.3448207e-02   4.3486576e-03   3.2345242e-01   9.3058118e-01   1.7414321e-01   1.0000000e+00   8.6361239e-03
   7.3745589e-02   2.7521069e-01   1.1308111e-04   1.1163492e-03   7.9559150e-04   3.8119715e-03   3.9832429e-03   0.0000000e+00   3.6571522e-03   3.5769239e-04   9.0196054e-01   4.1617150e-01   1.1558570e-01   1.0000000e+00   8.6185586e-03
   3.7837815e-01   3.0300036e-01   2.3310515e-02   9.1070731e-04   1.0201339e-02   1.4256063e-02   4.4253989e-03   0.0000000e+00   3.6789081e-02   2.9100343e-03   7.3807122e-01   3.8045822e-01   5.6122492e-01   1.0000000e+00   8.5448687e-03
   1.8737516e-01   6.5905401e-01   1.9493946e-03   3.0529496e-03   1.8465676e-03   8.8926860e-03   4.5115542e-03   0.0000000e+00   2.2641986e-03   1.2697994e-02   4.8851260e-01   8.2323531e-01   2.9017892e-01   1.0000000e+00   8.5342349e-03
   4.7914630e-01   4.9193682e-02   1.4058766e-02   6.9690328e-03   0.0000000e+00   1.5425936e-02   0.0000000e+00   1.4638359e-02   6.3241294e-02   2.2109328e-02   7.3148232e-01   5.6636794e-02   6.8711445e-01   1.0000000e+00   8.5312783e-03
   4.0111130e-01   8.0727597e-01   1.8965619e-03   7.0891718e-03   1.0097569e-02   1.0027003e-02   1.7869544e-02   1.4013882e-02   1.1607524e-02   3.2951231e-02   2.4136382e-01   7.7278404e-01   5.9037062e-01   1.0000000e+00   8.5045384e-03
   7.4284035e-02   8.8393985e-01   0.0000000e+00   9.3200332e-03   7.9557808e-04   2.1388528e-02   0.0000000e+00   3.2297094e-03   1.1663927e-02   2.2105470e-03   1.8019124e-01   9.7742092e-01   1.1650155e-01   1.0000000e+00   8.5023812e-03
   8.0252514e-01   2.4818230e-01   2.1628419e-02   0.0000000e+00   3.9166240e-04   2.3472429e-02   1.0050795e-03   1.2943649e-02   1.9408776e-02   2.0458286e-03   2.8278221e-01   1.1618740e-01   9.5376823e-01   1.0000000e+00   8.4976512e-03
   1.3848131e-01   2.6234199e-01   5.3966338e-03   3.6398726e-02   0.0000000e+00   2.4443500e-02   2.6815848e-03   2.1753057e-03   0.0000000e+00   3.1892238e-02   8.9736116e-01   3.9224852e-01   2.1645776e-01   1.0000000e+00   8.4818122e-03
   3.3786344e-01   1.9021628e-01   1.4562519e-03   2.9171176e-04   2.0523459e-04   5.3575006e-03   3.8107702e-03   6.5433073e-03   3.0036931e-02   3.3192567e-03   8.2505874e-01   2.5412807e-01   5.0665673e-01   1.0000000e+00   8.4718716e-03
   3.7660892e-01   5.4573246e-01   5.8722120e-03   5.4060699e-03   0.0000000e+00   1.3008035e-02   4.9830533e-03   2.7993319e-03   0.0000000e+00   4.6261445e-03   5.4345760e-01   6.2773700e-01   5.5782986e-01   1.0000000e+00   8.4715195e-03
   2.5868898e-01   3.4927363e-01   1.1732275e-02   1.2962940e-02   6.1041192e-04   1.9968604e-02   1.0281707e-02   2.4585964e-03   1.2693239e-02   2.3846026e-02   7.8496917e-01   4.7979863e-01   3.9586827e-01   1.0000000e+00   8.4700223e-03
   1.3036664e-02   9.2425975e-02   0.0000000e+00   0.0000000e+00   1.0332843e-03   3.6704592e-03   1.4780386e-05   1.5109329e-02   1.2933490e-03   2.8113829e-03   9.8952178e-01   1.4467907e-01   2.0481682e-02   1.0000000e+00   8.4696431e-03
   0.0000000e+00   8.3026418e-01   0.0000000e+00   4.5263505e-03   1.9611471e-03   1.8975339e-02   0.0000000e+00   0.0000000e+00   1.1142210e-02   2.3795553e-02   2.6375594e-01   9.6570363e-01   0.0000000e+00   1.0000000e+00   8.4522212e-03
   3.3582916e-01   3.0767711e-01   3.3254820e-03   2.5318439e-03   2.0120186e-06   1.9311255e-03   0.0000000e+00   1.4408317e-03   1.8940501e-03   0.0000000e+00   7.6511598e-01   4.0154054e-01   5.0340486e-01   1.0000000e+00   8.4433620e-03
   3.8425646e-01   8.6806349e-01   9.4372991e-03   5.3786990e-03   1.9544055e-03   1.6137656e-02   1.2688426e-02   3.8090294e-02   1.5936245e-04   0.0000000e+00   1.6974498e-01   8.0729313e-01   5.6873252e-01   1.0000000e+00   8.4286504e-03
   1.4093040e-01   3.0032317e-01   1.8022307e-03   2.8179752e-03   0.0000000e+00   6.6808340e-03   3.0121167e-03   4.6452439e-04   0.0000000e+00   2.9920254e-03   8.6910263e-01   4.4338578e-01   2.1958554e-01   1.0000000e+00   8.4229301e-03
   1.1242775e-01   2.2908954e-01   1.0621524e-02   1.2021273e-03   5.5653785e-03   3.1162042e-03   0.0000000e+00   0.0000000e+00   1.0437108e-02   1.9865901e-02   9.2199809e-01   3.4688800e-01   1.7580026e-01   1.0000000e+00   8.4085835e-03
   2.0207941e-01   2.8699637e-01   3.0993792e-03   1.9639147e-03   1.5340867e-06   1.9284916e-03   0.0000000e+00   1.0515944e-03   4.0016198e-04   0.0000000e+00   8.5514225e-01   4.1393842e-01   3.1212756e-01   1.0000000e+00   8.4040740e-03
   2.2190728e-02   2.5818078e-01   0.0000000e+00   7.0193109e-03   1.6459383e-04   0.0000000e+00   5.1631547e-03   0.0000000e+00   3.4157987e-03   2.9569104e-03   9.1841610e-01   3.9432202e-01   3.4853414e-02   1.0000000e+00   8.3911021e-03
   6.7070858e-01   2.5410947e-01   7.1294779e-03   1.6224686e-02   9.6058696e-03   4.3517192e-02   1.5231292e-03   2.9705588e-02   3.4249207e-02   5.4206298e-03   4.5761849e-01   1.9302193e-01   8.7299573e-01   1.0000000e+00   8.3637918e-03
   2.2299662e-01   3.2520693e-01   8.7640373e-03   1.1280478e-02   2.0636773e-03   1.4883416e-03   6.4747386e-03   0.0000000e+00   0.0000000e+00   8.2746652e-03   8.1962819e-01   4.5936387e-01   3.4327308e-01   1.0000000e+00   8.3538600e-03
   4.1135436e-01   1.0921826e-01   2.1947743e-02   4.1417935e-03   3.1258733e-02   2.8449830e-02   1.8466071e-04   3.2449744e-02   4.0334809e-02   0.0000000e+00   7.9059077e-01   1.3698002e-01   6.0510983e-01   1.0000000e+00   8.3532342e-03
   7.9105488e-01   2.5871428e-01   1.2295295e-02   2.9684344e-03   0.0000000e+00   2.0908141e-02   1.9658992e-03   2.2963068e-02   2.8286441e-02   8.0922764e-03   2.9668591e-01   1.2767668e-01   9.4850827e-01   1.0000000e+00   8.3490194e-03
   2.9943319e-01   5.6296845e-01   4.3268390e-02   7.9381724e-02   3.1579652e-03   4.4628796e-02   9.5594039e-04   8.4280363e-02   0.0000000e+00   1.0646917e-03   5.7476102e-01   7.0140016e-01   4.6102851e-01   1.0000000e+00   8.3486564e-03
   5.8455244e-01   1.1623533e-02   4.6283139e-02   5.1247709e-04   5.8190678e-03   4.5197792e-03   2.1184837e-03   1.1161207e-02   7.0198551e-02   1.0905834e-02   6.1161600e-01   1.1168250e-02   8.0037524e-01   1.0000000e+00   8.3452450e-03
   2.7544742e-02   6.6986060e-01   0.0000000e+00   9.9557710e-03   1.2843967e-03   3.1296953e-02   0.0000000e+00   3.1731677e-03   1.1909483e-02   0.0000000e+00   4.9579514e-01   8.6877934e-01   4.3306977e-02   1.0000000e+00   8.3418802e-03
   1.3961244e-02   4.0801681e-01   0.0000000e+00   4.4428751e-04   4.4143350e-04   0.0000000e+00   0.0000000e+00   0.0000000e+00   0.0000000e+00   1.4236263e-05   8.0135877e-01   5.9778261e-01   2.1928521e-02   1.0000000e+00   8.3387654e-03
   1.7026898e-01   0.0000000e+00   1.7021247e-02   7.7671688e-04   6.5804536e-02   3.8207175e-02   8.5794180e-03   7.3769270e-03   4.8283818e-03   3.2062402e-03   9.7046589e-01   0.0000000e+00   2.6593019e-01   1.0000000e+00   8.3331688e-03
   8.8379867e-02   3.6564318e-01   4.8177426e-03   0.0000000e+00   0.0000000e+00   6.2105955e-03   1.7269550e-03   5.3911539e-03   7.5177124e-03   7.7730879e-03   8.3164310e-01   5.3817644e-01   1.3841043e-01   1.0000000e+00   8.3201024e-03
   2.7642731e-01   7.7326404e-01   2.6337306e-03   8.4603715e-03   8.1007946e-03   1.7445956e-02   3.7741713e-02   1.5231784e-02   1.4846035e-02   4.6564440e-02   3.1773930e-01   8.5409067e-01   4.2258519e-01   1.0000000e+00   8.3123555e-03
   3.0183587e-01   6.5304613e-01   2.4456190e-03   3.0709216e-03   1.7287755e-03   6.8922872e-03   5.7650621e-03   0.0000000e+00   0.0000000e+00   1.6352516e-02   4.6139766e-01   7.6108299e-01   4.5672542e-01   1.0000000e+00   8.2719728e-03
   6.0319103e-01   1.6657336e-01   1.2315219e-02   3.2552272e-03   2.3992573e-03   3.2368125e-02   1.0611690e-03   1.0920714e-02   4.4217204e-02   3.8822616e-04   5.6571088e-01   1.5149291e-01   8.1462554e-01   1.0000000e+00   8.2631008e-03
   6.4539518e-02   9.5414667e-01   0.0000000e+00   2.9689609e-03   0.0000000e+00   1.6940333e-02   2.7569434e-03   2.5197376e-03   1.0285193e-02   2.7835955e-03   7.1624795e-02   9.9270616e-01   1.0124771e-01   1.0000000e+00   8.2481103e-03
   4.1915609e-01   3.4738350e-03   2.4142083e-02   4.5529838e-03   5.7181164e-04   5.2177454e-03   7.6086640e-03   1.0889761e-02   3.6651422e-02   1.2025096e-03   7.9265745e-01   4.3253268e-03   6.1317602e-01   1.0000000e+00   8.2409189e-03
   7.5803384e-01   7.9221289e-01   1.2505271e-02   3.9509157e-02   7.1600702e-03   1.4749037e-02   2.2530314e-03   4.7648003e-03   4.2381665e-03   2.3512436e-02   1.1925821e-01   3.5231621e-01   9.3103540e-01   1.0000000e+00   8.2302187e-03
   4.9652831e-02   2.6201218e-01   2.8468904e-03   0.0000000e+00   1.9163662e-04   1.0474220e-03   6.9095277e-03   0.0000000e+00   1.0239112e-04   1.8468468e-04   9.1376071e-01   3.9885326e-01   7.7919877e-02   1.0000000e+00   8.2180046e-03
   2.5414613e-01   3.2655350e-01   1.0590618e-02   9.9952495e-03   2.7391370e-03   0.0000000e+00   8.7048789e-03   0.0000000e+00   9.3981704e-03   1.4602367e-02   8.0326779e-01   4.5243003e-01   3.8892426e-01   1.0000000e+00   8.2131831e-03
   2.0858006e-01   9.2480183e-01   8.4873874e-03   1.6850941e-04   4.6016172e-03   1.5019553e-03   1.0681815e-02   6.2997325e-04   9.4249507e-03   6.4649594e-04   1.1161112e-01   9.4048932e-01   3.2190272e-01   1.0000000e+00   8.2086141e-03
   2.5246557e-01   5.5390859e-01   4.7763204e-03   3.9081629e-03   8.3708753e-03   2.7678144e-02   3.8979595e-02   9.4559634e-03   1.1001832e-03   8.8317591e-02   6.0084352e-01   7.1230688e-01   3.9023105e-01   1.0000000e+00   8.1664447e-03
   5.6888235e-01   9.0734314e-01   2.9331896e-02   1.8687009e-02   0.0000000e+00   1.3816178e-02   1.5982734e-02   8.0675633e-03   0.0000000e+00   2.0812783e-02   9.1074371e-02   6.2132220e-01   7.8101033e-01   1.0000000e+00   8.1627770e-03
   6.6115660e-02   3.3282313e-01   0.0000000e+00   1.5458464e-03   0.0000000e+00   2.5247628e-02   1.0261635e-03   8.2235935e-03   9.4037588e-03   0.0000000e+00   8.6244431e-01   4.9701129e-01   1.0375026e-01   1.0000000e+00   8.1290833e-03
   2.1198657e-01   4.7016341e-01   5.8199733e-03   2.2427588e-02   2.3378005e-03   2.1100811e-02   0.0000000e+00   0.0000000e+00   0.0000000e+00   3.6439934e-02   7.0045798e-01   6.3769646e-01   3.2762494e-01   1.0000000e+00   8.0994128e-03
   8.0243376e-01   1.4867957e-02   2.5160177e-02   0.0000000e+00   3.0547303e-04   2.0696056e-02   1.9500781e-03   0.0000000e+00   1.6188483e-02   2.0197653e-03   3.0570210e-01   7.1408281e-03   9.5349872e-01   1.0000000e+00   8.0983689e-03
   5.3985682e-01   7.7375961e-01   5.4908332e-03   1.6516655e-02   2.4592408e-03   6.4261489e-03   1.0541162e-02   1.0762117e-02   3.1842650e-03   1.9083016e-03   2.3029446e-01   6.2051458e-01   7.5040555e-01   1.0000000e+00   8.0956825e-03
   4.2696518e-01   6.3952214e-01   7.0236604e-03   6.7495829e-03   1.6734915e-02   1.8508611e-02   8.5957631e-02   5.2242069e-02   1.7944876e-02   1.2422186e-02   4.2501816e-01   6.6861160e-01   6.2854564e-01   1.0000000e+00   8.0868456e-03
   2.8212743e-01   6.8137571e-01   2.1166432e-03   3.9280996e-03   0.0000000e+00   2.4258937e-02   1.7865290e-03   1.3924464e-02   1.4573270e-02   3.6522638e-03   4.3395114e-01   7.9341067e-01   4.2924281e-01   1.0000000e+00   8.0561590e-03
   7.2806336e-01   8.2341478e-01   1.2291173e-02   4.2565560e-02   5.7645036e-03   1.4402987e-02   1.9692273e-04   6.5182655e-03   3.8094815e-03   1.8103854e-02   1.1373986e-01   3.9948084e-01   9.1250300e-01   1.0000000e+00   8.0520959e-03
   9.1414868e-02   7.5893415e-01   2.0946075e-03   1.8943662e-03   3.2029170e-03   2.2466604e-03   1.1956027e-03   2.2599134e-03   9.2986258e-03   4.5424217e-05   3.6591852e-01   9.1970295e-01   1.4311782e-01   1.0000000e+00   8.0465885e-03
   3.5976147e-01   1.0000000e+00   7.3588528e-03   6.7591786e-03   8.6189370e-05   1.9968006e-02   1.2041212e-02   7.3886520e-02   3.4232889e-03   7.8147830e-04   5.2028692e-17   8.4969301e-01   5.3878510e-01   1.0000000e+00   8.0411694e-03
   1.0643383e-01   9.7066262e-01   1.5564612e-03   3.9397534e-03   0.0000000e+00   1.5987599e-02   2.6605557e-03   0.0000000e+00   1.3399130e-02   4.3613632e-03   4.5446189e-02   9.8548213e-01   1.6648786e-01   1.0000000e+00   8.0388809e-03
   4.7744307e-01   7.8725963e-01   1.4364450e-02   1.8666438e-02   8.0372838e-03   1.6384850e-02   2.5798954e-02   1.1122844e-02   1.4098498e-02   6.9311079e-02   2.4159513e-01   6.9585292e-01   6.8616689e-01   1.0000000e+00   8.0265516e-03
   3.0026608e-02   5.5937057e-01   0.0000000e+00   4.6040548e-03   0.0000000e+00   2.1312261e-02   0.0000000e+00   5.3937406e-03   1.0832029e-02   5.1965813e-03   6.3788939e-01   7.6952543e-01   4.7178792e-02   1.0000000e+00   8.0101812e-03
   7.0793746e-01   2.5979399e-01   9.3910768e-04   5.6069306e-03   0.0000000e+00   1.5697396e-02   5.1444280e-03   0.0000000e+00   2.0339127e-02   3.4086851e-02   4.0724565e-01   1.7607449e-01   8.9828385e-01   1.0000000e+00   8.0009812e-03
   1.3876864e-01   1.8296380e-01   0.0000000e+00   2.6122447e-02   2.4238923e-03   4.7160247e-03   0.0000000e+00   4.6605443e-04   5.5431006e-05   6.6947144e-04   9.3695772e-01   2.7694803e-01   2.1640899e-01   1.0000000e+00   7.9738992e-03
   7.0604786e-01   4.4913765e-01   3.1320497e-03   9.9597493e-03   1.1596289e-02   5.0393788e-02   1.9057434e-03   2.1119215e-02   6.8580312e-02   1.7124494e-03   3.4184926e-01   2.9116693e-01   9.0238664e-01   1.0000000e+00   7.9483162e-03
