   0.0000000e+00   8.2835479e-01   3.3709301e-03   0.0000000e+00   3.9589934e-03   3.4571270e-03   4.0407560e-03   0.0000000e+00   1.5702394e-03   4.4940756e-03   2.6638563e-01   9.6394744e-01   0.0000000e+00   1.0000000e+00             Inf
   0.0000000e+00   1.0000000e+00   0.0000000e+00   0.0000000e+00   0.0000000e+00   0.0000000e+00   0.0000000e+00   0.0000000e+00   0.0000000e+00   0.0000000e+00   6.1232340e-17   1.0000000e+00   0.0000000e+00   1.0000000e+00             Inf
   0.0000000e+00   0.0000000e+00   0.0000000e+00   3.6952373e-05   3.7513872e-05   0.0000000e+00   0.0000000e+00   0.0000000e+00   8.8608034e-07   0.0000000e+00   1.0000000e+00   0.0000000e+00   0.0000000e+00   1.0000000e+00             Inf
   1.0000000e+00   1.0000000e+00   4.6643287e-04   1.1502621e-03   1.4965298e-04   6.9411557e-05   6.0153703e-04   0.0000000e+00   2.5329731e-04   0.0000000e+00   3.7494069e-33   6.1232462e-17   1.0000020e+00   1.0000000e+00             Inf
   1.0000000e+00   3.7937980e-01   0.0000000e+00   1.7442513e-01   2.6230628e-03   1.0637088e-03   3.2792614e-02   1.0737358e-01   4.2644327e-02   0.0000000e+00   5.2950734e-17   3.5909922e-17   1.0448551e+00   1.0000000e+00             Inf
   1.0000000e+00   3.8227687e-01   8.9188625e-06   1.6051702e-01   2.6288153e-03   7.1831061e-04   3.2326267e-02   1.1266571e-01   4.2855792e-02   1.3726453e-03   5.2609699e-17   3.6029247e-17   1.0413502e+00   1.0000000e+00   2.7270982e-02
   1.0000000e+00   0.0000000e+00   1.6080369e-03   1.2730084e-02   0.0000000e+00   1.9947539e-02   1.5162913e-02   2.1674290e-03   5.7201706e-03   1.2462350e-01   6.2234156e-17   0.0000000e+00   1.0163609e+00   1.0000000e+00   2.6413376e-02
   8.0760894e-01   1.4624986e-01   2.0997390e-03   0.0000000e+00   2.3983225e-02   2.0327995e-02   1.0234418e-02   0.0000000e+00   0.0000000e+00   3.0432394e-02   2.9039534e-01   6.7911059e-02   9.5661389e-01   1.0000000e+00   2.0029900e-02
   2.7971172e-01   2.4491370e-01   0.0000000e+00   6.1705414e-03   1.8001444e-06   1.4677938e-02   1.1834704e-02   2.2253652e-03   2.5728300e-03   2.4404280e-02   8.3970906e-01   3.3998469e-01   4.2579520e-01   1.0000000e+00   1.9201133e-02
   7.7626906e-02   7.2322065e-01   9.4282371e-03   0.0000000e+00   2.7599731e-03   2.9590247e-03   9.1228797e-04   0.0000000e+00   5.6583385e-03   0.0000000e+00   4.1812671e-01   9.0035957e-01   1.2165092e-01   1.0000000e+00   1.9084419e-02
   1.4290497e-02   8.1834628e-01   6.3151682e-03   0.0000000e+00   0.0000000e+00   1.1222043e-02   5.4252694e-03   1.1758335e-03   5.0173018e-03   1.9600024e-02   2.8158429e-01   9.5990529e-01   2.2459176e-02   1.0000000e+00   1.7279411e-02
   2.3197889e-01   5.1200295e-01   6.7511009e-03   3.4039782e-02   2.1495316e-03   2.2750177e-02   2.6536652e-02   8.6226962e-05   0.0000000e+00   7.2858318e-03   6.4971518e-01   6.7468870e-01   3.5726605e-01   1.0000000e+00   1.7209189e-02
   2.6617325e-01   4.3548137e-01   0.0000000e+00   8.0440348e-04   4.2606714e-03   1.2347253e-02   1.2431352e-02   3.2764432e-03   4.2907777e-03   4.8511945e-02   7.1017662e-01   5.7906812e-01   4.0712813e-01   1.0000000e+00   1.6646129e-02
   4.7482543e-01   5.0728228e-01   9.1730956e-03   0.0000000e+00   1.8315470e-02   9.0208289e-03   3.9873967e-02   5.4114291e-03   0.0000000e+00   3.7554393e-02   5.1521362e-01   5.2713757e-01   6.8099517e-01   1.0000000e+00   1.6334666e-02
   2.9762858e-01   4.1133364e-01   1.0048433e-02   1.0794712e-03   1.7731608e-03   1.5262943e-02   3.5818223e-02   7.8848680e-03   1.1808601e-02   3.1586013e-02   7.1475756e-01   5.3900026e-01   4.5193944e-01   1.0000000e+00   1.6148621e-02
   3.8287045e-01   8.7090298e-01   0.0000000e+00   0.0000000e+00   5.3681731e-02   3.2947281e-02   6.6421956e-03   7.6222442e-05   4.6008559e-03   2.0592848e-02   1.6680046e-01   8.1124193e-01   5.6832845e-01   1.0000000e+00   1.6093738e-02
   9.1618920e-02   6.0932337e-02   4.6676543e-03   0.0000000e+00   8.0160271e-03   1.3220634e-02   3.9320041e-02   8.1049004e-03   2.8623114e-03   4.2815103e-02   9.8879123e-01   9.4929530e-02   1.4395104e-01   1.0000000e+00   1.5958877e-02
   8.1832789e-01   1.9955053e-01   1.6589948e-02   1.3624478e-02   0.0000000e+00   1.7149212e-02   1.4214813e-02   2.7964913e-02   2.5744460e-02   1.6225147e-02   2.6850924e-01   8.7034398e-02   9.6211489e-01   1.0000000e+00   1.5910678e-02
   7.0676763e-01   1.7615444e-01   3.6421672e-03   0.0000000e+00   0.0000000e+00   2.4657643e-02   1.5355966e-02   4.0676300e-04   2.1584039e-04   6.4482166e-02   4.2972967e-01   1.2203798e-01   9.0027482e-01   1.0000000e+00   1.5740829e-02
   5.5354152e-01   9.3742961e-01   0.0000000e+00   5.2207039e-03   3.4446137e-02   8.6373561e-03   2.8675777e-02   9.5334149e-03   1.8527571e-03   3.3104631e-02   6.3521419e-02   6.4421353e-01   7.6652900e-01   1.0000000e+00   1.5659697e-02
   2.2133594e-01   2.7101276e-01   7.0289958e-05   3.1015786e-04   6.1243619e-03   2.2413396e-02   7.4018093e-03   7.8039121e-04   4.3219512e-03   5.1479520e-02   8.5905048e-01   3.8952257e-01   3.4182374e-01   1.0000000e+00   1.5619731e-02
   5.2689609e-01   7.8581185e-02   5.9688846e-03   4.2992624e-02   1.3457640e-03   2.3997210e-02   9.9794201e-03   1.7772041e-03   9.9662750e-04   1.7491355e-03   6.7318733e-01   8.3519508e-02   7.3823224e-01   1.0000000e+00   1.5447497e-02
   4.2996695e-01   2.6379047e-01   1.7699942e-02   5.5280269e-02   2.7965433e-04   0.0000000e+00   1.1178648e-02   4.3487378e-03   1.3297856e-03   8.7093454e-03   7.1698050e-01   3.1534668e-01   6.2744710e-01   1.0000000e+00   1.5157856e-02
   1.5410281e-01   2.7515506e-01   2.9528323e-02   5.8473237e-04   6.2499921e-03   2.4790250e-03   1.1262521e-02   3.5738621e-02   4.8796790e-03   5.8253624e-03   8.8366499e-01   4.0763615e-01   2.4027743e-01   1.0000000e+00   1.4804058e-02
   4.5936774e-01   9.6399895e-01   2.0074760e-03   6.4852240e-04   4.5574136e-02   2.6372452e-02   1.5755644e-02   9.0621926e-04   8.1052309e-03   1.6819014e-02   4.2576713e-02   7.5209683e-01   6.6279571e-01   1.0000000e+00   1.4776776e-02
   3.0261010e-02   6.3119744e-01   7.2176018e-03   2.6877154e-03   2.9753978e-03   1.8543528e-02   1.2390040e-02   7.8761365e-03   0.0000000e+00   1.1847622e-02   5.4725134e-01   8.3653525e-01   4.7552475e-02   1.0000000e+00   1.4766517e-02
   5.0799467e-01   6.9182814e-01   1.4022724e-02   4.3242855e-03   3.6646108e-03   3.0704089e-02   1.0855321e-02   7.3377250e-04   5.0177407e-06   3.7034885e-02   3.2578679e-01   6.1960017e-01   7.1783606e-01   1.0000000e+00   1.4761630e-02
   2.9450346e-01   5.9886942e-01   3.0073962e-02   1.0600618e-04   2.3458041e-04   9.2954265e-03   6.1831445e-03   0.0000000e+00   4.6639330e-03   6.9193944e-02   5.3036849e-01   7.2727003e-01   4.4888647e-01   1.0000000e+00   1.4741937e-02
   4.8990587e-01   3.0806861e-01   2.1758266e-02   6.5817614e-03   2.7230254e-03   6.3291850e-03   0.0000000e+00   1.3763761e-02   3.9661701e-02   3.3407931e-02   6.3795175e-01   3.3530402e-01   6.9820213e-01   1.0000000e+00   1.4738755e-02
   5.8300350e-02   2.1803429e-01   7.8651878e-03   9.1415860e-04   2.6465734e-04   2.6408189e-03   2.8594940e-04   9.1098797e-03   1.6541044e-04   1.8352774e-04   9.3811864e-01   3.3447501e-01   9.1464006e-02   1.0000000e+00   1.4514822e-02
   5.3329740e-01   9.7952611e-02   1.2513800e-05   9.2840036e-03   1.5295226e-03   1.8890928e-02   4.4657325e-02   5.8644516e-03   7.9990765e-03   8.0370885e-03   6.6298821e-01   1.0282244e-01   7.4504111e-01   1.0000000e+00   1.4485047e-02
   3.6172794e-01   1.6399667e-01   1.7964336e-02   5.8638699e-04   2.0745152e-03   5.0867430e-03   1.5490108e-02   5.2089765e-02   4.8351043e-03   2.7484493e-02   8.1838786e-01   2.1561171e-01   5.4031490e-01   1.0000000e+00   1.4406013e-02
   2.7590223e-02   8.0905768e-01   7.3364311e-03   2.5571157e-04   3.7032684e-03   1.6276428e-03   1.3097417e-03   0.0000000e+00   6.1854340e-03   1.1940719e-03   2.9521029e-01   9.5456625e-01   4.3329893e-02   1.0000000e+00   1.4269549e-02
   7.1188178e-02   2.6262877e-02   1.0186895e-03   1.4011815e-04   0.0000000e+00   1.7007323e-03   1.4950359e-03   2.6318721e-03   1.0661083e-03   1.3307349e-03   9.9292483e-01   4.0985007e-02   1.1159102e-01   1.0000000e+00   1.4219346e-02
   8.2681951e-01   2.5624195e-01   2.9381177e-02   6.2557591e-05   4.6620757e-04   4.1925107e-03   1.1539339e-02   0.0000000e+00   4.8058472e-02   2.3406569e-02   2.4817294e-01   1.0565910e-01   9.6695642e-01   1.0000000e+00   1.4092580e-02
   3.8016189e-01   3.6218633e-01   0.0000000e+00   4.3332949e-02   2.1747884e-03   2.5560749e-03   1.0340447e-02   0.0000000e+00   2.0468389e-03   0.0000000e+00   6.9807413e-01   4.4638158e-01   5.6341834e-01   1.0000000e+00   1.4083285e-02
   7.4876645e-02   6.3537497e-01   4.9724770e-03   8.5181183e-05   2.6806555e-04   3.5910172e-04   7.5883793e-04   2.1506513e-03   1.4816610e-03   0.0000000e+00   5.3821984e-01   8.3463365e-01   1.1734877e-01   1.0000000e+00   1.4042669e-02
   3.0746016e-01   2.8464706e-01   3.3423691e-03   3.5355046e-03   4.7105731e-03   1.4379519e-02   3.4617733e-03   9.4661600e-04   7.3732955e-03   3.7561062e-02   7.9994607e-01   3.8358303e-01   4.6520400e-01   1.0000000e+00   1.4018557e-02
   5.2873604e-01   1.7714845e-01   4.1929791e-03   2.7122051e-02   1.0392209e-03   3.0444859e-02   9.6215536e-03   3.0963764e-03   7.1420538e-04   6.9480479e-03   6.4972312e-01   1.8561021e-01   7.3964605e-01   1.0000000e+00   1.3942357e-02
   7.2384956e-01   0.0000000e+00   1.2669547e-02   0.0000000e+00   0.0000000e+00   2.1871007e-02   2.4261334e-02   4.3618494e-04   0.0000000e+00   5.0787613e-02   4.2190026e-01   0.0000000e+00   9.1083958e-01   1.0000000e+00   1.3894067e-02
   5.7224793e-01   7.5364165e-03   3.6813320e-02   1.3861983e-03   1.7477287e-03   0.0000000e+00   8.6446763e-05   2.4519806e-04   5.0985847e-02   3.2003404e-02   6.2554168e-01   7.4056180e-03   7.8653397e-01   1.0000000e+00   1.3883292e-02
   1.7613949e-01   3.9664808e-01   3.5144846e-02   8.3460296e-03   4.4470998e-04   1.8930228e-02   5.7684427e-03   4.4533385e-02   1.6943000e-02   1.3473824e-03   7.8431507e-01   5.6355282e-01   2.7424684e-01   1.0000000e+00   1.3857443e-02
   7.8398532e-01   5.8246837e-01   1.3214650e-02   5.4292722e-03   3.9305537e-03   8.9626178e-02   1.3034180e-02   2.5084771e-03   5.6909486e-04   3.6952851e-02   2.0496759e-01   2.6636883e-01   9.5221884e-01   1.0000000e+00   1.3852804e-02
   5.6090565e-01   1.8024515e-01   4.0786563e-03   1.0438813e-03   8.1974601e-05   2.3383431e-02   1.5331276e-02   4.4681552e-03   1.8755926e-04   5.8748554e-02   6.1360212e-01   1.7852416e-01   7.7471396e-01   1.0000000e+00   1.3810996e-02
   4.9279719e-01   8.1095498e-01   2.0532262e-02   2.4362695e-03   3.4023047e-03   2.7532610e-02   8.2284911e-03   8.7548551e-03   5.8295899e-05   3.4612870e-02   2.0976284e-01   6.8550203e-01   7.0083668e-01   1.0000000e+00   1.3709936e-02
   4.1187477e-01   8.0280646e-01   2.1383114e-03   0.0000000e+00   1.0872591e-01   3.5464060e-02   0.0000000e+00   6.9898183e-03   0.0000000e+00   1.3594349e-02   2.4645999e-01   7.7006030e-01   6.1079987e-01   1.0000000e+00   1.3705621e-02
   3.8107187e-01   3.8427011e-01   7.2738270e-04   6.7956707e-02   1.3507826e-03   2.4054204e-03   1.1107453e-02   0.0000000e+00   4.6724330e-04   3.2412385e-04   6.8337925e-01   4.7115562e-01   5.6615161e-01   1.0000000e+00   1.3698790e-02
   6.4402206e-01   6.8350784e-01   1.1726166e-02   9.8447886e-03   2.8091200e-04   3.0428877e-03   2.5393147e-03   4.0284734e-03   5.8020236e-03   0.0000000e+00   2.5307217e-01   4.6640578e-01   8.4795072e-01   1.0000000e+00   1.3640935e-02
   1.3956790e-01   3.3407192e-01   2.3467151e-02   1.0699291e-03   2.4527564e-04   0.0000000e+00   0.0000000e+00   1.5224114e-02   3.3663751e-03   1.6260886e-02   8.4562490e-01   4.8953074e-01   2.1771120e-01   1.0000000e+00   1.3631463e-02
   4.0645118e-01   6.7898001e-01   7.8174055e-04   8.2288254e-02   0.0000000e+00   5.2302669e-03   8.3959024e-03   0.0000000e+00   4.8175918e-04   8.2046304e-03   3.9067601e-01   7.0794786e-01   6.0008744e-01   1.0000000e+00   1.3630885e-02
   1.6866387e-01   6.2552545e-01   2.4032599e-02   0.0000000e+00   0.0000000e+00   5.9260342e-03   2.5858085e-03   1.2655745e-02   3.7451968e-03   2.6849144e-02   5.3633440e-01   8.0411712e-01   2.6224463e-01   1.0000000e+00   1.3540310e-02
   5.9869902e-01   6.1541013e-01   1.7221924e-02   5.8976868e-03   5.1089451e-03   2.6038795e-02   2.6954645e-02   1.4099005e-03   1.1117968e-02   5.2024219e-02   3.3635733e-01   4.8733949e-01   8.1152536e-01   1.0000000e+00   1.3486860e-02
   4.3844431e-01   4.5418493e-01   5.9577431e-03   6.3088055e-04   1.4759686e-02   9.2946583e-03   2.7764511e-02   4.5325793e-03   1.9970996e-03   4.1496221e-02   5.8544487e-01   5.0671068e-01   6.3735524e-01   1.0000000e+00   1.3240314e-02
   7.1824670e-01   2.5710843e-01   1.9970181e-03   1.7326446e-02   2.1154756e-03   6.4645213e-02   1.7641395e-02   1.8584076e-03   8.2091410e-04   2.1095025e-03   3.9570818e-01   1.6910848e-01   9.0799527e-01   1.0000000e+00   1.3135984e-02
   7.8950788e-01   9.5435904e-01   1.7081737e-03   6.5461832e-04   0.0000000e+00   3.5590543e-03   0.0000000e+00   2.7374388e-03   6.9816829e-04   1.9588173e-02   2.3264471e-02   3.2394672e-01   9.4622029e-01   1.0000000e+00   1.3105936e-02
   2.7183678e-01   2.3448936e-01   1.0011707e-02   6.0627658e-04   2.1439462e-03   1.5616447e-02   3.4124267e-02   6.3618901e-03   1.2366428e-02   3.2280244e-02   8.5149686e-01   3.2863432e-01   4.1528069e-01   1.0000000e+00   1.2956803e-02
   4.4925728e-01   2.5556888e-01   1.4627445e-02   6.2920363e-02   0.0000000e+00   1.0250979e-03   1.1656282e-02   4.2472311e-03   1.1443667e-03   8.2196093e-03   7.0372871e-01   2.9873251e-01   6.5141204e-01   1.0000000e+00   1.2953426e-02
   5.6113478e-01   1.7560159e-01   6.3425750e-02   1.2357509e-03   7.8729278e-03   2.0307933e-04   2.5325620e-03   1.0126684e-02   2.0371543e-03   7.9475115e-02   6.1844149e-01   1.7504961e-01   7.7976272e-01   1.0000000e+00   1.2944108e-02
   4.9807765e-01   8.0626786e-01   2.4143333e-02   2.3565934e-03   3.4539166e-03   1.8762519e-02   1.4429070e-02   1.3963634e-03   0.0000000e+00   3.1460481e-02   2.1297264e-01   6.7810759e-01   7.0648569e-01   1.0000000e+00   1.2928551e-02
   5.2719509e-02   0.0000000e+00   1.0972256e-02   5.1303339e-05   0.0000000e+00   0.0000000e+00   1.3707166e-02   2.5819047e-03   2.2925765e-03   2.9484966e-02   9.9775857e-01   0.0000000e+00   8.2815391e-02   1.0000000e+00   1.2909752e-02
   1.4944477e-01   6.4962407e-01   2.8825863e-02   1.0108130e-04   3.4720332e-04   6.6421744e-03   6.2978191e-03   0.0000000e+00   3.9758883e-03   5.1788966e-02   5.1049532e-01   8.3194951e-01   2.3343754e-01   1.0000000e+00   1.2793448e-02
   8.3807587e-01   9.1568531e-01   1.7844462e-03   5.5598679e-04   2.0828895e-04   7.1990301e-03   8.1552368e-04   0.0000000e+00   5.6563794e-04   1.5374563e-02   3.3236744e-02   2.4948568e-01   9.6811040e-01   1.0000000e+00   1.2773124e-02
   8.4506594e-01   8.3036686e-02   0.0000000e+00   2.7237161e-02   3.7703001e-03   4.5074364e-02   7.6907973e-03   1.5526958e-03   6.1875924e-03   0.0000000e+00   2.3961752e-01   3.1432662e-02   9.7333397e-01   1.0000000e+00   1.2762437e-02
   7.2900902e-01   9.8293156e-01   0.0000000e+00   0.0000000e+00   1.2366783e-01   0.0000000e+00   5.9913879e-02   9.4859610e-02   0.0000000e+00   0.0000000e+00   1.1378471e-02   4.2429331e-01   9.3615523e-01   1.0000000e+00   1.2759007e-02
   9.3834117e-01   9.6141980e-01   2.3921832e-03   1.0456296e-03   3.5439223e-04   4.7065210e-04   0.0000000e+00   2.3357778e-03   0.0000000e+00   8.5064006e-03   5.8572180e-03   9.6532800e-02   9.9539795e-01   1.0000000e+00   1.2740033e-02
   6.6665165e-02   4.0038764e-01   2.3136055e-02   8.0980961e-04   0.0000000e+00   9.6896443e-04   2.7573290e-03   1.5124549e-02   3.6263115e-03   1.7154549e-02   8.0509832e-01   5.8568750e-01   1.0463907e-01   1.0000000e+00   1.2729553e-02
   5.3891948e-01   8.8356858e-01   0.0000000e+00   4.1513305e-03   3.9190149e-02   1.0244442e-02   4.5685940e-02   1.4431747e-02   6.1122684e-04   2.0148732e-02   1.2103099e-01   6.5437420e-01   7.5225306e-01   1.0000000e+00   1.2725463e-02
   1.4297975e-01   7.6335687e-01   1.6532080e-02   8.9166332e-03   8.4558057e-04   5.2318578e-03   1.9252504e-02   4.3520642e-03   1.8317470e-03   2.5850572e-02   3.5460525e-01   9.0961480e-01   2.2302987e-01   1.0000000e+00   1.2723484e-02
   2.9949040e-01   5.5347616e-01   9.4267666e-03   6.3838185e-03   9.9381962e-04   1.6328516e-02   1.4098797e-02   3.4034330e-02   2.5530799e-02   0.0000000e+00   5.7657263e-01   6.8259214e-01   4.5436778e-01   1.0000000e+00   1.2711351e-02
   3.5303467e-01   4.8499996e-01   1.9533089e-03   0.0000000e+00   0.0000000e+00   4.4651378e-03   6.3511402e-02   6.4835599e-03   4.1433693e-03   1.0439176e-01   6.2437134e-01   5.9562056e-01   5.3446290e-01   1.0000000e+00   1.2682029e-02
   4.8751166e-01   4.9000746e-01   6.0726211e-03   9.9938595e-03   1.8197826e-03   1.6502749e-02   1.2313790e-02   2.6444696e-02   3.8358793e-02   2.2157821e-02   5.1931872e-01   5.0326665e-01   6.9533632e-01   1.0000000e+00   1.2669714e-02
   3.5332227e-03   3.8769911e-01   1.2971226e-03   4.5220641e-03   2.3237242e-03   2.6698973e-02   0.0000000e+00   6.1941276e-03   7.0038422e-04   7.9119405e-04   8.2084958e-01   5.7248181e-01   5.5542729e-03   1.0000000e+00   1.2650737e-02
   2.4268856e-01   1.0356507e-02   1.7089463e-02   5.9140887e-04   1.7531607e-03   5.9397836e-03   7.6644441e-03   5.3585960e-02   7.0929153e-03   2.8286640e-02   9.3190647e-01   1.5161558e-02   3.7357750e-01   1.0000000e+00   1.2619279e-02
   3.5493092e-01   2.2382748e-01   1.0129198e-02   4.2164623e-04   1.7625353e-03   8.8359998e-03   2.9443917e-02   6.4006416e-03   8.0264562e-03   3.3551968e-02   7.9847639e-01   2.9290385e-01   5.3029432e-01   1.0000000e+00   1.2470224e-02
   2.2797437e-01   2.4451530e-01   8.5262644e-03   4.8771680e-03   1.0499878e-03   8.2556790e-03   1.6477412e-02   1.9872195e-02   1.6794923e-03   3.5615585e-03   8.6906401e-01   3.5123717e-01   3.5079372e-01   1.0000000e+00   1.2460310e-02
   7.8522169e-01   1.4685303e-01   7.5785346e-03   5.9046729e-04   0.0000000e+00   2.4322512e-02   2.0786857e-02   4.8272335e-04   0.0000000e+00   7.2554414e-02   3.2428643e-01   7.6160859e-02   9.4961559e-01   1.0000000e+00   1.2408301e-02
   2.4633385e-02   7.9492069e-01   7.6884306e-03   0.0000000e+00   3.2927988e-03   2.2378274e-03   3.1578844e-05   1.3668273e-04   5.8622807e-03   6.1558068e-03   3.1640474e-01   9.4799031e-01   3.8690072e-02   1.0000000e+00   1.2393526e-02
   2.7709252e-01   5.9905244e-01   3.0083852e-02   9.3951544e-05   4.7305516e-04   6.6314060e-03   4.6559572e-03   0.0000000e+00   4.6553779e-03   5.5506824e-02   5.3624833e-01   7.3577699e-01   4.2336007e-01   1.0000000e+00   1.2329559e-02
   2.6072463e-01   3.6639654e-01   1.0105804e-02   7.8702934e-04   1.8570718e-03   1.6276932e-02   3.6051647e-02   7.0933068e-03   1.1413639e-02   3.4163468e-02   7.7184897e-01   5.0077909e-01   3.9939424e-01   1.0000000e+00   1.2318975e-02
   1.2486770e-01   6.8374028e-01   3.3294396e-03   0.0000000e+00   5.0113992e-03   0.0000000e+00   1.1661801e-03   4.1333576e-05   1.6821125e-03   3.8743293e-03   4.6748443e-01   8.6231326e-01   1.9489729e-01   1.0000000e+00   1.2311285e-02
   4.1563609e-01   3.0858241e-01   2.1452195e-02   5.3397263e-03   2.5957199e-03   4.7540755e-03   2.9353902e-04   1.3056339e-02   1.8058780e-02   3.2906145e-02   7.0430858e-01   3.7090657e-01   6.0875054e-01   1.0000000e+00   1.2302609e-02
   6.4379605e-01   9.3163644e-01   2.7856654e-02   0.0000000e+00   3.9905000e-03   2.1332769e-02   9.6578992e-03   1.1422546e-02   0.0000000e+00   2.7411180e-02   5.7015152e-02   5.2889795e-01   8.4939121e-01   1.0000000e+00   1.2265606e-02
   1.0111811e-01   1.5281876e-01   2.8349806e-03   1.2939624e-03   1.4733582e-02   3.0998990e-06   1.0901814e-03   1.9526941e-02   5.9787523e-05   0.0000000e+00   9.5968414e-01   2.3489869e-01   1.5826529e-01   1.0000000e+00   1.2254785e-02
   6.4711886e-01   2.5179412e-01   2.0575395e-02   5.6681366e-03   0.0000000e+00   3.0761014e-02   4.9706027e-02   1.2394791e-02   4.8876856e-03   0.0000000e+00   4.8768335e-01   2.0361714e-01   8.5371029e-01   1.0000000e+00   1.2234008e-02
   1.1074503e-01   7.5468156e-01   3.7751547e-03   0.0000000e+00   3.7489007e-03   3.8996187e-03   6.6675377e-04   0.0000000e+00   3.2624028e-03   5.1423237e-03   3.7023616e-01   9.1275687e-01   1.7309588e-01   1.0000000e+00   1.2204704e-02
   4.3381807e-01   2.0393219e-01   1.4408270e-02   7.9741837e-02   0.0000000e+00   5.5367306e-04   1.1544423e-02   3.7348288e-03   1.4499908e-03   8.0235212e-03   7.4215549e-01   2.4621920e-01   6.3418297e-01   1.0000000e+00   1.2176155e-02
   6.4795801e-02   4.1242664e-01   0.0000000e+00   4.3881722e-03   2.5123021e-03   2.5029734e-02   7.6098987e-04   6.6219069e-03   4.9111525e-03   0.0000000e+00   7.9383516e-01   6.0077361e-01   1.0167858e-01   1.0000000e+00   1.2160421e-02
   4.8788702e-01   9.5539608e-01   2.0501358e-03   4.7413069e-04   5.1351200e-02   2.4175886e-02   1.3850504e-02   2.3024495e-04   8.3017359e-03   1.4029304e-02   5.0620611e-02   7.2131175e-01   6.9608005e-01   1.0000000e+00   1.2128545e-02
   1.2989194e-01   3.6632411e-01   2.2518443e-03   0.0000000e+00   6.1777960e-03   1.1310469e-02   1.0249031e-02   1.5481464e-03   9.0309873e-03   5.2213878e-02   8.2409678e-01   5.3454447e-01   2.0324646e-01   1.0000000e+00   1.2124507e-02
   7.1004449e-01   4.2654465e-01   6.9483326e-03   3.2380817e-02   2.5747168e-03   5.6657578e-02   2.8777268e-03   3.9109452e-03   0.0000000e+00   2.9547037e-03   3.4627898e-01   2.7434929e-01   9.0196111e-01   1.0000000e+00   1.2103670e-02
   4.2333715e-01   9.8471495e-01   0.0000000e+00   1.0254365e-05   3.2385536e-02   2.7187801e-02   9.5423236e-03   8.1042270e-03   6.2422541e-03   1.5699219e-02   1.8934297e-02   7.8845900e-01   6.1841669e-01   1.0000000e+00   1.2086519e-02
   8.6653453e-02   6.6023542e-01   7.4428308e-05   6.6521746e-04   9.8938542e-04   0.0000000e+00   0.0000000e+00   0.0000000e+00   1.2262739e-03   3.1215691e-03   5.0402411e-01   8.5297798e-01   1.3569673e-01   1.0000000e+00   1.2043018e-02
   4.4269723e-01   1.9609939e-03   1.0660532e-03   4.7946463e-03   1.1333552e-02   1.5697738e-02   1.4617398e-02   2.7894683e-03   8.1353806e-03   3.6922685e-02   7.6937599e-01   2.3699333e-03   6.4199611e-01   1.0000000e+00   1.2024750e-02
   3.4512729e-01   3.8775932e-01   3.1696258e-02   8.9347374e-04   0.0000000e+00   6.3407061e-03   4.5662372e-02   2.7462116e-04   1.4815550e-03   5.3589275e-02   7.0678687e-01   4.9303089e-01   5.1905540e-01   1.0000000e+00   1.2012806e-02
   4.6272117e-01   5.2743100e-01   7.2047889e-03   0.0000000e+00   2.0551896e-02   8.2218218e-03   6.1356794e-03   4.8338324e-03   7.0665875e-04   4.5186467e-02   5.0648964e-01   5.5213234e-01   6.6626988e-01   1.0000000e+00   1.1989489e-02
   4.0879285e-01   1.5945451e-01   9.2908368e-03   7.4800289e-04   2.1951293e-03   1.8929810e-02   3.2264578e-02   6.2715605e-03   1.0368882e-02   3.6875319e-02   7.7815850e-01   1.9908657e-01   6.0069811e-01   1.0000000e+00   1.1988679e-02
   2.1745409e-01   3.6866568e-01   7.0826695e-03   8.4493024e-04   1.5095578e-03   1.4755006e-02   3.9397052e-02   6.9492346e-03   1.0526730e-02   3.6168389e-02   7.9119822e-01   5.1734950e-01   3.3607468e-01   1.0000000e+00   1.1898589e-02
   5.8840545e-01   1.0000000e+00   0.0000000e+00   4.8214753e-04   7.8239336e-02   3.2643096e-02   6.6989282e-03   4.2424362e-03   6.1217446e-03   1.5901069e-02   3.7165814e-17   6.0696381e-01   8.0419685e-01   1.0000000e+00   1.1862832e-02
   5.0020684e-01   8.8557543e-01   4.2000826e-03   1.0105459e-03   1.4746166e-03   1.9077294e-02   7.4297524e-03   6.9551657e-03   7.5696836e-03   1.6551449e-02   1.2647303e-01   6.9605968e-01   7.0791622e-01   1.0000000e+00   1.1834596e-02
   7.0362510e-02   6.1834079e-01   6.1486383e-03   0.0000000e+00   1.9904681e-03   4.2533354e-03   1.3249358e-03   0.0000000e+00   6.8148703e-03   0.0000000e+00   5.6085487e-01   8.2066385e-01   1.1031220e-01   1.0000000e+00   1.1832346e-02
   1.0360384e-01   7.0362033e-01   6.6683169e-03   1.7175687e-03   4.0526066e-03   8.1105716e-03   7.8822681e-03   0.0000000e+00   8.9774318e-03   1.0119248e-02   4.4315067e-01   8.8209747e-01   1.6208385e-01   1.0000000e+00   1.1817308e-02
   1.3764104e-01   7.7202315e-01   1.4451748e-02   6.7516701e-03   9.2752036e-04   4.8799987e-03   2.1046476e-02   5.5909899e-03   1.4843315e-03   2.5993782e-02   3.4283000e-01   9.1606715e-01   2.1483257e-01   1.0000000e+00   1.1782623e-02
   4.5500651e-01   1.3607064e-02   4.2669458e-02   1.3511455e-03   1.9467569e-03   4.4505386e-03   6.8572658e-04   3.4283960e-04   4.5684736e-02   3.5648354e-02   7.5903260e-01   1.6225977e-02   6.5881902e-01   1.0000000e+00   1.1766631e-02
   4.4441396e-01   3.3950078e-01   7.6762373e-04   0.0000000e+00   5.4585297e-03   4.2403502e-02   1.7713684e-02   5.2333685e-03   3.5806177e-03   3.8061726e-02   6.6209418e-01   3.9086095e-01   6.4508484e-01   1.0000000e+00   1.1756820e-02
   3.7170031e-01   7.7318104e-02   8.0808058e-03   3.9739340e-03   9.7288616e-04   8.9018058e-03   1.6819704e-02   1.5183971e-02   1.7698297e-03   9.6708930e-03   8.2883106e-01   1.0116023e-01   5.5167840e-01   1.0000000e+00   1.1748321e-02
   2.8297298e-01   2.9014823e-01   8.1739627e-04   2.7649176e-04   5.4436886e-03   1.2001345e-02   8.4549965e-03   8.6915848e-04   7.2306399e-03   5.4970876e-02   8.1336471e-01   3.9869811e-01   4.3142804e-01   1.0000000e+00   1.1711377e-02
   2.6546079e-01   6.6612652e-01   1.8532698e-02   0.0000000e+00   9.2479847e-03   0.0000000e+00   0.0000000e+00   3.3300333e-03   8.2741971e-04   3.6331816e-03   4.5803663e-01   7.9179048e-01   4.0518934e-01   1.0000000e+00   1.1669582e-02
   4.1200902e-01   3.4397508e-01   5.0378414e-04   2.6662132e-02   4.3458267e-03   8.3810998e-04   3.5114584e-02   2.0912285e-03   1.1209451e-04   7.5562244e-03   6.8552427e-01   4.1121695e-01   6.0416194e-01   1.0000000e+00   1.1667508e-02
   6.1799351e-01   9.5793531e-01   0.0000000e+00   0.0000000e+00   7.1537839e-02   3.2460113e-02   3.3161714e-03   4.9607219e-03   5.5985387e-03   1.1096793e-02   3.7521795e-02   5.6703950e-01   8.3055500e-01   1.0000000e+00   1.1643874e-02
   6.7247375e-01   8.6763480e-01   2.4137962e-02   2.1293008e-03   2.0729250e-03   2.7005948e-02   2.0938898e-02   2.2589322e-04   1.1921833e-04   4.2158095e-04   1.0175574e-01   4.8232870e-01   8.7208190e-01   1.0000000e+00   1.1642724e-02
   2.2582907e-01   6.0080163e-01   1.7120157e-03   0.0000000e+00   0.0000000e+00   1.0972290e-02   6.5767748e-02   1.4971798e-02   4.1497683e-03   1.1174312e-01   5.5968505e-01   7.7238379e-01   3.5330467e-01   1.0000000e+00   1.1636463e-02
   1.4626571e-01   1.0893428e-01   0.0000000e+00   4.8502225e-04   2.2787971e-02   4.1484606e-03   1.4849093e-02   1.7750885e-02   0.0000000e+00   2.0542947e-04   9.6053099e-01   1.6598304e-01   2.2798186e-01   1.0000000e+00   1.1615611e-02
   3.4122685e-01   8.7806585e-01   6.8674699e-03   1.0163609e-02   4.5988273e-03   0.0000000e+00   1.0964478e-03   7.8290475e-05   6.7706025e-03   1.8029142e-03   1.6370424e-01   8.4422469e-01   5.1081256e-01   1.0000000e+00   1.1610967e-02
   3.4044921e-01   3.6430370e-01   2.0422290e-04   7.6935949e-02   6.9497554e-04   0.0000000e+00   1.2188491e-02   0.0000000e+00   0.0000000e+00   1.4031933e-02   7.2784356e-01   4.6883546e-01   5.1284165e-01   1.0000000e+00   1.1597856e-02
   4.8974938e-02   5.7146698e-01   1.3006571e-02   1.1653843e-03   1.4360769e-03   2.0548783e-02   1.3173679e-02   0.0000000e+00   3.6766583e-03   7.9105340e-03   6.2212365e-01   7.8021494e-01   7.6918697e-02   1.0000000e+00   1.1529522e-02
   4.6779295e-01   9.9209137e-01   0.0000000e+00   5.0686786e-04   5.6270473e-02   3.1815781e-02   6.7534079e-03   6.5779266e-05   5.9461404e-03   2.0208851e-02   9.2600425e-03   7.4536599e-01   6.7357409e-01   1.0000000e+00   1.1508427e-02
   2.1786227e-02   5.1473786e-01   6.2332168e-03   1.2885910e-03   2.2186275e-03   2.3753709e-02   2.7044849e-02   7.5282473e-03   3.9364910e-05   8.6421167e-03   6.9116101e-01   7.2392640e-01   3.4265426e-02   1.0000000e+00   1.1507381e-02
   1.4845162e-02   9.5085351e-01   4.3748818e-03   9.9455573e-04   3.8246902e-03   0.0000000e+00   0.0000000e+00   0.0000000e+00   0.0000000e+00   5.7847405e-03   7.7106756e-02   9.9681857e-01   2.3318204e-02   1.0000000e+00   1.1485769e-02
   2.4480015e-01   4.0088872e-01   1.1683420e-02   3.3254992e-03   9.3471159e-04   7.7399879e-03   3.3785739e-02   2.0086597e-03   6.5682991e-03   2.9036528e-02   7.5085493e-01   5.4713116e-01   3.7596491e-01   1.0000000e+00   1.1431763e-02
   2.8377920e-01   1.9319876e-01   1.0143897e-02   6.2739870e-04   3.3979250e-03   1.6033004e-02   3.6572630e-02   6.4679536e-03   1.0062571e-02   3.2195652e-02   8.6354004e-01   2.7041658e-01   4.3238875e-01   1.0000000e+00   1.1413485e-02
   5.3633344e-01   8.5274266e-01   1.5040075e-03   4.7222568e-03   3.1755228e-02   1.2775715e-02   3.1753486e-02   7.9773618e-03   2.0975961e-03   2.9845635e-02   1.5307905e-01   6.4994279e-01   7.4865058e-01   1.0000000e+00   1.1402724e-02
   7.0564295e-01   1.4211924e-01   0.0000000e+00   0.0000000e+00   1.0758079e-04   2.4742810e-02   1.4556137e-02   0.0000000e+00   2.7090085e-04   6.3800493e-02   4.3713489e-01   9.9240252e-02   8.9937632e-01   1.0000000e+00   1.1379309e-02
   2.9031429e-01   6.3623744e-01   1.7613645e-02   0.0000000e+00   9.5081486e-03   2.9692964e-04   2.0129683e-06   3.3743022e-03   0.0000000e+00   0.0000000e+00   4.8574269e-01   7.5550106e-01   4.4056395e-01   1.0000000e+00   1.1344599e-02
   3.2153976e-01   4.8564003e-01   1.6728329e-02   5.2695070e-03   5.5618576e-04   1.3011164e-02   1.5022190e-02   7.6787735e-03   2.4625478e-03   2.3870463e-02   6.3346270e-01   6.0551095e-01   4.8451902e-01   1.0000000e+00   1.1309384e-02
   2.4621843e-01   6.6270537e-01   6.5148764e-03   0.0000000e+00   1.0203152e-03   8.5755533e-03   3.3890520e-02   1.3134878e-03   6.5206150e-03   3.0606934e-02   4.6910145e-01   8.0095615e-01   3.7803619e-01   1.0000000e+00   1.1285500e-02
   3.9399828e-01   7.5931108e-01   0.0000000e+00   2.5058662e-03   7.4439931e-03   1.0315988e-02   1.0243163e-01   0.0000000e+00   3.6953224e-03   5.4812139e-02   3.0477763e-01   7.6735327e-01   5.8806752e-01   1.0000000e+00   1.1245734e-02
   3.8344739e-01   6.3479340e-01   1.6810373e-03   1.4442911e-04   9.4596193e-03   1.0452277e-02   4.7348541e-02   6.9619041e-03   1.3056926e-03   6.9279755e-02   4.5047150e-01   6.9716055e-01   5.7068594e-01   1.0000000e+00   1.1221139e-02
   4.6047559e-01   9.9974466e-01   0.0000000e+00   7.1393030e-04   7.4202136e-02   3.2310025e-02   6.5995863e-03   0.0000000e+00   5.3408998e-03   1.8031867e-02   3.0275611e-04   7.5482483e-01   6.6647050e-01   1.0000000e+00   1.1177827e-02
   4.3330530e-02   7.3543278e-01   7.9770929e-03   6.9332905e-04   3.7239412e-03   3.5395294e-03   4.5271399e-03   7.1720570e-03   1.5880854e-03   0.0000000e+00   4.0285341e-01   9.1291406e-01   6.8022116e-02   1.0000000e+00   1.1171970e-02
   3.1232861e-01   1.7446645e-01   6.6533491e-03   1.0053249e-05   1.4868750e-02   8.7789389e-03   1.7344024e-02   3.5355550e-03   4.9712096e-05   4.7070846e-02   8.5157041e-01   2.3939741e-01   4.7251217e-01   1.0000000e+00   1.1116045e-02
   7.1617117e-01   2.0623062e-01   3.2126354e-03   8.4441164e-03   2.1704370e-02   2.3382132e-02   1.5783664e-02   0.0000000e+00   5.8268369e-04   2.2485948e-02   4.0954272e-01   1.3751414e-01   9.0392316e-01   1.0000000e+00   1.1088682e-02
   4.7147475e-01   8.3874039e-01   0.0000000e+00   4.1975082e-03   4.1718600e-02   6.9675468e-03   3.9286454e-02   1.1692590e-02   8.1059905e-04   2.2681339e-02   1.8570486e-01   7.1737705e-01   6.7742423e-01   1.0000000e+00   1.1072246e-02
   1.0803995e-01   7.4140891e-01   1.1943493e-03   2.8349691e-04   4.8256711e-03   4.7984111e-03   0.0000000e+00   3.6629444e-05   1.7964005e-03   5.5862986e-03   3.8947163e-01   9.0550872e-01   1.6890920e-01   1.0000000e+00   1.1066130e-02
   6.7831745e-01   9.7496228e-02   2.1049124e-03   4.0784000e-03   1.9700666e-02   3.0828263e-02   1.2424549e-02   4.8701733e-04   7.3817069e-05   2.8965475e-02   4.7952822e-01   7.4017749e-02   8.7708947e-01   1.0000000e+00   1.1062020e-02
   5.8728558e-01   6.1893865e-01   8.2272476e-03   5.9924303e-03   3.3521410e-04   0.0000000e+00   1.9621964e-03   8.0778129e-04   5.8312677e-03   0.0000000e+00   3.4028020e-01   4.9891589e-01   7.9723069e-01   1.0000000e+00   1.1059111e-02
   5.1113705e-01   9.5991008e-01   1.0912872e-01   2.7634448e-03   6.1755193e-03   2.7062553e-02   7.9933475e-03   8.4005924e-03   0.0000000e+00   2.8656355e-02   4.4310429e-02   7.0271016e-01   7.2918236e-01   1.0000000e+00   1.1036106e-02
   2.8545971e-01   9.9987110e-02   2.2297308e-03   2.3082018e-03   0.0000000e+00   8.1575957e-03   0.0000000e+00   7.5078434e-03   0.0000000e+00   1.3131818e-03   8.9017070e-01   1.4097071e-01   4.3358192e-01   1.0000000e+00   1.1026886e-02
   2.0557204e-01   1.7522265e-02   3.5801394e-03   2.2725927e-02   3.1806085e-06   2.8339095e-03   1.3109121e-02   1.5104011e-02   9.3688716e-04   1.1982009e-02   9.4898170e-01   2.6126284e-02   3.1767249e-01   1.0000000e+00   1.0986916e-02
   6.2101199e-01   9.0650957e-01   4.4775090e-02   2.3912131e-03   4.7817664e-03   2.7191540e-02   7.7574141e-03   8.9614005e-03   1.1270507e-03   2.5444876e-02   8.2347844e-02   5.5670789e-01   8.3092225e-01   1.0000000e+00   1.0940961e-02
   3.5012392e-02   5.5527715e-01   7.2076751e-03   1.6199879e-03   1.9646406e-03   2.6581407e-02   2.5120097e-02   7.1640527e-03   0.0000000e+00   8.4960606e-03   6.4312593e-01   7.6576730e-01   5.5053144e-02   1.0000000e+00   1.0898089e-02
   7.1912969e-02   3.9467228e-01   1.9787791e-02   6.3558963e-04   0.0000000e+00   0.0000000e+00   2.6560674e-03   1.2199896e-02   3.7039459e-03   1.8865265e-02   8.0946236e-01   5.7782110e-01   1.1282397e-01   1.0000000e+00   1.0894600e-02
   4.7834214e-01   4.0105685e-02   4.4633743e-02   1.3883551e-03   1.7087401e-03   1.2628370e-04   0.0000000e+00   2.4391563e-04   5.1115978e-02   2.2718205e-02   7.3303766e-01   4.6240995e-02   6.8614571e-01   1.0000000e+00   1.0846377e-02
   6.3560727e-01   6.7611060e-01   9.1139676e-03   6.0973562e-03   3.6906803e-04   0.0000000e+00   2.1425881e-03   3.7123641e-03   5.5439875e-03   3.0756175e-04   2.6387669e-01   4.7311988e-01   8.4075315e-01   1.0000000e+00   1.0824290e-02
   7.0973025e-02   7.8356871e-01   3.3980789e-03   8.2100727e-05   4.9998530e-03   3.4097326e-03   3.9890628e-03   6.8858589e-05   1.5623560e-03   7.4641459e-03   3.3142874e-01   9.3702677e-01   1.1126698e-01   1.0000000e+00   1.0812272e-02
   3.5316562e-01   4.3299124e-01   7.0606615e-03   0.0000000e+00   1.2464067e-02   1.0732629e-02   6.1445061e-02   6.3394366e-03   3.9975508e-03   8.6299086e-02   6.6855191e-01   5.4078808e-01   5.3284175e-01   1.0000000e+00   1.0807267e-02
   4.7577364e-01   7.5910286e-01   1.9267326e-04   0.0000000e+00   5.0314461e-02   3.5658044e-02   7.5658758e-03   0.0000000e+00   6.1820909e-03   1.8285306e-02   2.7212611e-01   6.8449230e-01   6.8256968e-01   1.0000000e+00   1.0777707e-02
   7.1461729e-01   1.9737056e-01   6.2598457e-03   0.0000000e+00   3.6832899e-04   2.7210877e-02   1.9502431e-02   5.9797244e-04   0.0000000e+00   6.1144690e-02   4.1477339e-01   1.3287657e-01   9.0560980e-01   1.0000000e+00   1.0774851e-02
   4.2272042e-01   6.7514958e-01   1.5796100e-03   0.0000000e+00   9.0277321e-03   9.0437852e-03   4.9899088e-02   7.5299065e-03   4.0197857e-03   7.8728744e-02   3.8807542e-01   6.9334059e-01   6.2177933e-01   1.0000000e+00   1.0769820e-02
   3.9526579e-01   3.5246708e-01   0.0000000e+00   4.0423696e-02   1.2704445e-03   0.0000000e+00   1.3159912e-02   0.0000000e+00   0.0000000e+00   1.7872719e-03   6.9310978e-01   4.2844168e-01   5.8280699e-01   1.0000000e+00   1.0747193e-02
   5.0485859e-01   1.8159400e-01   0.0000000e+00   1.0448330e-02   1.2422303e-03   1.8587356e-02   3.9099946e-02   7.8061054e-03   9.0594498e-03   6.2873426e-03   6.7479540e-01   1.9787972e-01   7.1402701e-01   1.0000000e+00   1.0706003e-02
   3.7518946e-01   5.8990843e-01   5.0657714e-03   0.0000000e+00   2.7700354e-03   2.7746465e-04   8.3011540e-04   4.3427033e-03   0.0000000e+00   0.0000000e+00   4.9925393e-01   6.6474465e-01   5.5584709e-01   1.0000000e+00   1.0705940e-02
   5.0282586e-01   8.6302028e-01   1.9833159e-02   2.4402848e-03   3.0941269e-03   2.2307667e-02   9.7338704e-03   9.1267656e-03   0.0000000e+00   3.3826518e-02   1.5063830e-01   6.8926105e-01   7.1182152e-01   1.0000000e+00   1.0691643e-02
   5.1689247e-01   2.7243830e-01   0.0000000e+00   3.0203348e-04   4.4343245e-03   3.1450856e-02   1.5963025e-02   6.6006329e-03   4.5817553e-03   2.1778670e-02   6.2717347e-01   2.8607654e-01   7.2692648e-01   1.0000000e+00   1.0674320e-02
   4.8190796e-01   9.9626880e-01   0.0000000e+00   5.6655032e-04   6.9006104e-02   2.8548180e-02   6.9813534e-03   4.2404182e-05   5.9664629e-03   2.0198411e-02   4.2862437e-03   7.3131319e-01   6.9089684e-01   1.0000000e+00   1.0657819e-02
   7.7395405e-01   8.1803861e-01   0.0000000e+00   9.7616220e-04   2.4188561e-03   1.1425652e-02   9.7341313e-03   2.2812235e-03   1.5221116e-02   1.3694492e-02   9.8085969e-02   3.3377237e-01   9.3823698e-01   1.0000000e+00   1.0648479e-02
   6.7518234e-01   8.7795766e-01   2.5067615e-02   1.9170495e-03   1.2610220e-03   2.7561193e-02   2.2549555e-02   2.9772977e-04   0.0000000e+00   0.0000000e+00   9.3227148e-02   4.8033666e-01   8.7429554e-01   1.0000000e+00   1.0640324e-02
   1.9414104e-01   0.0000000e+00   9.8586687e-03   6.4535026e-03   1.4183107e-03   7.6871291e-03   1.4838727e-02   2.3059766e-02   2.0806090e-03   2.9291762e-03   9.5478043e-01   0.0000000e+00   3.0054092e-01   1.0000000e+00   1.0627111e-02
   5.2043936e-01   2.9215629e-01   3.3553756e-06   9.7805241e-05   4.5312829e-03   4.3266483e-02   1.6947282e-02   6.6245532e-03   4.6061803e-03   3.8128808e-02   6.1553568e-01   3.0413736e-01   7.3213883e-01   1.0000000e+00   1.0566536e-02
   1.2212812e-01   2.3069616e-01   0.0000000e+00   1.7647929e-03   4.6998716e-03   0.0000000e+00   0.0000000e+00   9.6193894e-03   4.8812427e-04   1.0141831e-02   9.1810637e-01   3.4807129e-01   1.9070600e-01   1.0000000e+00   1.0564153e-02
   1.9712889e-01   1.3246680e-01   1.7899694e-02   8.8035139e-04   7.2657756e-04   2.0276993e-03   0.0000000e+00   1.0821592e-02   0.0000000e+00   1.9608934e-02   9.3266713e-01   1.9691804e-01   3.0497680e-01   1.0000000e+00   1.0561987e-02
   2.7718679e-01   8.1845194e-01   3.4909167e-03   0.0000000e+00   3.6793021e-03   2.9410110e-03   4.1042292e-03   0.0000000e+00   0.0000000e+00   7.5684445e-03   2.5510536e-01   8.7017472e-01   4.2182250e-01   1.0000000e+00   1.0522211e-02
   2.0738780e-01   5.7274715e-01   7.9599027e-03   1.3296867e-03   2.1467330e-03   8.7661163e-03   1.7649194e-02   5.4123746e-04   5.1685080e-03   2.5104885e-02   5.8981997e-01   7.4276160e-01   3.2038964e-01   1.0000000e+00   1.0502760e-02
   1.7707781e-01   5.0009471e-01   1.6129452e-02   7.5122867e-03   5.0395697e-04   7.6786409e-03   1.5812463e-02   6.8000853e-03   2.4364537e-03   2.3581940e-02   6.8066638e-01   6.8086894e-01   2.7491915e-01   1.0000000e+00   1.0486452e-02
   2.3456911e-01   2.3263847e-01   4.0993106e-04   1.0877151e-02   0.0000000e+00   1.7461756e-02   1.2805081e-02   2.5627046e-03   3.2874983e-03   1.7798786e-02   8.7208863e-01   3.3367179e-01   3.6051142e-01   1.0000000e+00   1.0472283e-02
   5.6178080e-01   8.8771158e-01   9.3263110e-04   0.0000000e+00   0.0000000e+00   9.0546121e-03   5.6875245e-03   2.6197129e-03   1.8065136e-03   5.0153027e-03   1.1148636e-01   6.2550408e-01   7.7240950e-01   1.0000000e+00   1.0464046e-02
   9.4424571e-02   2.5008871e-01   0.0000000e+00   4.5897386e-04   8.1135144e-03   0.0000000e+00   2.4734308e-02   6.5755030e-02   1.6308751e-02   2.6908932e-02   9.1915746e-01   3.8087755e-01   1.4866397e-01   1.0000000e+00   1.0452422e-02
   6.4807832e-01   2.7137882e-01   2.0979019e-02   5.6034541e-03   0.0000000e+00   2.4117487e-02   6.5526804e-02   1.5071267e-02   7.6462588e-04   0.0000000e+00   4.8074649e-01   2.1832009e-01   8.5580345e-01   1.0000000e+00   1.0446530e-02
   7.4606126e-01   3.8541274e-01   1.6953725e-03   3.6263939e-02   2.1310284e-03   6.0145172e-02   2.8692137e-03   4.0297929e-03   6.2355949e-04   0.0000000e+00   3.2094940e-01   2.2212940e-01   9.2606924e-01   1.0000000e+00   1.0445840e-02
   2.4081725e-01   1.1017414e-01   1.7804328e-02   6.3687764e-04   0.0000000e+00   6.3368123e-03   1.5274466e-02   6.6291931e-02   7.4594154e-03   3.5200066e-02   9.2117046e-01   1.6102964e-01   3.7163722e-01   1.0000000e+00   1.0405488e-02
   5.1983312e-01   9.8015030e-01   0.0000000e+00   5.0236105e-04   6.5644010e-02   3.9524763e-02   0.0000000e+00   0.0000000e+00   9.3764856e-03   2.1461562e-02   2.1483614e-02   6.8879931e-01   7.3346807e-01   1.0000000e+00   1.0376866e-02
   5.3955605e-01   9.2849646e-01   0.0000000e+00   7.1604260e-04   1.0509967e-04   4.2781784e-03   0.0000000e+00   1.9100102e-03   1.4483066e-03   1.8223104e-02   7.4205887e-02   6.5789915e-01   7.4991708e-01   1.0000000e+00   1.0341729e-02
   2.9409200e-01   5.3341020e-01   1.0363580e-02   7.6787694e-04   8.4802744e-04   9.4636551e-03   2.7023302e-02   1.6540647e-03   6.4649731e-03   2.9490901e-02   6.0001651e-01   6.6654767e-01   4.4652362e-01   1.0000000e+00   1.0297186e-02
   3.3268469e-02   7.7324198e-01   4.2606147e-03   4.8421446e-06   3.9387558e-03   8.0591285e-04   3.8821363e-03   0.0000000e+00   1.3788342e-03   1.3142164e-02   3.4830852e-01   9.3616217e-01   5.2245908e-02   1.0000000e+00   1.0296790e-02
   2.9240913e-01   3.0263476e-01   4.8716573e-03   0.0000000e+00   9.0627167e-05   1.4757143e-02   2.8405133e-02   4.9551672e-03   8.5290854e-03   2.9089533e-02   7.9855576e-01   4.1105628e-01   4.4421744e-01   1.0000000e+00   1.0271196e-02
   6.3875887e-01   1.7387434e-01   8.1358098e-03   9.1579963e-04   0.0000000e+00   2.4600073e-02   1.4900883e-02   9.3878907e-04   5.7789546e-04   5.6841978e-02   5.1968539e-01   1.4557494e-01   8.4676146e-01   1.0000000e+00   1.0265857e-02
   4.0415584e-01   8.7052235e-01   0.0000000e+00   4.7738389e-03   3.1305545e-02   1.2020041e-02   2.5705318e-02   9.3036788e-03   2.7714723e-03   3.4479870e-02   1.6313252e-01   7.9100502e-01   5.9488717e-01   1.0000000e+00   1.0250441e-02
   6.5106334e-01   1.8770251e-01   7.2890045e-03   6.5966608e-04   2.6685555e-04   2.3547064e-02   1.8390947e-02   1.3190432e-03   1.0237255e-03   7.1935117e-02   5.0164152e-01   1.5234557e-01   8.5873842e-01   1.0000000e+00   1.0235271e-02
   2.5385565e-01   8.0400748e-01   1.9072815e-02   0.0000000e+00   7.4692736e-03   0.0000000e+00   4.8795019e-05   3.5044855e-03   7.0234077e-04   3.5821136e-03   2.7937460e-01   8.7860749e-01   3.8844465e-01   1.0000000e+00   1.0213549e-02
   2.8480740e-02   4.2322969e-01   2.4200730e-02   4.4088884e-03   0.0000000e+00   1.6514155e-02   1.3448945e-02   1.4136521e-02   6.3144034e-03   1.6411499e-02   7.8748064e-01   6.1725670e-01   4.4792634e-02   1.0000000e+00   1.0197646e-02
   1.8917600e-01   0.0000000e+00   7.1976269e-03   2.7771964e-04   0.0000000e+00   8.2126537e-03   4.3255079e-02   5.8316891e-03   1.0089627e-02   3.1677948e-02   9.5916527e-01   0.0000000e+00   2.9371933e-01   1.0000000e+00   1.0177304e-02
   2.5161386e-01   8.0557545e-01   8.2146135e-03   0.0000000e+00   4.5435095e-03   0.0000000e+00   0.0000000e+00   0.0000000e+00   6.1696830e-05   0.0000000e+00   2.7752027e-01   8.8027776e-01   3.8505820e-01   1.0000000e+00   1.0175337e-02
   2.3491935e-01   5.0152654e-01   1.5847924e-02   8.6025368e-03   4.8792967e-04   6.8839825e-03   1.5921086e-02   7.6363025e-03   2.4009215e-03   2.4352449e-02   6.5876875e-01   6.6193565e-01   3.6115558e-01   1.0000000e+00   1.0136866e-02
   1.7463934e-01   2.5290411e-01   0.0000000e+00   9.0011073e-03   0.0000000e+00   1.8248924e-02   1.3909102e-02   2.3060946e-03   3.0381764e-03   3.1864454e-02   8.8909837e-01   3.7303736e-01   2.7133871e-01   1.0000000e+00   1.0134959e-02
   6.5497873e-01   0.0000000e+00   3.5606983e-02   1.2599163e-03   2.2297809e-03   1.8190903e-03   3.1444480e-04   0.0000000e+00   1.0698736e-01   3.2017732e-02   5.2290659e-01   0.0000000e+00   8.6847927e-01   1.0000000e+00   1.0074378e-02
   2.0959729e-01   2.5037560e-01   2.7531539e-02   0.0000000e+00   6.3109924e-03   0.0000000e+00   1.1388518e-02   3.6462260e-02   2.6900539e-03   1.8454808e-02   8.7632095e-01   3.6358990e-01   3.2416108e-01   1.0000000e+00   1.0036290e-02
   7.3385237e-01   8.9755123e-01   1.9394076e-02   2.5772294e-03   2.2744966e-03   2.7964372e-02   2.2941943e-02   9.2374590e-06   0.0000000e+00   1.4975906e-02   6.5177988e-02   4.0151566e-01   9.1563192e-01   1.0000000e+00   9.9758599e-03
   5.4847936e-01   7.6901413e-01   1.1228745e-02   3.6185361e-03   4.1417037e-03   2.4145828e-02   1.4928242e-02   2.5705291e-03   5.8217649e-03   3.7330184e-02   2.3170196e-01   6.1032139e-01   7.6067092e-01   1.0000000e+00   9.9743262e-03
   3.0371739e-01   2.0319840e-01   2.4463276e-02   1.2078900e-04   7.6230702e-04   2.0785845e-03   2.7409156e-03   2.7991532e-03   1.0175477e-03   1.5698048e-03   8.4399691e-01   2.7892685e-01   4.5947127e-01   1.0000000e+00   9.9548882e-03
   6.6744210e-01   6.9236461e-01   3.0164978e-02   1.4880691e-03   1.7433009e-03   2.8894506e-02   1.9873085e-02   0.0000000e+00   1.2999845e-05   1.4292519e-02   2.3237634e-01   4.4285233e-01   8.6866975e-01   1.0000000e+00   9.9455194e-03
   6.5839395e-01   9.2657687e-01   4.8512639e-02   1.5199196e-03   5.0233923e-03   2.6130013e-02   0.0000000e+00   9.7220408e-03   1.1250681e-03   2.6938249e-02   5.9057361e-02   5.0978803e-01   8.6279429e-01   1.0000000e+00   9.9381004e-03
   1.4105466e-01   9.2380281e-01   3.2538557e-04   0.0000000e+00   7.7381077e-03   0.0000000e+00   0.0000000e+00   0.0000000e+00   2.1799642e-03   0.0000000e+00   1.1649327e-01   9.6863730e-01   2.1977393e-01   1.0000000e+00   9.9048645e-03
   0.0000000e+00   7.9614136e-01   1.0934898e-02   2.1096664e-02   2.7441929e-04   2.5057212e-02   1.9629409e-02   1.4431968e-02   2.1982752e-02   0.0000000e+00   3.1549012e-01   9.5132012e-01   0.0000000e+00   1.0000000e+00   9.8675827e-03
   3.6416446e-01   7.2675832e-01   0.0000000e+00   5.2319434e-05   9.8712359e-03   9.5996683e-03   8.1711166e-02   0.0000000e+00   4.0456786e-03   5.6693417e-02   3.5343369e-01   7.7225987e-01   5.4680427e-01   1.0000000e+00   9.8585855e-03
   1.5324386e-01   3.1498648e-01   0.0000000e+00   6.7370640e-03   0.0000000e+00   2.2088592e-02   1.8991710e-02   3.3127977e-03   2.6206852e-03   2.6179681e-02   8.5606405e-01   4.6188363e-01   2.3877773e-01   1.0000000e+00   9.7827919e-03
   5.0937552e-01   1.5993662e-01   3.3785890e-04   7.9997148e-03   5.5799070e-05   1.8803710e-02   3.2812390e-02   5.2686717e-03   7.1449489e-03   1.5318893e-02   6.7596846e-01   1.7348747e-01   7.1874032e-01   1.0000000e+00   9.7764447e-03
   3.3324609e-01   7.8209439e-01   4.6094602e-03   0.0000000e+00   2.3335604e-02   1.5794584e-02   7.3409573e-02   8.7078311e-03   6.7207765e-04   3.2091359e-02   2.9282149e-01   8.2181605e-01   5.0353563e-01   1.0000000e+00   9.7705554e-03
   4.7954103e-01   2.1874670e-01   0.0000000e+00   5.1604970e-02   3.3152558e-03   1.3209209e-03   2.1427841e-02   1.0341091e-03   1.4091757e-03   9.8503754e-04   6.8897778e-01   2.4651616e-01   6.8616852e-01   1.0000000e+00   9.7670742e-03
   3.2828678e-01   5.0420896e-01   1.0526796e-02   2.1188820e-03   7.8090339e-04   7.7750435e-03   2.7220661e-02   2.0092620e-03   6.4450754e-03   3.1083444e-02   6.1225417e-01   6.2040391e-01   4.9407055e-01   1.0000000e+00   9.7631951e-03
   6.2830775e-01   8.2474623e-01   1.8436057e-02   1.4282485e-03   3.6124964e-03   2.2812784e-02   1.1114221e-02   0.0000000e+00   2.7085303e-05   2.9945656e-02   1.5012506e-01   5.3149227e-01   8.3592665e-01   1.0000000e+00   9.7538578e-03
   4.2384396e-02   2.6202978e-01   0.0000000e+00   4.6348067e-04   0.0000000e+00   0.0000000e+00   4.2618909e-02   7.4619362e-02   1.2878406e-02   2.5656221e-02   9.2195978e-01   4.0246249e-01   6.7074192e-02   1.0000000e+00   9.7467171e-03
   4.2482634e-02   2.7381549e-01   0.0000000e+00   3.1662412e-03   2.4754799e-03   2.6940632e-02   5.0742894e-03   3.5572496e-03   4.2915252e-04   8.9294257e-03   9.0767774e-01   4.1639915e-01   6.6739414e-02   1.0000000e+00   9.7451142e-03
   2.7351709e-01   5.7892752e-01   3.0447248e-02   9.0139813e-05   4.4248445e-04   7.3804854e-03   4.1810994e-03   0.0000000e+00   4.6365959e-03   5.7621262e-02   5.6083693e-01   7.2051696e-01   4.1835139e-01   1.0000000e+00   9.7237195e-03
   1.6551259e-01   2.3276051e-01   1.8813589e-02   1.6218500e-03   6.5862721e-04   2.1426925e-03   0.0000000e+00   7.7884530e-03   0.0000000e+00   1.8872701e-02   9.0321981e-01   3.4578145e-01   2.5726769e-01   1.0000000e+00   9.6985519e-03
   9.1117852e-01   8.8604045e-01   3.2806479e-03   0.0000000e+00   1.2585184e-04   6.9786697e-03   0.0000000e+00   2.5137231e-03   1.3978358e-03   2.2062824e-02   2.4775216e-02   1.3692195e-01   9.9083193e-01   1.0000000e+00   9.6654924e-03
   4.5522558e-01   1.4997093e-02   0.0000000e+00   2.3217483e-03   1.5263992e-02   1.6539452e-02   6.6275232e-03   2.5101774e-03   0.0000000e+00   3.0798841e-02   7.5598039e-01   1.7812211e-02   6.5665829e-01   1.0000000e+00   9.6575831e-03
   0.0000000e+00   6.7410011e-01   1.3265134e-02   5.3078681e-05   7.3817359e-04   2.0751637e-02   2.2529571e-02   0.0000000e+00   7.4414526e-03   3.5129590e-02   4.9103176e-01   8.7390043e-01   0.0000000e+00   1.0000000e+00   9.6481062e-03
   3.0578224e-01   3.5789266e-01   2.8191171e-03   4.8812123e-03   3.8693125e-03   1.4676591e-02   1.4875744e-02   6.7921603e-04   5.3128143e-03   3.9209626e-02   7.5189591e-01   4.7368364e-01   4.6301143e-01   1.0000000e+00   9.6471955e-03
   3.1080259e-01   5.3177519e-01   7.1456364e-03   6.9962317e-03   1.2708807e-03   1.7770153e-02   1.1856615e-02   2.9999345e-02   3.6381601e-02   1.5554029e-02   5.9435565e-01   6.5685860e-01   4.7046177e-01   1.0000000e+00   9.6464794e-03
   2.1727501e-01   9.4135655e-01   6.0204600e-04   1.5432140e-03   1.4755914e-03   3.3657881e-03   3.7231472e-03   1.1007155e-03   6.4232543e-03   0.0000000e+00   8.6687383e-02   9.3839496e-01   3.3473177e-01   1.0000000e+00   9.6201990e-03
   3.6805900e-01   4.7470317e-01   2.0251292e-03   0.0000000e+00   1.0586709e-02   1.0129440e-02   6.3961115e-02   7.7631721e-03   4.1874825e-03   8.5363020e-02   6.2242613e-01   5.7482683e-01   5.5285173e-01   1.0000000e+00   9.6084541e-03
   2.3606890e-01   4.0943288e-01   8.5428563e-03   6.0062555e-03   1.7517622e-03   7.6357220e-03   1.8992757e-02   2.2456351e-02   1.8280904e-03   3.9867207e-03   7.4661644e-01   5.5953613e-01   3.6275843e-01   1.0000000e+00   9.5654469e-03
   7.9869009e-01   4.5435735e-01   1.2637539e-03   3.3802412e-02   2.1761665e-03   5.1853291e-02   5.8403053e-03   1.6594568e-02   8.1355171e-03   0.0000000e+00   2.3606852e-01   2.0443244e-01   9.5442314e-01   1.0000000e+00   9.5648168e-03
   5.5946935e-01   7.6538377e-01   2.8411696e-03   0.0000000e+00   1.3296741e-03   5.0947637e-03   4.3172343e-03   3.1969768e-03   8.1917936e-03   3.1426757e-02   2.3011967e-01   5.9589024e-01   7.7084358e-01   1.0000000e+00   9.5578054e-03
   1.8152466e-01   8.8044238e-01   7.7289367e-03   0.0000000e+00   0.0000000e+00   7.7802723e-03   8.5175402e-03   1.7588397e-02   0.0000000e+00   2.0873894e-02   1.7932835e-01   9.4363413e-01   2.8155395e-01   1.0000000e+00   9.5466997e-03
   2.2066367e-01   7.5160944e-01   1.5265551e-02   0.0000000e+00   6.3599032e-04   1.7961670e-02   2.7753990e-02   0.0000000e+00   9.2872571e-03   2.8206346e-02   3.5851617e-01   8.7176169e-01   3.4046876e-01   1.0000000e+00   9.5450831e-03
   6.2665937e-02   1.3604445e-01   0.0000000e+00   6.0931128e-04   5.1501232e-03   3.1193162e-03   5.1652482e-03   7.4810638e-03   0.0000000e+00   8.6495539e-06   9.7263857e-01   2.1107389e-01   9.8288257e-02   1.0000000e+00   9.5257703e-03
   7.4109934e-01   4.4909298e-01   1.2706500e-02   4.8905460e-03   4.0238249e-03   1.1935683e-01   1.3691243e-02   3.4836014e-03   0.0000000e+00   4.3909983e-02   3.0614549e-01   2.6071951e-01   9.3366246e-01   1.0000000e+00   9.5241070e-03
   3.9201325e-01   4.9987228e-01   6.3698104e-03   1.3037760e-05   1.6434192e-02   1.2525732e-02   1.7297839e-02   4.5197519e-03   0.0000000e+00   5.4361485e-02   5.7950696e-01   5.7927448e-01   5.7975124e-01   1.0000000e+00   9.5174561e-03
   5.4250647e-01   8.6003413e-01   0.0000000e+00   4.6584110e-03   3.3547240e-02   8.5774508e-03   2.7494949e-02   8.4117027e-03   1.8657569e-03   3.6836689e-02   1.4407022e-01   6.4469542e-01   7.5527405e-01   1.0000000e+00   9.5000566e-03
   3.4802715e-01   4.2384526e-01   2.5073525e-02   1.6757819e-03   2.0961378e-03   3.5581435e-06   6.7425015e-05   0.0000000e+00   5.9783271e-03   8.5530127e-02   6.7718514e-01   5.3186087e-01   5.2400587e-01   1.0000000e+00   9.4907055e-03
   2.2274172e-02   5.5029605e-01   1.2594012e-02   1.7068493e-03   8.1088329e-04   3.9244676e-03   1.3437398e-02   1.4205957e-02   2.3611641e-03   6.2814160e-02   6.5162347e-01   7.6367189e-01   3.5138854e-02   1.0000000e+00   9.4833737e-03
   1.1149227e-01   7.7718478e-01   6.5293369e-03   4.8489191e-05   3.4539366e-03   1.8426188e-03   4.8753517e-04   0.0000000e+00   2.6425208e-03   0.0000000e+00   3.3767225e-01   9.2506489e-01   1.7424913e-01   1.0000000e+00   9.4631722e-03
   7.8444712e-01   6.9609315e-01   1.2728054e-03   0.0000000e+00   3.7529792e-04   1.0959683e-02   8.1504883e-03   5.0509879e-03   1.9135134e-03   1.0873212e-02   1.5266081e-01   2.9512225e-01   9.4354070e-01   1.0000000e+00   9.4508022e-03
   3.1718746e-01   1.5740008e-01   1.3359365e-02   5.4280740e-04   5.9782873e-03   8.1817860e-03   7.6721351e-03   4.6639551e-02   6.8124898e-03   3.3555736e-02   8.5485523e-01   2.1577206e-01   4.7963992e-01   1.0000000e+00   9.4330345e-03
   1.6692077e-01   2.9686115e-01   3.1336740e-04   6.5834143e-03   0.0000000e+00   1.2553704e-02   1.1486042e-02   2.4304352e-03   2.6275432e-03   3.0224837e-02   8.6379195e-01   4.3477277e-01   2.5953098e-01   1.0000000e+00   9.4276169e-03
   5.1214741e-01   2.2294109e-01   3.3223134e-03   5.8039410e-02   3.2187970e-05   1.8579129e-03   1.1928469e-02   4.9499622e-03   1.3090512e-04   2.3986038e-03   6.5371201e-01   2.3876802e-01   7.2303135e-01   1.0000000e+00   9.4096498e-03
   8.8578455e-01   9.2469008e-01   2.7467685e-02   0.0000000e+00   4.6085224e-03   2.0111012e-02   1.0161228e-02   1.2576568e-02   0.0000000e+00   2.7395265e-02   2.1106782e-02   1.7758958e-01   9.8610619e-01   1.0000000e+00   9.4044063e-03
   4.2901675e-01   1.4130607e-01   9.9329428e-04   3.1138794e-02   4.0197110e-03   1.1846694e-02   3.9747616e-02   2.2566618e-03   2.4884621e-03   1.6350138e-02   7.6450102e-01   1.7253378e-01   6.2589967e-01   1.0000000e+00   9.3729616e-03
   3.2436173e-01   2.3052688e-01   0.0000000e+00   2.6472011e-02   0.0000000e+00   4.1385335e-04   1.1409002e-02   0.0000000e+00   0.0000000e+00   0.0000000e+00   8.1705186e-01   3.0951118e-01   4.8815161e-01   1.0000000e+00   9.3721796e-03
   3.4232676e-01   3.6628517e-01   1.1242629e-02   8.2371933e-04   0.0000000e+00   2.2830593e-02   3.4346797e-02   7.8529443e-03   1.1233736e-02   2.9876939e-02   7.2268990e-01   4.6870484e-01   5.1367360e-01   1.0000000e+00   9.3509040e-03
   3.3451934e-02   8.3100322e-01   7.3605678e-03   3.8974946e-06   6.3283913e-03   2.0708576e-03   2.4128685e-03   9.6853888e-04   1.2391886e-03   3.7080446e-03   2.6202220e-01   9.6375634e-01   5.2528329e-02   1.0000000e+00   9.3458460e-03
   0.0000000e+00   6.4558470e-01   3.9749033e-03   1.3285345e-03   3.4485331e-03   0.0000000e+00   6.3720433e-03   8.6826725e-05   0.0000000e+00   9.3211763e-03   5.2848240e-01   8.4912913e-01   0.0000000e+00   1.0000000e+00   9.3388141e-03
   9.7352312e-01   6.2163264e-01   9.9146507e-03   8.0863169e-03   4.6485550e-04   0.0000000e+00   0.0000000e+00   2.4270037e-03   5.8991184e-03   1.1143824e-02   2.3289576e-02   3.4459334e-02   9.9946376e-01   1.0000000e+00   9.3380415e-03
   1.8075343e-01   2.6708336e-01   3.2263578e-02   5.1968125e-04   1.1079354e-02   2.7783209e-03   1.1333928e-02   5.5362516e-02   5.5450402e-03   2.7687721e-02   8.8123996e-01   3.9304467e-01   2.8157357e-01   1.0000000e+00   9.3316989e-03
   2.7677647e-01   2.9992917e-01   9.4052856e-03   6.0375157e-04   1.7204904e-03   1.7807995e-02   3.5700979e-02   6.0645268e-03   1.1074029e-02   3.1982326e-02   8.1047922e-01   4.1284622e-01   4.2239928e-01   1.0000000e+00   9.3261315e-03
   3.7531645e-01   8.3673606e-01   6.4343958e-04   9.7662816e-03   2.2703229e-02   5.4658450e-03   8.8765063e-02   1.2214227e-03   4.4061791e-03   4.2255493e-02   2.1301152e-01   8.1231233e-01   5.6172499e-01   1.0000000e+00   9.2873071e-03
   7.0662279e-01   1.6088838e-01   1.6291981e-02   0.0000000e+00   8.9364044e-04   2.3020010e-02   2.7941746e-02   4.2594231e-04   8.0384237e-05   4.2120342e-02   4.3201412e-01   1.1156521e-01   8.9868272e-01   1.0000000e+00   9.2861766e-03
   1.6222069e-01   2.3059203e-01   1.9968883e-02   1.3184717e-03   0.0000000e+00   1.7414739e-03   4.6900246e-03   3.4124093e-03   6.0121755e-03   2.0462732e-02   9.0572706e-01   3.4320864e-01   2.5229188e-01   1.0000000e+00   9.2681095e-03
   6.7636300e-01   9.2831647e-01   4.3970324e-02   0.0000000e+00   3.8249601e-03   2.7553698e-02   8.3951523e-03   8.8337915e-03   0.0000000e+00   2.7549133e-02   5.4890349e-02   4.8541798e-01   8.7669772e-01   1.0000000e+00   9.2513747e-03
   4.6508435e-01   9.8176851e-01   0.0000000e+00   7.1911924e-04   5.7082376e-02   3.1260536e-02   5.1427511e-03   0.0000000e+00   6.2515031e-03   3.8992879e-02   2.1450959e-02   7.4883481e-01   6.7116645e-01   1.0000000e+00   9.2485993e-03
   9.6293369e-01   7.0198292e-01   1.5299301e-03   0.0000000e+00   3.5044832e-04   8.5839109e-03   7.7968859e-03   4.9256674e-03   2.9858844e-04   1.2313553e-02   2.6264633e-02   5.1946608e-02   9.9861787e-01   1.0000000e+00   9.2439566e-03
   2.5878503e-01   2.5194258e-01   0.0000000e+00   2.9611080e-03   2.7889405e-04   2.2669723e-02   1.4029054e-02   3.0205582e-03   2.6447320e-03   3.2071687e-02   8.4901217e-01   3.5471137e-01   3.9609325e-01   1.0000000e+00   9.2387099e-03
   5.5142659e-01   8.5495943e-01   0.0000000e+00   4.4299548e-03   3.7221750e-02   5.8056543e-03   1.8248614e-02   8.2693639e-03   1.8732487e-03   3.1581970e-02   1.4671694e-01   6.3279688e-01   7.6402392e-01   1.0000000e+00   9.2288825e-03
   2.8684281e-01   8.6270219e-01   0.0000000e+00   1.1119603e-04   5.3975719e-02   3.5558993e-02   6.2833968e-03   0.0000000e+00   4.9555743e-03   1.9852757e-02   1.9353456e-01   8.8342087e-01   4.3749908e-01   1.0000000e+00   9.2261208e-03
   3.7379017e-02   8.2398735e-01   2.2189535e-02   0.0000000e+00   3.4671762e-03   2.2811389e-02   1.0212455e-02   6.4894812e-03   2.1146459e-04   3.6720903e-02   2.7318727e-01   9.6278424e-01   5.8828948e-02   1.0000000e+00   9.1632199e-03
   1.6349057e-01   4.1070507e-02   0.0000000e+00   4.0504409e-04   1.9963273e-02   3.7342539e-03   1.7575917e-02   2.0339197e-02   1.0511595e-04   2.0257014e-04   9.6628877e-01   6.2425205e-02   2.5428520e-01   1.0000000e+00   9.1607723e-03
   5.6877567e-03   2.4529621e-01   2.8873719e-03   4.5195982e-03   1.9489625e-03   2.4471638e-02   3.5270150e-03   6.4478389e-03   5.9982812e-04   1.2032267e-03   9.2728167e-01   3.7609008e-01   8.9403284e-03   1.0000000e+00   9.1204277e-03
   2.2316707e-01   6.7967122e-01   1.3306948e-02   1.1648858e-04   7.4350492e-04   1.7150715e-02   2.0165747e-02   0.0000000e+00   7.8648072e-03   1.9307337e-02   4.5347498e-01   8.2385978e-01   3.4386535e-01   1.0000000e+00   9.1110116e-03
   2.4673161e-02   1.4160144e-02   0.0000000e+00   7.5368886e-05   0.0000000e+00   0.0000000e+00   3.4886597e-03   2.9016188e-03   6.1995184e-07   0.0000000e+00   9.9902246e-01   2.2224625e-02   3.8747606e-02   1.0000000e+00   9.0856352e-03
   3.4335589e-01   4.9327356e-01   8.5806227e-03   2.3557650e-03   1.6682193e-02   8.9003187e-03   1.6026839e-02   4.5091077e-03   5.1103196e-05   5.0491151e-02   6.1510802e-01   6.0224514e-01   5.1524756e-01   1.0000000e+00   9.0816897e-03
   3.6312505e-01   2.9368682e-01   6.7554753e-03   9.1380582e-06   1.4314656e-02   1.0777084e-02   1.6226519e-02   5.0207748e-03   4.4158433e-04   6.5411400e-02   7.5742026e-01   3.7651102e-01   5.4262919e-01   1.0000000e+00   9.0398480e-03
   2.4751979e-01   1.6031251e-01   1.7532101e-02   8.7929832e-04   1.5162298e-03   5.7872707e-03   6.0336032e-03   5.7617876e-02   7.6044410e-03   3.0717725e-02   9.0039179e-01   2.3165251e-01   3.8086346e-01   1.0000000e+00   9.0382826e-03
   7.1993342e-01   2.0013924e-01   5.1078225e-03   8.2100017e-03   2.5077299e-02   2.0147813e-02   1.6193780e-02   8.1913116e-04   3.8988240e-05   2.9594777e-02   4.0591954e-01   1.3198942e-01   9.0683371e-01   1.0000000e+00   9.0255054e-03
   1.9571141e-02   8.0577703e-01   9.4055968e-03   0.0000000e+00   0.0000000e+00   1.0353250e-02   5.2833845e-03   1.3525998e-03   4.6328491e-03   1.8069178e-02   3.0040420e-01   9.5391744e-01   3.0755059e-02   1.0000000e+00   9.0170923e-03
   2.5508435e-01   6.2190463e-01   1.1461372e-02   4.2695511e-03   2.1742290e-03   1.5373428e-02   2.0248342e-02   1.1625144e-01   5.3544700e-02   1.2414397e-03   5.2413654e-01   7.7622880e-01   3.9675217e-01   1.0000000e+00   9.0048337e-03
   8.0002221e-02   5.7272701e-01   0.0000000e+00   2.3122752e-03   2.2593339e-03   3.2046859e-02   1.6876974e-04   6.5667886e-03   2.6882068e-04   0.0000000e+00   6.1765657e-01   7.7776579e-01   1.2547214e-01   1.0000000e+00   8.9769028e-03
   3.4554111e-01   7.9929182e-01   6.9557229e-03   1.0484889e-02   4.8441332e-03   5.3951742e-04   6.4296559e-03   2.9488605e-03   5.8435424e-03   3.6755589e-03   2.6558474e-01   8.1430243e-01   5.1665840e-01   1.0000000e+00   8.9607903e-03
   3.6428310e-01   4.9291857e-01   6.3082511e-03   8.4028587e-06   1.5413615e-02   9.2817669e-03   1.7352284e-02   4.5055276e-03   0.0000000e+00   5.0883741e-02   6.0301090e-01   5.8974279e-01   5.4326806e-01   1.0000000e+00   8.9607639e-03
   5.4245727e-01   8.1472503e-01   1.8780063e-02   2.0282404e-03   3.7845746e-03   1.9664228e-02   1.0603184e-02   1.3200384e-03   9.3174587e-04   2.6917466e-02   1.8922532e-01   6.3173231e-01   7.5386034e-01   1.0000000e+00   8.9577110e-03
   1.8737483e-01   2.5105635e-01   2.1155351e-02   5.9498666e-04   5.6928834e-03   1.4372523e-03   1.2138434e-02   4.9586046e-02   5.7979180e-03   2.9425132e-02   8.8706492e-01   3.6915997e-01   2.9125341e-01   1.0000000e+00   8.9421416e-03
   8.5694742e-01   2.1495068e-01   3.1645120e-03   5.5734789e-02   0.0000000e+00   1.8753486e-03   1.3017007e-02   4.1788317e-03   0.0000000e+00   1.2034890e-03   2.1093483e-01   7.4056685e-02   9.7808463e-01   1.0000000e+00   8.9110949e-03
   3.4933460e-01   5.3607021e-01   1.0418036e-02   6.4083412e-03   0.0000000e+00   1.8658904e-02   1.4163611e-02   5.2694187e-02   2.2073042e-02   4.9856939e-03   5.7042702e-01   6.3902683e-01   5.2368680e-01   1.0000000e+00   8.8540069e-03
   1.4736205e-01   7.3236569e-01   5.1931150e-02   6.7588804e-03   1.2550130e-04   5.8000649e-03   1.8724208e-03   0.0000000e+00   3.9939619e-03   1.7081595e-02   3.9846604e-01   8.9132084e-01   2.3012247e-01   1.0000000e+00   8.8394723e-03
   4.7822204e-02   1.3205976e-01   0.0000000e+00   6.0849097e-04   3.7670462e-04   2.6562713e-03   0.0000000e+00   8.4132101e-03   0.0000000e+00   0.0000000e+00   9.7587839e-01   2.0538975e-01   7.5054194e-02   1.0000000e+00   8.8390449e-03
   1.8527886e-01   6.8771191e-01   1.3295700e-02   0.0000000e+00   3.4521981e-04   1.1859557e-03   2.0740614e-02   1.3292568e-04   7.3744890e-03   3.2957163e-02   4.5208132e-01   8.4646228e-01   2.8744607e-01   1.0000000e+00   8.8384860e-03
   1.1530353e-01   5.5957886e-01   1.3107378e-02   6.3892229e-03   0.0000000e+00   4.6793704e-03   1.2830683e-02   7.1351173e-03   1.4866902e-03   2.7908626e-02   6.2827135e-01   7.5842750e-01   1.8035152e-01   1.0000000e+00   8.8377506e-03
   2.0125933e-01   4.6737161e-01   1.4989411e-02   7.3389289e-03   3.3977565e-04   7.1622864e-03   1.8171682e-02   6.2160642e-03   4.9268154e-04   2.5280142e-02   7.0655662e-01   6.3760454e-01   3.1131375e-01   1.0000000e+00   8.8216396e-03
   2.1004053e-01   4.3584530e-02   9.7922489e-03   7.4369539e-03   0.0000000e+00   4.7434785e-03   1.2687942e-02   1.7241383e-02   1.0673874e-05   3.1866350e-03   9.4445450e-01   6.4760852e-02   3.2418567e-01   1.0000000e+00   8.8133691e-03
   2.0362801e-01   2.9530565e-01   0.0000000e+00   8.9565061e-03   0.0000000e+00   1.5123994e-02   3.0578423e-02   2.4795727e-03   2.7226088e-03   2.9795078e-02   8.5079085e-01   4.2562667e-01   3.1510644e-01   1.0000000e+00   8.8079514e-03
   1.7053439e-01   1.7285971e-01   0.0000000e+00   3.8712029e-04   9.4832429e-03   9.8941520e-04   1.3972204e-02   1.7932113e-02   0.0000000e+00   0.0000000e+00   9.2956930e-01   2.5879509e-01   2.6484351e-01   1.0000000e+00   8.8037630e-03
   2.2583833e-01   8.1408817e-02   8.5172949e-03   5.0178153e-03   1.0548608e-03   7.6275935e-03   1.6795014e-02   1.9245364e-02   1.7415485e-03   3.9372808e-03   9.3084817e-01   1.1968687e-01   3.4763982e-01   1.0000000e+00   8.7951088e-03
   1.6600184e-01   4.5676737e-01   3.8943730e-02   8.3207075e-03   1.0388422e-03   1.6338862e-02   6.0573091e-03   4.4361649e-02   2.5858449e-02   6.6753510e-03   7.3131733e-01   6.3817251e-01   2.5898883e-01   1.0000000e+00   8.7825225e-03
   3.8624442e-01   8.9803805e-01   5.5335049e-03   0.0000000e+00   2.0326321e-02   1.1512522e-02   8.5022112e-02   1.1344260e-02   0.0000000e+00   3.3228718e-02   1.3219935e-01   8.1834315e-01   5.7532194e-01   1.0000000e+00   8.7308062e-03
   7.2782452e-01   8.9107333e-02   1.5871556e-03   2.7202108e-02   3.9693283e-03   4.9524902e-02   8.2900771e-03   1.6503373e-03   8.8648187e-04   1.9099458e-03   4.1192096e-01   5.8035858e-02   9.1298270e-01   1.0000000e+00   8.7194993e-03
   2.4929883e-01   5.2346125e-01   7.2146593e-03   1.4120139e-03   1.1078323e-03   9.0850698e-03   3.6624137e-02   1.7092902e-03   6.6929882e-03   2.7570418e-02   6.3049318e-01   6.7876493e-01   3.8253851e-01   1.0000000e+00   8.7190793e-03
   7.5559275e-01   4.6897968e-01   1.1471563e-02   4.8580451e-03   8.5929269e-03   9.0256893e-02   1.4200011e-02   3.5321139e-03   4.9927671e-04   3.7460785e-02   2.8020668e-01   2.5414873e-01   9.3647132e-01   1.0000000e+00   8.6897542e-03
   5.8413646e-01   6.5833887e-01   2.2460617e-02   7.6676323e-03   4.1145551e-03   2.4167940e-02   2.9805056e-02   2.1130285e-03   1.1250512e-02   4.8879290e-02   3.1215996e-01   5.2470410e-01   7.9775209e-01   1.0000000e+00   8.6829543e-03
   7.3832272e-01   3.9059434e-02   3.0825602e-03   7.3284297e-03   2.0347931e-02   2.3486736e-02   1.0430814e-02   0.0000000e+00   0.0000000e+00   3.1284498e-02   3.9965671e-01   2.4551519e-02   9.1864520e-01   1.0000000e+00   8.6607315e-03
   1.1835998e-01   8.6327672e-01   4.3494119e-03   5.4696022e-05   7.3179997e-04   1.0154319e-05   2.1429006e-03   0.0000000e+00   5.5276870e-04   6.9771134e-03   2.0945985e-01   9.6025937e-01   1.8486368e-01   1.0000000e+00   8.6598002e-03
   1.9888893e-03   6.3563028e-01   3.5767486e-03   1.6805239e-04   2.4429715e-04   0.0000000e+00   0.0000000e+00   2.0209161e-03   1.3001709e-03   3.0798334e-03   5.4162215e-01   8.4064973e-01   3.1242229e-03   1.0000000e+00   8.6585690e-03
   8.1737164e-01   9.5920478e-01   2.6792464e-04   1.0033213e-03   0.0000000e+00   6.0927225e-04   2.8838332e-03   1.5509238e-03   1.6476672e-03   4.4978992e-04   1.8119798e-02   2.8237691e-01   9.5914813e-01   1.0000000e+00   8.6566533e-03
   8.5997659e-01   9.1357220e-01   1.9419596e-03   0.0000000e+00   0.0000000e+00   7.6612172e-03   0.0000000e+00   2.2592070e-03   1.6929117e-03   1.2679130e-02   2.9536025e-02   2.1622157e-01   9.7613437e-01   1.0000000e+00   8.6539432e-03
   5.8227880e-01   4.4253368e-01   4.3222074e-03   8.8023214e-02   0.0000000e+00   6.1379245e-02   4.9596268e-03   3.4413024e-03   0.0000000e+00   0.0000000e+00   4.7394032e-01   3.9526518e-01   8.0151177e-01   1.0000000e+00   8.6526826e-03
   2.4062560e-01   9.6648219e-01   7.9134215e-03   3.1569001e-05   1.6010593e-03   0.0000000e+00   1.8357163e-05   1.3961895e-03   8.8512624e-05   0.0000000e+00   4.8914020e-02   9.2818874e-01   3.6906284e-01   1.0000000e+00   8.6495168e-03
   1.1926042e-01   4.0206963e-01   0.0000000e+00   3.8595087e-04   8.6643976e-03   5.4937168e-03   1.1332816e-01   1.7262127e-02   0.0000000e+00   0.0000000e+00   8.0348536e-01   5.8776670e-01   1.8870709e-01   1.0000000e+00   8.6464132e-03
   6.2677385e-01   8.6727678e-01   2.2682290e-02   2.4833814e-03   5.7886743e-03   2.7602200e-02   8.1049666e-03   9.0664290e-03   4.0991377e-04   2.7742804e-02   1.1476452e-01   5.4248050e-01   8.3487516e-01   1.0000000e+00   8.6428745e-03
   5.6307492e-01   5.9121283e-01   1.1223767e-02   3.1376093e-03   4.2010843e-03   2.5602795e-02   1.4832578e-02   1.0365712e-03   5.0119712e-03   3.7337323e-02   3.8044667e-01   5.0872300e-01   7.7547774e-01   1.0000000e+00   8.6416965e-03
   8.7760979e-01   6.7846735e-01   3.1383143e-04   7.7897077e-04   2.8430435e-03   7.2551602e-04   1.8337962e-02   2.7459743e-03   1.5889995e-02   1.0383571e-02   9.2516503e-02   1.6733139e-01   9.8227710e-01   1.0000000e+00   8.6379934e-03
   3.1879403e-01   2.0723615e-01   8.6578968e-03   1.0193885e-03   1.8504958e-03   5.8969222e-03   3.6072223e-02   5.8351445e-03   1.0281363e-02   3.2213641e-02   8.3330367e-01   2.8126777e-01   4.8133762e-01   1.0000000e+00   8.6265655e-03
   9.2385849e-01   8.0126782e-01   0.0000000e+00   1.1338472e-02   1.0236464e-04   1.0574997e-02   4.6791956e-03   5.1138460e-03   1.1096925e-03   7.0496990e-03   3.6657621e-02   1.1358977e-01   9.9319306e-01   1.0000000e+00   8.6136660e-03
   3.4492320e-01   1.4374511e-01   3.3552396e-02   1.0247530e-04   1.2968222e-03   5.4314321e-03   5.7624859e-04   8.2146472e-05   0.0000000e+00   2.0314570e-03   8.3600157e-01   1.9203910e-01   5.1628146e-01   1.0000000e+00   8.6088928e-03
   8.5918419e-01   0.0000000e+00   1.7886630e-03   1.7860685e-02   1.6837581e-03   6.2423406e-02   9.3929585e-03   2.0295203e-03   6.4999217e-04   2.5547479e-03   2.2034167e-01   0.0000000e+00   9.7985216e-01   1.0000000e+00   8.6006106e-03
   3.5689995e-01   8.3449087e-01   6.3262422e-03   7.5484821e-03   4.3642020e-03   3.5859435e-03   6.3627246e-03   1.1607886e-03   6.3149933e-03   4.6143738e-03   2.1776354e-01   8.1865582e-01   5.3183227e-01   1.0000000e+00   8.5831241e-03
   4.2546986e-01   1.2158809e-01   9.8466762e-04   3.1343022e-02   3.9227526e-03   3.1066867e-05   3.8763359e-02   2.2327416e-03   2.4640371e-03   0.0000000e+00   7.7252453e-01   1.4936513e-01   6.2123025e-01   1.0000000e+00   8.5688250e-03
   1.5207466e-01   8.0324895e-01   5.6789448e-02   6.5078624e-05   0.0000000e+00   5.8918768e-03   4.0060748e-03   0.0000000e+00   4.1842379e-03   1.6962134e-02   2.9658070e-01   9.2888503e-01   2.3746026e-01   1.0000000e+00   8.5279688e-03
   8.9472929e-01   9.3900197e-01   1.8803507e-03   5.4917631e-04   8.6011988e-06   7.2435232e-03   0.0000000e+00   2.3548421e-03   4.7506865e-04   1.9259976e-02   1.5754528e-02   1.6392223e-01   9.8678647e-01   1.0000000e+00   8.5158376e-03
   6.0532650e-01   1.0134093e-03   3.4727803e-02   1.0444592e-03   3.4677716e-04   3.9807532e-03   0.0000000e+00   4.6969511e-04   6.3798868e-02   0.0000000e+00   5.8407065e-01   9.2975924e-04   8.1821502e-01   1.0000000e+00   8.5147454e-03
   7.8353077e-01   9.3661208e-01   2.0226591e-03   0.0000000e+00   0.0000000e+00   6.9894381e-03   0.0000000e+00   2.5083283e-03   7.1834625e-04   1.8344966e-02   3.3166170e-02   3.3199413e-01   9.4311857e-01   1.0000000e+00   8.4943039e-03
   3.2389724e-01   6.4038359e-01   1.0141019e-03   0.0000000e+00   2.3705086e-02   9.3337387e-03   6.3383182e-02   1.2012308e-02   0.0000000e+00   4.2621848e-02   4.7061405e-01   7.4255768e-01   4.9033793e-01   1.0000000e+00   8.4778536e-03
   6.8222230e-01   1.0705884e-01   2.1203689e-03   0.0000000e+00   2.2267135e-02   2.5333274e-02   1.2718046e-02   0.0000000e+00   0.0000000e+00   3.1581755e-02   4.7302495e-01   8.0305947e-02   8.8000349e-01   1.0000000e+00   8.4493018e-03
