   1.0000000e+00   0.0000000e+00   1.2153491e-03   6.4275994e-03   1.0069237e-02   1.6610590e-04   3.5507998e-05   2.9263598e-06   2.1061489e-05   1.5803257e-03   0.0000000e+00   4.7755995e-03   4.8212990e-03   4.6546119e-03   0.0000000e+00   5.1683286e-03   2.2983418e-04   4.0300247e-04   0.0000000e+00   2.5187291e-03   6.0807486e-03   1.8688352e-03   5.1194723e-03   3.0875401e-03   3.3542140e-04   1.7963223e-03   2.0190246e-04   3.7929558e-04   7.0895221e-03   5.9689853e-03   1.0000000e+00   1.1550695e-02
   9.7854483e-01   9.3270357e-04   4.4864028e-03   4.1318446e-04   6.5451478e-05   1.1218995e-05   5.3464803e-03   1.1014311e-04   2.7365150e-05   2.9113007e-04   4.1372827e-03   2.9507383e-04   1.7271378e-03   1.5662101e-04   6.8159229e-03   3.0532468e-03   1.7360192e-03   5.0230298e-03   7.5741992e-04   4.3619521e-04   6.7395840e-03   4.2164306e-05   7.9473625e-04   5.7264713e-04   0.0000000e+00   2.7572005e-03   8.8085018e-04   1.8146809e-04   2.2512551e-04   1.3722504e-03   9.7854483e-01   1.8560901e-02
   9.7854483e-01   9.3270357e-04   4.4864028e-03   4.1318446e-04   6.5451478e-05   1.1218995e-05   5.3464803e-03   1.1014311e-04   2.7365150e-05   2.9113007e-04   4.1372827e-03   2.9507383e-04   1.7271378e-03   1.5662101e-04   6.8159229e-03   3.0532468e-03   1.7360192e-03   5.0230298e-03   7.5741992e-04   4.3619521e-04   6.7395840e-03   4.2164306e-05   7.9473625e-04   5.7264713e-04   0.0000000e+00   2.7572005e-03   8.8085018e-04   1.8146809e-04   2.2512551e-04   1.3722504e-03   9.7854483e-01   1.8560901e-02
   9.3930710e-01   8.4952853e-04   5.8209022e-03   3.0527435e-04   3.6166750e-05   0.0000000e+00   5.3538098e-03   9.5845598e-05   3.2315686e-05   2.4480703e-04   4.4691571e-03   2.8817471e-04   2.0821381e-03   4.6273236e-04   6.8255667e-03   2.7993446e-03   1.6248286e-03   4.9184716e-03   0.0000000e+00   7.0063032e-04   7.2046195e-03   3.4737179e-05   4.8166742e-04   3.1029100e-04   2.8229747e-05   2.7093285e-03   6.2664767e-04   1.8475283e-04   2.8936664e-04   1.2753295e-03   9.3930710e-01   3.8856935e-02
   9.2245353e-01   9.8026184e-04   5.5578344e-03   1.5699523e-04   1.0976868e-05   1.0862091e-04   6.2998812e-03   4.8374401e-05   2.5031437e-05   0.0000000e+00   3.7267715e-03   1.8987170e-04   2.0651019e-03   1.4447368e-04   6.7219793e-03   2.8589665e-03   2.2002227e-03   4.0499438e-03   4.8150604e-04   8.0770792e-04   8.9085764e-03   9.9328828e-06   3.7481570e-04   0.0000000e+00   0.0000000e+00   2.6652573e-03   6.8124603e-04   1.8696108e-04   0.0000000e+00   4.1604639e-03   9.2245353e-01   4.8205770e-02
   9.0134772e-01   9.7055264e-04   5.7827449e-03   4.1680087e-04   0.0000000e+00   7.1178787e-05   6.2138766e-03   5.0862674e-05   2.5443972e-05   9.5033584e-05   3.7640677e-03   2.7835421e-04   2.0587134e-03   0.0000000e+00   6.7306479e-03   2.8354573e-03   2.1845458e-03   4.0956675e-03   0.0000000e+00   8.0758645e-04   7.7460874e-03   0.0000000e+00   1.4329012e-04   6.6578522e-05   0.0000000e+00   2.6647401e-03   9.0274457e-04   2.0857633e-04   1.3368526e-05   3.4578139e-03   9.0134772e-01   5.9046439e-02
   8.8581247e-01   1.0436490e-03   6.0337230e-03   2.2502940e-04   0.0000000e+00   8.4658571e-05   6.0145519e-03   4.9639111e-05   2.1449252e-05   3.2109094e-04   4.3106578e-03   4.2342007e-04   1.7053094e-03   4.9367648e-04   6.4529077e-03   2.9593072e-03   2.1890567e-03   5.5566853e-03   1.5614565e-03   5.7851095e-04   6.5388031e-03   3.6451420e-06   6.9733624e-05   0.0000000e+00   7.7326871e-07   2.5747480e-03   7.0333813e-04   2.0437915e-04   2.0997356e-05   1.6180681e-03   8.8581247e-01   6.7358065e-02
   8.6973244e-01   1.0339593e-03   6.2248561e-03   7.9131301e-04   1.2125889e-05   6.3323716e-05   6.1056594e-03   5.2795446e-05   2.2879649e-05   5.0194897e-07   4.4530534e-03   3.0688010e-04   1.6210698e-03   3.9123453e-05   4.7626594e-03   2.9268298e-03   2.4754075e-03   5.5868298e-03   1.9827766e-03   5.1035504e-04   7.1596687e-03   2.5240792e-05   0.0000000e+00   0.0000000e+00   0.0000000e+00   2.6301680e-03   6.6343919e-04   2.1249524e-04   3.6687737e-05   1.4179274e-03   8.6973244e-01   7.5901418e-02
   8.5152179e-01   1.1323984e-03   6.0232366e-03   7.7453297e-06   0.0000000e+00   6.5372198e-05   5.9746939e-03   5.9588733e-05   2.0601979e-05   3.1017684e-04   4.3032449e-03   2.9754245e-04   1.7099148e-03   4.8895809e-04   6.2674185e-03   2.9483913e-03   2.2026582e-03   5.5801198e-03   9.2969743e-04   4.8837806e-04   6.5286208e-03   4.0867705e-06   0.0000000e+00   1.7044993e-04   0.0000000e+00   2.5701852e-03   7.1032350e-04   2.0543683e-04   2.6127006e-06   1.5447198e-03   8.5152179e-01   8.5697889e-02
   8.3615441e-01   1.2287181e-03   6.0210712e-03   6.0039342e-05   0.0000000e+00   4.8929633e-05   4.7461400e-03   6.0877896e-05   1.8623217e-05   4.1306990e-04   3.1366407e-03   2.1308328e-04   1.6190456e-03   3.2284893e-04   6.3267497e-03   3.1320092e-03   1.9992942e-03   5.2881055e-03   4.7351390e-04   4.8910146e-04   6.4893914e-03   2.9788500e-04   7.4657058e-05   5.1633052e-04   8.7778434e-06   2.6918719e-03   7.0827741e-04   2.7786245e-04   0.0000000e+00   1.4769889e-03   8.3615441e-01   9.3719840e-02
   8.2300189e-01   6.5823949e-04   6.8190970e-03   0.0000000e+00   0.0000000e+00   1.5347643e-07   7.9708554e-03   0.0000000e+00   6.0487206e-05   4.3452137e-04   4.5813045e-03   7.1216139e-05   1.8629607e-03   9.0445219e-04   6.4445879e-03   3.2891716e-03   2.0945257e-03   2.2521320e-03   4.8140943e-03   9.0908115e-04   7.4765462e-03   9.8070934e-06   2.0508437e-04   1.2439245e-03   0.0000000e+00   2.2763643e-03   0.0000000e+00   1.0332775e-04   0.0000000e+00   6.4691171e-04   8.2300189e-01   1.0218677e-01
   8.0830832e-01   4.8111005e-04   6.1461886e-03   3.4797689e-05   0.0000000e+00   0.0000000e+00   7.8873782e-03   0.0000000e+00   6.4771998e-05   4.3298332e-04   5.5732302e-03   6.5370530e-07   1.8026658e-03   8.0487832e-04   6.3745823e-03   2.9431479e-03   1.9706963e-03   2.3051829e-03   4.7835175e-03   8.8574285e-04   7.6863293e-03   3.0975242e-05   3.5274949e-04   1.0749555e-03   5.7682136e-07   2.4175589e-03   0.0000000e+00   1.0473509e-04   0.0000000e+00   2.1449287e-04   8.0830832e-01   1.1026105e-01
   7.9489644e-01   7.0404989e-04   4.8124471e-03   1.3889102e-03   0.0000000e+00   0.0000000e+00   1.0487482e-02   0.0000000e+00   6.5657390e-05   6.5786777e-05   4.7215431e-03   1.1807946e-03   1.5177270e-03   4.3627968e-04   6.9062514e-03   3.1461877e-03   1.7561960e-03   2.5969605e-03   4.9762057e-03   1.7243652e-03   8.1362293e-03   2.6506785e-05   1.3700928e-03   1.1240284e-03   0.0000000e+00   3.6460232e-03   3.3417608e-04   9.4736481e-05   3.3327424e-04   2.7610372e-04   7.9489644e-01   1.1910528e-01
   7.8214778e-01   9.7234629e-04   4.3709186e-03   2.0086237e-03   1.0384942e-04   0.0000000e+00   7.2716998e-03   6.0511620e-05   4.6458365e-05   9.6568368e-04   3.6059606e-03   5.8990189e-04   4.6585956e-04   1.3457350e-03   9.2036402e-03   2.2926563e-03   1.5196376e-03   4.2128456e-03   4.0810268e-03   1.0386504e-03   3.9058697e-03   2.0475676e-04   2.4220988e-03   1.0434980e-03   1.2778131e-03   2.9196373e-03   2.4301275e-03   8.7893790e-05   1.8267635e-04   3.3529888e-04   7.8214778e-01   1.2585314e-01
   7.6415705e-01   1.4230669e-03   2.5683611e-03   1.0748022e-03   0.0000000e+00   1.2988080e-06   6.8852617e-03   3.9531359e-05   6.3427297e-05   2.2103427e-04   2.2425896e-03   1.0165647e-03   3.7237605e-04   1.3977845e-03   1.1531958e-02   2.3759001e-03   2.0375268e-03   2.9742600e-03   8.7439958e-03   4.1690141e-04   5.3185653e-03   3.9649080e-04   3.4098982e-05   9.1531354e-04   1.2897200e-04   2.8194908e-03   2.6333385e-03   3.0359197e-05   0.0000000e+00   4.2359734e-04   7.6415705e-01   1.3602215e-01
   7.5089774e-01   1.3789164e-03   2.7584875e-03   1.2374980e-03   0.0000000e+00   3.9854397e-07   7.0736521e-03   2.5078862e-05   6.4846218e-05   2.7711599e-04   2.0383935e-03   1.1803508e-03   3.3845291e-04   1.3466190e-03   9.9798109e-03   2.4954139e-03   2.0399407e-03   3.1133242e-03   8.5420820e-03   3.2335003e-04   5.1456196e-03   4.1853111e-04   0.0000000e+00   1.0319524e-03   1.1074642e-04   2.8266192e-03   2.2004678e-03   4.5697006e-05   0.0000000e+00   4.2158778e-04   7.5089774e-01   1.4341168e-01
   7.3741614e-01   5.0540123e-04   5.3237905e-03   1.1927970e-03   1.1130104e-03   8.5864237e-07   9.6630229e-03   1.1749305e-06   7.2855874e-05   0.0000000e+00   4.0631024e-03   1.5747490e-03   2.3641437e-03   1.2188486e-03   5.7745860e-03   3.0089843e-03   1.9360125e-03   2.4053357e-03   4.1440984e-03   1.1692399e-03   1.0412641e-02   0.0000000e+00   6.8307713e-04   1.4787880e-03   4.6571375e-05   2.6617410e-03   3.2409472e-04   6.2114166e-05   0.0000000e+00   4.7020455e-05   7.3741614e-01   1.5215569e-01
   7.2352693e-01   9.6269127e-04   3.0598727e-03   1.9881948e-03   1.1481625e-04   0.0000000e+00   7.3212737e-03   6.2511945e-05   4.6341560e-05   1.0698596e-03   3.7485652e-03   5.8997269e-04   5.7931683e-04   1.3094334e-03   9.1314095e-03   2.3099821e-03   1.5780472e-03   4.2641215e-03   4.0952039e-03   1.0245803e-03   4.2647174e-03   2.3112640e-04   1.7493914e-03   1.0333854e-03   7.1904337e-04   2.9124938e-03   2.2691522e-03   8.4929306e-05   1.8006033e-04   3.3551106e-04   7.2352693e-01   1.5960179e-01
   7.0929061e-01   8.6031070e-04   2.9413510e-03   1.8758080e-03   3.6844517e-05   2.0149108e-05   6.5548190e-03   3.2821732e-05   4.5179072e-05   1.0542772e-03   3.5377958e-03   4.7704634e-04   5.7632275e-04   1.3726442e-03   8.3914027e-03   2.6129071e-03   1.6101925e-03   3.3966931e-03   4.1494448e-03   9.6283330e-04   6.0510472e-03   8.3279940e-05   2.5324111e-03   6.4447069e-04   7.0905393e-04   2.6279593e-03   2.3728996e-03   7.2607581e-05   6.7034776e-05   3.8163559e-04   7.0929061e-01   1.6790780e-01
   6.9598093e-01   9.1186649e-04   1.0517137e-04   0.0000000e+00   0.0000000e+00   2.1725837e-03   2.9982934e-03   0.0000000e+00   4.8208570e-05   7.3144182e-04   3.6856133e-03   5.3492713e-04   6.1535697e-04   1.8801391e-03   7.1240825e-03   2.0434986e-03   1.5222867e-03   2.6728043e-03   3.2492607e-03   1.3166399e-03   7.1203715e-03   2.4048736e-04   3.2533585e-03   9.0328731e-04   1.0113887e-04   2.6708162e-03   1.8087372e-03   6.3834021e-05   9.2790442e-05   2.9370690e-04   6.9598093e-01   1.7448027e-01
   6.8347646e-01   7.9881435e-04   7.1039463e-04   0.0000000e+00   0.0000000e+00   0.0000000e+00   2.8018182e-03   0.0000000e+00   4.3840061e-05   1.1153375e-03   3.1766482e-03   3.9464624e-04   6.3266200e-04   1.4935363e-03   5.4622487e-03   2.2293601e-03   1.7502042e-03   3.2471155e-03   2.7307311e-03   1.2447492e-03   6.2161744e-03   0.0000000e+00   4.0531642e-03   6.2099808e-04   0.0000000e+00   2.7234796e-03   1.5043701e-03   5.8818002e-05   1.6797066e-04   6.5139511e-04   6.8347646e-01   1.8127204e-01
   6.7188782e-01   7.7555257e-04   0.0000000e+00   2.4146388e-04   0.0000000e+00   2.7530066e-06   3.3629847e-03   3.9796463e-06   4.3731026e-05   9.8615125e-04   3.2197404e-03   5.1007062e-04   5.8374249e-04   1.4720078e-03   6.8408728e-03   2.2347292e-03   1.6988448e-03   3.2850639e-03   4.3255721e-03   1.1661476e-03   6.6117024e-03   0.0000000e+00   3.3332283e-03   6.7341095e-04   1.7176721e-06   2.6969032e-03   1.6407065e-03   6.0334202e-05   1.6722117e-04   6.6484220e-04   6.7188782e-01   1.8886916e-01
   6.5960158e-01   7.6883575e-04   4.2071750e-04   2.8396996e-04   5.0677339e-05   3.9389816e-06   4.3526945e-03   0.0000000e+00   4.6748918e-05   9.2486759e-04   3.4923405e-03   4.3218315e-04   7.0302211e-04   1.2164555e-03   6.9143934e-03   2.2362241e-03   1.6968524e-03   3.3044380e-03   4.2077164e-03   9.2311056e-04   6.6304730e-03   0.0000000e+00   2.9934727e-03   1.0536596e-03   0.0000000e+00   2.7016510e-03   2.5012555e-03   6.4400420e-05   1.7349507e-04   6.7405335e-04   6.5960158e-01   1.9685409e-01
   6.4677787e-01   8.0849047e-04   1.2706071e-04   0.0000000e+00   0.0000000e+00   2.1153181e-03   3.5447075e-03   0.0000000e+00   4.4967768e-05   7.5109120e-04   3.6446375e-03   5.2164137e-04   5.3546368e-04   1.3414111e-03   7.1023839e-03   2.0658073e-03   1.5130938e-03   2.6838278e-03   3.7884894e-03   1.2963237e-03   7.1602603e-03   2.9380326e-04   3.5740409e-03   8.6213335e-04   9.2858701e-05   2.8266341e-03   1.7483846e-03   6.5838510e-05   1.4162764e-04   2.9410216e-04   6.4677787e-01   2.0487970e-01
   6.3627525e-01   1.1792921e-03   2.0680832e-05   1.1388964e-03   0.0000000e+00   1.6231693e-04   3.4183158e-03   4.7334537e-05   4.3961793e-05   6.9499035e-04   3.8963917e-03   5.0840542e-04   4.3755525e-04   1.4324503e-03   4.8692911e-03   2.0877609e-03   1.6124711e-03   2.6284865e-03   3.9617830e-03   1.2021239e-03   6.1258407e-03   0.0000000e+00   3.4168604e-03   7.4818195e-04   1.5463145e-03   2.2210550e-03   1.8173901e-03   4.9506876e-05   2.0292424e-04   6.8757591e-04   6.3627525e-01   2.1096335e-01
   6.2599683e-01   6.3596457e-04   5.3704254e-03   3.3288473e-03   1.1898778e-04   0.0000000e+00   6.3787818e-03   6.0850778e-05   5.1486025e-05   1.1389162e-03   3.5008370e-03   4.6052279e-05   1.1876432e-03   2.3884565e-03   5.0924213e-03   2.2565309e-03   1.4678542e-03   2.8466791e-03   4.3086734e-03   1.8162853e-04   7.7506538e-03   2.0352440e-04   9.7398701e-05   1.2022208e-03   0.0000000e+00   4.3012321e-03   1.7157005e-03   8.6288474e-05   2.0561497e-04   2.0714939e-04   6.2599683e-01   2.1935873e-01
   6.1524789e-01   1.1927074e-03   0.0000000e+00   1.1355219e-03   0.0000000e+00   3.3803071e-04   2.6577045e-03   3.5220587e-05   4.5926115e-05   6.9175696e-04   3.9070608e-03   2.3717760e-04   3.4822816e-04   1.3794519e-03   4.6868378e-03   2.0970039e-03   1.6019745e-03   2.5743433e-03   3.8434531e-03   1.1400718e-03   6.5725067e-03   0.0000000e+00   3.4487705e-03   8.8149037e-04   1.3507142e-03   2.1056257e-03   1.8368290e-03   5.1620483e-05   2.0054860e-04   7.7531636e-04   6.1524789e-01   2.2415575e-01
   6.0356440e-01   1.1823342e-05   3.7191357e-03   2.5441332e-03   1.1807744e-03   6.2134175e-03   6.1361732e-03   4.3343905e-04   6.7255162e-05   0.0000000e+00   1.0847965e-02   5.3666852e-04   7.8288032e-04   1.6870559e-03   1.9048093e-04   6.3507469e-05   5.5554537e-04   2.7602567e-03   3.4699893e-03   1.8093661e-04   1.1218012e-02   7.9099466e-04   6.0421330e-06   0.0000000e+00   4.3906625e-03   0.0000000e+00   8.0231394e-04   3.5115863e-04   7.2211301e-04   1.6606741e-03   6.0356440e-01   2.3477948e-01
   5.9265920e-01   6.6091616e-04   5.1695449e-03   3.4754297e-03   8.8580121e-05   0.0000000e+00   6.6455261e-03   4.6797410e-05   5.0760301e-05   1.3351701e-03   3.6377841e-03   1.2616710e-04   1.3661088e-03   2.2164452e-03   3.4682984e-03   2.1924628e-03   1.4658828e-03   2.8641046e-03   3.9952320e-03   0.0000000e+00   8.5791405e-03   3.3831744e-04   0.0000000e+00   1.7625507e-03   2.4953375e-03   4.2227442e-03   1.4924671e-03   8.6814318e-05   7.9515601e-04   1.7179317e-04   5.9265920e-01   2.4140256e-01
   5.8130715e-01   5.7415589e-04   4.9107878e-03   2.3583649e-03   1.1680074e-04   0.0000000e+00   6.4376890e-03   5.7294935e-05   5.2076227e-05   1.0876058e-03   3.5049376e-03   7.5953020e-05   1.1340981e-03   2.3004282e-03   3.3956514e-03   2.1977762e-03   1.5621247e-03   2.9945868e-03   4.3168010e-03   3.1626683e-04   8.2023376e-03   3.4057345e-04   2.5891978e-04   1.3214326e-03   0.0000000e+00   4.3275518e-03   1.3329801e-03   9.8443447e-05   2.1065377e-04   1.6222986e-04   5.8130715e-01   2.4789363e-01
   5.7364860e-01   8.0635087e-04   0.0000000e+00   3.9027342e-04   2.4609708e-04   3.6532086e-06   9.9736488e-04   3.9364165e-06   3.9362306e-05   2.1390653e-03   3.2798892e-03   5.8848741e-04   5.3982700e-05   1.6934895e-03   7.2970773e-03   2.4315222e-03   1.7337971e-03   3.4647578e-03   4.3157274e-03   1.1662469e-03   6.7323077e-03   0.0000000e+00   4.3176982e-03   7.9828421e-04   0.0000000e+00   2.6938676e-03   1.6747669e-03   6.0481916e-05   2.1083986e-04   4.5349089e-04   5.7364860e-01   2.5180131e-01
   5.6070067e-01   8.7422305e-05   4.9925955e-04   6.3654462e-03   1.6521520e-04   3.8765570e-03   7.6516083e-03   1.2351113e-03   5.3110536e-05   3.1114505e-04   5.3796299e-03   2.3521285e-05   3.4177744e-04   1.4000439e-03   2.9070094e-03   3.2985138e-03   4.0611417e-03   3.7063812e-03   3.0605849e-04   2.5847875e-03   8.7827064e-03   6.7887178e-04   2.7181370e-04   2.6101505e-04   6.6707041e-03   0.0000000e+00   0.0000000e+00   1.4388565e-04   1.4429633e-03   1.4054753e-05   5.6070067e-01   2.6337374e-01
   5.5037533e-01   1.2575311e-05   3.6546925e-03   2.6526335e-03   1.2922794e-03   6.1258106e-03   5.9700763e-03   4.6311209e-04   7.0957039e-05   0.0000000e+00   9.7659695e-03   4.6461089e-04   7.7592364e-04   1.8507642e-03   0.0000000e+00   4.2782268e-05   5.3608888e-04   2.9452788e-03   3.4646272e-03   1.8748523e-04   1.1069073e-02   7.7500477e-04   8.0237713e-06   5.0189679e-05   4.1607567e-03   0.0000000e+00   8.4510660e-04   3.4535454e-04   7.2066587e-04   1.7258371e-03   5.5037533e-01   2.6986783e-01
   5.4126640e-01   1.0043960e-05   6.9878295e-04   4.8651614e-03   1.5286446e-04   4.7779692e-03   7.5581098e-03   1.1247215e-03   5.4735217e-05   4.8973844e-04   5.2575177e-03   9.7749034e-06   3.0377639e-04   1.4144079e-03   4.0672557e-03   3.1612309e-03   3.9219814e-03   3.8386237e-03   1.6760666e-04   2.1044343e-03   9.9936225e-03   6.6788596e-04   8.5524597e-04   4.0173635e-04   9.2543390e-03   1.4361181e-04   7.1055446e-04   1.3363458e-04   1.6487214e-03   0.0000000e+00   5.4126640e-01   2.7763107e-01
   5.3351541e-01   2.0179739e-05   3.4952867e-03   2.6711458e-03   0.0000000e+00   5.9565697e-03   6.4572404e-03   4.5400838e-04   9.0830202e-05   0.0000000e+00   1.2788313e-02   9.6515344e-04   9.6449001e-04   1.7711671e-03   0.0000000e+00   3.7942366e-05   6.0501016e-04   2.8827936e-03   2.7601970e-03   2.4913734e-04   1.2206106e-02   8.8891381e-04   2.0603628e-04   3.9966698e-04   4.2024295e-03   0.0000000e+00   6.4462036e-04   7.1925871e-04   7.2322444e-04   1.4356818e-03   5.3351541e-01   2.8214235e-01
   5.2023129e-01   4.6665153e-07   9.3477082e-04   5.8999802e-03   0.0000000e+00   0.0000000e+00   7.6248903e-03   1.1861085e-03   4.7223062e-05   5.7476470e-04   4.9761703e-03   1.8005660e-04   0.0000000e+00   1.9010611e-03   4.1320015e-03   2.2547159e-03   1.6593478e-03   2.8714295e-03   1.8120102e-03   2.9802994e-03   1.0170301e-02   7.0276306e-04   1.3731706e-03   2.9491793e-04   1.0928963e-02   0.0000000e+00   6.6162080e-04   1.1111571e-04   1.7535330e-03   0.0000000e+00   5.2023129e-01   2.9166957e-01
   5.0913875e-01   6.8348318e-06   2.3767965e-03   6.4131638e-03   0.0000000e+00   4.4284925e-03   7.8949924e-03   7.9148220e-04   3.7586837e-05   0.0000000e+00   3.9516074e-03   9.5394040e-04   7.7863357e-04   3.5839842e-04   5.8312730e-03   1.4113605e-03   1.2016919e-04   1.9861807e-03   3.2686370e-03   1.0529069e-03   1.1289826e-02   1.0957142e-03   1.4707876e-04   1.9327512e-03   4.3865335e-03   1.7858310e-03   5.6386091e-04   1.1613261e-04   6.1266037e-04   1.3152357e-03   5.0913875e-01   2.9945340e-01
   4.9783768e-01   9.6190912e-05   4.7306652e-05   3.6942123e-03   3.8552968e-03   7.3194672e-04   1.3510500e-03   3.9877350e-04   2.4688328e-05   0.0000000e+00   1.2933817e-03   6.1446640e-07   2.9523192e-04   4.1630786e-03   5.1120465e-04   3.0017137e-04   9.3894314e-04   2.2670899e-04   9.7704447e-04   8.5342991e-04   4.1754524e-03   2.0502279e-04   4.1667600e-03   3.6310514e-03   1.5295019e-03   4.2674693e-03   3.8335026e-03   2.2564304e-03   4.2047345e-04   1.4477254e-04   4.9783768e-01   3.0335656e-01
   4.8742007e-01   8.5248234e-05   1.0578597e-04   1.2836987e-03   3.8210359e-03   7.9796456e-04   1.2280199e-03   4.0566622e-04   1.6608373e-05   0.0000000e+00   1.3596587e-03   8.0296572e-05   2.8227022e-04   4.2252935e-03   4.6721932e-04   2.0253343e-04   8.8750652e-04   2.1815167e-04   8.8921377e-04   6.9883744e-04   3.7217783e-03   9.8922987e-05   4.1924943e-03   3.8114147e-03   1.5307258e-03   4.3205354e-03   3.7182511e-03   2.2461774e-03   7.0236487e-04   8.7430703e-05   4.8742007e-01   3.1024003e-01
   4.7650915e-01   4.0983193e-05   1.2968192e-03   4.3595856e-04   4.3103374e-03   0.0000000e+00   1.6854078e-03   3.7344144e-04   1.2513715e-06   2.3724391e-06   0.0000000e+00   7.8867055e-05   0.0000000e+00   4.2885708e-03   7.0508945e-04   0.0000000e+00   1.1113020e-03   5.4405583e-04   2.5791936e-05   8.9695598e-04   3.5911207e-05   3.9061950e-04   3.0255119e-03   2.5696079e-03   2.3088053e-03   2.7037135e-03   4.8641697e-03   2.3162021e-03   7.4093525e-04   8.5612012e-04   4.7650915e-01   3.1695083e-01
   4.6673121e-01   4.9382189e-05   1.5436530e-03   5.2340744e-04   4.3053779e-03   0.0000000e+00   1.4348402e-03   3.6912650e-04   0.0000000e+00   2.7878791e-06   4.5306343e-04   8.5684574e-05   0.0000000e+00   4.2415747e-03   7.2614249e-04   3.5409823e-05   1.0814507e-03   6.7586643e-04   4.0743481e-05   5.6583734e-04   0.0000000e+00   3.0867520e-04   3.0320610e-03   2.2603618e-03   2.5397311e-03   2.7569295e-03   4.3666486e-03   2.1225148e-03   7.7988929e-04   9.2044112e-04   4.6673121e-01   3.2402985e-01
   4.5912276e-01   6.7670603e-05   1.4560507e-03   7.1940446e-04   4.2060293e-03   2.5244180e-04   5.0091008e-04   1.1750615e-04   0.0000000e+00   5.4326774e-06   2.1798053e-05   7.9269406e-05   0.0000000e+00   4.6717016e-03   8.4971816e-04   1.5517984e-04   1.3300197e-03   5.1293852e-04   9.2679440e-04   8.3473277e-04   9.1293120e-04   5.5392980e-04   5.2949877e-03   2.6367441e-03   1.9742330e-03   3.5144594e-03   4.0676999e-03   3.3325269e-03   7.2988138e-04   9.1583964e-04   4.5912276e-01   3.3076700e-01
   4.4973955e-01   6.4400194e-05   4.5287761e-04   0.0000000e+00   4.1892816e-03   2.1863044e-04   1.7394433e-03   3.7707173e-04   7.2332877e-06   0.0000000e+00   1.3383703e-03   2.2084560e-05   3.7772436e-04   3.5978400e-03   5.8247760e-04   2.0097655e-04   1.2108104e-03   0.0000000e+00   4.5223757e-04   7.1945622e-04   3.8446353e-04   4.1707981e-04   6.1016648e-03   3.3386705e-03   2.5357566e-03   3.7801415e-03   3.4559879e-03   2.6379586e-03   8.7232133e-04   7.1599538e-04   4.4973955e-01   3.3759463e-01
   4.4063776e-01   6.2707296e-05   4.5239113e-04   0.0000000e+00   4.1537374e-03   2.2365918e-04   2.0704185e-03   3.8098622e-04   6.3427203e-06   0.0000000e+00   6.7334733e-05   5.1142995e-05   4.0384534e-04   3.5648202e-03   5.9865498e-04   0.0000000e+00   1.2048330e-03   2.6206997e-05   4.4891738e-04   6.4320059e-04   0.0000000e+00   4.0133601e-04   6.0012099e-03   3.4559002e-03   2.6146415e-03   3.5196036e-03   3.2865922e-03   2.6346704e-03   9.1801589e-04   7.0294096e-04   4.4063776e-01   3.4406288e-01
   4.3279456e-01   7.5187646e-05   1.1533740e-03   3.1060277e-04   6.0934737e-03   1.7951258e-03   2.4325091e-05   4.5663609e-04   0.0000000e+00   5.3751666e-05   6.9452402e-04   2.4888137e-04   2.4847100e-04   5.2398471e-03   3.9587409e-04   5.4809148e-04   1.3408818e-03   2.4146639e-04   4.5567675e-04   0.0000000e+00   4.2135209e-03   2.4265577e-05   5.0029179e-03   3.2571451e-03   3.3587037e-03   1.8373361e-03   1.7032170e-03   2.8530464e-03   8.3587392e-04   7.9048802e-04   4.3279456e-01   3.5115136e-01
   4.2265105e-01   7.1154286e-05   1.3595919e-03   3.2498370e-04   6.0897414e-03   1.7335192e-03   2.9889569e-05   4.5454756e-04   6.0651257e-07   3.6750030e-05   8.8842122e-04   2.4726689e-04   2.7167133e-04   4.7871195e-03   4.3166476e-04   5.2153106e-04   1.3515807e-03   2.6165476e-04   3.9893321e-04   0.0000000e+00   4.2686168e-03   0.0000000e+00   5.0045457e-03   3.1720805e-03   3.4010097e-03   1.7395890e-03   1.9001676e-03   2.8627443e-03   8.7051506e-04   8.6012497e-04   4.2265105e-01   3.5897662e-01
   4.1478278e-01   7.0639317e-05   1.0859286e-03   6.7734604e-05   4.7257962e-03   1.6815890e-03   3.1257888e-04   3.0087584e-04   7.0760258e-06   2.6397135e-04   1.4371880e-05   2.6604033e-04   2.5073305e-04   5.0566500e-03   5.4134022e-04   8.0386363e-04   1.2063818e-03   6.0389414e-04   6.6402458e-05   0.0000000e+00   4.3435060e-03   0.0000000e+00   4.8859335e-03   3.1675446e-03   9.4865418e-04   1.5653183e-03   2.1931689e-03   3.9263049e-03   3.7181516e-04   6.2759416e-04   4.1478278e-01   3.6425638e-01
   4.0418792e-01   7.1641427e-05   1.2321558e-03   9.4727118e-05   4.5421735e-03   2.1940401e-03   0.0000000e+00   2.5658308e-04   6.9451114e-06   1.7899647e-04   0.0000000e+00   2.7570819e-04   2.3503133e-04   5.3597512e-03   5.3688887e-04   7.6547307e-04   1.2063866e-03   6.4886277e-04   1.7371255e-04   5.4316616e-06   2.7765808e-03   4.8978768e-05   4.7361757e-03   3.1988566e-03   8.2448000e-04   1.2878631e-03   1.9171952e-03   3.7522145e-03   2.9143810e-04   6.2757372e-04   4.0418792e-01   3.7213748e-01
   3.9665633e-01   1.8788937e-04   1.1264114e-03   1.6914303e-04   2.9073772e-03   0.0000000e+00   2.1143997e-04   2.4142797e-04   1.4667595e-08   7.3532053e-05   4.8407832e-03   1.8922926e-04   1.8921675e-04   4.3348636e-03   4.4303391e-05   6.6471716e-04   1.3738699e-03   2.2500090e-05   0.0000000e+00   1.5068735e-06   2.3884129e-03   3.7275917e-05   4.7579249e-03   4.3247219e-03   3.5225020e-03   2.4316251e-03   3.2668494e-03   2.8837766e-03   5.9316718e-04   5.6756208e-04   3.9665633e-01   3.7899842e-01
   3.8793759e-01   7.0728638e-05   7.6397468e-04   3.1686155e-05   4.5455105e-03   3.0722066e-04   2.1079239e-04   4.3976055e-04   2.0538006e-06   3.0636700e-05   4.1888887e-03   2.0674851e-04   9.2951200e-05   4.1977774e-03   3.9197482e-04   6.6182348e-04   1.1384497e-03   1.3058475e-04   1.1864989e-04   1.0566440e-04   2.1267486e-03   4.0952950e-05   4.9488969e-03   4.8980031e-03   3.3911327e-03   2.6704960e-03   2.3544130e-03   2.8617421e-03   8.3348818e-04   4.2486857e-04   3.8793759e-01   3.8618202e-01
   3.8040650e-01   7.2060071e-05   7.9541801e-04   0.0000000e+00   4.3160743e-03   0.0000000e+00   1.8841450e-04   4.6619808e-04   3.1554378e-06   4.4407825e-05   3.9463547e-03   2.0720534e-04   1.2777921e-04   4.3816949e-03   3.6991035e-04   6.6799870e-04   1.1684268e-03   1.0707929e-04   9.5321451e-05   1.2629696e-04   2.4033980e-03   3.6898854e-05   4.8842548e-03   4.7402723e-03   3.5144749e-03   2.0445042e-03   2.2078830e-03   2.7054651e-03   8.3306899e-04   4.3316158e-04   3.8040650e-01   3.9201729e-01
   3.7222799e-01   6.3480345e-05   7.7219911e-04   3.1744100e-04   7.3111650e-03   0.0000000e+00   0.0000000e+00   3.6715852e-04   1.0031392e-06   0.0000000e+00   4.6497348e-03   2.0893543e-04   1.2953215e-04   4.5855242e-03   5.1822714e-04   7.3744371e-04   1.5392995e-03   3.3499434e-04   3.2144962e-04   3.4724399e-04   0.0000000e+00   2.9912040e-04   4.8899686e-03   4.5515492e-03   4.0119256e-03   2.2564973e-03   1.9750838e-03   3.8646007e-03   6.7764074e-04   3.6682308e-04   3.7222799e-01   3.9963638e-01
   3.6264106e-01   1.2219111e-04   1.0554309e-03   0.0000000e+00   6.0967747e-03   0.0000000e+00   2.6878510e-04   3.6753783e-04   2.9923334e-06   8.3024708e-05   2.7810109e-03   2.1446761e-04   1.7026558e-04   4.2757580e-03   4.0469076e-04   6.7570876e-04   1.4602130e-03   0.0000000e+00   3.0730255e-05   8.5199331e-05   2.0662973e-03   2.1227162e-04   4.7451657e-03   4.5982677e-03   3.1129157e-03   2.5913055e-03   1.9657782e-03   2.9476983e-03   6.9214176e-04   4.5728945e-04   3.6264106e-01   4.0681342e-01
   3.5529907e-01   0.0000000e+00   1.5325901e-03   1.7196778e-03   3.1033350e-03   9.5936896e-04   6.0806658e-05   1.0467412e-04   1.7576074e-06   2.6132266e-04   3.5527189e-03   1.9750706e-04   1.3248631e-04   2.9438304e-03   4.0245947e-03   7.5692238e-04   1.3079964e-03   1.0944182e-05   4.3466102e-06   0.0000000e+00   2.4200207e-03   1.6546282e-04   4.0472462e-03   5.5544733e-03   3.4926565e-03   2.3779092e-03   3.3978386e-03   2.3090539e-03   5.0574387e-04   5.0190019e-04   3.5529907e-01   4.1384576e-01
   3.4753040e-01   1.0170979e-04   9.8169847e-04   0.0000000e+00   5.1183978e-03   5.4482114e-04   1.0066384e-03   4.1950810e-04   1.3486033e-05   0.0000000e+00   3.2897330e-03   2.1972010e-04   2.5595175e-04   4.3407957e-03   9.5825205e-04   5.8104068e-04   1.7406857e-03   0.0000000e+00   8.4714544e-07   0.0000000e+00   2.8864062e-03   1.1256461e-04   4.0779392e-03   4.6093861e-03   3.8449758e-03   4.7700847e-03   1.7172059e-03   2.8591833e-03   7.1884357e-04   4.7313444e-04   3.4753040e-01   4.2048739e-01
   3.3915310e-01   8.3555164e-05   1.2880251e-04   3.3758667e-05   5.5110574e-03   7.2498391e-04   3.8254655e-04   2.0308544e-04   3.0235396e-06   0.0000000e+00   3.0952239e-03   2.4002745e-04   1.9037458e-04   4.0229132e-03   0.0000000e+00   6.7583249e-04   1.3014676e-03   5.7749698e-05   0.0000000e+00   0.0000000e+00   2.1762569e-03   1.0484802e-04   5.0642507e-03   4.9917849e-03   3.1443307e-03   2.6351293e-03   0.0000000e+00   2.8003459e-03   7.2255340e-04   4.6297286e-04   3.3915310e-01   4.2616758e-01
   3.3074090e-01   7.4913468e-05   5.9988284e-04   3.6707634e-05   5.5256949e-03   3.2147818e-04   3.2582137e-04   1.8960227e-04   0.0000000e+00   2.2964698e-05   3.0935714e-03   2.2134745e-04   1.9473194e-04   3.8263206e-03   5.2731116e-04   6.2523768e-04   1.4364315e-03   3.5446956e-05   1.0240429e-06   0.0000000e+00   1.9456775e-03   7.0425152e-05   5.0741005e-03   5.0231070e-03   3.1960562e-03   2.6454264e-03   1.2287575e-04   2.8292901e-03   7.5982584e-04   4.6199620e-04   3.3074090e-01   4.3357430e-01
   3.2243742e-01   7.8565910e-05   5.9886799e-04   4.0500373e-05   4.8522375e-03   0.0000000e+00   2.5727978e-04   2.6169576e-04   0.0000000e+00   3.4501915e-05   2.5641667e-03   2.2033804e-04   1.9645393e-04   4.1091262e-03   5.3923736e-04   7.1765893e-04   1.3956790e-03   7.1113038e-05   0.0000000e+00   0.0000000e+00   2.0136984e-03   4.6744654e-06   3.7079667e-03   4.7560528e-03   3.2378123e-03   2.6479681e-03   2.1515491e-03   2.8885213e-03   7.3960884e-04   4.6414878e-04   3.2243742e-01   4.4074129e-01
   3.1549656e-01   5.1090230e-05   5.7847326e-04   2.5681222e-05   7.0568323e-03   2.7230523e-04   3.5290504e-04   1.6142174e-04   0.0000000e+00   0.0000000e+00   2.7616158e-03   2.1440648e-04   2.7134287e-04   4.1595524e-03   5.6977009e-04   7.4474140e-04   1.5659144e-03   9.6062367e-05   1.8013822e-07   1.7932614e-06   1.9659874e-03   6.7838345e-05   5.0524601e-03   4.5405445e-03   3.6116191e-03   2.7064104e-03   0.0000000e+00   2.6442553e-03   5.8809961e-04   4.5884827e-04   3.1549656e-01   4.4736376e-01
   3.0706754e-01   0.0000000e+00   1.6094175e-03   0.0000000e+00   4.7980627e-03   1.4365009e-03   6.0627124e-04   5.1216251e-05   4.2883334e-06   2.2796955e-04   3.1568191e-03   1.6595219e-04   1.0719682e-04   2.9086542e-03   7.6560578e-04   5.7141752e-04   1.1026922e-03   1.0477061e-04   0.0000000e+00   1.2285398e-03   1.5986610e-03   1.7748714e-04   5.8768543e-03   4.4751490e-03   4.2750768e-03   2.9780691e-03   4.8735819e-03   2.5112814e-03   3.2387624e-04   3.8427587e-04   3.0706754e-01   4.5626966e-01
   3.0016861e-01   8.8620803e-04   0.0000000e+00   2.0519623e-03   4.5888682e-03   1.4601284e-03   7.4629909e-04   7.5983574e-05   6.1316750e-06   2.3907356e-04   4.4543038e-03   1.6823839e-04   1.3574497e-04   3.1480661e-03   4.6666326e-06   9.0302485e-04   1.1167560e-03   6.1783930e-06   3.1136889e-04   1.2254277e-03   1.1582064e-03   5.9586659e-04   6.3787974e-03   3.7893250e-03   3.9713378e-03   2.8114892e-03   4.9408946e-03   2.8736563e-03   3.1224705e-04   4.0455069e-04   3.0016861e-01   4.6312727e-01
   2.9235955e-01   7.0635941e-04   3.7213846e-04   5.0952768e-04   4.3989395e-03   1.4245695e-03   5.7737656e-04   5.2063133e-05   6.6732420e-06   2.3764010e-04   3.8574669e-03   1.6852287e-04   8.6780643e-05   3.1488136e-03   1.1083753e-04   7.1363940e-04   1.1115906e-03   1.1542004e-04   1.9400361e-04   1.2633391e-03   1.3361551e-03   5.4606365e-04   6.0491949e-03   3.6787727e-03   3.8574922e-03   2.8755263e-03   4.9508783e-03   2.6544992e-03   3.1726899e-04   4.0487702e-04   2.9235955e-01   4.6966510e-01
   2.8520833e-01   6.7805652e-04   3.9152857e-04   4.7623546e-04   4.3987873e-03   1.4838955e-03   6.0551303e-04   5.6803624e-05   6.8231815e-06   2.7101600e-04   3.9038052e-03   1.7194165e-04   9.6234536e-05   3.1578191e-03   9.2885086e-05   7.0614679e-04   1.1474842e-03   1.5349992e-04   1.9928227e-04   1.0340507e-03   1.2932421e-03   7.7633861e-04   6.5044442e-03   3.7855975e-03   3.8495417e-03   2.9288122e-03   5.4952175e-03   2.7281739e-03   3.0480963e-04   4.0784724e-04   2.8520833e-01   4.7668058e-01
   2.7521619e-01   2.7911127e-05   5.0705544e-04   5.3364574e-05   5.3250788e-03   5.1052461e-04   3.7344728e-04   2.1350235e-04   0.0000000e+00   9.3225743e-05   3.3514878e-03   2.0249979e-04   1.8029622e-04   3.8358278e-03   4.3721718e-04   5.9180628e-04   1.3295292e-03   3.6021692e-05   6.3914902e-05   6.4411011e-05   1.7408905e-03   0.0000000e+00   5.3666700e-03   5.0898166e-03   3.1514495e-03   2.6954274e-03   0.0000000e+00   2.8607383e-03   6.6852515e-04   4.6204839e-04   2.7521619e-01   4.8438107e-01
   2.6858624e-01   5.6917682e-05   4.3947693e-04   0.0000000e+00   5.2570357e-04   7.1631480e-04   3.6463319e-04   2.5107274e-04   4.4705679e-07   1.6248465e-04   3.1778495e-03   2.0465448e-04   1.8332499e-04   4.2276923e-03   3.6309143e-04   6.6821397e-04   1.7037461e-03   0.0000000e+00   5.6662806e-05   0.0000000e+00   2.3617183e-03   0.0000000e+00   5.6904701e-03   4.9746130e-03   2.1468625e-03   2.8450823e-03   1.9866755e-03   2.6686893e-03   9.0782269e-04   4.8981279e-04   2.6858624e-01   4.9030279e-01
   2.6176698e-01   6.1920043e-05   5.0322514e-04   3.2442232e-05   4.9601934e-03   2.0593503e-04   2.8842086e-04   2.0889206e-04   0.0000000e+00   0.0000000e+00   3.3164731e-03   2.1992329e-04   1.8626719e-04   3.8295326e-03   5.4961674e-04   6.1579756e-04   1.3540193e-03   3.6544678e-05   4.8117368e-05   3.2480165e-06   1.9547226e-03   6.2279791e-05   5.1208708e-03   5.0825774e-03   3.1477461e-03   2.6855956e-03   0.0000000e+00   2.8564645e-03   5.9096285e-04   4.6377189e-04   2.6176698e-01   4.9724263e-01
   2.5509732e-01   2.1399348e-04   4.6395954e-04   4.2283670e-04   4.9886613e-03   2.3072000e-04   4.1020621e-04   1.8313273e-04   9.5513957e-07   2.4691660e-05   3.2302964e-03   2.4360141e-04   1.8837419e-04   3.6613531e-03   9.3901440e-04   6.0319807e-04   1.3304314e-03   3.8502032e-05   9.8919784e-05   0.0000000e+00   1.7798562e-03   4.7476712e-05   5.4898108e-03   4.9482692e-03   3.0720663e-03   2.6424672e-03   8.9936660e-04   2.8513707e-03   5.8494532e-04   4.7497017e-04   2.5509732e-01   5.0423168e-01
   2.4822793e-01   0.0000000e+00   2.0728964e-03   1.2119255e-06   1.3103764e-02   1.8178702e-03   8.8580220e-05   6.5474241e-05   0.0000000e+00   5.5736888e-04   2.9006825e-03   2.1018138e-04   1.1680087e-04   3.1321098e-03   4.9136514e-04   1.1230734e-03   3.6756265e-04   2.1137230e-04   7.2220298e-05   3.6828855e-04   1.4072975e-03   0.0000000e+00   8.2318697e-03   7.4613743e-03   2.0183249e-03   1.9509052e-03   6.4199902e-03   2.1617209e-03   2.2681233e-04   4.3294955e-04   2.4822793e-01   5.1508030e-01
   2.3878835e-01   2.7958001e-03   0.0000000e+00   6.7005722e-04   1.1816896e-03   7.9096320e-04   3.3397731e-04   6.3757630e-07   5.1961250e-05   2.1664438e-04   0.0000000e+00   5.0730309e-05   9.4018599e-06   0.0000000e+00   7.4369765e-03   1.0533893e-03   2.4821716e-03   2.1651137e-04   2.0770647e-04   2.0900902e-03   6.2332206e-03   3.2378855e-05   1.8979492e-03   5.9178940e-03   1.0519616e-03   6.2992961e-03   8.2976028e-04   2.6748156e-03   1.0568308e-04   4.8163202e-05   2.3878835e-01   5.2183015e-01
   2.3252524e-01   0.0000000e+00   2.0430919e-03   0.0000000e+00   1.3427265e-02   1.7737204e-03   3.3825900e-05   4.6032722e-08   0.0000000e+00   3.3959773e-04   2.9732831e-03   1.6126152e-04   1.1261349e-04   4.2545154e-03   1.8943466e-04   1.2132155e-03   1.9619570e-04   1.7919603e-04   0.0000000e+00   6.1443117e-04   2.5018356e-03   9.0791489e-06   5.4477761e-03   6.9878634e-03   1.1995458e-03   0.0000000e+00   6.2608440e-03   2.1676038e-03   2.0580293e-04   3.1027288e-04   2.3252524e-01   5.3019609e-01
   2.2516677e-01   2.8935791e-03   0.0000000e+00   7.4663051e-04   1.1275073e-03   8.3443880e-04   3.2766153e-04   6.1205214e-07   5.3007373e-05   2.1727862e-04   0.0000000e+00   4.8343722e-05   1.6644096e-05   0.0000000e+00   7.1820139e-03   1.0507286e-03   2.3301877e-03   2.1698211e-04   1.8602311e-04   2.1167651e-03   6.2419917e-03   3.3427947e-05   2.0224626e-03   5.9200428e-03   1.0703850e-03   6.0195997e-03   6.7297909e-04   2.7121393e-03   1.0510833e-04   4.5853625e-05   2.2516677e-01   5.3595458e-01
   2.1764592e-01   2.9846405e-03   5.9304920e-05   4.1291599e-04   1.7131938e-03   8.9596271e-04   3.1885507e-04   5.8153665e-07   6.6450253e-05   2.2682331e-04   0.0000000e+00   5.3252985e-05   0.0000000e+00   3.7899755e-04   6.5623951e-03   1.0444819e-03   3.2800479e-03   2.2607351e-04   1.7228791e-04   2.4365740e-03   5.3123958e-03   3.5302487e-05   1.0782581e-03   5.6622244e-03   6.6739625e-04   6.8947671e-03   3.5875030e-04   2.9316404e-03   1.0075004e-04   1.6879958e-05   2.1764592e-01   5.4392942e-01
   2.1052552e-01   3.0241398e-03   3.1044205e-03   1.7863406e-03   1.2154762e-02   7.6983263e-04   6.9811681e-05   3.8350087e-06   6.2355358e-05   2.7838470e-04   9.4806453e-04   2.9200753e-05   1.1349224e-04   1.3640784e-03   1.0878433e-02   9.6315954e-04   1.5092259e-03   1.3658827e-04   2.1556741e-03   1.4548150e-03   4.4227949e-03   7.5277235e-05   4.4163438e-04   6.2777576e-03   6.1747130e-04   2.5650557e-03   8.4632252e-04   2.1377245e-03   9.2329985e-04   0.0000000e+00   2.1052552e-01   5.5532545e-01
   2.0252892e-01   3.0682287e-03   2.6202257e-03   5.2310487e-04   1.7130928e-03   8.3115692e-04   3.0654137e-04   5.0183110e-07   5.5450925e-05   2.2042790e-04   1.5136036e-03   6.8411833e-05   4.1558532e-06   2.8486817e-04   7.6502720e-03   1.0396730e-03   3.7006725e-03   1.3307419e-04   1.5625441e-05   2.2601009e-03   5.1695495e-03   8.5356398e-06   0.0000000e+00   5.7771987e-03   5.1995856e-04   4.7926811e-03   4.1058067e-04   3.0279511e-03   9.7403094e-05   3.2328360e-06   2.0252892e-01   5.6099854e-01
   1.9548200e-01   3.0673123e-03   2.5462419e-03   3.0058685e-04   1.9396875e-03   9.0367498e-04   3.0846624e-04   5.1494002e-07   5.6478849e-05   2.2042801e-04   1.4658858e-03   6.9223481e-05   0.0000000e+00   3.6936423e-04   6.6599304e-03   1.0396806e-03   3.0042266e-03   2.2297070e-04   1.4223492e-04   2.2677538e-03   5.3025329e-03   8.0357770e-06   3.9368173e-04   5.6894681e-03   6.8157579e-04   5.7575533e-03   4.0889025e-04   3.0273269e-03   9.9046077e-05   4.0030789e-06   1.9548200e-01   5.6898719e-01
   1.8854459e-01   2.8892337e-03   4.0170772e-03   2.0678144e-03   9.5135002e-04   4.4848880e-04   3.6303472e-04   0.0000000e+00   6.8932691e-05   2.1851231e-04   1.4646399e-03   2.4700403e-05   4.4120036e-06   1.0246617e-04   9.0336007e-03   1.0349412e-03   2.1456902e-03   2.3838375e-04   1.5491114e-03   1.9859222e-03   4.8110649e-03   6.8087723e-05   1.7535517e-03   5.3801300e-03   2.6584533e-03   3.2794764e-03   6.7702124e-04   2.7951886e-03   0.0000000e+00   0.0000000e+00   1.8854459e-01   5.7795169e-01
   1.8009656e-01   3.2641914e-03   4.6272067e-03   0.0000000e+00   0.0000000e+00   7.4637127e-04   2.9611952e-04   1.1285569e-07   8.1665814e-05   2.0246953e-04   1.4967580e-03   4.3266234e-05   2.1148049e-05   1.0246063e-04   7.1916913e-03   1.0458561e-03   2.7763947e-03   2.9014263e-04   6.9775229e-04   2.3211960e-03   4.7349358e-03   6.5820316e-05   1.2361196e-03   0.0000000e+00   1.2798932e-03   9.8923674e-03   1.2050822e-03   2.9248256e-03   4.4932108e-05   0.0000000e+00   1.8009656e-01   5.8702379e-01
   1.7434406e-01   2.8887202e-03   4.0170581e-03   2.8865986e-03   1.4284975e-03   4.5125985e-04   3.6280524e-04   0.0000000e+00   6.7355365e-05   2.2091616e-04   1.1057925e-03   2.5180651e-05   4.1000116e-06   9.7310698e-05   8.9883414e-03   1.0430096e-03   1.8402407e-03   2.3932513e-04   1.5576502e-03   1.9696907e-03   4.8357744e-03   6.8586705e-05   1.8202674e-03   5.4246897e-03   3.3165164e-03   2.6798700e-03   6.4540922e-04   2.7560002e-03   2.9369837e-06   0.0000000e+00   1.7434406e-01   5.9492790e-01
   1.6700613e-01   2.7585642e-03   4.5558064e-03   2.8425431e-03   3.5022127e-04   6.6557418e-04   3.3202311e-04   3.1484242e-08   6.7501872e-05   2.2482603e-04   1.4608324e-03   3.4655505e-05   1.8669555e-05   6.2250331e-05   8.1114737e-03   1.0166217e-03   3.3703988e-03   2.4141175e-04   1.4241302e-03   2.5015138e-03   4.7831461e-03   6.9285940e-05   1.3556698e-03   5.6373888e-03   1.1095321e-03   5.4522625e-03   6.6518919e-04   2.8870879e-03   5.0453413e-05   0.0000000e+00   1.6700613e-01   6.0420194e-01
   1.5929403e-01   3.1244805e-03   4.3859628e-03   1.0284132e-02   1.2462055e-02   2.8192523e-04   1.8812947e-04   0.0000000e+00   1.1834921e-04   9.3079428e-05   2.6396352e-05   9.4778039e-05   6.9036202e-06   1.2480944e-03   0.0000000e+00   8.2214131e-04   0.0000000e+00   2.9854745e-05   2.3452016e-03   1.4351921e-03   4.0102740e-03   7.0941354e-05   2.2342982e-03   2.4067571e-03   0.0000000e+00   2.6314383e-04   2.0876809e-03   2.6234272e-03   0.0000000e+00   1.5678863e-04   1.5929403e-01   6.1351511e-01
   1.5207956e-01   0.0000000e+00   4.0790916e-03   6.9679180e-03   1.2357427e-02   9.6680610e-04   2.3845625e-04   1.3202963e-05   1.4141993e-04   1.3509139e-04   2.8316443e-04   1.1969057e-04   3.4835835e-05   0.0000000e+00   8.9813630e-05   9.6488670e-04   3.7900219e-04   2.0222861e-07   1.3320366e-03   1.1637212e-03   3.8702319e-03   1.4326135e-04   2.9307295e-03   9.4861421e-04   4.5329822e-04   1.9510469e-03   2.5960626e-03   2.8204280e-03   1.6097662e-04   1.7501163e-04   1.5207956e-01   6.2135725e-01
   1.4469544e-01   0.0000000e+00   4.1176922e-03   7.2864577e-03   1.2271743e-02   9.9184493e-04   2.0379749e-04   1.1897588e-05   1.3487474e-04   1.3195011e-04   3.2468284e-04   1.1565272e-04   3.3933763e-05   2.2781058e-04   8.9055066e-05   9.6884685e-04   3.7999509e-04   3.3434883e-06   1.2722424e-03   1.2164656e-03   3.8390872e-03   1.0425836e-04   2.2116796e-03   0.0000000e+00   3.4255425e-04   1.9353312e-03   3.0669815e-03   2.7885689e-03   1.6418527e-04   1.7240799e-04   1.4469544e-01   6.3078085e-01
   1.3827032e-01   1.2436708e-04   3.7176448e-03   1.1457964e-02   1.2166753e-02   9.0719331e-04   1.3123104e-04   9.2218025e-06   1.2732191e-04   1.0794826e-04   1.7643482e-03   9.9147740e-05   5.0134125e-05   0.0000000e+00   5.6967295e-04   9.5449875e-04   3.7487609e-04   0.0000000e+00   2.2293572e-03   1.0983661e-03   3.8046433e-03   5.7647476e-05   2.3687209e-03   0.0000000e+00   8.6161997e-06   1.4228273e-03   2.3355640e-03   2.7040103e-03   1.3621981e-04   1.7239408e-04   1.3827032e-01   6.4051793e-01
   1.3070915e-01   2.4201970e-03   4.3553895e-03   7.4948589e-03   1.2023538e-02   7.4056798e-04   2.1172164e-04   0.0000000e+00   1.2598945e-04   1.5307448e-04   2.3613103e-03   1.1285717e-04   4.4864822e-05   0.0000000e+00   0.0000000e+00   9.3418245e-04   8.0177329e-05   3.7723052e-05   1.7446610e-03   1.6692399e-03   4.6185458e-03   6.9273937e-05   3.3294161e-03   9.8124141e-04   1.0657074e-04   5.8271269e-04   0.0000000e+00   2.7260928e-03   2.4794945e-04   0.0000000e+00   1.3070915e-01   6.5046565e-01
   1.2392665e-01   3.5793009e-03   4.3716935e-03   7.5509864e-03   1.1683521e-02   8.1318044e-04   2.1015046e-04   1.2979022e-06   1.2229468e-04   1.5225337e-04   2.4210151e-03   1.1237544e-04   4.4434619e-05   2.1071527e-05   0.0000000e+00   9.3352380e-04   1.4018267e-04   3.4938005e-05   1.7260205e-03   1.4647897e-03   4.6695913e-03   6.9537560e-05   3.3821970e-03   6.4900007e-04   1.3139562e-04   8.6904987e-04   0.0000000e+00   2.7222633e-03   2.3576590e-04   8.1089946e-07   1.2392665e-01   6.6028089e-01
   1.1638999e-01   3.0783379e-03   4.2639944e-03   1.0254436e-03   1.2382438e-02   9.4949785e-04   2.4382476e-04   3.3696389e-07   9.7313608e-05   2.0576507e-04   1.7032796e-03   2.3889326e-05   7.7295116e-05   4.1237057e-04   3.0718107e-03   9.8944424e-04   5.8292774e-04   3.9396677e-06   2.4883168e-03   1.4149141e-03   5.5524539e-03   5.1100279e-05   3.1927188e-03   5.0104638e-03   4.4362474e-05   0.0000000e+00   1.7221187e-03   2.6012722e-03   0.0000000e+00   1.9453966e-04   1.1638999e-01   6.7207760e-01
   1.0961983e-01   3.2996531e-03   4.4833644e-03   0.0000000e+00   1.2175558e-02   9.3458711e-04   2.6397551e-04   1.8544396e-06   8.3855960e-05   2.2535121e-04   1.5944339e-03   4.0605616e-05   7.5527431e-05   4.9141625e-04   4.1766760e-03   9.8097120e-04   7.2472698e-04   0.0000000e+00   2.6260616e-03   1.4113798e-03   5.3194593e-03   3.5643025e-06   3.1266112e-03   5.5727608e-03   1.3065655e-04   1.1423199e-03   2.3816218e-03   2.6354322e-03   0.0000000e+00   2.0136023e-04   1.0961983e-01   6.8293392e-01
   1.0111830e-01   4.3138988e-03   5.6722758e-03   1.8134950e-03   1.1424693e-02   5.9883003e-04   1.7630147e-04   3.7792216e-06   0.0000000e+00   2.2616690e-04   2.0697317e-03   8.4731640e-05   3.0435775e-05   0.0000000e+00   9.3401556e-03   9.3909780e-04   1.5714592e-03   5.3338316e-04   0.0000000e+00   1.6294787e-03   5.2309519e-03   6.6745514e-05   2.9856645e-03   5.8092387e-03   0.0000000e+00   4.1733955e-03   1.9186029e-03   5.0503469e-04   9.9102867e-05   3.6821775e-06   1.0111830e-01   6.9800178e-01
   9.4734202e-02   2.7536542e-03   4.0096196e-03   0.0000000e+00   0.0000000e+00   4.9654779e-04   3.6088882e-04   1.5778726e-06   5.8505431e-05   2.2957695e-04   3.2681196e-03   3.5207985e-05   0.0000000e+00   4.5330302e-05   8.4311253e-03   1.0590544e-03   4.3537085e-03   2.4599741e-04   1.4754521e-03   2.2385560e-03   4.5802640e-03   6.9496320e-05   1.9927953e-03   4.9100887e-03   9.0519640e-04   9.2689669e-03   4.5800265e-04   2.9950104e-03   1.4442592e-05   1.0055394e-05   9.4734202e-02   7.0647134e-01
   8.6720948e-02   2.7275141e-03   4.0167523e-03   2.5407248e-03   0.0000000e+00   6.1294924e-04   3.5776103e-04   0.0000000e+00   5.0433489e-05   2.2042827e-04   1.9894403e-03   4.7772830e-05   1.4844902e-05   7.1370806e-05   1.2215285e-02   1.0425442e-03   5.1288973e-03   2.5573763e-04   1.4859607e-03   2.3094096e-03   4.7184974e-03   6.5994610e-05   2.0026476e-03   4.6042786e-03   9.2319944e-04   9.8468256e-03   0.0000000e+00   3.0207495e-03   3.1687963e-05   0.0000000e+00   8.6720948e-02   7.2148735e-01
   7.9885420e-02   3.6875072e-03   3.8694769e-03   2.2647401e-03   1.7466525e-03   6.0073872e-04   3.5793595e-04   7.1205426e-08   5.4987254e-05   1.9518889e-04   1.7948403e-03   6.6403132e-05   1.2518470e-05   0.0000000e+00   7.2406049e-03   1.0395626e-03   5.5096103e-03   2.5589677e-04   1.9707760e-03   1.8449203e-03   5.3345630e-03   6.4902457e-05   1.7943201e-03   5.1585315e-03   9.7015327e-04   5.4508020e-03   7.6661841e-04   2.9847496e-03   1.2784124e-04   4.4356486e-04   7.9885420e-02   7.3218927e-01
   7.3046294e-02   8.7222640e-03   4.3993521e-03   1.2021605e-02   1.0766015e-02   0.0000000e+00   1.9743154e-04   0.0000000e+00   3.5407390e-05   3.1820311e-04   1.0589595e-03   1.9659753e-04   0.0000000e+00   1.3004444e-03   1.6663383e-02   9.9904872e-04   1.2301294e-03   6.9167042e-04   5.1821639e-03   8.9070889e-04   6.8605200e-05   3.0520707e-05   2.8844756e-05   6.6600243e-03   8.7749499e-04   4.4053639e-03   0.0000000e+00   2.7824601e-03   1.5313377e-03   1.4540346e-03   7.3046294e-02   7.5189785e-01
   6.5814072e-02   8.3247688e-05   6.1973041e-03   4.8225870e-03   1.0006790e-02   7.9901583e-05   9.9381222e-05   3.9646649e-06   6.4118881e-04   1.1318398e-03   4.2798182e-04   1.2033728e-04   1.5049982e-04   2.2506752e-03   1.9378580e-02   9.7572093e-04   4.0424273e-05   1.3082742e-04   1.3266060e-04   1.9926489e-03   2.2292888e-03   5.3753813e-05   5.2953079e-04   6.2908936e-03   2.6620138e-03   1.0018427e-02   6.0783071e-03   3.4139939e-03   1.0711367e-03   3.2593143e-03   6.5814072e-02   7.6627810e-01
   5.7846738e-02   0.0000000e+00   6.7708458e-03   5.1045878e-03   1.0390585e-02   0.0000000e+00   1.2889616e-04   3.2846701e-06   6.3504975e-04   2.0036636e-03   1.2501673e-04   1.2233193e-04   1.6702727e-04   2.0881550e-03   1.9367373e-02   9.9189336e-04   0.0000000e+00   2.0980612e-04   0.0000000e+00   1.9798398e-03   7.5564659e-04   3.4668922e-05   3.5244038e-04   7.7960170e-03   1.9216754e-03   9.1899252e-03   6.5566889e-03   3.8210365e-03   1.1782660e-03   2.3296094e-03   5.7846738e-02   7.8244733e-01
   4.9187336e-02   7.8138322e-05   6.2272318e-03   4.4615339e-03   9.3203717e-03   0.0000000e+00   1.0565513e-04   3.7834077e-06   6.5239271e-04   1.4636176e-03   4.0052578e-04   1.1820571e-04   1.6778661e-04   2.9005377e-03   2.7849578e-02   9.7718928e-04   0.0000000e+00   1.8791456e-04   0.0000000e+00   1.8956473e-03   2.2752487e-03   3.9975982e-05   4.7810578e-04   6.5528750e-03   2.6615451e-03   9.1995003e-03   6.0998880e-03   3.5705607e-03   1.1044659e-03   3.1896299e-03   4.9187336e-02   8.0362069e-01
   4.2320485e-02   0.0000000e+00   6.9322675e-03   7.9122132e-03   7.3299302e-03   3.1539154e-05   1.1943217e-04   4.2839754e-06   4.0660434e-04   1.9138165e-03   3.9260125e-05   1.3240476e-04   2.3983545e-04   2.6902756e-03   2.2701070e-02   1.0061395e-03   1.7378379e-04   3.4239347e-04   7.0163596e-04   1.8162487e-03   1.4136060e-03   4.8492665e-05   2.5344842e-04   4.4684974e-03   1.7365555e-03   6.7450105e-03   5.1901352e-03   3.5966412e-03   1.0534196e-03   1.8632340e-03   4.2320485e-02   8.1681044e-01
   3.2665311e-02   0.0000000e+00   7.4246591e-03   7.7423473e-03   8.1802509e-03   1.3484235e-04   1.1512868e-04   3.4310160e-06   4.0744387e-04   2.0481060e-03   2.1707631e-05   1.3561533e-04   2.1377020e-04   2.2401605e-03   2.1036691e-02   9.9841890e-04   1.5983172e-04   2.6554991e-04   7.4588970e-04   1.8650628e-03   1.6948409e-03   2.9485463e-05   6.6312836e-05   7.7811001e-03   1.5947588e-03   8.0139881e-03   5.2280282e-03   3.6041977e-03   1.1630973e-03   1.9365221e-03   3.2665311e-02   8.4323347e-01
   1.7087350e-02   0.0000000e+00   6.1438860e-03   8.1608302e-03   9.9877873e-03   6.1961923e-04   8.7713846e-05   7.8739852e-07   3.6118735e-04   1.5326610e-04   1.1616454e-03   9.9674198e-05   1.9082271e-04   2.4544426e-03   2.3364975e-02   1.0181678e-03   6.8815882e-04   2.6819385e-04   4.4641326e-03   1.6158001e-03   3.2777328e-03   3.5864515e-05   9.8419840e-06   8.5734302e-03   2.5809577e-03   2.3554337e-02   6.3479321e-03   3.2628910e-03   1.1199932e-03   1.6187910e-03   1.7087350e-02   9.0156195e-01
   8.8421852e-03   1.6564313e-03   4.8623328e-03   9.2272523e-03   7.8826030e-03   7.9481090e-04   1.5310144e-04   2.0591422e-09   2.1121911e-04   0.0000000e+00   1.3587057e-03   0.0000000e+00   9.4029775e-05   2.3527337e-03   1.8317991e-02   1.0055171e-03   4.7649779e-04   2.9324398e-04   1.6091412e-03   1.6836970e-03   2.5304651e-03   1.4888165e-05   4.9851463e-04   9.1779169e-03   1.8912672e-03   1.4269418e-02   5.8997091e-03   3.4196161e-03   6.9987057e-04   2.6550570e-03   8.8421852e-03   9.3349250e-01
   0.0000000e+00   1.6477369e-03   4.3769290e-03   9.2683779e-03   8.6804186e-03   8.1819134e-04   1.5166218e-04   1.9863773e-09   1.9277086e-04   3.2974845e-05   1.3543769e-03   0.0000000e+00   9.0145191e-05   2.0214630e-03   1.8104753e-02   1.0065160e-03   5.8424394e-04   3.0807086e-04   1.2244969e-03   1.7035873e-03   2.2030825e-03   1.8216031e-05   4.6468718e-04   9.4035671e-03   2.5657718e-03   1.5260129e-02   4.1567998e-03   3.2788356e-03   7.3632833e-04   2.9117420e-03   0.0000000e+00   1.0287273e+00
