   1.0000000e+00   1.6994905e-03   2.4821648e-04   2.3047252e-03   4.3872329e-03   0.0000000e+00   1.5242960e-03   3.8973561e-03   1.2679371e-05   1.5001741e-04   1.3480094e-03   4.2591545e-06   0.0000000e+00   4.2063759e-04   7.6890149e-04   1.7967304e-02   1.1874669e-02   1.1586943e-03   1.2753424e-03   5.5808577e-03   2.1709826e-03   2.0689130e-04   2.2882289e-03   6.4013347e-05   7.3684446e-04   2.4750052e-03   9.2701969e-04   1.2783105e-03   3.8039386e-08   1.5858136e-03   1.0000000e+00   1.0349066e-02
   1.0000000e+00   1.5345618e-03   2.0956028e-04   2.2889773e-03   4.4036443e-03   0.0000000e+00   1.5407380e-03   4.0574449e-03   0.0000000e+00   1.5304221e-04   1.3324139e-03   8.7850719e-06   0.0000000e+00   4.1564382e-04   1.0675151e-03   1.7994255e-02   1.1847486e-02   1.1493848e-03   1.0829489e-03   5.5754342e-03   2.2632761e-03   2.1366023e-04   2.3072929e-03   6.3587858e-05   7.5933777e-04   2.4220548e-03   9.3056691e-04   1.2440344e-03   3.8415892e-08   1.6326880e-03   1.0000000e+00   1.0371409e-02
   9.7258453e-01   1.0555917e-02   0.0000000e+00   2.0759496e-03   1.2605645e-03   4.5162592e-03   1.6461176e-03   5.5809231e-03   1.3583422e-04   3.8983135e-05   1.3753718e-03   2.4647937e-07   6.9662358e-03   4.7394688e-03   8.3489873e-03   0.0000000e+00   1.3391632e-02   5.9934519e-04   1.6714580e-03   2.2430688e-03   8.1290125e-04   2.3416165e-03   2.9816410e-03   9.2044895e-03   0.0000000e+00   2.8158997e-03   3.4810726e-04   8.6634508e-05   1.1351771e-05   0.0000000e+00   9.7258453e-01   2.7060122e-02
   9.5061407e-01   9.7762785e-03   6.7433348e-05   1.9743188e-03   1.5036316e-03   3.8559089e-03   1.7148629e-03   7.2003561e-03   1.3685662e-04   1.5171001e-05   1.3845536e-03   0.0000000e+00   3.8898927e-03   2.7593674e-03   6.5357395e-03   1.4975861e-03   1.2612046e-02   4.4600931e-04   1.6923933e-03   1.8685487e-03   1.8586906e-06   6.7810774e-03   2.8257900e-03   9.6518836e-03   2.2232305e-04   2.8047045e-03   4.9110144e-04   6.8438306e-04   9.8361338e-06   8.1317924e-04   9.5061407e-01   3.8321756e-02
   9.4037510e-01   1.5427930e-02   1.7827524e-04   0.0000000e+00   1.0224126e-03   4.1642186e-03   1.7695639e-03   8.8532346e-03   0.0000000e+00   0.0000000e+00   1.3368371e-03   8.7527833e-06   6.0386129e-03   7.5265110e-03   8.8432052e-03   1.4390994e-02   1.2266142e-02   9.3046654e-05   3.5500498e-03   1.6521947e-04   1.5863126e-04   1.0906269e-02   3.4922601e-03   1.3859116e-02   3.6466828e-04   3.4157372e-03   5.3824708e-04   4.9150580e-05   1.8449668e-05   9.9803563e-04   9.4037510e-01   4.9528241e-02
   9.1537589e-01   1.1328511e-02   4.6437000e-05   1.9939627e-03   0.0000000e+00   2.8865831e-03   1.1954181e-03   6.0881049e-03   1.2713999e-04   0.0000000e+00   1.3574459e-03   0.0000000e+00   7.9357305e-03   4.5199828e-03   6.7830152e-03   1.2291075e-05   1.3631500e-02   6.2809181e-04   1.0798493e-03   2.2327170e-03   1.0189862e-03   1.7468426e-03   2.2839172e-03   1.2065968e-02   0.0000000e+00   2.8478855e-03   3.9720111e-04   8.7761617e-05   0.0000000e+00   1.9812865e-04   9.1537589e-01   5.6678921e-02
   8.9132065e-01   1.7112255e-03   2.2340986e-04   4.5410984e-03   4.6342622e-03   9.1297859e-07   1.5225151e-03   3.8833754e-03   6.0957586e-06   1.9086344e-04   1.3543825e-03   6.6850654e-06   2.1445278e-05   4.0411271e-04   5.3965442e-04   1.7946839e-02   1.2072459e-02   1.1621712e-03   1.3750629e-03   5.0475435e-03   2.2640324e-03   1.7461862e-04   2.2532560e-03   1.2968881e-06   6.2244639e-04   2.3458191e-03   9.1512719e-04   1.3103285e-03   0.0000000e+00   1.7019275e-03   8.9132065e-01   6.7134327e-02
   8.7580330e-01   7.7958584e-04   1.3062726e-04   3.7000152e-03   5.6335741e-03   0.0000000e+00   1.6010964e-03   3.1096413e-03   1.3334383e-05   2.0524791e-04   1.2677807e-03   6.7687359e-06   1.8451526e-03   0.0000000e+00   8.2279175e-04   1.7042280e-02   1.1496666e-02   1.4587289e-03   0.0000000e+00   3.9407261e-03   2.9139791e-03   1.5868164e-03   2.6185746e-03   0.0000000e+00   4.3316140e-04   2.5552387e-03   8.0204243e-04   1.4357019e-03   3.4672768e-06   1.9507534e-03   8.7580330e-01   7.5328924e-02
   8.6500462e-01   3.6100935e-04   2.7457443e-04   4.6199648e-03   5.9365222e-03   4.0645587e-05   1.5883154e-03   3.1897811e-03   1.0694491e-05   1.9241408e-04   1.2639819e-03   2.4473212e-05   2.0690515e-03   0.0000000e+00   7.6528187e-04   2.1302066e-02   1.0851407e-02   1.9243938e-03   5.6028010e-04   4.2103634e-03   2.8773585e-03   1.3903451e-03   3.1819614e-03   0.0000000e+00   4.7747636e-04   2.7706141e-03   8.3705515e-04   1.3539351e-03   1.4716513e-05   1.9477150e-03   8.6500462e-01   8.2296385e-02
   8.4401485e-01   1.7894252e-03   2.1380714e-04   3.8908585e-03   4.6842697e-03   0.0000000e+00   1.1063186e-03   4.5420728e-03   4.7579850e-06   1.1018605e-04   1.3152969e-03   3.1000989e-06   1.9747717e-05   4.0281852e-04   6.5539608e-04   1.2781704e-02   1.1168303e-02   1.1883427e-03   3.5016841e-03   4.6703482e-03   2.2732170e-03   2.0662898e-04   2.0134241e-03   1.9546034e-04   5.8589561e-04   2.3651989e-03   9.2752863e-04   1.3728012e-03   4.4354564e-04   1.6164459e-03   8.4401485e-01   9.2088671e-02
   8.2367647e-01   1.8877290e-03   1.5027871e-03   2.4971776e-04   4.4026593e-03   2.9873155e-04   4.0084659e-04   1.9527642e-03   1.0232081e-05   5.6400748e-04   1.2985306e-03   1.0167134e-04   1.3329801e-05   1.9617064e-04   1.9212943e-04   0.0000000e+00   5.9424277e-03   8.5682776e-04   5.8358881e-03   4.1572286e-04   2.1254743e-03   3.6232969e-04   0.0000000e+00   6.2857192e-04   2.2821052e-04   8.9095030e-04   8.7988423e-04   4.0221939e-04   1.5475548e-03   1.3152952e-03   8.2367647e-01   9.8295445e-02
   8.0416896e-01   1.8556339e-03   1.5252137e-03   4.7094072e-04   4.4017906e-03   2.9953053e-04   3.2517320e-04   5.4141277e-04   9.5890444e-06   5.6412443e-04   1.2953512e-03   9.3409199e-05   1.7050551e-05   1.3326428e-04   1.2841154e-04   0.0000000e+00   6.2765669e-03   7.9324661e-04   5.3669651e-03   2.2687531e-04   2.1246525e-03   3.9960168e-04   4.8491427e-04   6.5267546e-04   3.8212271e-04   1.3855359e-03   8.8149667e-04   2.8727563e-04   1.3856131e-03   1.3412304e-03   8.0416896e-01   1.0901807e-01
   7.8830497e-01   1.7531958e-03   1.5581362e-03   4.1041033e-04   2.7634652e-03   2.8820666e-04   1.0651141e-03   6.7696665e-04   9.5826725e-06   5.9492612e-04   1.2950934e-03   9.3309486e-05   3.3280642e-05   1.7612406e-04   1.2075967e-04   0.0000000e+00   6.3249452e-03   7.9395232e-04   5.3814337e-03   2.2034241e-04   2.1213932e-03   4.2459994e-04   4.7796402e-04   5.2306255e-04   3.8220961e-04   1.3622615e-03   8.8191025e-04   3.2384320e-04   1.3814541e-03   1.3378128e-03   7.8830497e-01   1.1780222e-01
   7.8300187e-01   3.8544038e-04   9.9619496e-05   9.2388714e-03   4.6957435e-03   6.4754561e-05   1.4116352e-03   3.7199815e-03   6.8919828e-05   1.7709793e-04   1.3946491e-03   4.8881413e-05   1.1117028e-03   0.0000000e+00   1.5315825e-06   1.7373910e-02   1.2359224e-02   1.0809482e-03   0.0000000e+00   4.4997749e-03   2.8431007e-03   6.4339206e-04   2.7870091e-03   5.5559639e-05   6.0581337e-04   2.0685436e-03   8.8807710e-04   1.0681255e-03   0.0000000e+00   1.8441037e-03   7.8300187e-01   1.2738390e-01
   7.6073229e-01   0.0000000e+00   1.0769316e-03   6.6021177e-04   5.4338083e-03   0.0000000e+00   0.0000000e+00   4.7467673e-05   0.0000000e+00   5.8325127e-04   1.2959143e-03   8.0358230e-05   1.4066059e-03   2.3222720e-03   1.9918149e-04   2.7704802e-04   5.8077851e-03   8.2981340e-04   4.8693677e-03   0.0000000e+00   2.3048273e-03   0.0000000e+00   3.1779805e-04   9.4350266e-05   3.8290423e-04   1.3391186e-03   8.9736389e-04   1.0766598e-06   1.3545388e-03   1.1920111e-03   7.6073229e-01   1.3354710e-01
   7.4646113e-01   2.5720108e-03   1.1753159e-03   4.6470852e-04   4.3871951e-03   2.9801725e-04   5.0702936e-04   4.5633107e-04   0.0000000e+00   5.4964713e-04   1.2842040e-03   9.5244984e-05   0.0000000e+00   1.3785630e-04   1.2959685e-04   0.0000000e+00   6.9270248e-03   7.5198017e-04   5.5741373e-03   0.0000000e+00   2.3240832e-03   3.8846055e-04   4.4271033e-04   6.5247559e-04   3.8517708e-04   1.5063917e-03   8.8466785e-04   0.0000000e+00   1.3873304e-03   1.3896005e-03   7.4646113e-01   1.4214442e-01
   7.3356749e-01   9.9055957e-04   1.1233635e-03   7.3788092e-04   5.8818143e-03   3.8312687e-04   0.0000000e+00   0.0000000e+00   0.0000000e+00   3.3713993e-04   1.2942804e-03   9.1517001e-05   3.3387851e-04   7.8613039e-04   2.3007958e-05   3.8753797e-04   6.5176036e-03   7.4949400e-04   5.5507455e-03   9.6089376e-06   2.4236852e-03   5.8372817e-04   3.0913680e-04   3.2340117e-04   3.8041829e-04   1.3199579e-03   8.9105636e-04   0.0000000e+00   1.4112372e-03   1.2871178e-03   7.3356749e-01   1.4958204e-01
   7.1980333e-01   2.2360089e-03   1.0238295e-03   6.7742545e-04   4.4952351e-03   2.7845821e-04   0.0000000e+00   3.6820859e-04   3.6005784e-06   4.4398465e-04   1.1180007e-03   9.1784952e-05   1.7029227e-04   9.9410667e-05   4.1081610e-05   3.0322113e-03   5.8962056e-03   7.0599764e-04   3.9163676e-03   0.0000000e+00   2.4056628e-03   3.7648231e-04   3.5573495e-04   5.0751766e-04   2.4773697e-04   1.0109622e-03   8.8264928e-04   4.3326083e-04   1.5153936e-03   1.5001012e-03   7.1980333e-01   1.5764528e-01
   7.0852105e-01   2.9642250e-03   8.8507683e-04   2.3510134e-03   4.3552701e-03   3.7169447e-05   6.0922871e-04   1.6080417e-03   1.2670180e-04   3.0373756e-04   1.1589100e-03   1.2055883e-04   8.0431234e-05   3.9621583e-05   0.0000000e+00   5.1972338e-04   3.7521493e-03   1.1470041e-03   7.8577363e-03   2.4703720e-03   2.2196772e-03   4.5230194e-04   1.3238894e-04   1.0464413e-03   9.4734016e-05   0.0000000e+00   8.4950785e-04   5.8124007e-04   3.3689769e-03   4.4029669e-04   7.0852105e-01   1.6539124e-01
   6.9545650e-01   3.2978659e-03   9.6601114e-04   1.8801247e-03   4.3989033e-03   2.3656813e-05   6.8970051e-04   1.5755975e-03   1.1788227e-04   3.4145540e-04   1.2057873e-03   1.1990576e-04   5.8047946e-05   2.8924534e-05   0.0000000e+00   5.3552509e-04   4.2165066e-03   1.0406275e-03   8.1360279e-03   2.3469275e-03   2.1751749e-03   4.4449266e-04   6.2838928e-05   1.1216780e-03   1.1551550e-04   0.0000000e+00   8.5981789e-04   5.7757535e-04   3.1983691e-03   4.5625264e-04   6.9545650e-01   1.7331163e-01
   6.8495260e-01   2.9422208e-03   9.5593145e-04   0.0000000e+00   4.5260165e-03   0.0000000e+00   0.0000000e+00   0.0000000e+00   2.4626860e-05   5.6197385e-04   1.1856666e-03   6.6252568e-05   0.0000000e+00   5.6766192e-05   0.0000000e+00   3.8199374e-03   5.4159911e-03   4.6594952e-04   7.2353957e-03   1.9604131e-04   2.1709386e-03   3.5739374e-04   1.6440502e-04   7.5123343e-04   2.7004202e-04   1.0694238e-03   9.6726142e-04   5.7152011e-04   1.0218862e-03   1.5555683e-03   6.8495260e-01   1.7900774e-01
   6.6912984e-01   1.7393475e-05   3.6062618e-03   2.9487181e-04   5.0919628e-03   3.9765604e-04   2.4314226e-04   2.3250434e-03   5.7086785e-05   5.0910374e-04   1.3778637e-03   1.1415708e-04   1.5957607e-04   3.0132993e-04   1.5438668e-04   4.1478589e-03   4.9615224e-03   1.1370302e-03   0.0000000e+00   4.9604864e-04   1.3530911e-03   6.7226263e-04   0.0000000e+00   4.1917397e-04   0.0000000e+00   0.0000000e+00   8.2479633e-04   4.1111160e-04   1.8919700e-03   1.0074253e-03   6.6912984e-01   1.8787056e-01
   6.5770789e-01   1.0491897e-04   5.4492023e-03   0.0000000e+00   4.8833282e-03   5.0245764e-04   5.8609108e-04   2.1461794e-03   2.5455872e-05   9.4195782e-04   1.3931077e-03   1.3548580e-04   0.0000000e+00   1.6659887e-04   1.3903438e-04   7.5199200e-03   1.7788715e-03   1.2961412e-03   3.6571292e-03   1.1990488e-03   1.2472293e-03   8.5917868e-04   5.3593624e-05   4.5807937e-04   3.5567327e-04   5.9852279e-05   8.2428833e-04   6.8563745e-04   2.1913991e-03   5.6442821e-04   6.5770789e-01   1.9625995e-01
   6.4686784e-01   0.0000000e+00   2.3444764e-03   2.1721406e-04   4.5189599e-03   4.7944307e-04   0.0000000e+00   2.3813345e-03   3.3574642e-05   5.9379141e-04   1.3299303e-03   1.3525558e-04   8.4173865e-05   2.6229584e-04   4.4499984e-05   5.4138876e-03   3.9004509e-03   1.0562008e-03   6.6380970e-03   6.8291582e-04   0.0000000e+00   5.0023637e-04   2.5018205e-04   4.3601049e-04   3.4160835e-04   1.7599140e-05   7.3577428e-04   1.3642953e-03   1.9159904e-03   1.1994494e-03   6.4686784e-01   2.0257452e-01
   6.3301885e-01   0.0000000e+00   3.3585290e-04   1.3139702e-03   4.4083172e-03   2.7300798e-04   2.1588100e-04   2.3141223e-03   1.5833273e-06   3.0455218e-04   1.2456962e-03   4.9300328e-05   1.7136782e-04   7.6926064e-05   1.5700202e-04   6.6308415e-03   3.4857471e-03   1.4909919e-03   0.0000000e+00   9.7908494e-04   2.9947119e-03   1.2974921e-04   0.0000000e+00   3.0268980e-04   5.1321467e-04   1.0498623e-04   1.0522910e-03   6.5786140e-04   1.6927865e-03   9.4548658e-04   6.3301885e-01   2.1033679e-01
   6.2233687e-01   1.3554790e-04   6.1136304e-05   1.3459975e-03   4.4048793e-03   4.1518877e-04   2.1114263e-04   2.4396699e-03   1.5408176e-05   3.0460920e-04   1.2861603e-03   4.6691643e-05   1.7918140e-04   7.1743365e-05   1.2683465e-04   4.5073484e-03   3.4520222e-03   1.4546230e-03   4.5592821e-03   8.3522761e-04   3.3524962e-03   1.2878617e-04   0.0000000e+00   0.0000000e+00   5.4553279e-04   9.4168521e-05   1.0489772e-03   6.5734851e-04   1.3167102e-03   8.8863606e-04   6.2233687e-01   2.1749568e-01
   6.1061752e-01   6.1278621e-04   2.8003605e-03   2.8116287e-04   4.8930554e-03   5.2256629e-04   1.7422151e-04   2.0710199e-03   0.0000000e+00   5.7469504e-04   1.3240846e-03   1.3787290e-04   5.3351619e-05   4.4238682e-04   8.2991180e-05   5.9066545e-03   5.2500494e-03   2.4219739e-03   4.8698733e-03   0.0000000e+00   1.1708535e-03   4.9129427e-04   1.1264886e-04   4.4275088e-04   3.5213801e-04   5.7619289e-09   8.1761235e-04   7.3446936e-04   1.9745007e-03   2.7489812e-03   6.1061752e-01   2.2639840e-01
   6.0007201e-01   9.9079015e-05   3.2892397e-04   1.1395385e-03   4.4031213e-03   4.1613009e-04   3.9339259e-04   2.3133246e-03   1.6111026e-05   3.8671525e-04   0.0000000e+00   7.3237330e-05   1.5323125e-04   0.0000000e+00   1.0868791e-04   4.3121792e-03   2.5380993e-03   1.2881243e-03   4.4575671e-03   6.7674445e-04   4.3340207e-03   2.7925814e-04   0.0000000e+00   1.0439971e-04   5.9912220e-04   0.0000000e+00   1.0415433e-03   8.6092629e-04   1.2434716e-03   1.0925551e-03   6.0007201e-01   2.3157668e-01
   5.8775235e-01   0.0000000e+00   6.7112460e-04   1.7620368e-03   4.5852695e-03   2.9811022e-04   3.0772324e-05   2.5989880e-03   5.2268182e-05   4.0785312e-04   1.4705848e-03   4.3831087e-05   4.8511780e-04   0.0000000e+00   1.0073300e-04   3.3996837e-03   6.8427714e-04   1.5653162e-03   2.7554835e-03   5.5962114e-04   4.1190365e-03   0.0000000e+00   2.7903001e-05   3.0564620e-06   3.2452730e-04   6.4365310e-05   9.2927261e-04   5.5597052e-04   1.3318729e-03   8.6820643e-04   5.8775235e-01   2.3904116e-01
   5.7771505e-01   0.0000000e+00   6.5585559e-04   1.0543114e-03   4.5509880e-03   3.0361643e-04   0.0000000e+00   2.6628913e-03   5.3914736e-05   3.5035409e-04   1.4138307e-03   5.6377306e-05   3.0536828e-04   2.3342651e-05   1.0343628e-04   3.8895448e-03   0.0000000e+00   1.4323669e-03   2.9814034e-03   6.2466484e-04   4.0987353e-03   0.0000000e+00   5.3808177e-06   1.7702754e-04   3.2154257e-04   3.5141459e-05   9.1086455e-04   2.1981346e-04   1.5155284e-03   9.8316756e-04   5.7771505e-01   2.4545944e-01
   5.6567764e-01   6.9923153e-04   1.1648901e-03   1.0973586e-03   4.5951149e-03   2.4608287e-04   2.3728838e-04   2.4938283e-03   2.1760025e-05   4.4092148e-04   1.3169950e-03   3.3774301e-05   1.3929311e-04   0.0000000e+00   9.1483841e-05   1.4667750e-03   3.4680282e-05   8.4956800e-04   4.4377974e-03   5.9581911e-04   3.5570423e-03   1.7039631e-04   0.0000000e+00   0.0000000e+00   6.2752204e-04   3.2745517e-05   9.1293967e-04   5.0574019e-04   1.3988699e-03   8.6503471e-04   5.6567764e-01   2.5331986e-01
   5.5542859e-01   6.8970168e-04   1.1665363e-03   1.0891459e-03   4.5930287e-03   2.4472132e-04   2.3731063e-04   2.4872914e-03   2.2449414e-05   4.4772985e-04   1.3160718e-03   3.3761185e-05   1.3900696e-04   0.0000000e+00   9.1542916e-05   2.5174243e-04   3.3379878e-05   8.5244749e-04   4.5566409e-03   5.9580322e-04   3.5629584e-03   2.1055161e-04   1.4763346e-06   0.0000000e+00   6.2657279e-04   3.5793433e-05   9.0666150e-04   4.8807232e-04   1.4333218e-03   5.6044216e-04   5.5542859e-01   2.5992898e-01
   5.4655227e-01   1.4707273e-03   3.6981372e-03   0.0000000e+00   4.9984273e-03   4.0373210e-04   2.0087551e-04   1.9783120e-03   0.0000000e+00   4.7403444e-04   1.5177613e-03   1.5734313e-04   1.6942763e-04   3.5760068e-04   8.9062876e-05   4.3510359e-04   5.5253781e-04   3.5373958e-03   4.8087466e-03   1.3027904e-03   7.7250315e-04   4.7724924e-04   2.5636531e-04   3.0829429e-04   0.0000000e+00   1.1757966e-04   1.0393825e-03   6.1986903e-04   2.2754966e-03   5.9084411e-05   5.4655227e-01   2.6699267e-01
   5.3633835e-01   1.2466001e-03   2.9456515e-03   2.4052013e-04   4.8355736e-03   4.2621847e-04   1.8049900e-04   2.0816431e-03   4.1571927e-07   5.3869444e-04   1.3759104e-03   1.4864640e-04   1.5430987e-04   3.6902098e-04   8.3759499e-05   0.0000000e+00   1.9704042e-03   4.3020322e-03   5.3899161e-03   1.1446423e-03   0.0000000e+00   4.8709751e-04   3.0852062e-04   3.9069553e-04   1.1192895e-04   7.0175302e-05   9.5657501e-04   6.6860420e-04   2.1694331e-03   1.6759584e-04   5.3633835e-01   2.7410320e-01
   5.2602423e-01   1.4831838e-03   3.5533492e-03   7.8587082e-06   4.9100152e-03   4.4090768e-04   1.9955585e-04   2.0756178e-03   5.0424898e-08   6.2233331e-04   1.4687640e-03   1.5227858e-04   1.4670861e-04   5.2562303e-04   8.1281489e-05   0.0000000e+00   1.1118671e-03   3.9083973e-03   5.3229414e-03   1.3431256e-03   0.0000000e+00   4.1931360e-04   1.9683170e-04   3.7747453e-04   1.8242396e-04   1.2473611e-05   9.4826681e-04   6.6501220e-04   2.2709421e-03   1.4587233e-04   5.2602423e-01   2.8117684e-01
   5.1678563e-01   7.1652367e-04   1.1764213e-03   9.8629560e-04   4.6150763e-03   2.5433962e-04   2.3796331e-04   2.4729455e-03   2.4606824e-05   4.0633836e-04   1.3109469e-03   3.2977018e-05   1.6963504e-04   0.0000000e+00   9.6317425e-05   1.7683388e-03   0.0000000e+00   8.3905931e-04   3.9551305e-03   5.9548586e-04   3.2756972e-03   3.9621161e-04   7.2766720e-05   0.0000000e+00   6.4025252e-04   1.5990099e-04   8.8470352e-04   6.6534830e-04   1.2262529e-03   1.0087185e-03   5.1678563e-01   2.8669263e-01
   5.0523170e-01   6.0582712e-04   1.1893083e-03   9.7310380e-04   4.6125702e-03   2.5832766e-04   1.9188925e-04   2.4591864e-03   2.3850364e-05   3.7460449e-04   1.3099161e-03   3.5383013e-07   1.6364867e-04   0.0000000e+00   9.5728937e-05   1.7830466e-03   0.0000000e+00   8.3507350e-04   3.3507938e-03   5.7373699e-04   4.3711923e-03   4.2152803e-04   0.0000000e+00   4.8431143e-05   7.2864600e-04   1.4240896e-04   9.1006911e-04   7.2435374e-04   1.2418455e-03   1.0114523e-03   5.0523170e-01   2.9489191e-01
   4.9625265e-01   6.4190981e-04   3.3799895e-04   4.7203410e-05   4.1373199e-03   2.3829931e-04   1.9084587e-04   1.4026476e-03   1.4505070e-06   1.6917667e-04   1.0850952e-03   0.0000000e+00   8.7228802e-04   5.8457872e-04   4.6166114e-05   6.4000229e-03   6.7466611e-03   4.2944167e-04   3.8714290e-03   0.0000000e+00   4.6241591e-03   4.4704306e-06   1.2757167e-05   7.6729599e-04   2.8344797e-04   9.9892457e-05   7.4943999e-04   1.0968314e-03   1.4318527e-03   1.3172070e-03   4.9625265e-01   3.0311671e-01
   4.8829975e-01   6.4276935e-04   4.4331407e-04   0.0000000e+00   4.0856723e-03   2.3879524e-04   1.7805483e-04   1.4557385e-03   5.7127617e-06   1.9280375e-04   1.1074101e-03   9.0072752e-07   9.5107001e-04   4.9628272e-04   4.1037031e-05   7.7070524e-03   6.7938592e-03   4.4541848e-04   3.9669295e-03   1.2794426e-04   4.9978631e-03   0.0000000e+00   1.2523442e-05   6.6325318e-04   3.5907393e-04   9.3516092e-05   7.9223699e-04   1.2159510e-03   1.4395694e-03   1.2568435e-03   4.8829975e-01   3.0924698e-01
   4.7666862e-01   1.6222379e-03   8.5266578e-04   1.7632835e-06   4.0395482e-03   2.1783702e-04   7.9228912e-05   1.5232404e-03   7.1999502e-06   1.2963166e-04   1.4785157e-03   0.0000000e+00   9.7685084e-04   0.0000000e+00   2.3961390e-05   8.7733077e-03   4.4438561e-03   1.4797899e-03   4.0649287e-03   8.3642227e-04   2.4219151e-03   1.9652409e-05   0.0000000e+00   1.2872692e-04   2.8406370e-04   2.1330950e-04   7.5928210e-04   1.1754842e-03   8.6554221e-04   1.1915800e-03   4.7666862e-01   3.1724268e-01
   4.6770356e-01   3.2894859e-05   6.6034708e-04   4.5405573e-05   4.4741488e-03   3.1111777e-04   1.9769990e-04   1.9591700e-03   0.0000000e+00   4.8623385e-05   1.3273822e-03   2.1132465e-05   1.1931952e-03   5.8619872e-04   4.6780425e-05   6.0589053e-03   5.4964863e-03   9.8945293e-04   3.7785440e-03   3.8557694e-04   4.8939262e-03   6.1446050e-07   2.0669781e-06   6.6548821e-04   2.9948326e-04   1.0169566e-04   7.5355209e-04   1.2193300e-03   7.8411444e-04   1.3140625e-03   4.6770356e-01   3.2381155e-01
   4.5812267e-01   0.0000000e+00   8.8190659e-04   5.3550460e-05   4.0475308e-03   3.6846403e-04   1.9280849e-04   1.9344489e-03   2.3049465e-06   6.2612500e-07   1.2874191e-03   2.6054356e-05   0.0000000e+00   0.0000000e+00   4.1460531e-05   2.9643614e-03   3.4898182e-03   7.7991398e-04   3.4758343e-03   3.5312041e-04   4.9627929e-03   9.9130162e-05   8.2823686e-06   6.3995559e-04   2.8308197e-04   6.4508891e-04   7.5872287e-04   1.1414972e-03   5.1178617e-04   2.1599553e-03   4.5812267e-01   3.2954764e-01
   4.5032191e-01   3.3969871e-04   1.0197486e-03   4.8075155e-05   4.4003850e-03   3.0212003e-04   1.5906246e-04   1.6985410e-03   9.8878723e-06   0.0000000e+00   1.7411793e-03   2.3467056e-05   9.5697798e-04   0.0000000e+00   0.0000000e+00   2.9234368e-03   3.9583040e-03   7.2817542e-04   3.1856768e-03   2.6669772e-04   5.8274448e-03   1.4452889e-04   3.1563180e-04   6.6938322e-04   2.7944928e-04   6.4493550e-04   7.8024318e-04   1.0806630e-03   4.8127372e-04   1.6948347e-03   4.5032191e-01   3.3589411e-01
   4.4035298e-01   3.5228922e-04   9.5354883e-04   0.0000000e+00   4.4213895e-03   8.5047777e-04   6.1358813e-05   1.5232739e-03   3.8292726e-05   0.0000000e+00   0.0000000e+00   2.3444392e-05   9.3012420e-04   3.4637708e-04   0.0000000e+00   0.0000000e+00   4.2009102e-03   7.1891971e-04   3.1863625e-03   0.0000000e+00   5.1313421e-03   1.0482207e-04   0.0000000e+00   5.3178615e-04   2.5539908e-04   9.7202930e-04   8.3010272e-04   1.1519550e-03   6.7789501e-04   2.5769406e-03   4.4035298e-01   3.4260394e-01
   4.3136899e-01   4.5724632e-04   9.4567567e-04   4.6341355e-05   4.3771328e-03   4.2610882e-04   2.1142453e-04   2.0524514e-03   0.0000000e+00   1.0677435e-05   1.2911521e-03   2.2361297e-05   5.2088972e-04   0.0000000e+00   7.0184438e-05   2.5805362e-03   3.9708666e-03   7.2002959e-04   3.2271331e-03   3.6013812e-04   6.1702818e-03   1.1873344e-04   2.6057948e-04   7.4060381e-04   2.7805072e-04   5.6911643e-04   7.1690634e-04   1.0250238e-03   4.4526999e-04   2.6233753e-03   4.3136899e-01   3.5035863e-01
   4.2248778e-01   1.2794333e-04   7.0336010e-04   4.7451934e-05   4.6619930e-03   1.6490550e-04   2.6115233e-04   2.2075750e-03   1.1469961e-05   3.7085578e-05   1.3247795e-03   2.1233186e-05   1.1575710e-03   1.2060048e-04   4.6823671e-05   4.0872642e-03   1.2435052e-04   1.0797406e-03   4.0816824e-03   3.9172524e-04   4.0259892e-03   0.0000000e+00   0.0000000e+00   1.0087665e-03   3.9211161e-04   0.0000000e+00   6.0945730e-04   1.2867249e-03   9.2727918e-04   1.0302003e-03   4.2248778e-01   3.5628818e-01
   4.1430326e-01   4.2102179e-05   6.8900357e-04   4.6765617e-05   4.7082551e-03   2.0147668e-04   2.7323465e-04   2.4019051e-03   9.8092837e-06   3.7937428e-05   1.3161374e-03   2.1466940e-05   1.1246857e-03   9.8911608e-06   4.7577506e-05   5.4644065e-03   0.0000000e+00   1.0007026e-03   4.0089132e-03   3.9372022e-04   4.8322014e-03   1.4682268e-07   8.7331566e-05   9.4919844e-04   2.9920722e-04   0.0000000e+00   6.1514989e-04   1.2252563e-03   9.1716105e-04   1.0580973e-03   4.1430326e-01   3.6303283e-01
   4.0621114e-01   0.0000000e+00   8.2850726e-04   2.5455128e-04   4.3548801e-03   1.8480572e-03   5.9164834e-04   0.0000000e+00   8.5301994e-05   3.8219105e-04   1.4614140e-03   0.0000000e+00   0.0000000e+00   6.1768677e-03   0.0000000e+00   1.6019688e-03   3.2888355e-03   1.3804449e-03   3.6384354e-03   9.6713231e-04   3.9709245e-03   0.0000000e+00   1.3599810e-04   2.2419199e-03   4.6206619e-04   2.4148928e-03   5.9349721e-04   5.2719537e-04   9.6030520e-04   9.3760257e-05   4.0621114e-01   3.7075431e-01
   3.9610797e-01   0.0000000e+00   8.0747701e-04   0.0000000e+00   4.1421283e-03   1.4465958e-03   7.0419627e-04   3.6595226e-05   3.6605818e-05   5.4600128e-04   1.3329054e-03   1.4867632e-06   6.0692217e-04   4.9120578e-03   0.0000000e+00   1.5683062e-04   4.1377624e-03   1.3378988e-03   2.4555013e-03   6.8921550e-04   4.7283156e-03   0.0000000e+00   4.6452196e-05   1.1431890e-03   5.0082347e-04   2.3862787e-03   7.0768486e-04   1.2898093e-03   1.0490170e-03   1.6835642e-04   3.9610797e-01   3.7816098e-01
   3.8882242e-01   2.2696106e-03   9.5452973e-04   0.0000000e+00   3.2335944e-03   1.4971785e-03   5.6077459e-04   1.3395628e-04   4.1144473e-06   4.4720159e-04   1.4566026e-03   2.7459979e-05   5.9387856e-05   6.6968941e-03   4.7715623e-08   1.0437656e-03   4.8429538e-03   1.2965582e-03   2.6383349e-03   4.9398171e-04   5.7077786e-03   2.3069230e-06   2.2742826e-04   1.3287063e-03   6.0427917e-04   2.1007373e-03   4.4345718e-04   1.2061486e-03   1.2848176e-03   1.4733743e-04   3.8882242e-01   3.8515117e-01
   3.8085949e-01   2.0030927e-03   9.8557157e-04   0.0000000e+00   3.1498296e-03   1.2991672e-03   5.8439310e-04   0.0000000e+00   2.4838198e-05   3.8668514e-04   1.5051843e-03   2.5681755e-05   0.0000000e+00   8.9305024e-03   3.0625020e-06   0.0000000e+00   3.0053384e-03   1.2587038e-03   2.4726883e-03   7.7890994e-04   6.7869506e-03   2.4216517e-09   2.5734490e-04   1.2756967e-03   5.6004601e-04   1.7603544e-03   4.4156141e-04   1.3213412e-03   1.0777905e-03   0.0000000e+00   3.8085949e-01   3.9143430e-01
   3.7291052e-01   1.7254646e-03   9.8318704e-04   0.0000000e+00   2.9907323e-03   1.6767395e-03   5.0195244e-04   0.0000000e+00   2.3959900e-05   4.0031430e-04   1.4872048e-03   2.6475207e-05   0.0000000e+00   7.6412579e-03   0.0000000e+00   4.1364184e-05   4.6634059e-03   1.2526704e-03   2.6856647e-03   7.9781385e-04   6.0495716e-03   0.0000000e+00   2.5918325e-04   1.2814139e-03   5.5402265e-04   1.6770756e-03   4.3652961e-04   1.2906165e-03   1.1271626e-03   2.9777516e-05   3.7291052e-01   3.9788546e-01
   3.6335600e-01   4.6241727e-06   5.3825859e-04   1.3928751e-04   4.2637581e-03   1.7235953e-03   1.4844763e-03   8.7682645e-06   1.2890700e-04   3.0343551e-04   3.7770497e-03   1.4888255e-05   1.8137294e-03   1.0782603e-03   1.3034038e-04   5.7137610e-03   1.8737942e-04   1.1882288e-03   1.3207949e-03   9.9653114e-04   3.0774197e-03   1.2258625e-05   1.2793091e-03   1.5377750e-03   6.1425212e-05   2.4825654e-03   1.6021045e-03   2.6643529e-03   6.7760408e-04   1.9424018e-04   3.6335600e-01   4.0554702e-01
   3.5613796e-01   1.8960147e-05   6.4299837e-04   3.6702367e-05   3.5613669e-03   1.8954696e-03   9.8475007e-04   0.0000000e+00   1.5818064e-04   1.6820659e-04   2.8305332e-03   8.0886200e-06   1.8838368e-03   1.7493757e-03   3.6273614e-06   4.3129396e-03   0.0000000e+00   9.9311288e-04   2.1202266e-03   5.5713847e-04   3.5401911e-03   1.5628561e-05   1.1694689e-03   2.2705588e-03   2.2253492e-05   2.8938228e-03   7.1039559e-04   2.8003667e-03   6.6205790e-04   8.2147919e-04   3.5613796e-01   4.1125655e-01
   3.4806255e-01   0.0000000e+00   7.5709756e-04   0.0000000e+00   4.1959810e-03   2.2343310e-03   4.1487401e-04   0.0000000e+00   1.2712301e-04   3.1927390e-04   2.2222656e-03   1.0418662e-05   2.9884467e-04   1.8123445e-03   5.9944738e-04   3.5339581e-03   4.0629856e-03   1.2152969e-03   2.6266578e-03   6.1098979e-04   5.7821384e-03   0.0000000e+00   7.5111401e-04   2.9826723e-03   2.3982743e-04   2.3294369e-03   8.8496779e-04   1.2245088e-03   1.0279527e-03   5.8943257e-04   3.4806255e-01   4.1898228e-01
   3.3919014e-01   0.0000000e+00   3.3384288e-04   1.8548139e-04   3.7557516e-03   1.9457264e-03   4.9950497e-04   9.5596029e-04   1.2777659e-04   3.9752081e-04   3.3535508e-03   9.3737093e-06   2.2231755e-03   1.4219184e-03   1.0291424e-03   5.0883273e-03   3.2845621e-04   1.8245542e-03   2.2001794e-03   7.3296703e-04   1.5162317e-03   4.0838750e-05   9.1378220e-04   2.5330218e-03   0.0000000e+00   2.7425051e-03   8.0837859e-04   1.8144544e-03   4.5227332e-04   5.4505500e-04   3.3919014e-01   4.2592012e-01
   3.3072201e-01   0.0000000e+00   5.0481605e-04   4.1515080e-05   4.0103431e-03   1.9829761e-03   5.4193239e-04   0.0000000e+00   1.2443224e-04   2.6036804e-04   3.4412885e-03   9.5143084e-06   1.6734095e-03   1.8408928e-03   2.1775325e-04   3.8305305e-03   1.3513215e-03   1.2320654e-03   2.3754818e-03   7.1683283e-04   3.3925259e-03   0.0000000e+00   8.1700784e-04   2.5336878e-03   2.9422157e-04   2.4366696e-03   7.7977795e-04   1.6012115e-03   5.9243293e-04   6.8353105e-04   3.3072201e-01   4.3316956e-01
   3.2451881e-01   6.3134301e-06   8.9099784e-04   0.0000000e+00   3.0140515e-03   1.5515005e-03   5.0245995e-04   0.0000000e+00   1.1278220e-04   2.3448069e-04   1.2175978e-03   1.7602787e-05   1.8679422e-03   2.8801661e-03   0.0000000e+00   4.1002753e-03   1.0345138e-02   8.7630739e-04   2.8442310e-03   5.1103608e-04   6.6349064e-03   0.0000000e+00   8.6311155e-04   3.2905630e-03   2.1707755e-04   2.5112487e-03   1.2085136e-04   8.1784554e-04   1.2212595e-03   6.0141758e-04   3.2451881e-01   4.4083700e-01
   3.1716678e-01   0.0000000e+00   0.0000000e+00   6.3644622e-03   1.9025775e-03   1.7976273e-03   1.8349163e-03   4.9671410e-03   6.6235621e-05   6.0211602e-04   7.8386579e-04   1.1579124e-06   2.8916738e-03   3.7994172e-03   5.9732853e-07   6.8652985e-05   7.5811895e-03   7.5777382e-04   0.0000000e+00   9.6003065e-04   4.8328935e-05   2.6852289e-04   2.3465556e-03   4.2357068e-03   0.0000000e+00   2.6993880e-03   3.3311326e-04   4.6799114e-03   2.2582545e-04   1.2447630e-03   3.1716678e-01   4.4809219e-01
   3.0931245e-01   7.1847235e-04   3.0933695e-05   2.6539683e-03   1.0753493e-04   3.7851634e-04   7.0414155e-04   4.0062781e-03   8.5786107e-05   7.3781162e-04   1.1313884e-03   4.8269184e-06   4.3920668e-03   9.5547968e-04   4.6561360e-03   6.9896024e-04   1.1550781e-02   1.0878578e-04   3.5328838e-04   6.2197827e-04   0.0000000e+00   1.1341502e-04   7.3737980e-04   3.9163098e-03   7.2004953e-03   0.0000000e+00   0.0000000e+00   3.5317539e-03   9.5027153e-05   2.3980738e-03   3.0931245e-01   4.5548480e-01
   3.0070092e-01   1.5001103e-03   4.3971438e-05   1.4922238e-03   4.5194618e-04   3.9492641e-04   7.5018775e-04   4.1957262e-03   9.8730157e-05   6.8291666e-04   9.4531635e-04   0.0000000e+00   4.6917268e-03   1.2492033e-03   5.1707118e-03   5.3032782e-05   1.1847880e-02   4.1560182e-04   4.4916025e-04   0.0000000e+00   1.1708391e-04   1.1013649e-04   2.8662322e-05   5.6140275e-03   0.0000000e+00   3.0523197e-03   0.0000000e+00   3.4339936e-03   0.0000000e+00   2.5131551e-03   3.0070092e-01   4.6275955e-01
   2.9308865e-01   1.0965741e-03   4.6712843e-05   1.6535738e-03   4.4203346e-04   5.1633724e-04   7.6738000e-04   4.2462506e-03   1.0070790e-04   6.7974167e-04   8.7820382e-04   5.4581805e-07   4.7005527e-03   1.7938356e-03   5.1557743e-03   8.4005118e-05   1.1838487e-02   5.0556770e-04   3.9055422e-04   8.2875531e-05   2.1639986e-04   1.0832702e-04   0.0000000e+00   5.6814659e-03   0.0000000e+00   2.8829880e-03   8.5833668e-06   3.4518190e-03   0.0000000e+00   2.5526371e-03   2.9308865e-01   4.6992965e-01
   2.8523008e-01   1.3912269e-03   4.1982514e-05   1.5487745e-03   0.0000000e+00   2.0843397e-04   9.2207611e-04   4.5595737e-03   9.8151545e-05   6.5676899e-04   1.2728103e-03   2.8801465e-06   5.6911566e-03   1.3337337e-03   4.3225637e-03   0.0000000e+00   1.0852809e-02   5.0769248e-04   3.6655607e-04   1.8287669e-04   0.0000000e+00   1.0631031e-04   0.0000000e+00   5.2638139e-03   1.5553978e-03   3.1508683e-03   0.0000000e+00   3.2049760e-03   0.0000000e+00   2.4085526e-03   2.8523008e-01   4.7724035e-01
   2.7720737e-01   2.2816388e-03   0.0000000e+00   1.3840034e-03   1.5329258e-04   5.1789542e-04   7.6426683e-04   3.5040349e-03   9.8806954e-05   6.8850175e-04   6.6235604e-04   4.9949304e-07   4.0683592e-03   1.8136109e-03   6.1174875e-03   5.9803908e-04   1.0675218e-02   7.8333399e-05   5.2956399e-04   1.2829197e-04   1.5067922e-04   1.1192942e-04   0.0000000e+00   5.1805354e-03   0.0000000e+00   2.9295326e-03   1.4352805e-04   3.3538629e-03   0.0000000e+00   2.0554309e-03   2.7720737e-01   4.8448227e-01
   2.7000711e-01   1.1670815e-03   3.6134141e-05   1.0177519e-03   0.0000000e+00   2.1029804e-04   6.3361174e-04   4.1083022e-03   9.9547876e-05   6.5948567e-04   1.1411646e-03   4.2800925e-06   3.9348146e-03   1.2080849e-03   4.6407361e-03   2.2461895e-05   1.1217658e-02   4.4512432e-04   4.7380046e-04   1.2473120e-04   1.3200615e-04   1.0446985e-04   2.4602998e-04   5.5395474e-03   4.0136359e-03   2.7917723e-03   4.3792282e-05   3.5408805e-03   1.2656333e-04   1.9411274e-03   2.7000711e-01   4.9179273e-01
   2.6257675e-01   3.3627355e-03   2.5947863e-07   0.0000000e+00   4.0536355e-04   8.6060983e-05   1.1604648e-03   3.3773646e-03   1.3043952e-04   4.6930103e-04   1.6174993e-03   6.8797761e-06   2.5526721e-03   1.1882335e-03   4.1773013e-03   5.2993500e-04   1.1332453e-02   7.4821551e-04   5.8818107e-05   8.5903416e-05   7.7690426e-05   8.7744446e-05   2.2372404e-04   4.7569969e-03   3.5875351e-03   2.8627114e-03   5.5775569e-05   3.1863545e-03   4.4482579e-05   1.3073444e-03   2.6257675e-01   4.9855129e-01
   2.5507355e-01   6.7727491e-04   3.3378228e-05   2.7689388e-03   0.0000000e+00   3.6300772e-04   1.6731922e-03   3.8945183e-03   9.6951793e-05   7.3517131e-04   9.2208285e-04   1.2630081e-06   4.4617300e-03   1.3174413e-03   4.6759324e-03   3.5801556e-05   1.1700425e-02   3.9937067e-04   4.0693084e-04   6.7215108e-04   2.7894655e-04   9.0668613e-05   4.1324153e-05   4.1530964e-03   5.4018370e-03   2.7116584e-04   6.0729667e-06   2.7379819e-03   8.2090513e-05   2.4477216e-03   2.5507355e-01   5.0664636e-01
   2.4805748e-01   2.3149815e-03   5.4525153e-06   1.2188125e-04   4.3306356e-04   9.8702064e-05   1.0292424e-03   3.7170790e-03   8.4794901e-05   4.9790163e-04   1.3880025e-03   9.5265684e-06   3.5489614e-03   1.4945303e-03   4.3249057e-03   5.4083229e-04   1.1346661e-02   8.3457133e-04   0.0000000e+00   1.0517821e-04   5.4686854e-04   8.0801536e-05   5.9291468e-04   5.7847139e-03   1.7127174e-03   2.8373056e-03   4.3689179e-05   3.2562665e-03   1.8672174e-04   1.9174531e-03   2.4805748e-01   5.1334686e-01
   2.4011159e-01   4.1697414e-03   2.6067209e-07   0.0000000e+00   3.9886526e-04   1.5152789e-04   1.0860808e-03   3.5779757e-03   8.7062509e-05   3.8926456e-04   1.1210098e-03   5.6778454e-06   3.6143588e-03   1.6320292e-03   2.6152919e-03   5.0390425e-04   1.1692135e-02   7.7229006e-04   0.0000000e+00   2.2232586e-04   7.5657945e-04   7.3209465e-05   3.6360700e-04   5.8732522e-03   2.2201904e-03   2.4586160e-03   6.1286311e-05   3.1249772e-03   1.5653513e-04   1.5447030e-03   2.4011159e-01   5.2140648e-01
   2.3303883e-01   1.9208395e-03   6.0728995e-05   2.1162177e-06   5.8942534e-05   5.4950885e-04   1.2523770e-03   4.1022377e-03   9.2292085e-05   7.1132498e-04   1.0904093e-03   3.8695011e-06   3.9966792e-03   1.5852859e-03   5.4176157e-03   2.4131028e-05   1.1725984e-02   8.1411249e-04   4.9568611e-04   3.9283248e-05   2.2586557e-04   1.0332517e-04   3.1293660e-04   5.4050958e-03   3.2435141e-03   2.7936964e-03   4.5021258e-05   2.9478453e-03   3.2021514e-04   2.0006396e-03   2.3303883e-01   5.2936194e-01
   2.2560303e-01   1.6732255e-03   5.7890410e-05   4.2263158e-06   5.4905213e-05   5.7785823e-04   1.5879711e-03   3.9903160e-03   9.1259539e-05   6.9099640e-04   1.1863094e-03   3.7238083e-06   3.8965258e-03   2.0865980e-03   4.6804508e-03   4.7100089e-06   1.1676886e-02   8.0223267e-04   4.6020585e-04   2.0363098e-04   8.3893997e-05   9.8952377e-05   4.6515987e-04   5.1767088e-03   3.4194033e-03   2.9309190e-03   4.8646142e-05   2.9797481e-03   2.7826780e-04   2.0069794e-03   2.2560303e-01   5.3715846e-01
   2.1905692e-01   2.7776388e-03   0.0000000e+00   2.3274278e-04   5.0068906e-04   1.3513161e-04   1.0777407e-03   3.7917661e-03   8.8128522e-05   4.4616604e-04   1.0327251e-03   6.8167600e-06   3.5251666e-03   1.5025906e-03   4.1543503e-03   4.5339394e-04   1.1734819e-02   8.1259268e-04   0.0000000e+00   0.0000000e+00   6.9156600e-04   5.2306687e-05   8.2346539e-04   5.4473117e-03   1.9222662e-03   2.8651236e-03   6.5487830e-05   3.3781420e-03   5.7882836e-04   1.3053507e-03   2.1905692e-01   5.4372233e-01
   2.1110100e-01   1.0622912e-03   1.4099764e-04   0.0000000e+00   7.3038630e-04   3.5175417e-04   1.9714637e-03   4.2748018e-03   4.9382501e-05   6.4566422e-04   0.0000000e+00   5.0932086e-05   0.0000000e+00   1.7593725e-03   4.5319648e-03   1.8725927e-03   9.7577161e-03   6.7592471e-04   0.0000000e+00   7.0518367e-04   2.2644741e-04   3.0801010e-04   3.3300870e-03   7.4518276e-04   1.3197694e-02   4.5517015e-03   5.7506505e-05   3.8058644e-03   9.9863093e-04   1.7470759e-03   2.1110100e-01   5.5431786e-01
   2.0445536e-01   4.9025072e-04   4.4163728e-06   2.4532531e-05   6.9779409e-04   3.6277887e-04   2.3593213e-03   4.2595793e-03   4.9371786e-05   8.5675816e-04   0.0000000e+00   1.6026682e-05   0.0000000e+00   1.7069163e-03   4.7255944e-03   2.3749605e-03   1.0150995e-02   8.6321428e-04   3.4025576e-06   7.8620426e-04   1.6807424e-04   2.8649157e-04   3.3871381e-03   7.5470928e-04   1.3877670e-02   4.7022911e-03   6.6179308e-05   4.0300239e-03   9.0866600e-04   0.0000000e+00   2.0445536e-01   5.6176038e-01
   1.9672510e-01   4.9120447e-04   0.0000000e+00   2.1281241e-05   7.3051441e-04   3.5064773e-04   2.3419710e-03   4.2744666e-03   4.9681387e-05   8.6953521e-04   0.0000000e+00   1.1526985e-05   0.0000000e+00   1.7063828e-03   4.7044363e-03   1.8428213e-03   1.0097117e-02   8.3906221e-04   0.0000000e+00   7.8314489e-04   0.0000000e+00   3.7356951e-04   3.3840482e-03   7.6571141e-04   1.4028815e-02   4.6759176e-03   5.6245262e-05   3.9923119e-03   1.0762840e-03   0.0000000e+00   1.9672510e-01   5.7035981e-01
   1.8940810e-01   0.0000000e+00   1.4498026e-06   6.2633693e-06   7.2092909e-04   4.1629059e-04   2.3010485e-03   4.2931381e-03   5.2654723e-05   9.0876117e-04   0.0000000e+00   1.0718370e-05   2.3285800e-04   1.6718251e-03   4.7191275e-03   2.0242448e-03   1.0421284e-02   8.4018722e-04   0.0000000e+00   9.8148790e-04   0.0000000e+00   2.3901365e-03   3.0203558e-03   3.4678943e-04   1.5876757e-02   4.7731572e-03   5.4930284e-05   3.8527281e-03   1.0203669e-03   0.0000000e+00   1.8940810e-01   5.7960523e-01
   1.8156435e-01   6.3137815e-04   4.7711121e-05   0.0000000e+00   6.4731993e-04   1.8956516e-04   2.3937823e-03   4.1555211e-03   7.7228542e-05   8.9367719e-04   6.5919741e-05   1.0367647e-05   0.0000000e+00   1.0107404e-03   4.9149658e-03   0.0000000e+00   9.8913173e-03   8.2336849e-04   1.1874699e-03   6.6634360e-04   5.8096060e-04   1.5470148e-04   3.0647019e-03   1.2710586e-03   1.5148527e-02   4.0000451e-03   5.6054971e-05   3.5908868e-03   1.0697761e-03   0.0000000e+00   1.8156435e-01   5.8772190e-01
   1.7453770e-01   6.1542710e-04   6.4662602e-05   0.0000000e+00   7.8195297e-04   0.0000000e+00   2.4519361e-03   4.1984281e-03   4.1012261e-05   8.9350781e-04   4.1802766e-04   0.0000000e+00   5.9746167e-04   1.7162631e-03   4.7982569e-03   0.0000000e+00   1.0625368e-02   1.0060591e-03   0.0000000e+00   7.3043507e-04   6.3218552e-04   1.6803629e-05   3.2231261e-03   7.6947116e-04   1.4435806e-02   4.9277183e-03   1.0555198e-05   3.9324937e-03   1.3596685e-03   1.1868368e-04   1.7453770e-01   5.9656958e-01
   1.6755477e-01   6.2022583e-04   6.4535558e-05   2.2280338e-04   7.7697550e-04   0.0000000e+00   2.7707874e-03   4.2031860e-03   3.9413101e-05   8.8319226e-04   3.7468692e-04   0.0000000e+00   1.4017537e-03   1.6750697e-03   4.7833996e-03   0.0000000e+00   9.7522276e-03   1.0215965e-03   0.0000000e+00   7.5299830e-04   4.7021735e-04   0.0000000e+00   3.4699861e-03   5.7777944e-04   1.3010445e-02   4.7304805e-03   7.9742870e-06   3.9687186e-03   1.2003887e-03   1.7987324e-04   1.6755477e-01   6.0474027e-01
   1.6003808e-01   4.7168893e-04   0.0000000e+00   7.6392092e-04   5.9525934e-04   1.9066350e-04   2.1148687e-03   4.5273347e-03   8.1016207e-05   8.5627381e-04   3.8956233e-04   3.6935247e-07   6.8795296e-04   7.3912048e-04   4.7147378e-03   1.9680788e-04   1.1367972e-02   6.9678161e-04   9.5163591e-04   7.4915272e-04   7.5182277e-05   1.6049939e-04   3.6931050e-03   1.1482866e-03   1.7634514e-02   3.6001243e-03   4.4302043e-05   3.8920897e-03   1.4728355e-03   6.3328787e-04   1.6003808e-01   6.1547522e-01
   1.5307291e-01   9.4930763e-05   0.0000000e+00   7.8381215e-04   5.9973991e-04   1.7439046e-04   1.9373197e-03   5.1072986e-03   8.3854523e-05   8.1730129e-04   4.6591350e-04   0.0000000e+00   9.9630922e-04   5.4127831e-04   4.7601082e-03   1.5405965e-04   1.1386709e-02   6.9760091e-04   8.7442695e-04   7.3334634e-04   6.5489536e-05   1.4001490e-04   4.0650705e-03   8.4327567e-05   1.5237439e-02   3.6821079e-03   4.8376635e-05   3.9228262e-03   1.4322613e-03   5.0954741e-04   1.5307291e-01   6.2359839e-01
   1.4585011e-01   8.7444352e-04   0.0000000e+00   0.0000000e+00   6.1267807e-04   1.7198398e-04   2.1126887e-03   4.5812535e-03   6.6427254e-05   8.2021060e-04   1.0389707e-04   1.0531293e-05   0.0000000e+00   8.4556762e-04   4.6953270e-03   2.8203195e-04   8.9387918e-03   3.8390747e-04   0.0000000e+00   5.3116482e-04   0.0000000e+00   1.2163380e-04   3.1764476e-03   1.7913532e-03   1.7099596e-02   3.3149503e-03   3.1153593e-05   4.5389921e-03   1.5209198e-03   9.4762182e-04   1.4585011e-01   6.3256764e-01
   1.3817762e-01   8.8777943e-04   0.0000000e+00   0.0000000e+00   6.0290306e-04   1.5585472e-04   3.6367203e-03   4.8575867e-03   6.1633551e-05   8.0762525e-04   2.8923650e-04   1.0981203e-05   8.8406609e-05   9.1417360e-04   4.7080387e-03   2.5759470e-04   9.1737312e-03   3.8167874e-04   1.4090443e-05   4.5907736e-04   2.0964233e-05   1.2208474e-04   2.8089355e-03   1.6523584e-03   1.7614391e-02   3.3662251e-03   2.8871531e-05   4.7719435e-03   1.2989460e-03   9.3865954e-04   1.3817762e-01   6.4343568e-01
   1.3025052e-01   2.4299900e-03   3.7495116e-06   4.8207071e-03   3.8714884e-04   3.2153494e-05   3.4166696e-03   4.3713213e-03   5.2818228e-05   9.8195113e-04   0.0000000e+00   8.3124562e-05   2.5685748e-03   0.0000000e+00   5.1735911e-03   6.7214836e-04   1.1801495e-02   0.0000000e+00   1.1609354e-03   8.1756346e-04   0.0000000e+00   4.0880029e-04   1.5435099e-03   3.0758150e-03   0.0000000e+00   2.5982944e-03   1.1652017e-04   5.7672834e-03   1.1544794e-03   7.7871829e-04   1.3025052e-01   6.5290009e-01
   1.1685799e-01   6.0650330e-04   8.4611604e-04   1.7303712e-03   8.0812950e-04   2.3112558e-04   0.0000000e+00   3.9104784e-03   1.9957332e-05   1.2536708e-03   4.8950351e-03   2.3892610e-04   4.7880368e-03   3.0519009e-03   4.7983561e-03   2.2966695e-03   1.3960796e-02   2.3297565e-07   4.3040620e-03   1.0593191e-04   4.5052489e-03   1.2774310e-04   1.0459321e-03   6.7586331e-04   1.1296315e-03   1.0179761e-03   1.0579737e-04   0.0000000e+00   3.8141076e-03   6.3388150e-03   1.1685799e-01   6.7531118e-01
   1.0962150e-01   2.6919800e-03   8.4034342e-06   5.5647578e-03   3.8983006e-04   1.1397555e-04   6.0622979e-03   4.3085071e-03   4.6045363e-05   9.0199503e-04   0.0000000e+00   1.5509186e-04   3.3988896e-03   1.1707929e-04   5.0800181e-03   2.0000228e-03   1.2109198e-02   0.0000000e+00   1.1230183e-03   8.7289235e-04   0.0000000e+00   4.8350902e-04   1.4780867e-03   2.7294297e-03   0.0000000e+00   3.0772221e-03   1.1291455e-04   5.5404446e-03   1.4536362e-03   8.6602673e-04   1.0962150e-01   6.8463874e-01
   1.0269864e-01   0.0000000e+00   7.1329743e-04   0.0000000e+00   8.1736007e-05   2.1897906e-03   2.3790578e-04   4.9841382e-03   8.6058536e-05   1.9089144e-04   2.4121510e-03   1.7831391e-04   0.0000000e+00   4.0060099e-03   3.1750857e-03   1.3439808e-02   1.1391551e-02   5.8360499e-05   6.3347334e-03   9.6434787e-04   1.7430341e-03   2.1842002e-03   1.0650175e-03   1.1308700e-03   7.8101985e-03   1.3352344e-03   2.5551595e-04   8.3117383e-05   5.3649064e-03   1.6266502e-03   1.0269864e-01   6.9859033e-01
   9.5212522e-02   0.0000000e+00   3.5776754e-04   8.4157863e-04   3.0552623e-04   8.8727078e-04   8.0228594e-05   5.2133847e-03   9.3714369e-05   2.6303611e-04   2.5063804e-03   2.0969353e-04   1.8777589e-04   2.9303710e-03   3.9073557e-03   2.0385219e-02   1.2993182e-02   0.0000000e+00   8.4243110e-03   1.0325275e-03   3.8935814e-03   1.3415118e-03   0.0000000e+00   2.0597425e-04   5.9379986e-03   8.3859055e-04   2.9333122e-04   4.3355295e-05   7.9148120e-03   0.0000000e+00   9.5212522e-02   7.1274167e-01
   8.6597763e-02   5.2429670e-05   5.1096814e-04   7.6213467e-04   2.4604267e-04   9.3566021e-04   3.9227066e-04   5.1371333e-03   9.7848637e-05   0.0000000e+00   1.6614471e-03   1.9558389e-04   3.5111199e-03   3.0845723e-03   4.3897975e-03   7.1071444e-03   1.2870765e-02   1.1207696e-04   6.8873099e-03   1.3836450e-03   2.6611287e-03   2.5629258e-03   1.6269034e-03   0.0000000e+00   0.0000000e+00   1.2836788e-03   2.9428034e-04   3.3164397e-04   6.7346363e-03   2.4337787e-03   8.6597763e-02   7.2354520e-01
   8.0561728e-02   5.3411868e-05   5.2593959e-04   9.3590138e-04   1.3725926e-04   9.8562490e-04   4.2775597e-04   5.1726037e-03   1.1747006e-04   1.2587557e-04   1.7085173e-03   1.9334751e-04   3.8783151e-03   3.0222958e-03   4.2866150e-03   7.6643044e-03   1.2733009e-02   4.0409965e-04   6.4322269e-03   1.5255173e-03   2.5629759e-03   2.4634796e-03   1.7820557e-03   0.0000000e+00   9.1018443e-04   1.3798010e-03   3.0153813e-04   4.0087107e-04   7.1031801e-03   1.0144760e-03   8.0561728e-02   7.3435650e-01
   7.2826474e-02   5.6781912e-05   4.7771576e-04   8.7764048e-05   1.4262896e-04   1.0805038e-03   3.4684193e-04   5.2351834e-03   1.3153967e-04   7.6823607e-05   2.1244402e-03   2.2698371e-04   9.9905152e-04   2.9071102e-03   3.9722561e-03   7.7385641e-03   1.2967299e-02   0.0000000e+00   6.5129404e-03   1.0201641e-03   1.5727129e-03   2.8677543e-03   1.2604115e-04   0.0000000e+00   5.1522146e-03   1.7521250e-03   2.1864791e-04   0.0000000e+00   6.1699603e-03   2.2548732e-04   7.2826474e-02   7.4738237e-01
   6.4484783e-02   4.7884234e-05   5.7271153e-04   2.1773875e-04   1.3622110e-04   1.0023864e-03   3.8463678e-04   5.2392372e-03   1.2066861e-04   0.0000000e+00   1.9626323e-03   2.1109632e-04   9.9907106e-04   2.7978343e-03   4.0072600e-03   8.9260768e-03   1.3122651e-02   9.0266688e-05   5.9808022e-03   1.2708185e-03   1.7498245e-03   2.0671916e-03   1.6378371e-03   2.0270257e-05   0.0000000e+00   1.3493303e-03   3.0154887e-04   3.1393380e-04   7.3066617e-03   1.2952140e-04   6.4484783e-02   7.6286222e-01
   5.7548435e-02   0.0000000e+00   3.2429724e-04   0.0000000e+00   8.1503040e-05   7.6703422e-04   4.8397277e-04   4.9718991e-03   1.1689200e-04   0.0000000e+00   2.4838732e-03   1.9238020e-04   0.0000000e+00   3.6551190e-03   3.3751748e-03   1.3802171e-02   1.3185737e-02   1.2867461e-05   6.9276603e-03   1.0783203e-03   2.7994158e-03   2.6922523e-03   2.5650221e-04   0.0000000e+00   7.4565660e-03   1.4844486e-03   2.1959950e-04   0.0000000e+00   5.7184677e-03   0.0000000e+00   5.7548435e-02   7.7981047e-01
   5.0000904e-02   0.0000000e+00   5.3742364e-04   1.4381942e-04   1.6756093e-04   7.6937601e-04   5.4715052e-04   4.8009071e-03   2.6971466e-04   0.0000000e+00   3.0049451e-03   1.5381929e-04   1.9612386e-03   3.5134215e-03   2.6005446e-03   1.6822400e-02   1.3154158e-02   1.1313358e-05   6.7771900e-03   8.5584678e-04   5.0582409e-04   2.6857768e-03   4.0920273e-04   1.0100236e-04   9.8837408e-03   1.4602015e-03   2.1206651e-04   0.0000000e+00   6.1773594e-03   0.0000000e+00   5.0000904e-02   7.9777697e-01
   4.2354378e-02   3.5275608e-06   3.4774453e-04   0.0000000e+00   2.2038868e-04   6.0142608e-04   7.1208389e-04   2.3087505e-03   1.0176438e-04   3.3916708e-04   2.3415076e-03   2.7387678e-04   3.9505634e-03   4.1384068e-03   9.0126768e-03   1.9264767e-02   1.2758484e-02   1.5615595e-07   7.7156395e-03   8.4567001e-04   3.9980444e-03   1.3498755e-03   6.5290929e-04   2.0799256e-04   7.9210556e-03   1.5907580e-03   2.6824113e-04   6.4727151e-04   5.0963034e-03   1.0965035e-05   4.2354378e-02   8.1834917e-01
   3.3070326e-02   6.5455306e-05   2.4812002e-04   8.0343984e-04   1.2504696e-04   4.4270484e-04   5.2484748e-04   3.5832646e-03   8.3224349e-05   3.6606276e-04   6.6506162e-04   2.6879254e-04   0.0000000e+00   6.0388028e-04   6.4816898e-03   2.4325926e-02   1.2752402e-02   2.8274711e-05   3.3105893e-03   9.6843385e-04   5.1597519e-03   4.9221844e-03   0.0000000e+00   0.0000000e+00   4.4502812e-03   1.7210297e-03   3.2690904e-04   4.2145246e-04   3.2051071e-03   1.2878964e-03   3.3070326e-02   8.3992413e-01
   2.5991720e-02   0.0000000e+00   6.7495612e-05   0.0000000e+00   1.2402590e-04   8.1608608e-04   1.0642229e-03   6.0358273e-03   9.7018089e-05   1.2689222e-04   1.0038801e-03   2.3176194e-04   5.3203901e-03   3.6821293e-03   5.0512236e-03   1.7507076e-02   1.0763362e-02   5.3937330e-05   7.9013212e-03   9.6873248e-04   4.3258770e-03   1.8105749e-03   6.5771665e-04   0.0000000e+00   1.0922950e-02   1.8147936e-03   4.6951127e-04   6.4589262e-04   1.7969498e-03   1.3065545e-03   2.5991720e-02   8.6292333e-01
   1.7873007e-02   0.0000000e+00   3.7404620e-04   6.3140140e-06   1.1844491e-04   8.3437977e-04   1.1205314e-03   6.4026996e-03   9.4632660e-05   1.4715871e-04   1.1207083e-03   2.4227341e-04   5.8140916e-03   3.6186033e-03   4.9694126e-03   1.7772572e-02   1.0592573e-02   5.4079424e-05   7.9250007e-03   9.4048057e-04   4.1006006e-03   1.8401420e-03   5.5208146e-04   1.9287028e-06   1.1583921e-02   1.8773161e-03   3.8145568e-04   8.0603491e-04   1.6956240e-03   1.3049624e-03   1.7873007e-02   8.9131203e-01
   9.0091530e-03   0.0000000e+00   4.4588998e-04   9.3852253e-04   0.0000000e+00   1.5464647e-03   9.0021391e-04   3.8869029e-03   6.9490377e-05   2.3471938e-04   0.0000000e+00   2.8474281e-04   3.1808723e-03   4.0730966e-03   5.7935446e-03   2.1055702e-02   1.3243614e-02   1.7030312e-05   4.2583007e-03   9.8731533e-04   4.8014450e-03   2.4392411e-03   1.5088166e-04   2.1716954e-04   6.9205562e-03   1.5727156e-03   3.5831946e-04   7.8884564e-05   2.7933584e-03   1.7186733e-03   9.0091530e-03   9.2932201e-01
   0.0000000e+00   6.5439995e-05   2.4337489e-04   2.4861506e-04   1.0506362e-04   4.3392591e-04   7.1797548e-04   3.6131217e-03   7.9775219e-05   0.0000000e+00   0.0000000e+00   2.6679824e-04   0.0000000e+00   0.0000000e+00   5.8627050e-03   2.1152088e-02   1.2660432e-02   2.9974451e-05   3.1844013e-03   1.1310345e-03   5.1997296e-03   2.8078890e-03   5.6282413e-05   1.2126759e-04   3.7037708e-03   1.7298061e-03   3.0934338e-04   4.1672145e-04   3.0188656e-03   1.8104018e-03   0.0000000e+00   1.0214041e+00
