   1.0000000e+00   8.4157126e-04   4.3131250e-05   6.2035107e-03   2.6194524e-03   8.3686103e-06   3.3198308e-04   1.1626175e-03   9.4476977e-03   1.2996361e-03   3.5578867e-04   3.4899317e-03   1.4365550e-03   7.5547307e-05   8.2304180e-04   3.4424326e-03   2.9288567e-03   9.5982906e-03   5.2849646e-03   3.0850761e-05   1.4363049e-03   2.8804315e-03   0.0000000e+00   0.0000000e+00   3.6667005e-03   6.0792994e-04   8.5848447e-04   7.1548815e-03   0.0000000e+00   7.0161225e-04   1.0000000e+00   1.0407806e-02
   9.9746792e-01   8.4346082e-04   2.4070832e-05   6.0748638e-03   2.5152363e-03   6.2875004e-06   3.8649214e-04   1.1607591e-03   1.0290133e-02   1.3021570e-03   3.1525536e-04   3.0862477e-03   1.3978077e-03   1.8403849e-05   7.7735635e-04   3.3820191e-03   2.9268030e-03   9.8155994e-03   4.7948352e-03   2.8187158e-05   1.3508919e-03   3.5812992e-03   0.0000000e+00   0.0000000e+00   3.7366123e-03   7.3034020e-04   8.4004355e-04   7.1378044e-03   4.6752064e-04   7.0143510e-04   9.9746792e-01   1.1838593e-02
   9.9746792e-01   8.4346082e-04   2.4070832e-05   6.0748638e-03   2.5152363e-03   6.2875004e-06   3.8649214e-04   1.1607591e-03   1.0290133e-02   1.3021570e-03   3.1525536e-04   3.0862477e-03   1.3978077e-03   1.8403849e-05   7.7735635e-04   3.3820191e-03   2.9268030e-03   9.8155994e-03   4.7948352e-03   2.8187158e-05   1.3508919e-03   3.5812992e-03   0.0000000e+00   0.0000000e+00   3.7366123e-03   7.3034020e-04   8.4004355e-04   7.1378044e-03   4.6752064e-04   7.0143510e-04   9.9746792e-01   1.1838593e-02
   9.9746792e-01   8.4346082e-04   2.4070832e-05   6.0748638e-03   2.5152363e-03   6.2875004e-06   3.8649214e-04   1.1607591e-03   1.0290133e-02   1.3021570e-03   3.1525536e-04   3.0862477e-03   1.3978077e-03   1.8403849e-05   7.7735635e-04   3.3820191e-03   2.9268030e-03   9.8155994e-03   4.7948352e-03   2.8187158e-05   1.3508919e-03   3.5812992e-03   0.0000000e+00   0.0000000e+00   3.7366123e-03   7.3034020e-04   8.4004355e-04   7.1378044e-03   4.6752064e-04   7.0143510e-04   9.9746792e-01   1.1838593e-02
   9.3118226e-01   1.2533344e-04   1.1653455e-03   6.5232657e-03   2.7226876e-03   6.9158203e-06   2.9343284e-04   1.2406471e-03   9.6504339e-03   5.3478679e-04   3.9367819e-04   2.7196211e-03   1.0819879e-03   4.8236686e-04   8.2548507e-04   3.4519331e-03   3.1179080e-03   1.1743328e-02   8.6913148e-03   2.8507202e-06   1.7730398e-03   0.0000000e+00   4.0555832e-04   7.3907436e-09   4.3872437e-03   2.5761904e-05   1.7801932e-03   7.6330224e-03   8.0241002e-04   7.1066824e-04   9.3118226e-01   4.6692659e-02
   9.1590203e-01   2.1974714e-04   7.5715366e-04   6.1898703e-03   2.6911350e-03   6.8713865e-06   2.6863275e-04   1.2358505e-03   9.7235320e-03   0.0000000e+00   3.9039784e-04   2.6938143e-03   1.1267615e-03   4.3646020e-04   8.2373408e-04   3.4571444e-03   3.2145341e-03   1.1660575e-02   8.4056046e-03   1.7725333e-06   1.8087262e-03   0.0000000e+00   3.2814906e-04   7.1887038e-09   4.3285426e-03   0.0000000e+00   2.0515801e-03   7.6182667e-03   9.4844966e-04   7.1220286e-04   9.1590203e-01   5.4536687e-02
   9.1590203e-01   2.1974714e-04   7.5715366e-04   6.1898703e-03   2.6911350e-03   6.8713865e-06   2.6863275e-04   1.2358505e-03   9.7235320e-03   0.0000000e+00   3.9039784e-04   2.6938143e-03   1.1267615e-03   4.3646020e-04   8.2373408e-04   3.4571444e-03   3.2145341e-03   1.1660575e-02   8.4056046e-03   1.7725333e-06   1.8087262e-03   0.0000000e+00   3.2814906e-04   7.1887038e-09   4.3285426e-03   0.0000000e+00   2.0515801e-03   7.6182667e-03   9.4844966e-04   7.1220286e-04   9.1590203e-01   5.4536687e-02
   8.8015884e-01   0.0000000e+00   3.4758044e-04   4.1916020e-03   4.4548939e-03   1.7679257e-05   1.3023465e-03   1.4442180e-04   1.1494564e-02   1.1120722e-02   1.9885917e-04   2.3321632e-04   1.2735270e-04   6.8115727e-05   2.0396197e-03   5.2070263e-04   4.8153258e-03   0.0000000e+00   5.8488730e-03   3.1502037e-04   3.1890529e-04   1.8353034e-02   2.0654213e-03   7.4002153e-08   3.2031587e-03   5.5968691e-07   1.0689284e-03   7.8311201e-03   0.0000000e+00   1.1939412e-03   8.8015884e-01   7.5297490e-02
   8.5950546e-01   8.4233947e-04   0.0000000e+00   7.2469654e-03   2.8099181e-03   7.1608683e-06   3.4400223e-04   1.1535301e-03   9.4004010e-03   1.3868881e-03   3.5589525e-04   2.8429308e-03   1.4621515e-03   0.0000000e+00   8.0370168e-04   3.4015498e-03   2.8572800e-03   1.2068120e-02   5.9040017e-03   4.2413845e-05   1.5295417e-03   3.8586867e-03   0.0000000e+00   0.0000000e+00   3.9959654e-03   6.1485803e-04   1.0617140e-03   7.1892035e-03   6.0151185e-06   7.3599844e-04   8.5950546e-01   8.4935748e-02
   8.4769710e-01   8.4309081e-04   2.1145279e-07   6.4183482e-03   3.3873186e-03   4.2461964e-06   3.5279746e-04   1.6592213e-03   9.1000222e-03   1.5386792e-03   3.5264366e-04   2.9713158e-03   1.7108686e-03   2.3933365e-06   8.2558271e-04   3.4135689e-03   2.8801284e-03   1.3732058e-02   5.8376449e-03   1.4634405e-05   1.4865610e-03   0.0000000e+00   0.0000000e+00   0.0000000e+00   4.2420040e-03   5.1020806e-04   1.2979483e-03   7.1731255e-03   6.3973250e-05   7.8035506e-04   8.4769710e-01   9.1173667e-02
   8.4769710e-01   8.4309081e-04   2.1145279e-07   6.4183482e-03   3.3873186e-03   4.2461964e-06   3.5279746e-04   1.6592213e-03   9.1000222e-03   1.5386792e-03   3.5264366e-04   2.9713158e-03   1.7108686e-03   2.3933365e-06   8.2558271e-04   3.4135689e-03   2.8801284e-03   1.3732058e-02   5.8376449e-03   1.4634405e-05   1.4865610e-03   0.0000000e+00   0.0000000e+00   0.0000000e+00   4.2420040e-03   5.1020806e-04   1.2979483e-03   7.1731255e-03   6.3973250e-05   7.8035506e-04   8.4769710e-01   9.1173667e-02
   8.1612086e-01   8.4229236e-04   3.4578459e-07   7.5590714e-03   2.7912651e-03   7.0175305e-06   3.3514137e-04   1.1547502e-03   9.3674896e-03   1.4156851e-03   3.5442967e-04   2.8418534e-03   1.4626449e-03   2.6489781e-06   7.9721135e-04   3.4011796e-03   2.8288156e-03   1.2074014e-02   5.7817626e-03   4.4403718e-05   1.4934870e-03   3.9303527e-03   0.0000000e+00   0.0000000e+00   4.0294669e-03   5.9417500e-04   1.1597648e-03   7.1990703e-03   0.0000000e+00   7.3598860e-04   8.1612086e-01   1.0894850e-01
   8.0503060e-01   6.5546535e-04   5.0996393e-04   8.3312563e-03   3.1451107e-03   0.0000000e+00   1.5513701e-03   3.3388847e-04   1.2516758e-02   1.0192047e-03   6.4354494e-04   4.9795681e-04   0.0000000e+00   0.0000000e+00   1.0644916e-03   2.2997214e-03   2.9502060e-03   7.3237949e-03   3.1926936e-03   4.1842157e-05   4.5206797e-04   7.3450475e-03   3.8863111e-04   0.0000000e+00   3.3087665e-03   2.5213874e-03   5.9337740e-04   7.2384049e-03   0.0000000e+00   9.0021774e-04   8.0503060e-01   1.1459293e-01
   7.8551130e-01   5.8506225e-04   1.1117314e-03   2.7859421e-03   3.0171274e-03   4.7871391e-06   1.2486738e-03   1.2322666e-03   9.0566492e-03   6.1527257e-04   0.0000000e+00   6.9084423e-04   1.0718526e-03   3.0201258e-03   1.1740731e-03   2.8650943e-03   2.1737453e-03   3.6605789e-03   2.0404347e-05   0.0000000e+00   5.2414571e-04   4.1464875e-03   8.4988038e-04   3.1326400e-06   2.9442737e-03   0.0000000e+00   4.3336564e-04   7.4909555e-03   1.1992561e-03   9.9898975e-04   7.8551130e-01   1.2288518e-01
   7.6997194e-01   5.8485401e-04   1.2906817e-03   3.0323266e-03   2.9850891e-03   4.7952544e-06   1.1965312e-03   1.0535487e-03   9.0462773e-03   6.4635668e-04   0.0000000e+00   4.0663100e-04   1.1062256e-03   2.8028865e-03   1.1830126e-03   2.9014052e-03   2.3898077e-03   4.5256611e-03   0.0000000e+00   0.0000000e+00   6.4577612e-04   5.0363041e-03   1.0545556e-03   2.1790546e-06   2.9311613e-03   7.0967373e-06   3.0942071e-04   7.4810808e-03   1.2163418e-03   1.0016815e-03   7.6997194e-01   1.3210360e-01
   7.5194760e-01   8.9950800e-04   3.4532138e-03   3.9536067e-03   1.9074117e-03   1.7486610e-05   2.1621474e-05   2.5865250e-03   1.1240053e-02   2.1574803e-04   3.4198369e-04   9.8852495e-04   5.6176289e-04   2.0081463e-04   1.0504345e-03   3.2369269e-03   2.6559002e-03   2.8282337e-03   0.0000000e+00   2.3126353e-04   0.0000000e+00   7.4725082e-03   3.9058151e-04   4.5303652e-09   1.3832156e-03   2.6193263e-06   3.0345687e-04   7.2024099e-03   1.6386801e-04   1.0387493e-03   7.5194760e-01   1.4243521e-01
   7.4202245e-01   7.9201850e-04   3.6135441e-03   3.9089423e-03   1.9290551e-03   1.6818096e-05   6.5489727e-05   3.2424550e-03   1.1503724e-02   2.2244012e-04   2.5513002e-04   1.0753521e-03   5.5661019e-04   2.1021674e-04   1.2147962e-03   3.2710259e-03   2.6344433e-03   1.4869329e-03   0.0000000e+00   2.2474325e-04   9.8495497e-07   7.1572651e-03   4.0371916e-04   4.9021992e-07   1.3876753e-03   1.7654698e-04   2.0637950e-04   7.2497625e-03   1.0891086e-04   9.1484439e-04   7.4202245e-01   1.4813320e-01
   7.3350584e-01   9.2187621e-04   3.8916810e-03   3.7869734e-03   1.3073827e-03   1.5626072e-05   0.0000000e+00   2.7710567e-03   1.1255176e-02   2.4733768e-04   3.4316215e-04   8.2434143e-04   1.0716676e-03   1.9913882e-04   8.3268471e-04   3.1795296e-03   2.8255225e-03   3.4765949e-03   0.0000000e+00   2.2052107e-04   1.2794019e-05   7.6698739e-03   6.9107771e-04   0.0000000e+00   1.3821396e-03   0.0000000e+00   1.8086814e-04   7.2601327e-03   1.8759582e-04   1.0034102e-03   7.3350584e-01   1.5344066e-01
   7.1657063e-01   1.0546896e-03   1.1951489e-03   8.1874832e-04   1.5002606e-03   1.4612252e-05   5.5011977e-06   2.4921736e-03   1.0458734e-02   5.2190125e-05   3.5948112e-04   6.2839862e-04   5.9610885e-04   2.9648993e-04   1.0059857e-03   3.5177750e-03   1.5864389e-03   2.8516849e-03   2.0824317e-03   2.4593494e-04   4.2070594e-04   6.0561291e-03   2.7574180e-06   0.0000000e+00   1.2457151e-03   1.9856436e-05   5.8915319e-05   7.4493047e-03   3.5840979e-05   8.6128670e-04   7.1657063e-01   1.6191436e-01
   7.0596751e-01   8.5572591e-04   2.3081603e-03   4.6995473e-03   1.8894789e-03   1.9655489e-05   2.0196720e-05   2.7225063e-03   1.1470666e-02   2.2225850e-04   3.4454609e-04   1.7061015e-03   3.1355624e-04   1.4890395e-04   1.0642214e-03   3.1844091e-03   2.3306347e-03   1.6431407e-04   0.0000000e+00   2.5227959e-04   3.4152027e-04   1.2515158e-02   3.8492149e-04   4.5274072e-09   2.4351591e-03   2.7027007e-06   3.5760572e-04   7.1150127e-03   8.3155403e-05   1.4873472e-03   7.0596751e-01   1.7033268e-01
   6.8945549e-01   1.3083901e-03   2.9914179e-03   3.3398020e-03   1.8791310e-03   3.0548377e-05   3.0140404e-05   2.0835456e-03   1.0891112e-02   6.5106720e-04   6.0462524e-04   2.8336304e-04   2.5607463e-04   8.5991377e-05   1.2633268e-03   3.0159344e-03   2.4851892e-03   1.5114406e-03   1.6924628e-04   2.3581032e-04   2.2029093e-04   8.1477456e-03   4.3180418e-04   0.0000000e+00   8.6521497e-04   1.4407866e-04   0.0000000e+00   7.3450688e-03   1.1972254e-04   5.7541762e-04   6.8945549e-01   1.7894143e-01
   6.7247719e-01   1.3217979e-03   2.2902893e-04   3.7942398e-03   1.9051923e-03   2.4918245e-05   5.0968843e-05   2.1254639e-03   1.0823819e-02   0.0000000e+00   3.7954847e-04   4.0025961e-04   4.9947568e-04   2.0359990e-04   1.2369312e-03   2.9982972e-03   2.5966581e-03   1.5946693e-03   0.0000000e+00   2.8943343e-04   8.1224814e-05   7.8864662e-03   3.1459649e-04   0.0000000e+00   1.7902480e-03   5.1768468e-05   7.0077341e-04   7.4177392e-03   1.3061096e-05   1.0389240e-03   6.7247719e-01   1.8908973e-01
   6.7108205e-01   1.3193373e-03   2.2069526e-04   3.7786017e-03   1.8977916e-03   2.4792097e-05   5.5954169e-05   2.1616321e-03   1.0542386e-02   4.8131088e-07   3.8111292e-04   3.6493233e-04   5.0425470e-04   2.0341466e-04   1.2361487e-03   3.0310096e-03   2.7932957e-03   1.7113125e-03   7.7141826e-05   2.8779588e-04   8.1164900e-05   7.8772397e-03   3.2076060e-04   0.0000000e+00   1.6941329e-03   4.9056479e-05   6.8476053e-04   7.4193184e-03   3.1950871e-05   1.0566210e-03   6.7108205e-01   1.8995436e-01
   6.5439601e-01   1.4466315e-04   2.0643091e-03   4.8290502e-03   3.0793927e-03   1.2885479e-05   3.6542977e-04   1.3276878e-03   1.1125518e-02   3.4236706e-03   4.7557666e-04   1.0299683e-03   1.1835497e-04   1.0779339e-04   9.0508056e-04   2.6017605e-03   4.6572414e-03   3.9306020e-04   4.2075028e-03   7.0159530e-04   2.6477422e-05   7.1170655e-03   1.2351160e-03   0.0000000e+00   3.2541162e-03   1.0470375e-04   1.4219824e-03   7.9900321e-03   3.8826324e-03   5.7461541e-04   6.5439601e-01   2.0351163e-01
   6.4672683e-01   4.0981979e-05   6.3217238e-04   4.0630671e-03   4.1630253e-04   3.1716869e-05   6.8796263e-04   7.3531248e-04   1.3574113e-02   3.4850904e-03   2.6815440e-04   7.8037756e-04   3.8591327e-04   5.9280979e-05   1.2646304e-03   2.8200913e-03   2.2326822e-03   5.8355483e-03   1.8795424e-03   1.2096020e-04   3.5190406e-05   6.6754155e-03   1.7271493e-04   4.5521245e-06   3.5275490e-03   7.3622271e-04   1.6377069e-03   8.2659773e-03   1.4819221e-02   1.8607342e-03   6.4672683e-01   2.1016048e-01
   6.2869529e-01   2.3259882e-05   1.4266998e-05   4.0582062e-03   2.5290851e-04   3.8047507e-05   8.3771561e-04   1.0743624e-03   1.0035131e-02   3.1545612e-03   1.8977444e-04   7.5775516e-04   0.0000000e+00   1.2527875e-05   8.0150786e-04   2.8603192e-03   2.0941138e-03   4.6946603e-03   2.1132531e-03   1.0674354e-04   0.0000000e+00   5.3311497e-03   1.9011878e-04   4.6787092e-06   3.8365726e-03   8.0101566e-04   8.8880988e-04   7.9317022e-03   4.1690375e-03   1.9151377e-03   6.2869529e-01   2.1802792e-01
   6.2067831e-01   2.3793846e-05   3.1815033e-03   4.9333865e-03   1.2607368e-03   3.2603207e-05   1.3493212e-03   2.1092397e-03   9.4479731e-03   4.3503714e-03   5.5644522e-04   8.0061810e-04   0.0000000e+00   1.8602561e-04   3.5401857e-03   1.8621631e-03   1.6104799e-03   3.3570138e-03   1.3524563e-03   1.4454714e-04   9.4820691e-05   4.0285668e-03   5.3283569e-05   7.2549529e-06   2.1765051e-03   3.6715673e-04   6.1536856e-04   7.6498189e-03   1.6168278e-03   5.1113737e-03   6.2067831e-01   2.2383252e-01
   6.0571542e-01   1.1867634e-03   2.7717430e-04   2.8380003e-03   1.8389233e-03   2.3780248e-05   1.9601569e-05   2.2520832e-03   1.0799911e-02   0.0000000e+00   3.8402684e-04   5.1090586e-04   2.2305699e-04   1.7997708e-04   1.2260048e-03   3.0399339e-03   2.6010917e-03   1.5775714e-03   4.5933946e-04   3.1873108e-04   6.5422473e-05   8.4849641e-03   3.5494314e-04   0.0000000e+00   1.4376615e-03   0.0000000e+00   3.7016591e-04   7.3992559e-03   1.2579485e-05   9.8489047e-04   6.0571542e-01   2.3100904e-01
   5.9341218e-01   2.5695440e-06   2.3706350e-03   4.2380054e-03   3.1760811e-04   2.8046171e-05   9.7144848e-04   6.9426890e-04   1.3376974e-02   2.8561759e-03   4.0861442e-04   6.6534963e-04   2.0147633e-04   5.7264444e-07   1.0618946e-03   2.3897408e-03   2.5874834e-03   3.4325234e-03   1.7169147e-03   0.0000000e+00   1.8885000e-04   7.2400792e-03   0.0000000e+00   7.4674303e-06   2.6759825e-03   6.1033672e-04   7.8863482e-04   7.5653060e-03   5.3363671e-04   2.3663856e-03   5.9341218e-01   2.4101428e-01
   5.8178479e-01   8.8960056e-04   3.0638778e-04   3.0177356e-03   1.8294541e-03   2.3822935e-05   0.0000000e+00   1.8847594e-03   8.6216852e-03   9.2744678e-05   3.6764658e-04   5.1415654e-04   5.4398636e-04   1.8105368e-04   1.2529095e-03   2.9411726e-03   2.2606502e-03   1.1056111e-03   4.4593367e-04   3.0805269e-04   7.8304144e-05   8.6233079e-03   3.5580975e-04   1.1616599e-06   1.4311645e-03   1.4341585e-04   3.9850141e-04   7.4402907e-03   1.0265272e-04   1.0948463e-03   5.8178479e-01   2.4615205e-01
   5.7557776e-01   1.3424134e-04   4.1840811e-03   6.1794041e-03   1.2629794e-03   1.9921048e-05   4.1087724e-04   0.0000000e+00   1.3912339e-02   3.0805055e-03   0.0000000e+00   6.6670352e-04   1.4866210e-05   2.2290828e-05   2.9473226e-03   2.1423868e-03   1.7576418e-03   4.9900435e-03   0.0000000e+00   7.0690208e-05   7.2336083e-06   4.2844386e-03   5.4175364e-05   7.1429616e-06   1.4755659e-03   9.3660041e-04   6.5484151e-04   7.5456179e-03   0.0000000e+00   2.1165376e-03   5.7557776e-01   2.5270415e-01
   5.6130844e-01   7.9814137e-05   5.2081960e-04   4.2162692e-03   3.2604862e-03   2.3092505e-05   1.0926539e-03   2.6660292e-04   0.0000000e+00   5.5874061e-03   2.9869708e-04   7.1820392e-04   2.0086434e-03   3.6890732e-06   3.5241108e-03   2.1582931e-03   1.3472410e-03   2.6320180e-03   7.1799142e-04   0.0000000e+00   1.1559263e-04   1.2148973e-02   2.1416628e-04   2.6941318e-06   5.5736923e-04   5.4590620e-04   6.6629100e-04   7.6412516e-03   4.1376974e-04   1.7192253e-03   5.6130844e-01   2.6100546e-01
   5.5168374e-01   2.6951847e-04   0.0000000e+00   4.2552273e-03   3.2244140e-03   5.1552644e-05   8.9684712e-04   0.0000000e+00   0.0000000e+00   5.8871346e-03   3.0305810e-04   7.0954157e-04   2.6093197e-03   0.0000000e+00   3.4709624e-03   7.9891436e-04   1.3516439e-03   2.2142186e-03   7.1285647e-04   4.5931751e-05   8.2138529e-05   1.0544424e-02   2.9167327e-04   3.0515009e-06   0.0000000e+00   4.8277508e-04   9.8986159e-05   7.8792102e-03   9.4117210e-04   1.3925668e-03   5.5168374e-01   2.6673193e-01
   5.3931579e-01   8.7338283e-05   1.3008920e-04   4.0944483e-03   1.6845142e-03   1.9227265e-05   1.3492196e-03   1.8271479e-04   1.6204359e-03   4.1396569e-03   4.4816806e-04   7.2992571e-04   1.5359508e-03   6.2736892e-08   2.7689252e-03   2.5310677e-03   5.5638284e-05   3.5229721e-03   5.7243982e-04   7.6986481e-05   1.4044121e-04   1.0536164e-02   3.6165575e-04   4.5162000e-06   1.5125987e-03   6.0289339e-04   6.7418174e-04   7.6075559e-03   5.3751293e-04   1.7313712e-03   5.3931579e-01   2.7531393e-01
   5.2929145e-01   1.1230887e-04   1.6565176e-04   3.7152005e-03   1.3848760e-03   1.4324793e-05   1.3945014e-03   8.5035950e-04   2.0939168e-03   3.8341669e-03   2.7304750e-04   7.8309278e-04   1.0684387e-03   3.5605800e-05   2.5564113e-03   2.5001737e-03   5.8990003e-05   3.4449033e-03   6.7811008e-04   6.7352503e-05   1.0459445e-04   1.1366157e-02   3.6193313e-04   0.0000000e+00   1.8527678e-03   6.8747863e-04   0.0000000e+00   7.7751985e-03   4.4481025e-04   1.7343194e-03   5.2929145e-01   2.8224301e-01
   5.1781579e-01   8.8988316e-05   4.8047483e-04   4.2249163e-03   3.2613765e-03   4.4357306e-05   9.5486240e-04   0.0000000e+00   3.6274601e-04   5.7781743e-03   3.0158090e-04   7.2160928e-04   2.5702860e-03   0.0000000e+00   3.4344940e-03   2.1535403e-03   1.4717519e-03   2.6625409e-03   1.0515254e-03   5.4960185e-05   8.8422945e-05   1.1778926e-02   2.1977226e-04   3.0422369e-06   2.3458901e-04   5.1840750e-04   8.3091866e-05   7.7143143e-03   8.6003306e-04   1.4362769e-03   5.1781579e-01   2.9087138e-01
   5.1133727e-01   0.0000000e+00   0.0000000e+00   4.7201638e-03   1.3389093e-03   2.2465489e-05   8.1708678e-04   6.8681146e-05   2.5907382e-03   5.8855304e-03   2.0574429e-04   7.7368184e-04   4.2951145e-05   0.0000000e+00   2.3714403e-03   9.3623057e-04   1.2129997e-03   4.3915381e-03   9.0571986e-04   0.0000000e+00   0.0000000e+00   8.1157226e-03   1.3991095e-04   0.0000000e+00   6.3136353e-04   5.2842617e-04   5.3982437e-04   7.8539702e-03   0.0000000e+00   2.0396879e-03   5.1133727e-01   2.9413784e-01
   5.0131887e-01   6.5924818e-05   7.3044448e-04   4.7828369e-03   1.7499158e-03   2.1945289e-05   8.5450213e-04   1.2230337e-04   2.6056599e-03   6.6614119e-03   2.9421206e-04   7.6963032e-04   8.0976059e-07   3.1019634e-07   2.7123798e-03   9.8809324e-04   1.2176367e-03   2.0674933e-03   1.2205247e-03   0.0000000e+00   1.3040451e-04   7.8987011e-03   1.4305767e-04   0.0000000e+00   0.0000000e+00   4.9713648e-04   6.2599894e-04   8.2961426e-03   0.0000000e+00   2.1398493e-03   5.0131887e-01   3.0132131e-01
   4.9486164e-01   1.6926709e-04   1.2386669e-03   2.9010121e-03   1.6926167e-03   1.8962142e-05   6.7383954e-04   1.4673238e-03   5.0181851e-03   7.3257508e-03   9.2666431e-05   7.8894050e-04   2.6118573e-07   0.0000000e+00   6.5526414e-03   2.2028022e-03   1.1146477e-03   2.8490157e-03   8.2277861e-04   1.0617123e-04   1.5086147e-04   7.0541894e-03   1.2655496e-04   2.9641867e-04   1.6324994e-03   8.8806136e-04   1.0205527e-03   8.9978330e-03   1.5459345e-04   2.0269635e-03   4.9486164e-01   3.0810852e-01
   4.8149636e-01   2.1708151e-04   7.4931512e-04   4.4301670e-03   1.7560403e-03   2.7618149e-05   9.0352587e-04   0.0000000e+00   3.0872226e-03   5.6545223e-03   2.9761764e-04   8.4981394e-04   0.0000000e+00   3.9911377e-04   2.9866914e-03   2.0322233e-03   1.3202802e-03   2.5600228e-03   6.9696757e-05   0.0000000e+00   1.2507899e-04   9.5717148e-03   0.0000000e+00   5.0632490e-04   9.5147132e-04   8.5382302e-04   6.9735834e-04   8.3561726e-03   2.0191374e-04   2.4915573e-03   4.8149636e-01   3.1647800e-01
   4.7439941e-01   1.0854854e-03   1.1643518e-02   5.0146758e-03   1.4369905e-04   1.7612861e-05   3.8265706e-04   1.1016609e-04   9.3695254e-03   6.8925517e-03   6.2159011e-04   3.1544134e-03   4.6163509e-03   2.5028207e-03   0.0000000e+00   1.7818595e-04   8.5080204e-04   0.0000000e+00   3.4929020e-05   9.0781158e-04   6.1188822e-04   1.7133452e-03   2.9136525e-03   0.0000000e+00   3.1833095e-03   4.3240049e-03   4.1213085e-05   0.0000000e+00   1.2950087e-02   1.8146037e-03   4.7439941e-01   3.2655571e-01
   4.6689740e-01   1.9887059e-04   8.7880976e-03   2.9395247e-03   3.5424149e-03   2.9130594e-05   3.5065948e-04   9.9578210e-04   2.3815585e-03   3.2696318e-03   4.5975584e-04   8.2604899e-05   7.8414794e-03   1.4219672e-02   9.9963561e-04   7.7095350e-04   3.1602933e-03   1.1676551e-02   4.7931686e-03   0.0000000e+00   3.5991872e-03   0.0000000e+00   1.5943295e-04   0.0000000e+00   2.2453612e-03   4.7579946e-03   2.1861942e-04   7.1084925e-04   6.0808679e-04   1.1530476e-03   4.6689740e-01   3.3308856e-01
   4.5802851e-01   7.8358027e-04   1.4576866e-02   7.5941300e-04   1.3907752e-03   3.0951253e-05   1.6651892e-04   1.3599069e-03   7.4100134e-03   2.3579719e-03   1.7330706e-05   3.4811070e-04   5.7564009e-03   8.0572685e-03   1.7843636e-03   3.2074585e-04   2.2413927e-03   8.9544942e-03   4.2825329e-03   2.0310523e-04   9.2713630e-04   1.1083058e-03   4.9993335e-04   1.1121409e-03   2.8253056e-03   6.1965865e-03   3.6439861e-05   2.8652559e-03   0.0000000e+00   1.5189562e-03   4.5802851e-01   3.3926414e-01
   4.4982713e-01   7.1942852e-04   1.4581385e-02   9.3843842e-04   1.2149663e-03   3.2699584e-05   2.1116062e-04   1.3819818e-03   6.8067278e-03   2.0278478e-03   0.0000000e+00   5.1985046e-04   5.6797919e-03   7.8911595e-03   1.3465361e-03   5.0978582e-04   2.2375946e-03   1.0139288e-02   4.1842501e-03   1.8925979e-04   3.4759260e-04   0.0000000e+00   4.8926716e-04   1.3818768e-03   2.6447542e-03   4.6231813e-03   6.4015660e-06   3.3570118e-03   3.2624060e-04   1.4858767e-03   4.4982713e-01   3.4488069e-01
   4.4033987e-01   7.3659334e-04   5.4484286e-04   9.4617469e-03   4.3700206e-05   0.0000000e+00   8.7944255e-04   7.6336818e-03   6.3316192e-03   5.0450029e-03   3.2395069e-03   8.9609677e-04   7.9555131e-03   1.0987610e-02   6.6996752e-04   1.3413050e-03   4.2322234e-06   4.9647149e-04   2.6411304e-03   3.8051294e-04   2.1747200e-05   4.1635900e-03   4.3290764e-04   2.7319929e-03   5.7538925e-03   1.9635086e-03   1.8828164e-03   5.9633734e-03   2.0048880e-05   2.1850626e-03   4.4033987e-01   3.5397921e-01
   4.2553564e-01   6.2144084e-04   1.0424504e-02   2.1987837e-04   8.6492720e-04   2.3863026e-05   2.0403264e-04   1.5229146e-03   6.1732536e-03   1.8364772e-03   1.1288844e-04   5.3295866e-04   5.6895553e-03   6.6806418e-03   1.2101484e-03   4.9112718e-04   2.2303899e-03   9.4374620e-03   4.1890984e-03   1.7038913e-04   0.0000000e+00   3.7498606e-05   5.1047274e-04   2.3650030e-03   2.8302756e-03   3.9910252e-03   0.0000000e+00   3.6331067e-03   1.8597238e-03   2.4654921e-03   4.2553564e-01   3.6241468e-01
   4.2280889e-01   5.9142575e-04   6.5739993e-05   6.9083568e-03   1.5527190e-04   0.0000000e+00   4.1565870e-04   1.7979224e-02   3.2698599e-03   5.6682979e-03   3.1013915e-03   9.4331051e-04   7.7084610e-03   9.7995915e-03   9.5493785e-04   1.2481852e-03   1.4989282e-04   1.5589889e-03   2.7162897e-03   5.7376621e-04   0.0000000e+00   4.5912912e-03   3.0724698e-04   2.1799851e-03   3.9662867e-03   2.4989142e-03   2.1784598e-03   6.1877842e-03   7.4934827e-06   1.6947367e-03   4.2280889e-01   3.6813140e-01
   4.0988411e-01   1.0035441e-03   1.7817020e-04   7.5233089e-03   0.0000000e+00   2.0670451e-05   2.3963277e-04   8.2045975e-03   0.0000000e+00   5.0042880e-03   3.2195219e-03   1.6233159e-03   5.0986162e-03   1.2238775e-02   1.7277052e-03   1.0597970e-03   1.8570021e-04   0.0000000e+00   3.4846155e-03   1.9590103e-04   6.5918664e-05   2.3600051e-03   9.1683731e-04   4.5997686e-03   3.8119607e-03   1.1574570e-03   1.0730392e-03   9.8633571e-03   2.1604830e-03   7.2531456e-04   4.0988411e-01   3.7622774e-01
   4.0095475e-01   6.7355419e-04   0.0000000e+00   5.9797440e-03   1.3419376e-03   4.8404032e-06   4.9176756e-04   7.2261655e-03   0.0000000e+00   6.2185798e-03   2.3478537e-04   1.8482881e-03   6.9320627e-03   3.4393583e-03   1.9411686e-03   1.5281902e-03   4.2229976e-04   2.1387885e-03   2.7063491e-03   9.0426782e-05   0.0000000e+00   4.2429061e-03   7.5011822e-04   3.4868319e-03   3.9263037e-03   4.0234287e-03   2.3340193e-03   5.3280867e-03   3.4398802e-06   0.0000000e+00   4.0095475e-01   3.8110069e-01
   3.9109427e-01   8.9389766e-04   0.0000000e+00   6.2292463e-03   1.3684733e-03   4.9441967e-06   5.4796046e-04   8.6618585e-03   5.8013372e-04   6.6385336e-03   7.2433890e-05   1.6570934e-03   6.9252285e-03   3.2401205e-03   2.6547233e-03   1.6474712e-03   2.0013705e-04   2.1466168e-03   2.7506589e-03   1.9905774e-04   1.2974393e-04   4.1134807e-03   7.2708881e-04   3.6456966e-03   3.6841039e-03   3.2857468e-03   1.5445956e-03   5.5835711e-03   3.1026277e-06   2.6181252e-05   3.9109427e-01   3.8941283e-01
   3.8619833e-01   1.1518286e-03   1.5165487e-03   6.2909601e-03   5.0101340e-04   4.7680183e-06   1.0238945e-03   6.6047900e-03   0.0000000e+00   9.6632868e-03   0.0000000e+00   1.4186686e-03   4.9441636e-03   1.4143858e-03   3.0677512e-03   1.2137544e-03   2.3896306e-04   1.7508190e-03   3.7320419e-03   2.6348930e-04   2.5568718e-04   9.3275914e-03   8.7838579e-04   3.8296773e-03   4.4326842e-03   2.2379123e-03   1.5569658e-03   4.5454678e-03   0.0000000e+00   0.0000000e+00   3.8619833e-01   3.9396262e-01
   3.7577749e-01   8.9012350e-04   2.2753803e-05   6.8437976e-03   4.5879807e-04   3.2917954e-06   4.3648689e-04   7.0051876e-03   0.0000000e+00   6.3521153e-03   3.7096014e-05   1.3051912e-03   6.9959896e-03   7.1481060e-04   2.8440339e-03   1.6342969e-03   1.5586753e-04   3.1955797e-03   3.4499351e-03   2.2767926e-04   1.4514777e-04   7.0753289e-03   9.9779754e-04   4.1305699e-03   4.6643259e-03   3.2705124e-03   2.2295709e-03   3.2949203e-03   3.4861585e-04   8.5907228e-05   3.7577749e-01   4.0183839e-01
   3.5873766e-01   9.4745622e-04   9.3445471e-04   8.2491937e-03   4.3518265e-04   6.0186639e-06   4.9770674e-04   5.1330177e-03   0.0000000e+00   5.8326963e-03   4.8847475e-04   2.0831824e-03   6.7046320e-03   2.1609715e-03   8.2748043e-04   1.7335664e-03   0.0000000e+00   9.9189631e-04   3.6821172e-03   1.2898683e-04   1.4201653e-04   5.9290908e-03   8.5202012e-04   3.7634716e-03   3.9373782e-03   3.1691700e-03   0.0000000e+00   5.8895172e-03   1.6053948e-03   2.4351633e-03   3.5873766e-01   4.1599174e-01
   3.5027841e-01   1.4726693e-04   0.0000000e+00   4.5406233e-03   1.4861453e-04   9.0204160e-07   9.3260732e-05   1.2074295e-03   2.2028513e-04   8.2290376e-04   2.6169634e-03   1.7703395e-03   0.0000000e+00   4.9847628e-05   6.7803570e-03   7.7231790e-04   2.7180523e-05   4.4915741e-03   1.7276053e-04   5.9430007e-04   1.6572133e-03   1.8765288e-03   0.0000000e+00   1.0431682e-02   1.6190151e-03   0.0000000e+00   3.9051855e-03   2.2032462e-03   1.0303377e-02   6.8532650e-03   3.5027841e-01   4.2201795e-01
   3.4224050e-01   3.0952327e-04   0.0000000e+00   4.8053145e-03   1.4565860e-04   5.6853532e-07   0.0000000e+00   1.4254294e-04   1.7844180e-04   1.2862244e-03   2.6939791e-03   1.8485103e-03   0.0000000e+00   0.0000000e+00   6.7817446e-03   7.8223225e-04   0.0000000e+00   4.2150928e-03   1.7270463e-04   6.0782293e-04   1.2773591e-03   2.0821269e-03   4.4053830e-05   1.1234698e-02   9.5048815e-04   4.2725665e-04   3.8538166e-03   2.3529591e-03   1.0279692e-02   5.9144668e-03   3.4224050e-01   4.2871209e-01
   3.3391448e-01   3.3189391e-05   7.0544095e-04   4.4250463e-03   1.1532758e-04   5.4031497e-08   1.3768256e-04   3.1104005e-04   3.1216674e-04   3.3598624e-03   9.7721997e-04   5.2132057e-04   8.6648971e-03   0.0000000e+00   1.5984246e-04   6.9892952e-04   2.2700355e-03   7.1153082e-03   2.8528657e-03   6.1794020e-04   2.4955241e-03   1.0904279e-03   1.5339655e-04   8.4609739e-03   0.0000000e+00   1.3417226e-05   3.1217514e-03   1.7048223e-03   8.9018378e-03   5.9177236e-03   3.3391448e-01   4.3655041e-01
   3.2672065e-01   1.0281941e-04   7.1205048e-04   4.4072133e-03   1.1693223e-04   0.0000000e+00   1.3786815e-04   3.1024034e-04   3.6107487e-04   3.0344684e-03   1.1327014e-03   6.2809682e-04   5.7338572e-03   0.0000000e+00   0.0000000e+00   6.3887296e-04   2.1657529e-03   6.7768223e-03   2.9705951e-03   6.0738367e-04   2.5157596e-03   1.0430788e-03   1.9980017e-04   8.4836330e-03   0.0000000e+00   0.0000000e+00   3.2740402e-03   1.7433097e-03   8.6573323e-03   5.8946087e-03   3.2672065e-01   4.4209536e-01
   3.1911981e-01   3.1404384e-04   2.7137063e-06   4.9424072e-03   2.0768604e-04   6.0771580e-07   1.4272282e-04   1.3152266e-04   1.2261987e-04   1.9045386e-03   1.4473039e-03   1.8575457e-03   0.0000000e+00   0.0000000e+00   6.2738938e-03   7.4500968e-04   0.0000000e+00   2.9621908e-03   1.2490635e-04   6.7258156e-04   1.2931182e-03   2.3470790e-03   0.0000000e+00   1.1697994e-02   7.7768683e-04   6.1506050e-04   3.6988830e-03   2.6740005e-03   1.0238519e-02   5.9126303e-03   3.1911981e-01   4.4872604e-01
   3.1150905e-01   3.0356254e-04   1.8615163e-05   4.9707389e-03   2.4114001e-04   5.9040068e-07   0.0000000e+00   8.5889171e-05   9.6698460e-05   1.3146616e-03   1.9375705e-03   2.0771289e-03   0.0000000e+00   2.1053641e-05   5.4457554e-03   7.0090818e-04   1.3360070e-03   3.7449024e-03   2.6375290e-04   6.7460492e-04   1.0398891e-03   2.0906848e-03   2.5562846e-05   1.0171214e-02   7.9225705e-04   6.0084032e-04   3.9835104e-03   2.4531013e-03   1.0370431e-02   5.9777652e-03   3.1150905e-01   4.5548421e-01
   3.0253242e-01   2.4457243e-04   2.4215740e-04   5.3724525e-03   0.0000000e+00   0.0000000e+00   0.0000000e+00   1.7016142e-03   1.4607290e-04   0.0000000e+00   5.1690903e-03   4.5841380e-04   3.5006203e-03   0.0000000e+00   3.1361028e-03   4.9863268e-04   1.1012374e-03   4.6717128e-03   1.3910814e-03   6.1006548e-04   1.7682759e-03   1.3257292e-03   1.5849039e-04   5.8592287e-03   0.0000000e+00   3.7602158e-04   3.8126289e-03   4.1795760e-03   9.1657649e-03   7.1785626e-03   3.0253242e-01   4.6396083e-01
   2.9565831e-01   4.3591321e-04   1.0902037e-03   4.7715086e-03   1.5936627e-06   8.2328848e-07   3.5040309e-05   0.0000000e+00   7.4439083e-05   1.3638239e-03   1.8037915e-03   9.3379615e-04   4.0303063e-03   1.9663336e-05   4.1762530e-03   5.3789553e-04   7.2937505e-03   4.3145567e-03   3.9744203e-04   6.6060121e-04   1.9159921e-03   1.0945700e-03   0.0000000e+00   6.3849585e-03   9.6900167e-04   2.7142832e-04   3.3955993e-03   0.0000000e+00   9.7373615e-03   5.6261337e-03   2.9565831e-01   4.7013992e-01
   2.8717858e-01   4.0667782e-04   2.4020534e-03   5.5036413e-03   0.0000000e+00   6.1526630e-07   5.1218630e-06   1.2302599e-03   1.7179355e-04   8.1412818e-04   2.3356968e-03   6.2668321e-04   5.1086118e-03   1.2553026e-03   5.6321320e-03   4.6890585e-04   3.1276017e-03   3.5495954e-03   9.1217427e-05   6.7400278e-04   1.9320827e-03   1.3589534e-03   1.8656067e-05   5.8128892e-03   9.0954423e-04   3.4907010e-04   3.2565144e-03   0.0000000e+00   1.1953621e-02   4.5510896e-03   2.8717858e-01   4.7857242e-01
   2.7712543e-01   2.5470289e-04   7.1162847e-05   4.9857861e-03   1.0099202e-04   9.1800957e-07   2.9406344e-03   8.0941907e-04   8.5506044e-05   1.5605867e-04   4.0573761e-04   1.5290133e-03   3.0746272e-03   0.0000000e+00   4.9928469e-03   3.9135146e-04   0.0000000e+00   3.5409807e-03   1.3181544e-03   7.3256589e-04   1.1119286e-03   1.3911824e-03   1.3007272e-04   7.0187851e-03   3.6595333e-04   3.2633488e-04   3.0816771e-03   1.2461541e-03   7.0242578e-03   5.9011170e-03   2.7712543e-01   4.8570672e-01
   2.7117006e-01   2.7102036e-04   6.2519798e-05   5.0463175e-03   3.1251783e-06   9.8274628e-07   9.7996454e-04   8.7878349e-04   9.0416661e-05   1.9453141e-04   4.0149048e-04   1.5549013e-03   3.1252938e-03   0.0000000e+00   4.8469688e-03   4.3106028e-04   0.0000000e+00   3.4821409e-03   1.3139545e-03   7.3215698e-04   1.1288137e-03   1.4827542e-03   1.1463521e-04   7.0578378e-03   1.1257063e-04   8.2746158e-05   3.0985142e-03   1.2023190e-03   8.4733980e-03   5.9114366e-03   2.7117006e-01   4.9123157e-01
   2.6538815e-01   3.5563866e-04   0.0000000e+00   4.7333086e-03   7.4116299e-05   5.7432339e-07   1.0769784e-04   3.0478447e-04   3.6321062e-05   1.6834077e-03   2.7716332e-03   1.9142699e-03   2.8287620e-03   0.0000000e+00   5.0835613e-03   2.7566211e-04   5.3580829e-04   3.8676134e-03   1.3636164e-03   6.5528659e-04   1.8304889e-03   1.5361965e-03   1.8691978e-05   8.2291369e-03   9.9104973e-04   6.8322818e-04   4.4173085e-03   1.4361302e-03   1.0328941e-02   5.7895540e-03   2.6538815e-01   4.9911641e-01
   2.5732922e-01   2.1124579e-04   0.0000000e+00   4.4671044e-03   9.1842710e-08   0.0000000e+00   2.3125139e-04   0.0000000e+00   7.4847836e-05   1.7497685e-03   4.9474544e-03   1.5710105e-03   1.0991928e-03   2.2162947e-04   4.3220187e-03   2.3133646e-04   1.5381568e-03   3.9472654e-03   1.3120500e-03   7.2967570e-04   9.5005637e-04   1.5457429e-03   1.2657113e-05   7.0836009e-03   1.0759081e-03   6.0601751e-04   2.9269075e-03   1.9090674e-03   1.0979113e-02   5.9411535e-03   2.5732922e-01   5.0656994e-01
   2.4837849e-01   3.0498234e-04   1.2124970e-05   5.4783495e-03   5.3812124e-04   3.2874602e-07   9.6017847e-05   4.1555592e-05   5.9050459e-05   1.4671286e-03   2.2438768e-03   1.6540266e-03   3.8568909e-04   1.0583872e-04   4.2586056e-03   2.7299108e-04   1.4160704e-03   4.0988408e-03   1.3330732e-03   7.1526557e-04   1.5932139e-03   1.8614278e-03   9.7556469e-05   7.2484288e-03   1.0142526e-03   8.1801585e-04   4.6142476e-03   1.4944388e-03   1.1165739e-02   5.9598016e-03   2.4837849e-01   5.1570777e-01
   2.4003104e-01   3.1568672e-04   0.0000000e+00   4.6850359e-03   1.7187402e-04   0.0000000e+00   7.6295783e-05   0.0000000e+00   7.4136091e-05   1.6540426e-03   2.5278935e-03   1.7539826e-03   1.0884145e-03   0.0000000e+00   5.0410950e-03   2.2847184e-04   1.4087061e-03   4.1030387e-03   1.3166590e-03   7.3183391e-04   1.4037907e-03   1.6229286e-03   0.0000000e+00   7.3488648e-03   9.7337024e-04   6.8035409e-04   3.9225918e-03   1.6802739e-03   1.0738737e-02   5.9171998e-03   2.4003104e-01   5.2402502e-01
   2.3300703e-01   3.1507104e-04   0.0000000e+00   4.6434239e-03   1.5120081e-04   2.0004047e-07   9.4437977e-05   2.1829396e-05   7.7927148e-05   1.2762242e-03   2.6374778e-03   1.7253533e-03   1.0969691e-03   7.3967041e-06   5.0675852e-03   2.2874188e-04   1.5684393e-03   3.8205195e-03   1.3196738e-03   7.3802923e-04   1.3267806e-03   1.6240616e-03   0.0000000e+00   7.4864700e-03   1.0564936e-03   5.7689970e-04   0.0000000e+00   1.6950010e-03   1.0152953e-02   5.7587394e-03   2.3300703e-01   5.3013310e-01
   2.2636352e-01   2.9883270e-04   1.4687326e-05   6.0097923e-03   2.4950821e-04   3.0568179e-07   1.5234222e-04   5.5109836e-04   7.9823157e-05   1.1574787e-03   1.2994710e-03   8.9128069e-04   1.2851930e-03   0.0000000e+00   4.0543735e-03   0.0000000e+00   1.2875828e-03   4.3430742e-03   1.3281185e-03   7.0202981e-04   1.9849226e-03   2.2748840e-03   9.0253895e-05   7.1881645e-03   9.1460037e-04   6.6868401e-04   5.9135910e-03   1.7784895e-03   1.1419108e-02   5.9420783e-03   2.2636352e-01   5.3888061e-01
   2.1938791e-01   2.3518013e-04   0.0000000e+00   4.9655800e-03   9.6742360e-04   2.4402093e-06   4.0697001e-06   9.0616632e-05   1.0362812e-04   4.1665078e-04   1.9295963e-07   1.8822024e-03   5.8662257e-04   2.8992522e-04   6.1671644e-03   2.4234910e-04   1.9608212e-03   5.8367490e-03   1.1955766e-03   6.6461886e-04   6.4756249e-04   1.6847459e-03   1.3884841e-04   8.0047751e-03   1.3857706e-03   2.8571646e-07   6.8070594e-03   1.8978285e-03   1.6277123e-02   6.1093542e-03   2.1938791e-01   5.4793306e-01
   2.1181650e-01   5.1575358e-04   3.0987907e-06   7.6092745e-04   2.4223337e-03   2.7378936e-08   6.3024288e-04   1.2407071e-03   0.0000000e+00   2.9144060e-03   1.3173910e-02   6.3449539e-05   8.9265021e-04   4.4733800e-03   2.1249173e-03   4.7017542e-05   2.2274894e-03   1.6557114e-03   1.1486369e-03   5.6185495e-04   4.3624438e-03   2.1686410e-05   1.0367450e-03   5.5116038e-03   1.6830510e-04   0.0000000e+00   8.5170924e-04   0.0000000e+00   1.1219841e-02   5.9321096e-03   2.1181650e-01   5.5506931e-01
   2.0455805e-01   6.4412838e-04   0.0000000e+00   0.0000000e+00   2.4629559e-03   0.0000000e+00   6.4589738e-04   1.5949006e-03   3.3166280e-05   4.6376716e-03   1.7963018e-02   4.3430699e-04   2.7574623e-03   2.6598019e-03   1.2640100e-03   1.3549013e-07   0.0000000e+00   2.1579913e-03   1.3726412e-03   7.2034608e-04   3.7498390e-03   1.7907727e-04   5.6309156e-04   5.8644188e-03   6.9746557e-04   0.0000000e+00   7.6028334e-04   2.1870128e-04   9.2028447e-03   6.0520877e-03   2.0455805e-01   5.6374657e-01
   1.9668279e-01   5.4970492e-04   0.0000000e+00   0.0000000e+00   2.4229171e-03   0.0000000e+00   5.8272198e-04   1.5819726e-03   2.7617827e-05   3.9264795e-03   1.6947470e-02   3.6189777e-04   2.6940223e-03   2.6914219e-03   1.2291340e-03   0.0000000e+00   0.0000000e+00   2.1793641e-03   1.3654262e-03   7.6506169e-04   2.5715283e-03   1.7805807e-04   6.3608656e-04   5.8137576e-03   7.0701363e-04   0.0000000e+00   7.9240433e-04   2.1917859e-04   9.0875251e-03   6.0529214e-03   1.9668279e-01   5.7184081e-01
   1.8935810e-01   6.1993870e-04   5.1090771e-05   0.0000000e+00   3.4445273e-03   6.5240912e-07   5.8115647e-04   1.1805578e-03   3.1411686e-05   4.2162134e-03   1.7700743e-02   0.0000000e+00   2.2017323e-03   2.4798713e-03   2.8573900e-03   4.2007887e-04   2.5854791e-04   3.1817247e-04   1.3666119e-03   9.2829685e-04   2.6999555e-03   0.0000000e+00   9.1663039e-04   5.0091610e-03   2.0958423e-04   2.2829863e-05   0.0000000e+00   0.0000000e+00   1.0902643e-02   5.9224076e-03   1.8935810e-01   5.8049167e-01
   1.8085020e-01   1.2152449e-04   1.7632958e-04   1.4274081e-03   9.1956119e-03   4.1925764e-06   2.4143477e-03   2.2042697e-03   1.4783724e-05   6.0917839e-03   9.8335188e-03   0.0000000e+00   1.8220445e-03   2.7223474e-03   1.5433323e-03   1.0911563e-04   4.9042858e-04   5.7147336e-04   1.3576036e-03   1.0509354e-03   4.8769676e-04   1.1437238e-04   3.0131762e-03   5.2342510e-03   0.0000000e+00   0.0000000e+00   1.2492575e-03   1.1389020e-04   1.6601550e-05   6.3612707e-03   1.8085020e-01   5.8886153e-01
   1.7369647e-01   1.8566256e-05   2.5107304e-04   6.2851611e-04   6.1610382e-03   4.4928898e-06   1.7952028e-03   1.5748630e-03   1.5077956e-05   5.8776353e-03   1.4993347e-02   2.7086486e-04   1.8286183e-03   2.8157621e-03   1.5781647e-03   2.2824140e-04   0.0000000e+00   0.0000000e+00   1.4283349e-03   6.4153355e-04   5.9582347e-04   8.0353719e-05   2.9265644e-03   5.2653191e-03   0.0000000e+00   8.2028160e-04   1.4482160e-03   0.0000000e+00   1.2248481e-05   6.1481143e-03   1.7369647e-01   5.9735101e-01
   1.6725294e-01   0.0000000e+00   1.4839997e-04   1.6522458e-03   4.1242443e-03   4.4147875e-06   1.6502528e-03   1.5977176e-03   0.0000000e+00   5.2992400e-03   1.2428768e-02   2.1676329e-04   1.4937850e-03   2.5797373e-03   2.8830941e-03   2.7317998e-04   4.3921253e-04   1.7772416e-03   1.4467633e-03   9.5451223e-04   2.6947275e-04   0.0000000e+00   3.6699623e-03   5.3076406e-03   9.4410750e-07   3.4307638e-06   5.8935441e-04   0.0000000e+00   0.0000000e+00   6.3766623e-03   1.6725294e-01   6.0467400e-01
   1.5973750e-01   1.9795697e-05   1.6340617e-04   1.2838263e-03   5.3776043e-03   4.1907455e-06   1.8966616e-03   1.9108462e-03   1.3309744e-05   5.8934189e-03   1.3656101e-02   1.5944165e-04   1.8243072e-03   2.8252787e-03   1.9194108e-03   1.9426916e-04   4.8749926e-04   4.1838513e-05   1.4462471e-03   9.8012148e-04   4.8385223e-04   8.0169009e-05   3.1828129e-03   5.2670220e-03   0.0000000e+00   0.0000000e+00   1.4717391e-03   3.2236641e-05   0.0000000e+00   6.3318723e-03   1.5973750e-01   6.1448527e-01
   1.5363193e-01   3.7408812e-04   1.3896272e-04   5.0431471e-04   3.6912248e-03   8.7390108e-06   1.2759899e-03   1.4765812e-03   4.6938537e-05   4.8478896e-03   3.9800180e-03   5.4346460e-04   2.6680907e-03   3.1670752e-03   1.0365158e-03   4.8238863e-04   5.1029406e-04   0.0000000e+00   1.4035541e-03   1.2981584e-03   2.2648258e-05   9.9484084e-05   3.0604182e-03   6.4325691e-03   1.1219109e-04   0.0000000e+00   0.0000000e+00   7.2832864e-05   8.0146565e-03   5.8580333e-03   1.5363193e-01   6.2081057e-01
   1.4601082e-01   0.0000000e+00   1.5446454e-05   6.3313987e-04   1.6678693e-03   3.1538380e-07   1.4761067e-03   1.3776469e-03   2.5496984e-04   3.8062803e-03   1.2348322e-02   2.0254108e-03   2.2061575e-03   4.5073072e-03   2.6956000e-03   4.3005059e-04   2.0840636e-03   7.8951159e-04   1.9210354e-03   0.0000000e+00   3.3842188e-03   0.0000000e+00   8.3653257e-04   2.9947351e-03   4.1295132e-04   2.5904801e-03   1.5675448e-03   0.0000000e+00   1.2970420e-02   5.8305992e-03   1.4601082e-01   6.3518698e-01
   1.3739590e-01   0.0000000e+00   1.5932572e-04   1.3053726e-03   1.9260355e-03   3.4517285e-08   8.6786354e-04   4.3052976e-03   9.0645825e-05   3.9039165e-03   9.7437756e-03   1.0725275e-03   0.0000000e+00   2.7899188e-03   2.7017270e-03   3.2695439e-05   9.4167923e-04   2.3341161e-03   1.6733477e-03   3.7979999e-04   7.4548086e-03   0.0000000e+00   1.1131023e-03   0.0000000e+00   3.9533968e-05   2.0701105e-03   1.0278355e-03   1.2938364e-03   6.4583272e-03   5.4893329e-03   1.3739590e-01   6.4430699e-01
   1.3200572e-01   0.0000000e+00   1.0849556e-04   0.0000000e+00   2.6261541e-03   3.9208150e-07   9.9532081e-04   2.9270188e-03   1.0252015e-04   3.6133908e-03   9.4693524e-03   1.4944847e-03   2.1643224e-03   4.2294027e-03   2.4610513e-03   4.0261340e-04   1.1074892e-03   1.8252458e-03   1.4862635e-03   4.4194628e-04   6.6604118e-03   2.4127908e-05   1.1302378e-03   0.0000000e+00   0.0000000e+00   3.0868299e-03   1.1172390e-03   1.5456730e-03   8.2358403e-03   5.7184608e-03   1.3200572e-01   6.5268463e-01
   1.2401617e-01   2.8375884e-05   1.1199497e-04   3.1387709e-04   2.5956021e-03   1.1120797e-08   9.1268647e-04   2.9652468e-03   9.1947368e-05   3.7451733e-03   9.6969274e-03   9.2715644e-04   0.0000000e+00   3.8828083e-03   2.4849361e-03   9.5156925e-06   1.0564966e-03   2.0376576e-03   1.5901203e-03   4.3969867e-04   7.2826466e-03   0.0000000e+00   1.0966281e-03   0.0000000e+00   6.0100284e-05   1.8475997e-03   9.7845637e-04   1.3151508e-03   6.7463680e-03   5.5591216e-03   1.2401617e-01   6.6262810e-01
   1.1743118e-01   1.1810890e-05   3.5374848e-04   1.8786799e-03   1.8251339e-04   4.0020743e-06   7.5153034e-04   5.4033350e-04   2.3104945e-05   5.0632232e-03   0.0000000e+00   4.3709352e-03   3.3642599e-03   6.3074662e-04   4.7580254e-03   9.1261449e-04   1.5069704e-04   8.9314360e-03   8.7466569e-04   4.5266306e-03   0.0000000e+00   6.5063253e-07   1.8327588e-03   3.9421687e-03   2.0279890e-03   1.3204538e-02   1.4670801e-03   1.7051979e-03   0.0000000e+00   6.6963592e-03   1.1743118e-01   6.7487712e-01
   1.0804493e-01   0.0000000e+00   3.8644604e-04   1.9817237e-03   9.9884183e-05   4.1168751e-06   6.4378920e-04   4.7018886e-04   2.0638463e-05   6.1918631e-03   3.0092172e-05   3.1864613e-03   4.2371832e-03   0.0000000e+00   4.4112206e-03   1.6680024e-03   4.5304011e-04   6.8883202e-03   8.8481460e-04   3.0585550e-03   0.0000000e+00   0.0000000e+00   1.8512180e-03   5.1761074e-03   2.5100578e-03   3.6385224e-03   1.3317707e-03   1.9096339e-03   2.2340865e-05   5.1338828e-03   1.0804493e-01   6.8588275e-01
   1.0231845e-01   1.3518493e-08   3.7032123e-04   1.9220601e-03   8.6118331e-05   3.9337078e-06   5.9367925e-04   5.1085803e-04   2.2093856e-05   5.5160247e-03   5.9028816e-08   3.7986849e-03   3.3079376e-03   4.7128554e-04   4.5513583e-03   1.6588087e-03   4.4118672e-04   7.4124196e-03   9.2432481e-04   2.8117262e-03   0.0000000e+00   5.7869836e-05   1.8220959e-03   5.2124315e-03   2.8962935e-03   3.7972658e-03   1.3864671e-03   1.9834131e-03   0.0000000e+00   7.8155570e-03   1.0231845e-01   6.9562033e-01
   9.4755703e-02   0.0000000e+00   7.2235536e-04   2.7136845e-03   0.0000000e+00   4.2310302e-06   2.3231135e-04   1.2378163e-04   3.2005561e-05   6.5798158e-03   3.4126248e-03   2.9404324e-03   3.8697479e-03   2.3810401e-03   4.2712795e-03   1.1752109e-03   5.1785545e-04   1.0733241e-02   1.0143177e-03   2.2087054e-03   0.0000000e+00   1.6339256e-04   2.0744599e-03   5.3103617e-03   2.3956037e-03   3.3376147e-03   6.9438126e-04   1.7951259e-03   7.5228689e-05   2.5091783e-03   9.4755703e-02   7.0828259e-01
   8.7543868e-02   0.0000000e+00   7.1858964e-04   2.9814068e-03   7.5788240e-08   4.2454224e-06   2.6005850e-04   1.3196704e-06   3.1126244e-05   5.9900001e-03   3.3579374e-03   2.6248238e-03   3.8158246e-03   2.4544309e-03   4.3028192e-03   1.2841248e-03   6.0862215e-04   1.1044807e-02   1.0151982e-03   1.6128245e-03   0.0000000e+00   1.2272219e-04   2.0552512e-03   5.2245372e-03   2.3933210e-03   4.6383441e-03   7.4917914e-04   1.7948725e-03   8.8563109e-05   4.1921767e-03   8.7543868e-02   7.2089240e-01
   7.9465340e-02   1.2616501e-05   4.9730510e-04   2.3164006e-03   2.1331416e-04   2.8296043e-06   6.2329410e-04   2.8942425e-04   2.8379920e-05   6.0817343e-03   0.0000000e+00   3.4451433e-03   3.6364507e-03   2.3756265e-03   4.2963440e-03   1.3628188e-03   8.1448124e-04   6.6673296e-03   9.7719092e-04   2.4482858e-03   9.6332481e-05   1.2696844e-04   1.9413384e-03   5.2983483e-03   3.0351625e-03   4.4870049e-03   8.6520493e-04   2.2096355e-03   3.8110851e-05   4.8172871e-03   7.9465340e-02   7.3384644e-01
   7.3003998e-02   1.8559703e-04   4.7343037e-04   2.3144126e-03   2.6412512e-04   2.4779820e-06   5.4955235e-04   2.8127505e-04   3.1840341e-05   6.6432471e-03   6.5930878e-05   3.5160653e-03   4.4414156e-03   4.7651250e-03   4.2295535e-03   1.3216017e-03   1.0506750e-03   6.3989104e-03   9.8894131e-04   2.3289599e-03   1.4714443e-04   4.7586721e-04   1.9218834e-03   5.7878230e-03   3.0277778e-03   5.3146153e-03   3.8880899e-04   2.3302909e-03   1.5274158e-04   4.5618504e-03   7.3003998e-02   7.4698922e-01
   6.5497347e-02   8.0143651e-04   2.7985929e-04   1.3394441e-03   7.8411211e-05   2.6593580e-06   6.6118924e-04   1.4767433e-04   2.1246364e-06   5.7468417e-03   5.8851157e-03   2.8489437e-03   1.8703382e-03   8.7880828e-03   4.7830604e-03   1.7608106e-03   0.0000000e+00   7.7802832e-03   9.8845043e-04   3.5364908e-03   0.0000000e+00   1.2078007e-04   1.9656162e-03   9.5090701e-03   2.0585626e-03   2.1033021e-02   8.4256255e-04   0.0000000e+00   2.7717659e-05   6.6018298e-03   6.5497347e-02   7.6831070e-01
   5.8174176e-02   5.1110827e-04   2.4167112e-04   1.3965746e-03   6.9289354e-06   2.6534369e-06   9.2405331e-04   1.5113135e-04   0.0000000e+00   9.3724657e-03   6.5736108e-03   2.5091500e-03   1.7390510e-03   1.2032974e-02   4.5410291e-03   1.3063939e-03   0.0000000e+00   5.5495650e-03   9.0733331e-04   3.8041469e-03   9.8836453e-06   1.1861937e-04   2.0626255e-03   8.7974282e-03   1.3679983e-03   2.2807619e-02   1.0959217e-03   1.1989500e-05   1.2051010e-06   6.6510588e-03   5.8174176e-02   7.8462151e-01
   5.0144667e-02   1.9387014e-03   3.5390098e-04   7.4989953e-04   0.0000000e+00   1.0901139e-05   0.0000000e+00   4.5278927e-04   1.6171824e-05   3.3349914e-03   4.9461915e-03   4.6676176e-03   0.0000000e+00   1.1021870e-02   1.5561914e-03   2.3489200e-03   6.8392887e-03   9.1102986e-03   9.9656605e-04   3.7462819e-03   0.0000000e+00   4.6240578e-04   1.4635715e-03   4.7916698e-03   1.4107394e-03   2.0345200e-02   2.5816456e-05   3.8024188e-03   0.0000000e+00   8.0737769e-03   5.0144667e-02   8.0157608e-01
   4.2206010e-02   0.0000000e+00   2.2704543e-04   1.9735095e-03   2.8977776e-05   4.7897136e-06   1.7436934e-04   1.6983350e-04   1.3061482e-05   4.2376297e-03   8.0589989e-03   7.2080398e-03   2.9481655e-04   1.8637934e-02   3.0976486e-03   1.3562423e-03   8.9121911e-04   5.8564642e-03   7.9605319e-04   3.9645074e-03   1.8692656e-03   0.0000000e+00   1.8207787e-03   6.5722833e-03   9.1276166e-04   1.5964936e-02   9.9725912e-04   1.1685483e-03   1.2445076e-03   8.3416621e-03   4.2206010e-02   8.2128159e-01
   3.4108562e-02   1.6739831e-05   2.0249842e-04   1.9771969e-03   2.2553732e-05   6.2444895e-06   2.0278939e-04   1.5624316e-04   1.0018277e-05   4.1185764e-03   6.1023797e-03   6.9333302e-03   9.4371672e-04   1.0326549e-02   3.1065945e-03   1.3709200e-03   8.9673402e-04   5.5130264e-03   8.0318223e-04   3.8995718e-03   2.0775929e-03   0.0000000e+00   1.7297374e-03   6.6124487e-03   1.1378762e-03   1.6035569e-02   9.7732280e-04   8.5279333e-04   1.4597397e-03   8.5580292e-03   3.4108562e-02   8.3957036e-01
   2.6303030e-02   2.4778698e-05   2.2044993e-04   2.0312462e-03   1.9935417e-05   6.1653377e-06   0.0000000e+00   1.7190891e-04   1.1400809e-05   4.0213037e-03   5.7428678e-03   6.9494618e-03   5.4239423e-05   7.3791132e-03   2.6533874e-03   1.3249296e-03   1.0266916e-03   4.4386097e-03   8.0261919e-04   3.7950261e-03   5.9146097e-03   7.5341672e-04   1.7274113e-03   5.7762593e-03   1.2438913e-03   1.5162257e-02   9.8334972e-04   8.6264091e-04   9.5019403e-04   8.6151999e-03   2.6303030e-02   8.6140491e-01
   1.7595885e-02   0.0000000e+00   2.5972294e-04   1.6921702e-03   2.7796242e-05   7.9395413e-06   2.9854750e-04   1.7645855e-04   1.4702579e-05   4.0929136e-03   5.8156744e-03   8.9796138e-03   0.0000000e+00   8.3968258e-03   3.1714924e-03   1.5919549e-03   1.0281830e-03   7.1995304e-03   8.5505781e-04   3.8987011e-03   2.6577567e-03   8.8151389e-04   1.7224049e-03   6.4558766e-03   1.2631331e-03   1.7243476e-02   1.3617377e-03   1.3556071e-03   1.6949338e-03   8.7705029e-03   1.7595885e-02   8.9370696e-01
   9.2725561e-03   8.1793526e-04   2.2050897e-04   1.4420536e-03   1.8707219e-05   7.4753607e-06   7.9935899e-05   2.5596473e-04   4.4692483e-06   4.4212691e-03   7.1551671e-03   7.2326817e-03   9.1342345e-03   9.7461975e-03   3.1246553e-03   1.2346918e-03   5.8563228e-04   6.6816199e-03   8.8730437e-04   3.2627042e-03   1.3794968e-03   3.7179413e-03   1.7705319e-03   6.1013746e-03   3.9197488e-04   1.3111600e-02   6.8865658e-04   0.0000000e+00   1.2837217e-03   7.7637367e-03   9.2725561e-03   9.3104699e-01
   0.0000000e+00   1.0314370e-03   2.3715517e-04   1.4894564e-03   0.0000000e+00   8.5620756e-06   3.1300291e-04   2.2391180e-04   6.1323927e-06   4.4901714e-03   5.5930980e-03   5.8833741e-03   7.8804472e-03   7.8172008e-03   3.6162338e-03   1.3450604e-03   0.0000000e+00   6.9215728e-03   8.9919029e-04   3.1151601e-03   1.3571252e-03   2.3930787e-03   1.8793040e-03   5.4164052e-04   9.3910134e-04   1.2439167e-02   1.2753813e-03   0.0000000e+00   1.5845447e-03   7.8177348e-03   0.0000000e+00   1.0251684e+00
