   1.0000000e+00   0.0000000e+00   4.4639011e-04   0.0000000e+00   0.0000000e+00   7.6221143e-03   3.8818035e-03   0.0000000e+00   7.4132082e-04   1.5990758e-03   6.6460330e-03   1.4517780e-02   3.9541728e-04   1.3748266e-02   1.5959488e-03   5.8670451e-03   5.3273683e-03   1.5709300e-03   0.0000000e+00   0.0000000e+00   0.0000000e+00   9.8371657e-03   0.0000000e+00   6.2328375e-04   0.0000000e+00   6.8779606e-04   2.9015471e-03   0.0000000e+00   6.0073267e-03   1.2475890e-02   1.0000000e+00   5.9021211e-02
   1.0000000e+00   0.0000000e+00   4.4639011e-04   0.0000000e+00   0.0000000e+00   7.6221143e-03   3.8818035e-03   0.0000000e+00   7.4132082e-04   1.5990758e-03   6.6460330e-03   1.4517780e-02   3.9541728e-04   1.3748266e-02   1.5959488e-03   5.8670451e-03   5.3273683e-03   1.5709300e-03   0.0000000e+00   0.0000000e+00   0.0000000e+00   9.8371657e-03   0.0000000e+00   6.2328375e-04   0.0000000e+00   6.8779606e-04   2.9015471e-03   0.0000000e+00   6.0073267e-03   1.2475890e-02   1.0000000e+00   5.9021211e-02
   9.9582687e-01   9.8721735e-04   0.0000000e+00   1.4535487e-03   3.4028403e-04   8.3329574e-03   2.4983739e-03   1.2896602e-04   7.0063879e-04   2.8150223e-03   4.5158435e-03   1.5023856e-02   9.5228134e-07   1.4209430e-02   0.0000000e+00   1.2428856e-02   9.0079906e-03   7.7777064e-04   0.0000000e+00   1.3299942e-05   0.0000000e+00   1.7092751e-02   0.0000000e+00   0.0000000e+00   0.0000000e+00   7.2265362e-04   2.0226427e-03   0.0000000e+00   6.0044305e-03   1.0642458e-02   9.9582687e-01   7.5035330e-02
   9.8705892e-01   4.6033480e-04   3.6287128e-04   0.0000000e+00   6.4281971e-04   7.9768039e-03   2.9458942e-03   1.3554709e-03   9.7520985e-04   4.7693409e-03   4.4978395e-03   1.6798598e-02   0.0000000e+00   1.3622497e-02   1.0937073e-03   5.1401042e-03   6.6823262e-03   6.7352892e-05   0.0000000e+00   1.8240842e-05   2.7806420e-04   1.0114675e-02   0.0000000e+00   5.2752317e-04   0.0000000e+00   7.1681544e-04   3.1343123e-03   0.0000000e+00   6.9193286e-03   1.4863297e-02   9.8705892e-01   8.8431513e-02
   9.8216598e-01   7.5380673e-04   0.0000000e+00   1.0490183e-03   1.6410383e-04   9.0755357e-03   2.6652678e-03   1.2380567e-03   8.7450319e-04   5.3090364e-03   5.6715046e-03   1.4745915e-02   0.0000000e+00   1.4623194e-02   0.0000000e+00   6.6473373e-03   6.7549344e-03   2.2725575e-05   0.0000000e+00   3.9329659e-05   0.0000000e+00   1.0732217e-02   0.0000000e+00   0.0000000e+00   0.0000000e+00   7.0746597e-04   3.4004013e-03   0.0000000e+00   7.5899515e-03   1.2181946e-02   9.8216598e-01   9.7932870e-02
   9.7299304e-01   8.0878996e-04   1.4490241e-03   2.3930466e-03   6.2745462e-04   2.0801168e-04   5.7862932e-03   1.0586287e-02   1.1588074e-04   8.2869424e-03   1.3543798e-04   4.5128673e-03   3.2964749e-03   2.0692152e-03   4.4432718e-05   3.2684918e-03   3.4909058e-03   1.0137237e-02   0.0000000e+00   1.6246775e-04   2.3194051e-03   0.0000000e+00   0.0000000e+00   5.6834278e-03   0.0000000e+00   5.0073989e-04   1.5463366e-02   0.0000000e+00   2.5825110e-03   1.0563830e-03   9.7299304e-01   1.0398691e-01
   9.6525174e-01   1.8957815e-03   0.0000000e+00   3.5859023e-03   6.5907252e-04   1.9171202e-06   6.4969323e-03   1.0932981e-02   1.3371610e-04   7.2834743e-03   1.1285380e-04   4.2251457e-03   3.3456074e-03   2.2905947e-03   2.4142567e-04   3.0795166e-03   3.5043316e-03   1.0385781e-02   0.0000000e+00   1.9119741e-04   2.3465584e-03   3.2224180e-05   0.0000000e+00   5.4981266e-03   0.0000000e+00   4.9250390e-04   1.5978429e-02   0.0000000e+00   2.3697369e-03   1.0327421e-03   9.6525174e-01   1.1926747e-01
   9.6249531e-01   2.0568528e-03   2.9025047e-05   6.2194072e-03   6.5469895e-04   0.0000000e+00   6.5871237e-03   1.4357215e-02   1.3140376e-04   7.4194866e-03   0.0000000e+00   4.7656820e-03   3.5799075e-03   4.0062723e-03   6.4243712e-05   3.7085202e-03   3.6917959e-03   9.7474591e-03   0.0000000e+00   1.6115230e-04   1.9948945e-03   6.4731368e-04   0.0000000e+00   6.3392868e-03   0.0000000e+00   4.6300766e-04   1.7761360e-02   0.0000000e+00   2.6389544e-03   7.1124091e-04   9.6249531e-01   1.3120696e-01
   9.5487484e-01   1.7652739e-03   0.0000000e+00   3.1813668e-03   6.8918181e-04   0.0000000e+00   9.2755023e-03   1.0662839e-02   7.2187648e-05   8.9626880e-03   0.0000000e+00   4.0872682e-03   3.7055009e-03   3.3782993e-03   1.9890171e-04   3.7386530e-03   3.3639045e-03   1.0935868e-02   0.0000000e+00   1.4477810e-04   2.3289730e-03   0.0000000e+00   0.0000000e+00   5.0808620e-03   0.0000000e+00   6.2200133e-04   1.4137950e-02   0.0000000e+00   2.3728337e-03   0.0000000e+00   9.5487484e-01   1.4017128e-01
   9.5252798e-01   1.7149622e-03   0.0000000e+00   3.1759470e-03   6.9184887e-04   0.0000000e+00   9.3352267e-03   1.0698427e-02   6.4718521e-05   8.9865314e-03   0.0000000e+00   4.0752636e-03   3.6735845e-03   3.5293503e-03   2.0979046e-04   3.7564366e-03   3.3649150e-03   1.1186401e-02   0.0000000e+00   1.1067356e-04   2.3215249e-03   0.0000000e+00   0.0000000e+00   5.1109264e-03   0.0000000e+00   7.2694648e-04   1.4108737e-02   0.0000000e+00   2.4116103e-03   0.0000000e+00   9.5252798e-01   1.4484452e-01
   9.4145291e-01   1.7139633e-03   9.1267975e-05   3.7360330e-03   6.5545903e-04   8.6624647e-07   6.0477851e-03   1.0822886e-02   2.2026339e-04   4.7102157e-03   6.3868469e-06   3.2307672e-03   3.6937934e-03   2.0224684e-03   7.8566593e-04   2.4179104e-03   3.3404675e-03   1.4174772e-02   0.0000000e+00   1.6953032e-04   2.3426536e-03   4.1458193e-04   0.0000000e+00   4.9894810e-03   0.0000000e+00   6.2264521e-04   1.3811092e-02   0.0000000e+00   1.8673476e-03   1.1192265e-03   9.4145291e-01   1.6168675e-01
   9.3470898e-01   4.1131308e-03   4.7564693e-03   0.0000000e+00   4.4588301e-04   1.7890672e-03   9.2318929e-03   1.2557773e-02   6.2906657e-05   2.6049285e-03   0.0000000e+00   1.4198008e-03   3.4750618e-03   0.0000000e+00   1.4920349e-03   1.5412591e-03   3.9396578e-03   4.8670815e-03   0.0000000e+00   8.3334827e-05   2.4380396e-03   4.0875827e-03   0.0000000e+00   7.3732939e-03   0.0000000e+00   5.5948038e-04   0.0000000e+00   0.0000000e+00   0.0000000e+00   2.9561922e-03   9.3470898e-01   1.6650272e-01
   9.2066891e-01   4.0518792e-03   8.2294385e-03   6.8893647e-04   7.0049036e-04   7.2050497e-04   8.8535419e-03   6.6545092e-03   3.7215308e-04   2.0594022e-03   0.0000000e+00   2.2755397e-04   4.6476154e-03   5.4501584e-04   1.5160810e-03   0.0000000e+00   0.0000000e+00   4.1868656e-03   0.0000000e+00   2.3155546e-04   1.0009310e-03   4.8502818e-04   0.0000000e+00   6.7678461e-03   0.0000000e+00   1.1834643e-04   2.9681516e-03   0.0000000e+00   0.0000000e+00   0.0000000e+00   9.2066891e-01   1.8367770e-01
   9.1426980e-01   4.0619339e-03   8.5112950e-03   6.7531884e-04   6.9058361e-04   7.1172972e-04   8.5529176e-03   6.6993135e-03   3.7510017e-04   1.8285959e-03   0.0000000e+00   2.5372439e-04   4.6899555e-03   5.4901486e-04   1.5283998e-03   4.9414601e-05   4.1432396e-05   0.0000000e+00   0.0000000e+00   2.3972834e-04   1.1416920e-03   1.0991913e-04   0.0000000e+00   7.2953581e-03   0.0000000e+00   5.3134697e-05   2.7972201e-03   0.0000000e+00   0.0000000e+00   4.3949697e-05   9.1426980e-01   1.9290597e-01
   9.0807007e-01   4.0670411e-03   8.9554076e-03   7.7459874e-04   6.2516771e-04   7.0314312e-04   9.2646629e-03   7.4980214e-03   3.5606518e-04   1.9401988e-03   0.0000000e+00   0.0000000e+00   4.5021747e-03   4.9862986e-04   1.7198089e-03   1.3560750e-04   0.0000000e+00   5.3227965e-03   0.0000000e+00   2.6089622e-04   8.3086077e-04   5.6835909e-04   0.0000000e+00   6.2342590e-03   0.0000000e+00   5.1874765e-04   2.2631807e-05   0.0000000e+00   9.8493064e-05   6.3968576e-05   9.0807007e-01   2.0629498e-01
   9.0333622e-01   4.1341386e-03   7.4711435e-03   6.8782778e-04   6.3173693e-04   5.6479425e-04   9.3966308e-03   7.6684083e-03   3.7638330e-04   4.8108754e-04   0.0000000e+00   0.0000000e+00   4.4217632e-03   5.3118534e-04   1.7484927e-03   0.0000000e+00   1.2567773e-04   5.3054923e-03   0.0000000e+00   2.5791720e-04   8.0243467e-04   6.7617299e-04   0.0000000e+00   6.2954119e-03   0.0000000e+00   4.7470224e-04   2.2961924e-04   0.0000000e+00   2.2893146e-04   4.3327800e-04   9.0333622e-01   2.1360527e-01
   8.9475648e-01   4.0637868e-03   8.9103180e-03   7.1665446e-04   6.2559742e-04   7.4612178e-04   9.2734484e-03   6.1716897e-03   3.6466073e-04   1.7435656e-03   0.0000000e+00   1.9184079e-05   4.7592914e-03   3.1085981e-04   1.8600861e-03   3.8916795e-04   0.0000000e+00   5.4745965e-03   0.0000000e+00   1.9517682e-04   4.8974551e-04   2.8869234e-04   0.0000000e+00   6.2565301e-03   0.0000000e+00   5.2149807e-04   4.0089287e-05   0.0000000e+00   9.0525317e-05   0.0000000e+00   8.9475648e-01   2.2898579e-01
   8.8935139e-01   4.0632625e-03   9.5449965e-03   5.7582007e-04   6.2841646e-04   7.1774130e-04   9.2893021e-03   5.5826634e-03   3.2940082e-04   1.8176749e-04   0.0000000e+00   8.1376753e-04   4.6875527e-03   1.7556449e-05   1.8284386e-03   1.0974033e-04   0.0000000e+00   4.1982144e-03   0.0000000e+00   1.9007151e-04   5.4131656e-04   2.8415632e-04   0.0000000e+00   6.2238266e-03   0.0000000e+00   4.4703958e-04   6.4925467e-04   0.0000000e+00   1.7158228e-04   0.0000000e+00   8.8935139e-01   2.3724701e-01
   8.8361803e-01   3.3500531e-03   8.2739335e-03   1.1027323e-03   8.4044157e-04   6.6204326e-04   9.2385179e-03   7.7439224e-03   3.5641925e-04   2.0087743e-03   0.0000000e+00   0.0000000e+00   4.2472622e-03   4.8751088e-04   1.6612165e-03   1.8244225e-04   0.0000000e+00   5.3414270e-03   0.0000000e+00   2.5470024e-04   1.5526339e-03   0.0000000e+00   0.0000000e+00   6.8174782e-03   0.0000000e+00   7.2991025e-04   0.0000000e+00   0.0000000e+00   6.0174894e-05   7.7918160e-04   8.8361803e-01   2.4976776e-01
   8.7535795e-01   4.5564662e-03   6.8413180e-03   8.1862847e-03   6.1300560e-04   8.5268803e-05   0.0000000e+00   8.5192689e-03   2.5134091e-04   3.4586234e-04   2.1384801e-04   0.0000000e+00   1.8123857e-03   1.9556957e-03   1.4240060e-03   1.2479117e-03   2.0862122e-03   8.7503186e-04   0.0000000e+00   7.5687071e-05   2.4036808e-03   3.5009692e-03   0.0000000e+00   6.5396274e-03   0.0000000e+00   5.8834972e-04   0.0000000e+00   0.0000000e+00   3.5453731e-05   4.0827636e-03   8.7535795e-01   2.6434707e-01
   8.7172032e-01   4.9449240e-03   5.2449660e-03   6.5526464e-03   6.1641437e-04   0.0000000e+00   5.0915299e-03   7.2762943e-03   3.4557702e-04   3.4481552e-03   1.7993765e-04   8.9033307e-04   7.8806131e-04   1.5903494e-03   1.3259589e-03   3.3028622e-03   2.0320233e-03   1.2713430e-03   0.0000000e+00   6.2056984e-05   2.2865822e-03   3.2206229e-03   0.0000000e+00   6.4645756e-03   0.0000000e+00   1.0457339e-03   1.1632469e-03   0.0000000e+00   0.0000000e+00   3.4037447e-03   8.7172032e-01   2.7398491e-01
   8.6237478e-01   2.9337193e-03   5.9096068e-03   1.2518185e-03   8.4526839e-04   2.1067699e-04   1.0230138e-02   2.2071076e-03   5.0550556e-04   1.8350235e-03   0.0000000e+00   1.1238006e-04   4.0790393e-03   0.0000000e+00   1.7758901e-03   8.6068768e-04   1.7232861e-04   6.1139043e-03   0.0000000e+00   2.0299916e-04   1.6301067e-03   0.0000000e+00   0.0000000e+00   6.7031705e-03   0.0000000e+00   7.7331237e-04   1.6607925e-03   0.0000000e+00   0.0000000e+00   9.7408824e-05   8.6237478e-01   2.8324990e-01
   8.5566030e-01   2.6560469e-03   6.6904619e-03   1.2118730e-03   9.1934880e-04   1.9056736e-04   9.7336462e-03   1.9383151e-03   4.8877562e-04   1.4097590e-03   0.0000000e+00   0.0000000e+00   4.0090143e-03   5.5138937e-04   1.7553303e-03   1.2569171e-04   1.8288148e-05   5.3153589e-03   0.0000000e+00   2.2175692e-04   1.4236198e-03   0.0000000e+00   0.0000000e+00   6.7125215e-03   0.0000000e+00   7.4648293e-04   0.0000000e+00   0.0000000e+00   9.2394019e-05   1.3547290e-05   8.5566030e-01   2.9254543e-01
   8.4820523e-01   4.8684262e-03   6.4717076e-03   2.2468717e-03   8.6102500e-04   0.0000000e+00   5.1733042e-03   8.8665449e-03   7.9056676e-04   2.3760539e-06   2.2920572e-04   3.0123387e-04   4.4021684e-03   1.5340444e-04   1.0951257e-03   0.0000000e+00   2.6351444e-03   4.6874579e-03   0.0000000e+00   2.5330073e-04   2.2731879e-03   2.3002174e-03   0.0000000e+00   4.9568068e-03   0.0000000e+00   3.2310266e-04   1.2532005e-03   0.0000000e+00   2.5227558e-04   3.9635344e-03   8.4820523e-01   3.1145843e-01
   8.4137540e-01   4.8859227e-03   6.8070883e-03   2.1923782e-03   8.4318293e-04   3.3155588e-05   5.6298074e-03   8.9465939e-03   4.0797320e-04   1.7997479e-04   2.2980787e-04   1.7741892e-04   4.2138845e-03   1.0921697e-03   1.3876834e-03   0.0000000e+00   2.6318279e-03   4.5730474e-03   0.0000000e+00   2.4246010e-04   2.3729423e-03   2.3005787e-03   0.0000000e+00   3.7496471e-03   0.0000000e+00   2.8857379e-04   9.0265661e-04   0.0000000e+00   2.4298575e-04   4.0665721e-03   8.4137540e-01   3.2281261e-01
   8.3644602e-01   4.9693064e-03   7.2107622e-03   2.2749112e-03   7.6564919e-04   7.1765418e-05   5.1082132e-03   8.8612405e-03   1.0172765e-04   7.9468475e-04   2.2766182e-04   0.0000000e+00   3.5121915e-03   1.8277034e-03   1.4074157e-03   0.0000000e+00   2.6115679e-03   4.3161302e-03   0.0000000e+00   1.9434362e-04   2.4956397e-03   2.5611356e-03   0.0000000e+00   7.9741263e-03   0.0000000e+00   4.6832521e-04   8.8057988e-05   0.0000000e+00   6.5872843e-05   4.3255306e-03   8.3644602e-01   3.3292888e-01
   8.2627742e-01   4.8773107e-03   9.2530227e-03   1.9206636e-03   2.6453695e-04   1.8839649e-06   5.6885915e-03   8.8925096e-03   3.6299505e-04   8.0326213e-06   2.2031143e-04   4.4745272e-04   3.7598885e-03   4.9964598e-04   1.4535572e-03   0.0000000e+00   2.6450703e-03   4.6615875e-03   0.0000000e+00   2.7474233e-04   2.2811088e-03   2.2631327e-03   0.0000000e+00   5.2626310e-03   0.0000000e+00   3.0926202e-05   9.4640102e-04   0.0000000e+00   3.6374528e-04   3.9865250e-03   8.2627742e-01   3.4855537e-01
   8.2411113e-01   0.0000000e+00   9.0948161e-03   1.7427530e-03   2.3797900e-04   7.8730207e-05   6.3046443e-03   9.0337447e-03   4.0882351e-04   0.0000000e+00   2.4142219e-04   4.7050807e-04   4.1030088e-03   4.5790955e-04   1.4421138e-03   1.8394203e-04   2.5313937e-03   4.5175846e-03   0.0000000e+00   2.8647363e-04   2.1908761e-03   1.9712052e-03   0.0000000e+00   4.9402602e-03   0.0000000e+00   0.0000000e+00   9.9564517e-04   0.0000000e+00   3.1568087e-04   3.7795806e-03   8.2411113e-01   3.4947699e-01
   8.1090722e-01   0.0000000e+00   9.3043226e-03   1.6487143e-03   2.3638887e-04   3.0626290e-05   6.2012582e-03   1.1801059e-02   8.0877899e-04   9.7141459e-05   4.2541229e-04   6.7345396e-05   3.7790170e-03   1.4178309e-03   1.6465458e-03   0.0000000e+00   2.4619504e-03   3.4894612e-03   0.0000000e+00   2.7793099e-04   3.3642214e-03   1.9778158e-03   0.0000000e+00   5.0005982e-03   0.0000000e+00   0.0000000e+00   9.6263285e-05   0.0000000e+00   3.6047880e-04   3.7846617e-03   8.1090722e-01   3.7219739e-01
   8.0307669e-01   4.8740163e-03   9.1449601e-03   2.1973305e-03   2.7483351e-04   1.2079627e-06   5.6876635e-03   9.5201282e-03   3.6251834e-04   0.0000000e+00   2.2817943e-04   4.0847788e-04   2.7623206e-03   6.0069659e-04   1.4528706e-03   1.0725208e-04   2.7339732e-03   4.5914737e-03   0.0000000e+00   2.8522985e-04   2.2827691e-03   2.2789764e-03   0.0000000e+00   5.3050615e-03   0.0000000e+00   1.6344810e-04   9.1272041e-04   0.0000000e+00   2.2176996e-04   3.8218783e-03   8.0307669e-01   3.8558866e-01
   8.0207100e-01   5.1242717e-03   2.0371731e-03   4.1973537e-03   9.6292920e-04   4.9217626e-05   4.6901385e-03   9.8060296e-03   5.5468311e-04   2.2158717e-02   1.4837269e-04   0.0000000e+00   8.3667323e-03   1.2323951e-03   8.1192530e-04   9.8907080e-03   1.8317129e-03   7.1393004e-04   0.0000000e+00   1.5280330e-04   2.8799550e-03   1.1762946e-03   0.0000000e+00   1.3281040e-03   0.0000000e+00   3.7918050e-03   4.1646769e-03   0.0000000e+00   2.2471761e-03   3.5110947e-03   8.0207100e-01   4.0300605e-01
   7.9141995e-01   4.9226397e-03   9.1416164e-03   1.9446872e-03   2.6733807e-04   2.7225647e-04   5.6496436e-03   8.4057304e-03   0.0000000e+00   8.7019544e-06   1.9481494e-04   2.5066922e-05   3.9983828e-03   2.2935258e-03   1.4928910e-03   0.0000000e+00   2.6362845e-03   4.8657914e-03   0.0000000e+00   2.7131899e-04   2.1193361e-03   2.2823658e-03   0.0000000e+00   6.1497364e-03   0.0000000e+00   1.5485136e-05   0.0000000e+00   0.0000000e+00   3.4379777e-04   4.0132031e-03   7.9141995e-01   4.0437911e-01
   7.8261738e-01   4.9352402e-03   8.9087250e-03   1.5909733e-03   2.8305908e-04   2.4246762e-04   5.6807956e-03   8.5710723e-03   0.0000000e+00   2.0731255e-04   1.7340864e-04   0.0000000e+00   3.9917978e-03   2.4156231e-03   1.5250034e-03   0.0000000e+00   2.6356776e-03   4.8466408e-03   0.0000000e+00   2.7301355e-04   2.1643917e-03   2.2915129e-03   0.0000000e+00   5.2368476e-03   0.0000000e+00   1.2863249e-04   0.0000000e+00   0.0000000e+00   4.4700876e-04   4.0772722e-03   7.8261738e-01   4.1763640e-01
   7.6877808e-01   4.7823840e-03   1.6279706e-02   1.0171860e-03   0.0000000e+00   5.9158226e-05   6.4711436e-03   8.3245580e-03   0.0000000e+00   3.2339347e-04   1.5817370e-04   4.4932194e-04   4.2075580e-03   6.8759126e-03   2.2117968e-03   1.9834388e-03   5.3293927e-03   6.7461474e-03   0.0000000e+00   2.9722992e-04   3.6223488e-04   2.1138541e-03   0.0000000e+00   5.8313423e-03   0.0000000e+00   2.7724606e-04   0.0000000e+00   0.0000000e+00   5.3845509e-04   3.9553078e-03   7.6877808e-01   4.4744442e-01
   7.5670134e-01   5.5725318e-03   6.1173704e-03   2.1023024e-03   1.7538352e-05   7.8591784e-05   6.2236508e-03   7.6379831e-03   5.1411071e-05   1.4909572e-03   3.4586070e-04   0.0000000e+00   3.8038352e-03   5.1789208e-03   1.9923398e-03   0.0000000e+00   5.1326101e-03   5.4974380e-03   0.0000000e+00   2.6860063e-04   1.3937094e-03   2.0164026e-03   0.0000000e+00   8.3240649e-03   0.0000000e+00   0.0000000e+00   3.7868917e-04   0.0000000e+00   4.5895463e-04   3.9769638e-03   7.5670134e-01   4.6036975e-01
   7.4329724e-01   5.2992277e-03   8.5615694e-03   2.1001776e-03   0.0000000e+00   0.0000000e+00   6.5067640e-03   8.4884477e-03   2.2944472e-04   2.0347928e-03   2.2976663e-04   0.0000000e+00   3.7461240e-03   5.6541232e-03   2.0923978e-03   0.0000000e+00   4.6067000e-03   4.5947385e-03   0.0000000e+00   2.6223992e-04   0.0000000e+00   2.1457356e-03   0.0000000e+00   6.8066754e-03   0.0000000e+00   0.0000000e+00   3.8173673e-04   0.0000000e+00   4.4052468e-04   3.9346567e-03   7.4329724e-01   4.8008616e-01
   7.4329724e-01   5.2992277e-03   8.5615694e-03   2.1001776e-03   0.0000000e+00   0.0000000e+00   6.5067640e-03   8.4884477e-03   2.2944472e-04   2.0347928e-03   2.2976663e-04   0.0000000e+00   3.7461240e-03   5.6541232e-03   2.0923978e-03   0.0000000e+00   4.6067000e-03   4.5947385e-03   0.0000000e+00   2.6223992e-04   0.0000000e+00   2.1457356e-03   0.0000000e+00   6.8066754e-03   0.0000000e+00   0.0000000e+00   3.8173673e-04   0.0000000e+00   4.4052468e-04   3.9346567e-03   7.4329724e-01   4.8008616e-01
   7.3096542e-01   2.6187159e-03   3.4544593e-03   0.0000000e+00   6.4039858e-04   2.9232523e-03   4.3447019e-03   3.0630270e-03   7.9485935e-03   0.0000000e+00   1.5654039e-04   2.2966520e-03   5.4487468e-03   9.4392708e-03   6.6217823e-04   4.5597072e-03   3.0232682e-04   1.7247740e-04   0.0000000e+00   5.1234194e-05   8.4460210e-03   7.8234967e-04   0.0000000e+00   2.2773121e-03   0.0000000e+00   9.8592565e-04   1.2795049e-02   0.0000000e+00   7.8255058e-05   3.6775552e-03   7.3096542e-01   5.0211473e-01
   7.1767546e-01   2.0657612e-03   5.9969091e-04   2.1285249e-03   3.4502794e-04   1.7158945e-03   2.9211857e-03   1.7630065e-03   7.7135656e-03   2.3907545e-03   2.3002251e-05   2.1243729e-03   6.9725087e-03   1.2005045e-02   2.5673297e-04   6.0637527e-03   5.9104998e-04   5.6925101e-04   0.0000000e+00   2.3405953e-04   7.6363251e-03   1.4390623e-03   0.0000000e+00   2.1862463e-03   0.0000000e+00   1.7960732e-03   5.6712769e-03   0.0000000e+00   1.0458885e-04   3.8005779e-03   7.1767546e-01   5.1906168e-01
   7.0638472e-01   2.2777920e-03   2.6215166e-05   1.7993718e-03   2.7357914e-04   1.0884233e-03   4.6955342e-03   2.2135494e-03   5.8856698e-03   0.0000000e+00   0.0000000e+00   2.5077156e-03   5.9772333e-03   1.0403624e-02   8.1991808e-04   5.2769729e-03   4.3318187e-04   0.0000000e+00   0.0000000e+00   1.4349597e-04   5.8645705e-03   1.1368527e-03   0.0000000e+00   1.2023528e-03   0.0000000e+00   1.2924441e-03   8.5079643e-03   0.0000000e+00   8.3909584e-05   3.7558356e-03   7.0638472e-01   5.3136549e-01
   6.9920008e-01   2.6543268e-03   3.3583881e-03   1.8387213e-03   3.0172968e-04   1.5005227e-03   4.7674804e-03   3.1333199e-03   7.1738913e-03   0.0000000e+00   0.0000000e+00   2.1906561e-03   5.2720617e-03   9.2610126e-03   7.4870630e-04   4.9435780e-03   4.1287987e-04   3.1266359e-04   0.0000000e+00   9.5860050e-05   8.7897463e-03   8.0517910e-04   0.0000000e+00   2.2213826e-03   0.0000000e+00   9.3367787e-04   9.0578225e-03   0.0000000e+00   8.5764200e-05   3.7310849e-03   6.9920008e-01   5.4487363e-01
   6.8884873e-01   3.0493648e-03   4.3768381e-04   2.1711450e-03   4.4046382e-04   2.3541929e-03   3.1119669e-03   4.3855708e-03   4.1192205e-03   5.9132691e-03   3.1044554e-05   0.0000000e+00   6.3927761e-03   1.2442736e-02   3.8118841e-04   6.0114642e-03   0.0000000e+00   4.7426712e-04   0.0000000e+00   1.8552942e-04   6.1855299e-03   1.5053661e-03   0.0000000e+00   2.4214918e-04   0.0000000e+00   2.1121663e-03   6.0621582e-03   0.0000000e+00   6.8187603e-05   4.2287201e-03   6.8884873e-01   5.5834157e-01
   6.8216936e-01   2.8722472e-03   3.7995182e-04   2.6874096e-03   6.1518523e-04   3.6190548e-03   3.2919924e-03   4.5657544e-03   2.7425491e-03   6.1978185e-03   5.2664062e-05   0.0000000e+00   9.6911724e-03   1.2893852e-02   2.6731599e-04   7.0003462e-03   1.7491729e-03   0.0000000e+00   0.0000000e+00   4.2701918e-05   5.9182554e-03   1.5764424e-03   0.0000000e+00   0.0000000e+00   0.0000000e+00   1.5543348e-03   5.7191576e-03   0.0000000e+00   5.1382254e-05   4.3566716e-03   6.8216936e-01   5.6978118e-01
   6.6930073e-01   2.9102524e-03   3.7066700e-04   2.6439036e-03   7.2636472e-04   2.7063290e-03   3.0762697e-03   5.1841455e-03   2.8997903e-03   6.0586870e-03   5.4620477e-05   0.0000000e+00   9.8937735e-03   1.2893043e-02   2.7147743e-04   6.8227805e-03   1.8615034e-03   0.0000000e+00   0.0000000e+00   4.5262891e-05   5.9559172e-03   1.6290552e-03   0.0000000e+00   0.0000000e+00   0.0000000e+00   1.5203529e-03   5.8221376e-03   0.0000000e+00   5.9733492e-05   4.3838036e-03   6.6930073e-01   5.8673788e-01
   6.5465355e-01   3.1744857e-03   1.0441667e-03   1.4436884e-03   7.9113162e-04   2.0263771e-03   0.0000000e+00   8.0736922e-04   3.5795280e-03   2.2131343e-03   0.0000000e+00   2.7758193e-06   1.8004080e-03   0.0000000e+00   3.7968318e-04   4.3139646e-03   5.0473404e-05   7.3256291e-03   0.0000000e+00   2.0901226e-05   4.9451792e-03   0.0000000e+00   0.0000000e+00   1.9758752e-03   0.0000000e+00   2.5468753e-03   4.8063784e-03   0.0000000e+00   1.2535989e-07   4.4310903e-03   6.5465355e-01   5.9247484e-01
   6.4782664e-01   5.1634073e-03   4.2826514e-04   9.9907000e-04   1.1634475e-03   2.0892170e-03   0.0000000e+00   1.6413109e-04   4.3806365e-03   2.5542039e-03   0.0000000e+00   1.3445195e-03   1.6370869e-03   0.0000000e+00   8.3237065e-04   6.0660221e-03   3.3834102e-04   5.8369785e-03   0.0000000e+00   0.0000000e+00   5.8113388e-03   1.4656924e-03   0.0000000e+00   2.7761334e-03   0.0000000e+00   2.6835934e-03   4.5880173e-03   0.0000000e+00   0.0000000e+00   5.5833359e-03   6.4782664e-01   6.0482802e-01
   6.3342694e-01   5.1939614e-03   0.0000000e+00   0.0000000e+00   1.2885907e-03   2.7095453e-03   0.0000000e+00   5.0888931e-04   4.2540431e-03   2.5717071e-03   1.4347024e-05   0.0000000e+00   1.5855716e-03   0.0000000e+00   6.1757138e-04   5.5984119e-03   0.0000000e+00   5.7328165e-03   0.0000000e+00   3.2300181e-05   6.1993857e-03   1.4163581e-03   0.0000000e+00   3.4772850e-03   0.0000000e+00   2.7433567e-03   4.6267001e-03   0.0000000e+00   0.0000000e+00   4.4828312e-03   6.3342694e-01   6.2173446e-01
   6.2475480e-01   4.1788473e-04   2.6098681e-03   9.6457112e-03   1.7032454e-03   6.4329815e-03   3.3657944e-03   0.0000000e+00   4.9479905e-03   4.1700048e-03   4.7512098e-04   3.9763156e-04   9.3825356e-04   2.5575110e-03   0.0000000e+00   0.0000000e+00   1.4693918e-03   2.3107823e-03   0.0000000e+00   1.1648950e-04   2.4001668e-03   2.5887456e-03   0.0000000e+00   0.0000000e+00   0.0000000e+00   3.9071309e-04   6.8016610e-04   0.0000000e+00   1.0305788e-04   0.0000000e+00   6.2475480e-01   6.3018787e-01
   6.1702748e-01   4.8020613e-03   0.0000000e+00   4.6746409e-03   1.3709089e-03   3.6617574e-03   3.6732581e-03   0.0000000e+00   4.2986437e-03   0.0000000e+00   4.8757976e-05   6.4933426e-07   2.0324441e-03   0.0000000e+00   3.4491960e-04   4.7628190e-03   3.9175500e-04   5.3148753e-03   0.0000000e+00   4.4109057e-05   6.2957999e-03   1.8513704e-03   0.0000000e+00   3.8494050e-03   0.0000000e+00   1.9467532e-03   4.6949442e-03   0.0000000e+00   5.9571376e-05   4.4380227e-03   6.1702748e-01   6.4424548e-01
   6.0186227e-01   5.0495734e-03   0.0000000e+00   4.2373512e-03   1.4938762e-03   3.6596069e-03   3.6769079e-03   0.0000000e+00   3.6374006e-03   0.0000000e+00   4.9332397e-05   9.6689204e-07   2.4982078e-03   0.0000000e+00   3.2679869e-04   4.4983771e-03   5.2115476e-04   5.5852545e-03   0.0000000e+00   4.5938867e-05   6.2913627e-03   1.8370070e-03   0.0000000e+00   3.8706645e-03   0.0000000e+00   2.0649608e-03   4.5698570e-03   0.0000000e+00   5.8983889e-05   4.4007720e-03   6.0186227e-01   6.6232359e-01
   5.9132598e-01   7.0110568e-03   1.4662406e-04   0.0000000e+00   1.5531924e-03   0.0000000e+00   3.1390218e-03   0.0000000e+00   4.3767251e-03   0.0000000e+00   4.6112315e-05   2.1684845e-04   3.9291810e-03   0.0000000e+00   9.7215755e-04   4.6458510e-03   4.2281283e-05   5.0690514e-03   0.0000000e+00   3.1772197e-05   1.3095127e-02   2.1719769e-03   0.0000000e+00   3.3430631e-03   0.0000000e+00   1.7955797e-03   5.0467480e-03   0.0000000e+00   5.3810620e-05   4.4476579e-03   5.9132598e-01   6.7581670e-01
   5.8065396e-01   6.7399303e-03   1.1403597e-04   5.3784853e-04   1.5612812e-03   1.5562696e-03   3.2759736e-03   7.6285596e-05   4.3522813e-03   0.0000000e+00   4.4121726e-05   1.1831532e-04   3.5480613e-03   0.0000000e+00   1.0022201e-03   4.7479318e-03   0.0000000e+00   5.1020926e-03   0.0000000e+00   2.6171388e-05   1.2033102e-02   1.6713250e-03   0.0000000e+00   3.3231499e-03   0.0000000e+00   1.7843167e-03   4.9779354e-03   0.0000000e+00   5.1464128e-05   4.4477173e-03   5.8065396e-01   6.8807395e-01
   5.6554369e-01   2.7406673e-05   4.6031317e-04   1.2125209e-02   1.7224082e-03   7.9437661e-03   3.3632186e-03   0.0000000e+00   5.7610114e-03   1.8069192e-03   2.9222481e-04   5.9886872e-04   0.0000000e+00   0.0000000e+00   3.4849591e-05   0.0000000e+00   1.2517506e-03   3.1965707e-03   0.0000000e+00   5.6385252e-05   1.6398974e-03   2.5761689e-03   0.0000000e+00   0.0000000e+00   0.0000000e+00   0.0000000e+00   4.6604817e-04   0.0000000e+00   1.7542647e-06   4.4468406e-04   5.6554369e-01   6.9803031e-01
   5.5519897e-01   1.0774900e-04   4.5606873e-04   1.1315278e-02   1.5793292e-03   6.7700290e-03   3.3060454e-03   9.0143284e-05   5.5149168e-03   4.2991973e-03   4.5449865e-04   5.7783307e-04   4.7516771e-04   2.0211826e-03   0.0000000e+00   0.0000000e+00   1.2938081e-03   3.1627880e-03   0.0000000e+00   5.4425864e-05   2.7212216e-03   2.8432158e-03   0.0000000e+00   1.2327198e-03   0.0000000e+00   7.4371486e-04   1.8668244e-04   0.0000000e+00   0.0000000e+00   1.3312160e-03   5.5519897e-01   7.1219794e-01
   5.4514925e-01   0.0000000e+00   4.7949895e-04   1.1535304e-02   1.5183309e-03   6.6497182e-03   3.2898812e-03   8.4295077e-05   5.5162672e-03   4.4613919e-03   5.3038274e-04   5.3770571e-04   1.1657694e-03   2.6096828e-03   5.3111198e-05   4.6149074e-04   1.1586476e-03   3.5820095e-03   0.0000000e+00   6.0039559e-05   2.7254158e-03   2.8432954e-03   0.0000000e+00   1.2392845e-03   0.0000000e+00   8.4706301e-04   1.9235212e-04   0.0000000e+00   4.9045643e-08   1.3361379e-03   5.4514925e-01   7.2402059e-01
   5.3369251e-01   1.2569275e-03   1.7586642e-03   9.4805256e-03   3.3603366e-03   6.5390393e-03   3.1736975e-03   7.4246088e-04   4.7236399e-03   6.2908602e-03   7.6857502e-04   1.0800708e-03   1.1727143e-03   1.8072090e-03   1.0112149e-03   2.8237655e-03   1.7505773e-03   2.9094001e-03   0.0000000e+00   1.6072460e-04   2.2594106e-03   3.6518740e-03   0.0000000e+00   2.5027851e-03   0.0000000e+00   7.0100215e-05   0.0000000e+00   0.0000000e+00   0.0000000e+00   1.8614905e-03   5.3369251e-01   7.3945696e-01
   5.1794997e-01   1.0663989e-04   4.6478808e-04   1.0288533e-02   2.1128060e-03   6.9114394e-03   3.3319593e-03   8.9691319e-05   5.4981284e-03   4.7615352e-03   4.6179085e-04   2.0247980e-04   8.6145184e-04   2.5535045e-03   3.9833098e-05   0.0000000e+00   1.4415605e-03   3.1029672e-03   0.0000000e+00   5.1924314e-05   3.1546010e-03   2.8409411e-03   0.0000000e+00   1.2323838e-03   0.0000000e+00   9.0378201e-04   2.4584104e-04   0.0000000e+00   0.0000000e+00   1.3251592e-03   5.1794997e-01   7.5212000e-01
   5.0478658e-01   2.7500179e-05   1.3437448e-03   5.4524112e-03   1.9228010e-03   9.6182504e-03   3.7966338e-03   2.0564830e-04   7.4213522e-03   6.6589806e-03   3.9463054e-04   0.0000000e+00   0.0000000e+00   0.0000000e+00   0.0000000e+00   9.1714360e-04   1.8633273e-03   4.3419996e-03   0.0000000e+00   6.9142969e-05   4.1674093e-03   2.4467560e-03   0.0000000e+00   1.2299568e-03   0.0000000e+00   7.5890709e-04   3.6581769e-05   0.0000000e+00   2.4773514e-05   1.0189865e-03   5.0478658e-01   7.6603950e-01
   4.9591953e-01   2.1988709e-04   4.6728667e-04   1.0711198e-02   1.9345865e-03   5.9115747e-03   3.3201353e-03   3.5610122e-04   5.6061378e-03   4.9035376e-03   4.5404917e-04   2.1569879e-04   1.3880982e-03   1.0314772e-03   3.3746023e-05   0.0000000e+00   1.3328948e-03   3.1030851e-03   0.0000000e+00   4.1980923e-05   3.3342028e-03   3.1343322e-03   0.0000000e+00   1.0670167e-03   0.0000000e+00   9.0896491e-04   9.9645445e-04   0.0000000e+00   0.0000000e+00   9.8064706e-04   4.9591953e-01   7.7389746e-01
   4.8300539e-01   4.0007139e-04   1.4407699e-03   8.7948719e-03   2.4701735e-03   9.5048100e-03   3.1919021e-03   6.3496045e-05   5.5462120e-03   7.5622976e-03   6.9153114e-04   1.2215929e-03   0.0000000e+00   1.0438216e-03   3.0645319e-04   3.4271907e-03   2.1208859e-03   4.3407702e-03   0.0000000e+00   7.9151674e-05   2.7431854e-03   2.7015020e-03   0.0000000e+00   1.3179604e-03   0.0000000e+00   2.8712254e-04   1.1510179e-04   0.0000000e+00   1.3839245e-05   1.2536184e-03   4.8300539e-01   7.8983380e-01
   4.7020288e-01   8.9525835e-04   2.8876488e-03   4.1713639e-06   8.3236534e-04   8.9559515e-03   4.2857592e-03   7.7628417e-04   4.2813474e-03   2.9472523e-03   1.4217617e-03   0.0000000e+00   3.6430124e-03   2.8976994e-03   2.0183024e-03   2.7998397e-03   0.0000000e+00   3.5271599e-03   0.0000000e+00   0.0000000e+00   0.0000000e+00   1.8517977e-03   0.0000000e+00   5.0035198e-04   0.0000000e+00   1.0711297e-03   6.3960851e-04   0.0000000e+00   6.6219600e-05   0.0000000e+00   4.7020288e-01   7.9641116e-01
   4.5920017e-01   7.5275309e-04   1.7752705e-03   6.7243994e-05   0.0000000e+00   8.1349741e-03   5.1502224e-03   6.4263991e-04   3.9415444e-03   2.9013011e-03   1.4675511e-03   1.0437758e-04   3.0811467e-03   2.3756666e-03   2.3200333e-03   4.5519109e-03   0.0000000e+00   2.6425815e-03   0.0000000e+00   5.9597508e-06   4.2504978e-04   1.4729720e-03   0.0000000e+00   9.1120698e-04   0.0000000e+00   1.2905099e-03   6.4651552e-05   0.0000000e+00   5.2704507e-06   2.9020564e-05   4.5920017e-01   8.0567357e-01
   4.4519865e-01   8.8092741e-04   2.8234182e-03   0.0000000e+00   5.4869726e-04   8.9756841e-03   4.2316334e-03   1.0358573e-03   4.4191860e-03   2.0193788e-03   1.2579039e-03   0.0000000e+00   3.3511663e-03   2.9105085e-03   1.9030222e-03   5.0018059e-03   1.5302362e-04   3.1674606e-03   0.0000000e+00   0.0000000e+00   3.4202497e-05   8.5842939e-04   0.0000000e+00   3.6473518e-04   0.0000000e+00   9.7618740e-04   6.3924994e-04   0.0000000e+00   6.0405006e-05   0.0000000e+00   4.4519865e-01   8.1872041e-01
   4.3128044e-01   2.7555069e-04   1.2648337e-03   9.6407861e-03   2.6156507e-03   9.4433751e-03   3.5461934e-03   0.0000000e+00   5.4461433e-03   7.3656462e-03   1.0968441e-04   1.0685863e-03   1.7329576e-03   0.0000000e+00   1.0982222e-03   2.3719259e-03   0.0000000e+00   4.3125322e-03   0.0000000e+00   7.3506101e-05   2.1338788e-03   2.9599874e-03   0.0000000e+00   1.2773541e-03   0.0000000e+00   0.0000000e+00   4.9883518e-04   0.0000000e+00   1.6437020e-05   1.1585117e-03   4.3128044e-01   8.3543633e-01
   4.1809597e-01   8.6741862e-04   1.8226932e-03   0.0000000e+00   1.4010424e-04   8.1091610e-03   4.6521557e-03   7.1475552e-04   3.9708376e-03   2.3558837e-03   1.5196930e-03   5.0186277e-05   3.0413165e-03   2.6130406e-03   2.3787957e-03   4.0694751e-03   0.0000000e+00   3.4043492e-03   0.0000000e+00   8.6724535e-06   0.0000000e+00   1.3889801e-03   0.0000000e+00   6.1244535e-04   0.0000000e+00   1.2426412e-03   6.5467930e-05   0.0000000e+00   4.5996064e-06   0.0000000e+00   4.1809597e-01   8.4085447e-01
   4.0611169e-01   9.1068946e-04   1.5253791e-03   0.0000000e+00   0.0000000e+00   8.1697161e-03   4.5626921e-03   6.6545423e-04   3.9380135e-03   1.9066659e-03   1.5453201e-03   4.5920784e-05   3.1099829e-03   2.2721944e-03   3.3021453e-03   3.3376199e-03   8.3913976e-05   3.3242979e-03   0.0000000e+00   7.5206947e-06   0.0000000e+00   1.4220305e-03   0.0000000e+00   4.8722200e-04   0.0000000e+00   1.2237915e-03   1.1330319e-04   0.0000000e+00   4.2994587e-06   0.0000000e+00   4.0611169e-01   8.5021478e-01
   3.9199317e-01   1.0025146e-03   1.4912867e-03   3.0494032e-04   5.2555767e-04   8.7273066e-03   4.3255821e-03   7.2368934e-04   4.3954678e-03   2.6275490e-03   1.5167697e-03   2.1443849e-05   3.2285211e-03   2.5586056e-03   2.0830486e-03   3.1513631e-03   9.5877246e-06   3.4419083e-03   0.0000000e+00   8.3690547e-06   0.0000000e+00   1.6043951e-03   0.0000000e+00   5.6296854e-04   0.0000000e+00   8.6762149e-04   1.3600851e-04   0.0000000e+00   2.8772858e-06   0.0000000e+00   3.9199317e-01   8.6182296e-01
   3.8123467e-01   1.1044077e-03   1.3748557e-03   5.1343910e-05   2.7421357e-03   9.1341004e-03   4.6520696e-03   6.6808750e-04   2.6011207e-03   3.3755711e-03   1.1829900e-03   0.0000000e+00   4.0690006e-03   3.9861210e-03   3.8633239e-03   3.5234228e-03   9.9031911e-04   3.9382118e-03   0.0000000e+00   2.2264057e-05   0.0000000e+00   1.0867367e-03   0.0000000e+00   1.6571434e-04   0.0000000e+00   1.8364802e-03   2.8906998e-04   0.0000000e+00   2.2304568e-07   3.3477704e-04   3.8123467e-01   8.7274954e-01
   3.6614512e-01   1.1189456e-03   1.4373529e-03   5.4683592e-06   2.3269390e-03   9.1024101e-03   4.8715257e-03   5.2807898e-04   2.8582342e-03   2.9530629e-03   1.2224106e-03   0.0000000e+00   4.1880939e-03   3.7776112e-03   2.9162679e-03   3.8994848e-03   7.7606713e-04   3.7156423e-03   0.0000000e+00   1.8946113e-05   5.3573619e-04   1.4908755e-03   0.0000000e+00   0.0000000e+00   0.0000000e+00   1.4961225e-03   1.3601655e-04   0.0000000e+00   2.9556474e-07   1.2671575e-04   3.6614512e-01   8.8332894e-01
   3.5343265e-01   9.4944947e-04   8.6895221e-05   7.6528647e-04   1.6863771e-03   9.4216283e-03   4.7299513e-03   3.2317498e-04   3.8344289e-03   2.6023207e-03   1.1151115e-03   4.6214035e-04   3.5584985e-03   2.9169576e-03   1.9249902e-03   5.8894474e-03   6.9584307e-05   3.4379513e-03   0.0000000e+00   0.0000000e+00   3.2453151e-04   2.1698261e-03   0.0000000e+00   6.1849623e-04   0.0000000e+00   1.0117034e-03   2.4825459e-06   0.0000000e+00   3.9874892e-06   8.9354861e-04   3.5343265e-01   8.9209335e-01
   3.4250538e-01   9.1650792e-04   6.6938657e-04   8.0216243e-04   1.7772915e-03   9.3674141e-03   4.6726466e-03   2.3096426e-04   4.0937605e-03   2.6277998e-03   1.1342255e-03   9.4027677e-04   3.5044489e-03   3.2092292e-03   1.8990153e-03   5.9147520e-03   1.4006439e-04   3.4655452e-03   0.0000000e+00   0.0000000e+00   3.2629243e-04   2.1487004e-03   0.0000000e+00   6.2380965e-04   0.0000000e+00   7.7317345e-04   5.6886195e-06   0.0000000e+00   8.2091445e-06   8.4928653e-04   3.4250538e-01   9.0003461e-01
   3.3089014e-01   1.0074703e-03   0.0000000e+00   6.0747553e-04   1.6238856e-03   8.6704479e-03   4.4449510e-03   1.4604503e-04   3.6640676e-03   2.2244331e-03   1.0534472e-03   5.2652388e-04   4.3045921e-03   2.9233115e-03   2.5359559e-03   8.5575953e-03   5.3558169e-05   3.5287907e-03   0.0000000e+00   1.8719432e-05   7.0958456e-04   1.9440642e-03   0.0000000e+00   7.0411773e-04   0.0000000e+00   9.7785857e-04   2.5355824e-05   0.0000000e+00   3.4550427e-06   6.8209758e-04   3.3089014e-01   9.0802389e-01
   3.1635663e-01   8.3120602e-04   1.4325747e-03   0.0000000e+00   2.3283502e-03   9.0153831e-03   4.5666910e-03   6.0222877e-04   3.4083161e-03   3.8286802e-03   1.0091280e-03   0.0000000e+00   3.9408218e-03   4.3156419e-03   4.4266018e-03   2.8527280e-03   9.3226057e-04   4.0182867e-03   0.0000000e+00   1.4598852e-05   1.8148990e-03   1.2420386e-03   0.0000000e+00   0.0000000e+00   0.0000000e+00   1.5219129e-03   3.4929950e-04   0.0000000e+00   1.9307506e-06   4.3657330e-04   3.1635663e-01   9.1794889e-01
   3.0163092e-01   7.6486788e-04   1.0258892e-03   2.5248714e-03   2.3795264e-03   6.2127534e-03   6.8544847e-03   1.1422208e-04   4.8756561e-03   1.2634325e-03   1.1400566e-03   3.3337167e-04   2.7978315e-03   1.4443909e-03   1.0020451e-05   2.6555180e-03   4.4650146e-04   4.6915935e-03   0.0000000e+00   2.3175993e-05   4.2539127e-03   7.8214114e-04   0.0000000e+00   0.0000000e+00   0.0000000e+00   4.9469746e-04   6.9817767e-05   0.0000000e+00   6.8533605e-06   3.9142665e-04   3.0163092e-01   9.2442557e-01
   2.8824279e-01   1.2680048e-03   6.2345790e-04   3.8968942e-03   2.3968169e-03   7.9582941e-03   8.5986728e-03   1.3038080e-04   4.0890232e-03   2.6879526e-04   1.1777224e-03   1.9093495e-04   2.5838866e-03   1.4728562e-03   0.0000000e+00   3.2928972e-03   0.0000000e+00   4.4916099e-03   0.0000000e+00   2.6253103e-05   4.1762585e-03   4.1645921e-04   0.0000000e+00   3.0272395e-07   0.0000000e+00   7.4786407e-04   6.5586237e-05   0.0000000e+00   8.2040789e-06   3.6536599e-04   2.8824279e-01   9.3311482e-01
   2.7511778e-01   7.7001125e-04   1.0385612e-03   2.7517155e-03   2.0930091e-03   6.2775150e-03   6.5069292e-03   3.8533315e-05   5.0554964e-03   1.3253874e-03   1.7226526e-03   3.7592740e-04   2.8423919e-03   1.8290233e-03   4.4834003e-05   2.9287485e-03   3.7217747e-04   4.4421480e-03   0.0000000e+00   2.4955010e-05   3.9411062e-03   8.4727593e-04   0.0000000e+00   3.4770989e-05   0.0000000e+00   4.9596817e-04   9.0395224e-05   0.0000000e+00   7.4562227e-06   4.1933520e-04   2.7511778e-01   9.3974346e-01
   2.6338141e-01   3.8996197e-04   1.3716243e-03   0.0000000e+00   1.4359714e-03   3.9634705e-03   5.7528122e-03   2.1702767e-03   4.7909783e-03   2.2895278e-03   4.2101454e-04   0.0000000e+00   2.4507085e-03   6.2325218e-04   1.2745679e-03   4.1470886e-03   8.4689693e-04   2.1624352e-03   0.0000000e+00   0.0000000e+00   2.7979284e-03   1.2019593e-03   0.0000000e+00   3.0936120e-04   0.0000000e+00   9.7049665e-04   1.0765404e-04   0.0000000e+00   6.7042145e-07   1.7472780e-04   2.6338141e-01   9.4377976e-01
   2.4732295e-01   1.2344926e-04   1.3590420e-03   0.0000000e+00   1.4677308e-03   5.1743742e-03   5.8157322e-03   1.9323074e-03   4.8139158e-03   2.2331471e-03   4.9909225e-04   4.2102184e-07   2.5762167e-03   8.5443277e-04   1.1006772e-03   3.6824952e-03   9.6184452e-04   2.1146470e-03   0.0000000e+00   0.0000000e+00   2.8776194e-03   1.2767954e-03   0.0000000e+00   2.2685852e-04   0.0000000e+00   9.6488833e-04   1.1164303e-04   0.0000000e+00   0.0000000e+00   3.1148264e-04   2.4732295e-01   9.5215264e-01
   2.3821711e-01   1.9484876e-04   1.3882682e-03   1.2462133e-05   1.5205366e-03   5.1380506e-03   5.8275384e-03   2.7826035e-03   4.6979519e-03   2.0795247e-03   7.5353241e-04   0.0000000e+00   2.4253771e-03   8.1142383e-04   1.0352215e-03   3.5955699e-03   1.0174015e-03   1.3490447e-03   0.0000000e+00   1.0992568e-05   1.7721960e-03   1.1767530e-03   0.0000000e+00   2.9957655e-04   0.0000000e+00   9.5678384e-04   1.0403528e-04   0.0000000e+00   1.2022004e-06   2.4272171e-04   2.3821711e-01   9.5609810e-01
   2.2485494e-01   6.7502827e-05   1.6602049e-03   3.1243627e-03   6.0136036e-05   6.5744138e-03   4.9634499e-03   1.4709778e-03   3.8826909e-03   2.7512465e-03   0.0000000e+00   0.0000000e+00   4.6639306e-03   6.1881552e-04   0.0000000e+00   1.4045333e-03   6.0068944e-04   8.7964180e-04   0.0000000e+00   1.1918446e-06   4.1078824e-03   5.0704292e-04   0.0000000e+00   5.1274562e-05   0.0000000e+00   1.2278278e-03   9.3315276e-05   0.0000000e+00   2.2774890e-06   0.0000000e+00   2.2485494e-01   9.6205500e-01
   2.0511458e-01   2.3406543e-04   1.0496832e-03   3.6352560e-03   3.2590967e-04   5.2585341e-03   5.5396911e-03   7.8113415e-04   4.0477584e-03   2.0358224e-03   4.4763200e-04   0.0000000e+00   0.0000000e+00   7.4148055e-04   5.4668244e-05   1.1733780e-03   6.4004827e-04   0.0000000e+00   0.0000000e+00   8.2218202e-08   4.4202383e-03   2.7088911e-04   0.0000000e+00   5.4502953e-04   0.0000000e+00   1.1073914e-03   1.4526812e-04   0.0000000e+00   1.4387876e-06   3.2272657e-05   2.0511458e-01   9.6843034e-01
   1.9985451e-01   0.0000000e+00   9.8812411e-04   2.9514194e-03   1.0591221e-03   5.0487417e-03   6.0956630e-03   8.9082308e-04   5.1051687e-03   0.0000000e+00   0.0000000e+00   3.8955719e-05   0.0000000e+00   1.4572040e-03   0.0000000e+00   1.8806537e-03   7.4247393e-04   0.0000000e+00   0.0000000e+00   1.8333757e-06   3.2378905e-03   7.5987267e-05   0.0000000e+00   3.6656916e-04   0.0000000e+00   1.1218498e-03   1.3183820e-04   0.0000000e+00   1.1719584e-06   1.7482484e-04   1.9985451e-01   9.7017890e-01
   1.8720087e-01   4.9599124e-05   1.0529794e-03   2.7486552e-03   2.8086358e-04   5.5189846e-03   5.6279840e-03   1.0000259e-03   4.1980351e-03   1.8333137e-03   3.5463834e-04   4.7336006e-05   1.3391944e-03   1.0091516e-03   3.3437464e-04   1.8933752e-03   7.1026979e-04   1.0668094e-03   0.0000000e+00   3.5668812e-06   3.1799295e-03   4.6095580e-04   0.0000000e+00   4.8957858e-04   0.0000000e+00   1.0996789e-03   1.4973771e-04   0.0000000e+00   1.4402274e-06   4.7031003e-05   1.8720087e-01   9.7603317e-01
   1.7236940e-01   4.2486519e-05   1.0154092e-03   2.8891140e-03   1.9826906e-03   6.6446368e-03   1.5197771e-05   1.0915251e-03   3.5178239e-03   1.4223630e-03   3.6720653e-04   5.8166366e-06   3.5202051e-03   4.0280604e-04   6.6151642e-04   2.1615561e-03   6.6094202e-04   9.1432610e-04   0.0000000e+00   4.1037956e-06   2.8850911e-03   9.1642652e-05   0.0000000e+00   0.0000000e+00   0.0000000e+00   1.5529905e-03   1.0862747e-04   0.0000000e+00   0.0000000e+00   1.3917110e-04   1.7236940e-01   9.8054305e-01
   1.6199489e-01   3.7918183e-05   1.2155280e-03   2.7756964e-03   2.1110656e-03   6.7413574e-03   4.7332840e-03   9.3881422e-04   3.3991288e-03   1.7194403e-03   2.3374890e-04   0.0000000e+00   2.8942803e-03   7.0369437e-04   8.9800333e-04   2.3513645e-03   7.4155016e-04   0.0000000e+00   0.0000000e+00   5.1668106e-06   2.3774000e-03   1.3237986e-04   0.0000000e+00   0.0000000e+00   0.0000000e+00   1.4892460e-03   9.4648932e-05   0.0000000e+00   1.0617737e-06   8.0594476e-05   1.6199489e-01   9.8511669e-01
   1.4994035e-01   1.7011620e-04   9.6169468e-04   2.9579331e-03   1.6808947e-03   5.5651407e-03   4.7436536e-03   9.9654593e-04   3.1540885e-03   1.8826327e-03   4.8890224e-04   1.6984811e-05   3.7346600e-03   9.0551709e-04   4.8568050e-04   1.9743050e-03   8.9891801e-04   1.4911616e-04   0.0000000e+00   0.0000000e+00   2.7385230e-03   1.6314351e-04   0.0000000e+00   3.8571634e-05   0.0000000e+00   1.1308986e-03   8.8678149e-05   0.0000000e+00   2.1316939e-06   3.7028545e-05   1.4994035e-01   9.8861068e-01
   1.3801693e-01   1.5447770e-04   1.2157995e-03   2.7811232e-03   2.0195901e-03   6.7323808e-03   4.6676582e-03   9.5764559e-04   3.3797139e-03   1.9440997e-03   2.2177275e-04   1.6146190e-05   2.9032042e-03   7.2125340e-04   6.0408894e-04   2.1537834e-03   6.5682242e-04   0.0000000e+00   0.0000000e+00   0.0000000e+00   2.6828082e-03   1.3056505e-04   0.0000000e+00   0.0000000e+00   0.0000000e+00   1.3535782e-03   1.0329213e-04   0.0000000e+00   1.5485015e-06   4.1573855e-05   1.3801693e-01   9.9215810e-01
   1.2733936e-01   0.0000000e+00   1.3213055e-03   2.3807029e-03   1.8486257e-03   5.4615635e-03   5.9011774e-03   9.6788251e-04   4.0835095e-03   1.3511209e-03   3.3665459e-04   2.0621585e-04   3.8220037e-03   6.5872865e-04   1.0842694e-03   2.6573395e-03   9.8759920e-04   1.5426668e-04   0.0000000e+00   9.2385412e-06   3.3214451e-03   1.2421633e-04   0.0000000e+00   1.5799709e-05   0.0000000e+00   8.5402196e-04   1.2685220e-04   0.0000000e+00   9.6217068e-07   7.0287417e-05   1.2733936e-01   9.9568665e-01
   1.1471799e-01   0.0000000e+00   1.3233800e-03   2.8163020e-03   1.9793723e-03   5.8849375e-03   6.1311962e-03   9.3441017e-04   4.1637425e-03   1.1660047e-03   2.2254431e-04   3.1909078e-04   3.5067471e-03   7.8643254e-04   8.6746087e-04   1.1536544e-03   1.1351143e-03   1.9426582e-04   0.0000000e+00   1.0419667e-05   3.3623497e-03   1.0846664e-04   0.0000000e+00   1.4267794e-05   0.0000000e+00   6.6065679e-04   1.6366503e-04   0.0000000e+00   1.5203398e-06   1.8176672e-05   1.1471799e-01   9.9844811e-01
   1.0245739e-01   2.8108164e-05   1.2688611e-03   2.4869886e-03   1.7555418e-03   5.4926669e-03   4.2660968e-03   1.2996680e-03   4.4213410e-03   2.2279076e-03   0.0000000e+00   2.2890364e-04   5.0416073e-03   3.5751708e-04   1.0042576e-03   2.5411934e-03   9.5923578e-04   8.3680918e-04   0.0000000e+00   3.1360652e-06   3.1917604e-03   1.8853371e-05   0.0000000e+00   5.4154961e-05   0.0000000e+00   8.9060171e-04   1.0922298e-04   0.0000000e+00   1.5248140e-06   1.3271121e-04   1.0245739e-01   1.0016119e+00
   9.3092740e-02   3.0631837e-05   1.3599378e-03   2.4542244e-03   1.8487485e-03   5.4125742e-03   4.0266675e-03   1.4457649e-03   4.5353888e-03   2.2288055e-03   0.0000000e+00   2.2811267e-04   3.7098307e-03   3.1100038e-04   1.0025117e-03   2.6258996e-03   9.2955443e-04   1.0053364e-03   0.0000000e+00   3.2850840e-06   3.1816145e-03   0.0000000e+00   0.0000000e+00   9.4096813e-06   0.0000000e+00   8.6307230e-04   1.1857811e-04   0.0000000e+00   1.5285226e-06   1.2168328e-04   9.3092740e-02   1.0030570e+00
   7.9307827e-02   1.7432462e-04   9.6421938e-04   3.0708207e-03   2.2245373e-03   5.7335250e-03   4.7657120e-03   1.0088837e-03   2.8576647e-03   1.9023868e-03   4.9014151e-04   1.4997776e-05   3.8616269e-03   9.2781044e-04   5.1214547e-04   1.7856958e-03   8.9550459e-04   9.2943142e-05   0.0000000e+00   5.5057798e-09   2.8646534e-03   1.6485949e-04   0.0000000e+00   6.0879343e-05   0.0000000e+00   1.1300467e-03   8.2430437e-05   0.0000000e+00   2.2189364e-06   3.7372891e-05   7.9307827e-02   1.0048352e+00
   6.6227570e-02   5.1273878e-05   8.5669475e-04   5.2101881e-03   2.2346527e-03   8.9590907e-03   0.0000000e+00   1.1810120e-03   5.4792717e-03   1.4638740e-03   6.2881390e-04   2.2332048e-04   6.3697106e-04   1.4228575e-03   9.1919090e-04   3.6748065e-03   3.7895230e-04   1.6261179e-03   0.0000000e+00   6.6105475e-05   6.1628729e-03   5.0764724e-05   0.0000000e+00   3.4645855e-05   0.0000000e+00   4.3158244e-04   0.0000000e+00   0.0000000e+00   1.0322255e-06   2.9864124e-04   6.6227570e-02   1.0087026e+00
   4.0832678e-02   2.4219947e-05   1.7426529e-03   3.6584963e-03   1.5775615e-03   7.9959659e-03   0.0000000e+00   9.2095197e-04   3.3418783e-03   1.0815388e-03   1.8475980e-03   2.5091827e-04   9.7954204e-04   2.1809431e-03   2.2326163e-04   3.1213037e-03   4.1455251e-05   1.7469341e-03   0.0000000e+00   1.0158664e-04   4.1788721e-03   0.0000000e+00   0.0000000e+00   6.9186849e-05   0.0000000e+00   0.0000000e+00   2.0376929e-05   0.0000000e+00   3.9453780e-07   1.8092291e-04   4.0832678e-02   1.0093018e+00
   4.0832678e-02   2.4219947e-05   1.7426529e-03   3.6584963e-03   1.5775615e-03   7.9959659e-03   0.0000000e+00   9.2095197e-04   3.3418783e-03   1.0815388e-03   1.8475980e-03   2.5091827e-04   9.7954204e-04   2.1809431e-03   2.2326163e-04   3.1213037e-03   4.1455251e-05   1.7469341e-03   0.0000000e+00   1.0158664e-04   4.1788721e-03   0.0000000e+00   0.0000000e+00   6.9186849e-05   0.0000000e+00   0.0000000e+00   2.0376929e-05   0.0000000e+00   3.9453780e-07   1.8092291e-04   4.0832678e-02   1.0093018e+00
   3.5993519e-02   8.4677071e-05   2.1024038e-03   3.6245960e-03   2.0045050e-03   8.0570015e-03   0.0000000e+00   9.5531504e-04   3.0914236e-03   1.3645085e-03   2.6991615e-03   3.2662588e-04   1.8847445e-03   1.2470029e-03   2.9963158e-04   2.9686115e-03   1.8891120e-04   1.7465132e-03   0.0000000e+00   1.2960057e-04   4.3789746e-03   5.0566933e-05   0.0000000e+00   4.1408419e-05   0.0000000e+00   0.0000000e+00   0.0000000e+00   0.0000000e+00   4.0313437e-07   1.8595835e-04   3.5993519e-02   1.0103363e+00
   1.8863133e-02   8.1889882e-05   1.7530207e-03   3.6627716e-03   2.0012396e-03   7.9482679e-03   0.0000000e+00   9.5522606e-04   3.1329267e-03   1.3057493e-03   1.6775797e-03   3.6519658e-04   1.4397386e-03   1.4654101e-03   2.3703405e-04   2.9303215e-03   1.7348565e-04   1.8035337e-03   0.0000000e+00   1.0384540e-04   4.1608771e-03   3.1470191e-05   0.0000000e+00   2.2974694e-05   0.0000000e+00   0.0000000e+00   1.5689457e-05   0.0000000e+00   4.3274475e-07   1.7148382e-04   1.8863133e-02   1.0106467e+00
   1.8863133e-02   8.1889882e-05   1.7530207e-03   3.6627716e-03   2.0012396e-03   7.9482679e-03   0.0000000e+00   9.5522606e-04   3.1329267e-03   1.3057493e-03   1.6775797e-03   3.6519658e-04   1.4397386e-03   1.4654101e-03   2.3703405e-04   2.9303215e-03   1.7348565e-04   1.8035337e-03   0.0000000e+00   1.0384540e-04   4.1608771e-03   3.1470191e-05   0.0000000e+00   2.2974694e-05   0.0000000e+00   0.0000000e+00   1.5689457e-05   0.0000000e+00   4.3274475e-07   1.7148382e-04   1.8863133e-02   1.0106467e+00
   0.0000000e+00   8.6197265e-05   1.5606855e-03   3.7119101e-03   1.9637076e-03   8.1693687e-03   0.0000000e+00   9.7682124e-04   2.9301608e-03   1.3180541e-03   1.8968043e-03   3.6023887e-04   1.6454683e-03   1.4690527e-03   0.0000000e+00   2.8195917e-03   2.1019923e-04   1.8041232e-03   0.0000000e+00   1.1706216e-04   4.4566056e-03   3.5230821e-05   0.0000000e+00   2.1283852e-05   0.0000000e+00   7.7201441e-05   1.4229834e-05   0.0000000e+00   4.8789405e-07   1.5176261e-04   0.0000000e+00   1.0111092e+00
   0.0000000e+00   8.6197265e-05   1.5606855e-03   3.7119101e-03   1.9637076e-03   8.1693687e-03   0.0000000e+00   9.7682124e-04   2.9301608e-03   1.3180541e-03   1.8968043e-03   3.6023887e-04   1.6454683e-03   1.4690527e-03   0.0000000e+00   2.8195917e-03   2.1019923e-04   1.8041232e-03   0.0000000e+00   1.1706216e-04   4.4566056e-03   3.5230821e-05   0.0000000e+00   2.1283852e-05   0.0000000e+00   7.7201441e-05   1.4229834e-05   0.0000000e+00   4.8789405e-07   1.5176261e-04   0.0000000e+00   1.0111092e+00
