   1.0000000e+00   0.0000000e+00   8.5494514e-05   2.1060730e-05   5.6196202e-04   1.2957681e-03   6.4222140e-03   5.9599969e-03   6.5085822e-03   6.3155945e-11   2.0836527e-03   1.8512164e-03   5.1738827e-04   1.7215685e-03   4.0871402e-06   1.9799331e-06   6.1117881e-05   4.9183037e-03   8.1881601e-04   0.0000000e+00   1.9496868e-03   2.7586094e-04   0.0000000e+00   6.0038450e-04   2.5264952e-03   0.0000000e+00   1.6157299e-04   0.0000000e+00   0.0000000e+00   0.0000000e+00   1.0000000e+00   2.3661752e-02
   9.9928845e-01   0.0000000e+00   9.9394758e-05   1.7007273e-05   1.0318764e-03   1.1196430e-03   1.0834877e-02   6.5178806e-03   6.9716778e-03   3.8353636e-06   2.0736993e-03   0.0000000e+00   5.5156852e-04   1.7621254e-03   4.1003593e-06   1.9810715e-06   5.8631727e-05   4.9719774e-03   8.4080549e-04   0.0000000e+00   2.5754043e-03   2.8569810e-04   0.0000000e+00   6.1036636e-04   2.4018766e-03   0.0000000e+00   1.7163533e-04   0.0000000e+00   0.0000000e+00   0.0000000e+00   9.9928845e-01   2.7860275e-02
   9.9446082e-01   0.0000000e+00   1.2274476e-04   1.3219158e-06   4.6311003e-04   1.1096980e-03   1.1396891e-02   6.7022615e-03   6.5402739e-03   0.0000000e+00   2.0668605e-03   4.4789294e-03   6.8892675e-04   1.7218928e-03   4.6455393e-06   1.9816538e-06   6.6319666e-05   4.9661066e-03   8.5055792e-04   0.0000000e+00   2.4405658e-03   4.8120322e-04   0.0000000e+00   5.6665756e-04   2.1948002e-03   0.0000000e+00   1.7307799e-04   0.0000000e+00   0.0000000e+00   0.0000000e+00   9.9446082e-01   3.9875182e-02
   9.9132772e-01   0.0000000e+00   1.3191515e-04   2.2207336e-07   4.1154662e-04   1.0850993e-03   1.1411448e-02   6.6938964e-03   6.4702028e-03   1.8030445e-09   2.0699033e-03   1.1413587e-02   7.0152604e-04   1.6168282e-03   4.5383699e-06   1.9792959e-06   6.6054452e-05   4.9807605e-03   8.5177762e-04   0.0000000e+00   2.4166972e-03   4.1482021e-04   0.0000000e+00   5.4659097e-04   2.1305967e-03   0.0000000e+00   1.7324820e-04   0.0000000e+00   0.0000000e+00   0.0000000e+00   9.9132772e-01   4.9979474e-02
   9.8534667e-01   0.0000000e+00   1.7285838e-04   8.1400723e-06   3.2989881e-04   1.0149400e-03   8.8594297e-03   6.8106357e-03   4.9668187e-03   2.6360138e-06   2.0326942e-03   1.4649937e-02   6.5553594e-04   1.2035916e-03   4.4816697e-06   2.0191244e-06   6.7909667e-05   4.9620893e-03   7.5173765e-04   0.0000000e+00   2.4044162e-03   4.0884296e-04   0.0000000e+00   9.6592126e-04   1.4257529e-03   0.0000000e+00   1.8038105e-04   0.0000000e+00   0.0000000e+00   0.0000000e+00   9.8534667e-01   6.0577625e-02
   9.8027155e-01   0.0000000e+00   1.7519424e-04   5.0635092e-10   3.3652574e-05   9.7766586e-04   1.1014865e-02   6.7752090e-03   5.1481902e-03   1.5913330e-04   2.0415675e-03   1.2925141e-02   0.0000000e+00   1.2097117e-03   4.5334553e-06   1.9939738e-06   7.0031188e-05   5.0048105e-03   8.6509119e-04   0.0000000e+00   2.4808010e-03   4.4203079e-04   0.0000000e+00   8.0904745e-04   1.7897746e-03   0.0000000e+00   1.7698586e-04   0.0000000e+00   0.0000000e+00   0.0000000e+00   9.8027155e-01   7.0529960e-02
   9.7472240e-01   0.0000000e+00   1.7199246e-04   0.0000000e+00   3.8145495e-05   9.6299011e-04   1.1033807e-02   6.7397570e-03   4.9652576e-03   1.5377966e-04   2.0477992e-03   1.2820839e-02   0.0000000e+00   1.1337507e-03   4.5333790e-06   1.9966745e-06   6.9046996e-05   5.0144651e-03   8.7154780e-04   0.0000000e+00   2.4794201e-03   4.4101492e-04   0.0000000e+00   8.8263643e-04   1.7813627e-03   0.0000000e+00   1.7663013e-04   0.0000000e+00   0.0000000e+00   0.0000000e+00   9.7472240e-01   8.1018373e-02
   9.6945223e-01   0.0000000e+00   1.7667592e-04   0.0000000e+00   4.9861946e-04   1.0810634e-03   1.1594584e-02   6.7317916e-03   4.9319414e-03   6.9623574e-08   2.0455863e-03   1.3290575e-02   1.0741694e-04   1.1219413e-03   4.5432221e-06   1.9948820e-06   6.8745852e-05   4.9575363e-03   8.3617275e-04   0.0000000e+00   2.4111758e-03   4.2186263e-04   0.0000000e+00   8.3880724e-04   1.9944282e-03   0.0000000e+00   1.7536115e-04   0.0000000e+00   0.0000000e+00   0.0000000e+00   9.6945223e-01   9.1991602e-02
   9.6347065e-01   0.0000000e+00   1.6923186e-04   0.0000000e+00   4.9044171e-04   9.8867695e-04   1.1540232e-02   6.7447952e-03   4.9868951e-03   1.4647098e-10   2.0452475e-03   1.3193635e-02   1.4244589e-04   7.9606372e-04   4.5448038e-06   2.0031346e-06   6.8867650e-05   5.5757967e-03   8.2591865e-04   0.0000000e+00   2.4083509e-03   4.2512404e-04   0.0000000e+00   7.6394441e-04   2.0028205e-03   0.0000000e+00   1.7496596e-04   0.0000000e+00   0.0000000e+00   0.0000000e+00   9.6347065e-01   1.0340024e-01
   9.5780933e-01   0.0000000e+00   1.7344355e-04   0.0000000e+00   4.9638198e-04   9.8538756e-04   1.1553695e-02   6.7234955e-03   4.9443075e-03   0.0000000e+00   2.0475561e-03   1.3207592e-02   1.1030640e-04   1.0635572e-03   4.5433186e-06   2.0026668e-06   6.8827158e-05   5.4754280e-03   8.3367024e-04   0.0000000e+00   2.4089178e-03   4.2709312e-04   0.0000000e+00   7.8704773e-04   1.9953335e-03   0.0000000e+00   1.7504223e-04   0.0000000e+00   0.0000000e+00   0.0000000e+00   9.5780933e-01   1.1417835e-01
   9.5149125e-01   0.0000000e+00   1.5409849e-04   5.3830248e-07   1.5057409e-03   8.5792013e-04   9.9607482e-03   6.6670103e-03   4.3599811e-03   0.0000000e+00   2.0489682e-03   1.3585606e-02   1.0749285e-04   9.8820684e-04   4.4570974e-06   1.9927147e-06   7.0477471e-05   5.4530564e-03   7.4730823e-04   0.0000000e+00   2.3732272e-03   4.4063617e-04   0.0000000e+00   8.1123445e-04   1.8241128e-03   0.0000000e+00   1.6516770e-04   0.0000000e+00   0.0000000e+00   0.0000000e+00   9.5149125e-01   1.2525508e-01
   9.4028498e-01   0.0000000e+00   1.0811613e-04   7.1526678e-05   4.6603655e-03   1.9545668e-03   0.0000000e+00   5.7604451e-03   6.3538356e-03   4.1773360e-04   2.0257225e-03   2.9643916e-03   7.4578086e-06   1.4604290e-03   4.7501907e-06   2.0220251e-06   8.1416560e-05   4.6643350e-03   6.2339134e-04   0.0000000e+00   5.8439714e-04   5.6600622e-04   0.0000000e+00   6.9731101e-04   4.3103334e-04   0.0000000e+00   1.2911404e-04   0.0000000e+00   0.0000000e+00   0.0000000e+00   9.4028498e-01   1.3539769e-01
   9.3401230e-01   0.0000000e+00   1.0623556e-04   7.3731990e-05   4.7299397e-03   1.7818912e-03   0.0000000e+00   5.7307158e-03   6.3488004e-03   4.1466273e-04   2.0285238e-03   2.9769735e-03   1.2002132e-06   1.5103119e-03   4.7523012e-06   2.0235733e-06   8.1732329e-05   4.6628489e-03   6.2155559e-04   0.0000000e+00   5.8810930e-04   6.0200757e-04   0.0000000e+00   6.9056005e-04   5.0670426e-04   0.0000000e+00   1.3227455e-04   0.0000000e+00   0.0000000e+00   0.0000000e+00   9.3401230e-01   1.4704897e-01
   9.2817669e-01   0.0000000e+00   0.0000000e+00   2.1661557e-04   4.4524210e-03   2.0679239e-03   2.9341395e-04   5.1493703e-03   5.4543663e-03   7.1017092e-04   1.9600628e-03   2.6393114e-03   1.9551359e-05   1.3124777e-03   2.8531110e-06   1.7481382e-06   0.0000000e+00   5.4550982e-03   9.2155434e-04   0.0000000e+00   5.5060171e-04   7.7252709e-04   0.0000000e+00   6.2306276e-04   5.2539073e-04   0.0000000e+00   9.9342498e-05   0.0000000e+00   0.0000000e+00   0.0000000e+00   9.2817669e-01   1.5759345e-01
   9.2159045e-01   0.0000000e+00   6.9892236e-05   2.9372095e-05   3.9398141e-03   1.8594912e-03   0.0000000e+00   5.1108425e-03   6.0367895e-03   8.3520430e-04   2.0270766e-03   3.7034705e-03   1.6967388e-04   1.4580116e-03   4.8624195e-06   2.0214707e-06   8.2729413e-05   4.9383883e-03   6.0313246e-04   0.0000000e+00   4.9017434e-04   5.8016224e-04   0.0000000e+00   6.1324542e-04   2.7612407e-04   0.0000000e+00   1.2266404e-04   0.0000000e+00   0.0000000e+00   0.0000000e+00   9.2159045e-01   1.6949590e-01
   9.1570322e-01   0.0000000e+00   9.9794482e-05   2.4833625e-05   3.8219176e-03   1.3333552e-03   0.0000000e+00   6.1290930e-03   6.1058571e-03   2.1882079e-04   2.0667907e-03   2.9805372e-03   1.7307982e-04   1.1379576e-03   4.7851775e-06   2.0355745e-06   8.0106957e-05   4.6685234e-03   6.4765618e-04   0.0000000e+00   7.7220946e-04   8.3702795e-04   0.0000000e+00   6.5961778e-04   5.2976288e-04   0.0000000e+00   1.3945451e-04   0.0000000e+00   0.0000000e+00   0.0000000e+00   9.1570322e-01   1.7990901e-01
   9.0832008e-01   0.0000000e+00   8.4700880e-05   1.9731286e-04   3.6994102e-03   1.5756974e-03   0.0000000e+00   5.4620341e-03   7.3930147e-03   1.8531642e-04   1.8560763e-03   0.0000000e+00   0.0000000e+00   1.0983999e-03   0.0000000e+00   1.8395928e-06   2.3697421e-05   4.8700033e-03   4.6565703e-04   0.0000000e+00   6.0782240e-04   6.9599292e-04   0.0000000e+00   1.2919002e-03   7.6507992e-04   0.0000000e+00   1.1933167e-04   0.0000000e+00   0.0000000e+00   0.0000000e+00   9.0832008e-01   1.9209647e-01
   9.0370286e-01   0.0000000e+00   6.8011361e-05   3.6749222e-05   4.6312120e-03   1.1273577e-03   8.2457063e-03   6.2424041e-03   6.1354738e-03   3.2860063e-04   2.0222247e-03   1.0710930e-05   1.3041924e-05   1.3680230e-03   4.7813821e-06   2.0246483e-06   7.5174724e-05   4.8427233e-03   6.7053333e-04   0.0000000e+00   8.0367370e-04   5.2880023e-04   0.0000000e+00   6.7518182e-04   0.0000000e+00   0.0000000e+00   1.5964191e-04   0.0000000e+00   0.0000000e+00   0.0000000e+00   9.0370286e-01   2.0462872e-01
   8.9579713e-01   0.0000000e+00   8.8864487e-05   2.5754879e-05   5.6822036e-03   1.1820590e-03   0.0000000e+00   6.0707025e-03   6.1554281e-03   3.6353327e-04   2.0652608e-03   2.6918797e-03   1.0486966e-04   9.8304870e-04   4.7300175e-06   2.0344300e-06   7.9069469e-05   4.6561155e-03   6.7474132e-04   0.0000000e+00   7.1238734e-04   7.2129068e-04   0.0000000e+00   6.6807865e-04   0.0000000e+00   0.0000000e+00   1.4970533e-04   0.0000000e+00   0.0000000e+00   0.0000000e+00   8.9579713e-01   2.1596910e-01
   8.8767275e-01   0.0000000e+00   2.0307054e-03   2.4359953e-03   1.1048810e-03   7.0209045e-04   5.1128850e-03   5.0419352e-04   1.1294127e-04   3.8905189e-06   8.9278853e-04   5.6603438e-03   8.7962417e-04   4.5764593e-04   1.2406985e-05   7.8099495e-07   1.0248815e-03   1.0551715e-03   6.1220024e-03   0.0000000e+00   0.0000000e+00   1.4662457e-04   0.0000000e+00   0.0000000e+00   0.0000000e+00   0.0000000e+00   2.4203624e-04   0.0000000e+00   0.0000000e+00   0.0000000e+00   8.8767275e-01   2.2779124e-01
   8.8010227e-01   0.0000000e+00   1.8911464e-03   2.6056044e-03   1.0410084e-03   7.2613191e-04   3.7626972e-03   2.8866162e-04   0.0000000e+00   0.0000000e+00   1.1141770e-03   8.4779818e-03   9.2172326e-04   4.9022062e-04   1.5578186e-05   7.3889839e-07   1.0584760e-03   0.0000000e+00   1.7710954e-03   0.0000000e+00   0.0000000e+00   2.0271468e-04   0.0000000e+00   0.0000000e+00   7.8459020e-07   0.0000000e+00   2.6341006e-04   0.0000000e+00   0.0000000e+00   0.0000000e+00   8.8010227e-01   2.3894078e-01
   8.7557384e-01   0.0000000e+00   1.8230910e-03   2.5770460e-03   1.4613839e-03   7.3922866e-04   4.9425549e-03   4.6997024e-04   0.0000000e+00   9.1472916e-06   9.9000137e-04   9.1133662e-03   9.1444828e-04   5.1999728e-04   1.4447926e-05   1.9159780e-07   1.0391372e-03   4.4030163e-04   1.4551459e-03   0.0000000e+00   1.1703949e-05   1.9641074e-04   0.0000000e+00   0.0000000e+00   1.3033266e-05   0.0000000e+00   2.6425783e-04   0.0000000e+00   0.0000000e+00   0.0000000e+00   8.7557384e-01   2.4811742e-01
   8.6546054e-01   0.0000000e+00   2.1585045e-03   3.0045997e-03   4.0869931e-04   6.9320506e-04   6.4231196e-03   1.3555688e-03   0.0000000e+00   1.6833176e-04   0.0000000e+00   2.2378784e-03   1.1033938e-03   0.0000000e+00   6.0865211e-05   1.0879476e-06   1.0214394e-03   1.1198828e-03   2.1570098e-03   0.0000000e+00   0.0000000e+00   0.0000000e+00   0.0000000e+00   3.3119174e-04   0.0000000e+00   0.0000000e+00   3.1075595e-04   0.0000000e+00   0.0000000e+00   0.0000000e+00   8.6546054e-01   2.6318475e-01
   8.5830057e-01   0.0000000e+00   1.7366416e-03   2.5758990e-03   1.9662721e-03   7.1979319e-04   6.2370493e-03   1.1406479e-04   0.0000000e+00   6.2530500e-05   5.0258060e-04   0.0000000e+00   1.2962058e-03   1.4466718e-04   2.2887133e-05   1.1138319e-06   7.0397568e-04   1.3646498e-03   2.4124895e-03   0.0000000e+00   0.0000000e+00   0.0000000e+00   0.0000000e+00   4.5619023e-04   2.4109268e-05   0.0000000e+00   3.1152008e-04   0.0000000e+00   0.0000000e+00   0.0000000e+00   8.5830057e-01   2.7442121e-01
   8.5231666e-01   0.0000000e+00   2.2083837e-03   2.7319171e-03   3.9845313e-04   6.7594610e-04   6.4219787e-03   1.3552499e-03   1.8351950e-05   1.8849132e-04   0.0000000e+00   1.4976419e-03   1.0850654e-03   0.0000000e+00   6.0122964e-05   1.0942415e-06   1.0306579e-03   1.1123995e-03   2.1538156e-03   0.0000000e+00   0.0000000e+00   4.4510239e-05   0.0000000e+00   3.4133019e-04   0.0000000e+00   0.0000000e+00   2.9274023e-04   0.0000000e+00   0.0000000e+00   0.0000000e+00   8.5231666e-01   2.8510669e-01
   8.4469986e-01   0.0000000e+00   2.3796827e-03   3.5472578e-03   2.3592322e-03   6.6276856e-04   5.7459312e-03   3.1761594e-04   7.8632492e-05   9.1111333e-05   9.8902756e-04   4.3086115e-03   1.1215304e-03   0.0000000e+00   1.9774052e-05   5.8119585e-07   5.2490886e-04   1.4072823e-03   2.0927024e-03   0.0000000e+00   6.3620894e-04   7.9393429e-05   0.0000000e+00   3.3560777e-04   8.0528533e-05   0.0000000e+00   2.5006079e-04   0.0000000e+00   0.0000000e+00   0.0000000e+00   8.4469986e-01   3.0080558e-01
   8.3631256e-01   0.0000000e+00   1.8282115e-03   2.6128402e-03   2.1392349e-03   7.0683509e-04   6.1854370e-03   1.2562572e-04   0.0000000e+00   5.9835684e-05   5.4235310e-04   3.3274451e-03   1.0867148e-03   0.0000000e+00   2.2590892e-05   1.1620969e-06   6.8601345e-04   1.4124292e-03   2.4562159e-03   0.0000000e+00   9.3437043e-05   1.5575986e-05   0.0000000e+00   3.3208802e-04   0.0000000e+00   0.0000000e+00   3.1288017e-04   0.0000000e+00   0.0000000e+00   0.0000000e+00   8.3631256e-01   3.1317270e-01
   8.2940963e-01   0.0000000e+00   1.8961317e-03   2.2288510e-03   0.0000000e+00   4.2012707e-04   7.2150611e-03   9.8761315e-04   1.2693357e-04   0.0000000e+00   1.3143928e-03   6.2110258e-03   1.0439886e-03   0.0000000e+00   7.3669468e-05   1.2503349e-06   7.3288200e-04   7.5546031e-04   2.3381281e-03   0.0000000e+00   2.2670609e-04   1.6204354e-04   0.0000000e+00   2.3598095e-04   5.4744315e-05   0.0000000e+00   2.7160587e-04   0.0000000e+00   0.0000000e+00   0.0000000e+00   8.2940963e-01   3.2580936e-01
   8.1917573e-01   0.0000000e+00   2.0081878e-03   3.4125683e-03   6.5155076e-04   1.1387521e-03   0.0000000e+00   0.0000000e+00   1.5130698e-03   6.6450774e-05   7.6826100e-04   3.1040556e-03   8.7034359e-04   3.1784528e-04   0.0000000e+00   9.6386288e-07   7.8486676e-04   7.8832161e-04   1.0650666e-03   0.0000000e+00   3.3211061e-04   2.7110259e-04   0.0000000e+00   3.6326195e-04   0.0000000e+00   0.0000000e+00   3.4738476e-04   0.0000000e+00   0.0000000e+00   0.0000000e+00   8.1917573e-01   3.3816401e-01
   8.1216324e-01   0.0000000e+00   2.0373778e-03   3.4138946e-03   1.6287242e-03   1.0527298e-03   2.9464508e-04   1.6779736e-06   1.6285985e-03   1.0342699e-04   7.5385096e-04   3.4981849e-03   1.1220115e-03   4.0147100e-04   0.0000000e+00   9.6249451e-07   8.9089948e-04   2.7557647e-04   1.4218606e-03   0.0000000e+00   4.4043921e-04   2.7127302e-04   0.0000000e+00   3.4318052e-04   2.2714290e-05   0.0000000e+00   3.4526992e-04   0.0000000e+00   0.0000000e+00   0.0000000e+00   8.1216324e-01   3.5064038e-01
   8.0267398e-01   0.0000000e+00   1.6277991e-03   3.1240275e-03   8.5605389e-04   1.1325710e-03   0.0000000e+00   0.0000000e+00   1.2585249e-04   6.5952752e-05   7.3626801e-04   3.6449352e-03   8.5147520e-04   3.3505948e-04   0.0000000e+00   9.1851528e-07   9.5058054e-04   5.8951287e-04   1.2927046e-03   0.0000000e+00   3.6118296e-04   8.5721596e-05   0.0000000e+00   4.0320789e-04   1.0241876e-04   0.0000000e+00   2.5409486e-04   0.0000000e+00   0.0000000e+00   0.0000000e+00   8.0267398e-01   3.6413805e-01
   7.9570411e-01   0.0000000e+00   1.3532262e-03   3.1228307e-03   7.5772819e-04   9.2779119e-04   2.3633156e-03   2.5650708e-05   1.6892903e-04   6.3415971e-05   9.2230135e-04   5.0952795e-03   7.5059623e-04   3.1962490e-04   2.4512604e-05   7.0938978e-07   9.1833658e-04   6.1785875e-04   1.4514305e-03   0.0000000e+00   5.7764706e-04   3.5902800e-05   0.0000000e+00   2.0720887e-04   4.7179921e-04   0.0000000e+00   2.5027107e-04   0.0000000e+00   0.0000000e+00   0.0000000e+00   7.9570411e-01   3.7718255e-01
   7.8851836e-01   0.0000000e+00   1.3534371e-03   3.1448324e-03   8.4576855e-04   9.2703809e-04   1.7151474e-03   1.2074036e-05   1.7086298e-04   6.0405363e-05   9.1504877e-04   4.9492585e-03   7.4519993e-04   2.0373613e-04   2.3248633e-05   7.1186549e-07   1.0123201e-03   6.2423800e-04   1.5457932e-03   0.0000000e+00   5.4509554e-04   5.0680100e-05   0.0000000e+00   2.1103368e-04   4.1805740e-04   0.0000000e+00   2.3349984e-04   0.0000000e+00   0.0000000e+00   0.0000000e+00   7.8851836e-01   3.8813457e-01
   7.7858097e-01   0.0000000e+00   9.2825270e-04   2.4110179e-03   5.8226517e-04   7.7822182e-04   4.5820836e-03   8.5127730e-12   0.0000000e+00   7.4803644e-06   9.8850313e-04   3.9166031e-03   1.0252927e-03   0.0000000e+00   2.0598389e-05   9.4430999e-07   6.4094639e-04   5.1329352e-04   2.0204261e-03   0.0000000e+00   3.0942046e-05   2.7980770e-04   0.0000000e+00   1.2470783e-04   1.7039415e-04   0.0000000e+00   1.9649636e-04   0.0000000e+00   0.0000000e+00   0.0000000e+00   7.7858097e-01   4.0337001e-01
   7.7074692e-01   0.0000000e+00   9.9494928e-04   2.2095615e-03   5.9606718e-04   7.6592420e-04   4.5502129e-03   0.0000000e+00   0.0000000e+00   7.4896606e-06   9.7123574e-04   4.3157071e-03   1.0043220e-03   0.0000000e+00   2.0569774e-05   9.4562277e-07   6.4087228e-04   6.5561292e-04   2.0058042e-03   0.0000000e+00   3.8938035e-05   2.7731584e-04   0.0000000e+00   1.2370447e-04   1.8894839e-05   0.0000000e+00   1.9424064e-04   0.0000000e+00   0.0000000e+00   0.0000000e+00   7.7074692e-01   4.1552131e-01
   7.6338824e-01   0.0000000e+00   1.1296417e-03   2.1624239e-03   1.1175173e-03   7.9164229e-04   5.1788715e-03   1.8826275e-04   2.1310512e-05   0.0000000e+00   6.6196034e-04   4.3303762e-03   1.0112037e-03   4.5511288e-05   2.0036354e-05   1.0106260e-06   7.1048778e-04   6.6028635e-04   2.1343847e-03   0.0000000e+00   3.1153135e-04   1.3788594e-04   0.0000000e+00   3.0264790e-04   8.6486392e-06   0.0000000e+00   2.8703845e-04   0.0000000e+00   0.0000000e+00   0.0000000e+00   7.6338824e-01   4.2763301e-01
   7.5272222e-01   0.0000000e+00   1.3505895e-03   2.3946451e-03   0.0000000e+00   7.6224425e-04   4.6008926e-03   5.1352152e-05   0.0000000e+00   2.6247865e-05   9.7114157e-04   4.3168394e-03   9.9756895e-04   0.0000000e+00   2.0876618e-05   1.0633191e-06   6.2213495e-04   6.8625582e-04   2.0289103e-03   0.0000000e+00   0.0000000e+00   2.7695972e-04   0.0000000e+00   1.1862229e-04   1.7701846e-05   0.0000000e+00   1.7684597e-04   0.0000000e+00   0.0000000e+00   0.0000000e+00   7.5272222e-01   4.4283091e-01
   7.4504761e-01   0.0000000e+00   1.1533076e-03   1.9681770e-03   3.0579698e-03   8.1452534e-04   1.4757648e-03   1.2567504e-05   3.0271486e-06   0.0000000e+00   3.5759544e-05   6.6896549e-03   0.0000000e+00   5.6903514e-04   2.0278088e-05   8.6200084e-07   6.4629433e-04   1.5535183e-03   2.8704932e-03   0.0000000e+00   1.0244849e-03   2.6853407e-04   0.0000000e+00   6.0343505e-05   1.5204027e-03   0.0000000e+00   3.0261990e-04   0.0000000e+00   0.0000000e+00   0.0000000e+00   7.4504761e-01   4.5647913e-01
   7.3537984e-01   0.0000000e+00   0.0000000e+00   3.6876805e-03   0.0000000e+00   6.6043261e-04   4.1080988e-03   0.0000000e+00   6.4822687e-04   6.7554334e-06   0.0000000e+00   6.2698338e-03   0.0000000e+00   5.0297437e-04   1.5376247e-05   1.0306752e-06   9.0256045e-04   0.0000000e+00   2.3352499e-03   0.0000000e+00   1.0748803e-03   2.3401612e-04   0.0000000e+00   1.1167170e-04   1.4665894e-03   0.0000000e+00   2.6505464e-04   0.0000000e+00   0.0000000e+00   0.0000000e+00   7.3537984e-01   4.6984950e-01
   7.2660211e-01   0.0000000e+00   1.2904462e-03   2.2694830e-03   3.8796028e-03   2.5844742e-04   4.0735127e-03   0.0000000e+00   0.0000000e+00   3.2889603e-04   0.0000000e+00   4.3741526e-03   1.2889797e-05   4.5217769e-04   2.4191650e-05   8.3316218e-07   6.5970475e-04   0.0000000e+00   3.3865127e-03   0.0000000e+00   1.0304321e-03   2.1406570e-04   0.0000000e+00   4.6005361e-05   1.5275064e-03   0.0000000e+00   2.3601978e-04   0.0000000e+00   0.0000000e+00   0.0000000e+00   7.2660211e-01   4.8343151e-01
   7.1745255e-01   0.0000000e+00   1.5814813e-03   3.7435654e-03   7.1606032e-04   9.4207705e-04   2.9769056e-03   1.0959343e-09   8.5142129e-05   6.9818982e-06   0.0000000e+00   6.8156772e-03   6.3684898e-05   5.4260094e-04   2.0912045e-05   8.5504355e-07   6.1736116e-04   1.2180752e-03   2.6871361e-03   0.0000000e+00   8.0093662e-04   2.3192040e-04   0.0000000e+00   1.0894876e-04   1.4333443e-03   0.0000000e+00   2.6420166e-04   0.0000000e+00   0.0000000e+00   0.0000000e+00   7.1745255e-01   4.9691690e-01
   6.9598678e-01   0.0000000e+00   1.1245858e-03   7.9302429e-04   2.0259737e-03   1.5199889e-03   2.6051772e-03   4.6420617e-04   3.5856042e-05   4.2278147e-04   8.8873624e-05   5.7348455e-04   2.1069684e-04   3.6386415e-04   2.5368538e-05   1.4644332e-07   2.1557738e-04   1.9000827e-05   2.5904511e-03   0.0000000e+00   5.6623629e-04   0.0000000e+00   0.0000000e+00   0.0000000e+00   1.2981125e-03   0.0000000e+00   1.0158853e-03   0.0000000e+00   0.0000000e+00   0.0000000e+00   6.9598678e-01   5.2294263e-01
   6.8728969e-01   0.0000000e+00   1.1756581e-03   3.0925682e-03   1.4663720e-03   1.0429203e-03   3.0015633e-03   3.5383902e-05   8.6580685e-05   3.3806509e-04   1.7646576e-05   6.9183892e-03   3.2093139e-06   4.4267140e-04   1.6836931e-05   8.0694862e-07   6.4318698e-04   1.4664310e-04   2.6068606e-03   0.0000000e+00   7.2227633e-06   1.9487624e-04   0.0000000e+00   1.2641933e-04   1.3560311e-03   0.0000000e+00   3.0287823e-04   0.0000000e+00   0.0000000e+00   0.0000000e+00   6.8728969e-01   5.3812900e-01
   6.7687753e-01   0.0000000e+00   1.1233130e-03   7.4683726e-05   1.2882714e-03   1.0148587e-03   3.2929041e-03   2.6805233e-05   8.8849339e-05   2.3730282e-04   2.3949978e-05   7.8898983e-03   0.0000000e+00   4.4860084e-04   1.8437795e-05   6.5480822e-07   8.2537473e-04   0.0000000e+00   2.5713524e-03   0.0000000e+00   5.7067970e-05   7.8958638e-04   0.0000000e+00   1.2592350e-04   1.4923614e-03   0.0000000e+00   3.6831295e-04   0.0000000e+00   0.0000000e+00   0.0000000e+00   6.7687753e-01   5.5166251e-01
   6.6536596e-01   0.0000000e+00   1.2484845e-03   0.0000000e+00   1.4178422e-03   1.2583297e-03   2.1969064e-03   4.6248193e-04   0.0000000e+00   3.6053080e-04   7.7032679e-05   8.7625236e-05   1.7887989e-04   3.8673192e-04   1.9404921e-05   1.7492286e-07   4.7949721e-04   1.3108875e-05   2.4081793e-03   0.0000000e+00   4.3847011e-04   0.0000000e+00   0.0000000e+00   0.0000000e+00   1.4359721e-03   0.0000000e+00   6.0206015e-04   0.0000000e+00   0.0000000e+00   0.0000000e+00   6.6536596e-01   5.6313358e-01
   6.5630098e-01   0.0000000e+00   1.1653643e-03   0.0000000e+00   1.5679657e-03   1.0605310e-03   3.4052424e-03   1.6719312e-05   8.4749780e-05   3.6198883e-04   1.7804245e-05   7.3833186e-03   3.5882908e-06   4.5053391e-04   1.8475241e-05   6.6834176e-07   6.8061581e-04   3.7265600e-05   2.6341411e-03   0.0000000e+00   0.0000000e+00   2.0328477e-04   0.0000000e+00   1.4955964e-04   1.4342448e-03   0.0000000e+00   3.5221040e-04   0.0000000e+00   0.0000000e+00   0.0000000e+00   6.5630098e-01   5.7858777e-01
   6.4493584e-01   0.0000000e+00   1.3900710e-03   0.0000000e+00   1.5804945e-03   1.0806945e-03   3.4574161e-03   5.9421235e-04   9.6104708e-06   7.3246075e-04   7.4447111e-06   0.0000000e+00   8.9343094e-05   4.1309042e-04   2.0623565e-05   6.6461912e-07   6.8082548e-04   0.0000000e+00   2.4487126e-03   0.0000000e+00   3.7388612e-04   0.0000000e+00   0.0000000e+00   2.7503270e-04   1.5799444e-03   0.0000000e+00   4.6401574e-04   0.0000000e+00   0.0000000e+00   0.0000000e+00   6.4493584e-01   5.9072726e-01
   6.3399959e-01   0.0000000e+00   1.3584654e-03   1.7208012e-04   1.5652533e-03   1.0830318e-03   3.1539899e-03   7.8936949e-04   0.0000000e+00   3.2141737e-04   0.0000000e+00   1.0725632e-04   9.5519099e-05   4.1209869e-04   1.8568027e-05   6.8253616e-07   7.0977422e-04   7.5716087e-05   2.4512986e-03   0.0000000e+00   4.2858574e-04   0.0000000e+00   0.0000000e+00   2.2833904e-04   1.5359030e-03   0.0000000e+00   4.8197649e-04   0.0000000e+00   0.0000000e+00   0.0000000e+00   6.3399959e-01   6.0455756e-01
   6.2492832e-01   0.0000000e+00   1.2760159e-03   3.4689639e-03   2.0971371e-04   8.5627664e-04   5.5101656e-03   0.0000000e+00   2.0671698e-04   5.8611535e-04   6.2845350e-07   5.7547158e-03   3.5795855e-04   4.4913464e-04   1.5299159e-05   7.2968376e-07   4.1738788e-04   0.0000000e+00   2.3959246e-03   0.0000000e+00   1.7386624e-03   5.1854269e-04   0.0000000e+00   1.0279389e-04   0.0000000e+00   0.0000000e+00   1.4636925e-04   0.0000000e+00   0.0000000e+00   0.0000000e+00   6.2492832e-01   6.1980538e-01
   6.1462627e-01   0.0000000e+00   1.1809794e-03   3.2800977e-03   1.3137914e-03   9.4664155e-04   1.3411227e-03   0.0000000e+00   7.7757218e-04   6.2529982e-04   1.5991300e-05   6.6552924e-03   8.3123432e-05   4.3476455e-04   1.7227942e-05   7.0644207e-07   6.0466364e-04   2.6132949e-04   2.4569831e-03   0.0000000e+00   2.4617477e-04   2.2854401e-04   0.0000000e+00   1.2650145e-04   1.7812960e-03   0.0000000e+00   2.8954506e-04   0.0000000e+00   0.0000000e+00   0.0000000e+00   6.1462627e-01   6.3190827e-01
   6.0131526e-01   0.0000000e+00   8.4981014e-04   1.2328022e-03   1.3298889e-03   1.0778169e-03   0.0000000e+00   2.6302609e-05   1.7939008e-04   1.8713743e-04   2.0510825e-06   4.0172328e-03   4.7854542e-06   4.5184255e-04   5.6646365e-06   5.3120337e-07   7.0510708e-04   5.9258347e-05   2.3537266e-03   0.0000000e+00   2.1049612e-04   5.9793928e-04   0.0000000e+00   1.4697381e-04   1.4411417e-03   0.0000000e+00   1.8929161e-04   0.0000000e+00   0.0000000e+00   0.0000000e+00   6.0131526e-01   6.4477972e-01
   5.9146586e-01   0.0000000e+00   1.1806227e-03   3.1734306e-03   1.3426320e-03   8.9466678e-04   1.8407999e-03   7.3254763e-07   3.8645903e-04   4.4752357e-04   1.6151067e-05   7.0881582e-03   9.1340388e-05   4.4350070e-04   1.6315694e-05   7.2929493e-07   5.9097048e-04   3.6180499e-04   2.5191039e-03   0.0000000e+00   1.6820801e-04   2.3941310e-04   0.0000000e+00   1.2709469e-04   1.7087868e-03   0.0000000e+00   3.5266831e-04   0.0000000e+00   0.0000000e+00   0.0000000e+00   5.9146586e-01   6.5978174e-01
   5.7819578e-01   0.0000000e+00   7.9748527e-04   1.7216224e-03   1.3645206e-03   1.0778550e-03   0.0000000e+00   0.0000000e+00   1.3814655e-04   1.5212771e-04   0.0000000e+00   5.1548475e-03   0.0000000e+00   4.2644435e-04   7.1867817e-06   5.2787325e-07   7.0468704e-04   4.7959215e-05   2.3521050e-03   0.0000000e+00   1.9879728e-04   3.0894860e-04   0.0000000e+00   1.3890232e-04   1.4073187e-03   0.0000000e+00   9.7182602e-05   0.0000000e+00   0.0000000e+00   0.0000000e+00   5.7819578e-01   6.7234690e-01
   5.6704646e-01   0.0000000e+00   8.3218763e-04   2.2030800e-03   1.4833700e-03   1.0459791e-03   1.5305934e-03   0.0000000e+00   1.4795966e-04   3.0675065e-04   0.0000000e+00   4.9264495e-03   0.0000000e+00   4.3481829e-04   1.1433478e-05   4.5096490e-07   6.3571119e-04   7.5680596e-05   2.3493369e-03   0.0000000e+00   0.0000000e+00   2.7117536e-04   0.0000000e+00   1.3459312e-04   1.4234067e-03   0.0000000e+00   1.8053921e-04   0.0000000e+00   0.0000000e+00   0.0000000e+00   5.6704646e-01   6.8582808e-01
   5.5533220e-01   0.0000000e+00   8.7044351e-04   3.2953867e-03   1.1610031e-03   7.0412210e-04   8.5230149e-04   1.8999957e-05   8.8709125e-05   8.3092381e-06   1.0901970e-04   2.1500686e-03   6.2829206e-07   5.1530904e-04   1.0034119e-05   1.5707199e-07   4.2603212e-05   2.8004973e-04   2.0420429e-03   0.0000000e+00   1.6690477e-04   5.8773816e-04   0.0000000e+00   3.7154182e-06   8.9865307e-04   0.0000000e+00   0.0000000e+00   0.0000000e+00   0.0000000e+00   0.0000000e+00   5.5533220e-01   6.9720656e-01
   5.4318304e-01   0.0000000e+00   9.0038018e-04   2.8666683e-03   1.1776592e-03   1.0097589e-03   1.9220472e-03   7.6624768e-06   1.7395213e-04   1.9446443e-04   2.4274212e-05   2.7568174e-03   1.0249486e-05   4.4391961e-04   9.7083279e-06   3.3327359e-07   5.4256318e-04   0.0000000e+00   2.7385057e-03   0.0000000e+00   1.8589179e-05   2.3752373e-04   0.0000000e+00   1.4063992e-04   1.1269688e-03   0.0000000e+00   5.8484455e-05   0.0000000e+00   0.0000000e+00   0.0000000e+00   5.4318304e-01   7.1152035e-01
   5.3083774e-01   0.0000000e+00   1.2144630e-03   3.1946600e-03   9.0024956e-04   7.3239012e-04   8.4486063e-04   2.5640841e-05   1.1374965e-05   4.4568705e-06   2.2678645e-04   1.9237000e-03   0.0000000e+00   4.8077432e-04   9.7943504e-06   3.2290031e-07   0.0000000e+00   2.7634660e-04   2.0606367e-03   0.0000000e+00   0.0000000e+00   6.0684074e-04   0.0000000e+00   1.1843114e-05   1.1407535e-03   0.0000000e+00   1.3747978e-06   0.0000000e+00   0.0000000e+00   0.0000000e+00   5.3083774e-01   7.2364304e-01
   5.1894891e-01   0.0000000e+00   8.7109609e-04   2.8567559e-03   1.1990005e-03   1.0223481e-03   2.0619979e-03   5.7367846e-06   3.0604635e-04   1.6544306e-04   2.8129204e-05   4.1196074e-03   0.0000000e+00   4.4269821e-04   6.8427873e-06   4.1336514e-07   5.4544764e-04   5.2951027e-05   2.7719831e-03   0.0000000e+00   5.0681867e-05   2.3580642e-04   0.0000000e+00   1.4108181e-04   1.2568610e-03   0.0000000e+00   5.1611667e-05   0.0000000e+00   0.0000000e+00   0.0000000e+00   5.1894891e-01   7.3784996e-01
   5.0776113e-01   0.0000000e+00   1.1219239e-03   3.0084985e-03   2.3540994e-03   9.6312813e-04   1.9156329e-03   0.0000000e+00   1.0449325e-04   3.0713023e-04   6.2885433e-05   4.7992291e-03   1.3784197e-05   4.4209867e-04   8.0865749e-06   5.5662309e-07   5.3335750e-04   1.6944451e-04   3.9933127e-03   0.0000000e+00   0.0000000e+00   2.3414896e-04   0.0000000e+00   1.1439908e-04   7.3735794e-04   0.0000000e+00   7.4294831e-05   0.0000000e+00   0.0000000e+00   0.0000000e+00   5.0776113e-01   7.5034888e-01
   4.9415174e-01   0.0000000e+00   1.2662031e-03   3.2806001e-03   1.2886758e-03   6.0016469e-04   7.8372678e-04   0.0000000e+00   1.3562687e-04   1.8969964e-04   7.6119657e-05   1.3740695e-03   3.5122799e-05   4.8091883e-04   1.4445945e-05   4.4326840e-07   6.8304535e-06   2.2818601e-04   2.7524003e-03   0.0000000e+00   1.4339554e-04   5.4371341e-04   0.0000000e+00   1.4392465e-05   1.1929579e-03   0.0000000e+00   4.0608032e-05   0.0000000e+00   0.0000000e+00   0.0000000e+00   4.9415174e-01   7.6138804e-01
   4.8150391e-01   0.0000000e+00   1.3096867e-03   3.3682479e-03   1.1330081e-03   7.7179876e-04   8.2512775e-04   0.0000000e+00   6.1299873e-05   8.4158737e-05   9.8275055e-05   1.4778233e-03   2.7127463e-05   4.8138102e-04   1.0225513e-05   1.9541446e-07   4.8790381e-05   2.4403023e-04   2.8184179e-03   0.0000000e+00   6.8876500e-05   5.3383572e-04   0.0000000e+00   0.0000000e+00   1.0697951e-03   0.0000000e+00   0.0000000e+00   0.0000000e+00   0.0000000e+00   0.0000000e+00   4.8150391e-01   7.7366670e-01
   4.6916752e-01   0.0000000e+00   1.2288786e-03   3.1542250e-03   1.1862934e-03   6.9133711e-04   8.0119504e-04   0.0000000e+00   3.5703254e-05   9.4652411e-05   1.0384053e-04   2.3215761e-03   2.2699558e-05   4.8098378e-04   1.0525961e-05   2.0338655e-07   0.0000000e+00   2.5156199e-04   2.1474558e-03   0.0000000e+00   5.3219039e-05   5.7785912e-04   0.0000000e+00   0.0000000e+00   1.0757581e-03   0.0000000e+00   0.0000000e+00   0.0000000e+00   0.0000000e+00   0.0000000e+00   4.6916752e-01   7.8526887e-01
   4.5678389e-01   0.0000000e+00   1.2668850e-03   3.7771642e-03   1.2533595e-03   6.8368296e-04   7.7124869e-04   2.8979994e-04   5.6259459e-05   2.4965320e-06   0.0000000e+00   2.0730894e-03   0.0000000e+00   4.6619544e-04   7.5690182e-06   6.3469841e-07   4.0322162e-06   2.3094205e-04   1.9520909e-03   0.0000000e+00   0.0000000e+00   5.3764721e-04   0.0000000e+00   3.3299249e-06   1.0391304e-03   0.0000000e+00   0.0000000e+00   0.0000000e+00   0.0000000e+00   0.0000000e+00   4.5678389e-01   7.9675158e-01
   4.4313112e-01   0.0000000e+00   1.3873753e-03   3.4270531e-03   1.1961839e-03   6.6761800e-04   7.8044357e-04   2.8974640e-04   6.0035841e-05   0.0000000e+00   8.2922575e-05   2.1926733e-03   1.6550809e-05   4.5755632e-04   7.4828639e-06   4.4644275e-07   1.8345009e-06   2.3095514e-04   2.1932671e-03   0.0000000e+00   0.0000000e+00   5.3932258e-04   0.0000000e+00   1.3108780e-06   1.0411955e-03   0.0000000e+00   0.0000000e+00   0.0000000e+00   0.0000000e+00   0.0000000e+00   4.4313112e-01   8.0904192e-01
   4.3101445e-01   0.0000000e+00   1.2156177e-03   4.0119727e-03   1.3356776e-03   6.8920808e-04   1.8862462e-03   0.0000000e+00   5.5623191e-05   2.9269444e-06   1.4591354e-04   1.9681692e-03   1.0457235e-04   4.9378952e-04   7.9978690e-06   3.4381956e-07   1.4971438e-04   2.1711203e-04   1.8881292e-03   0.0000000e+00   1.0210578e-04   4.4350018e-04   0.0000000e+00   2.7323372e-05   1.0626513e-03   0.0000000e+00   2.7289404e-05   0.0000000e+00   0.0000000e+00   0.0000000e+00   4.3101445e-01   8.2004967e-01
   4.1789955e-01   0.0000000e+00   1.1717409e-03   4.0801468e-03   1.4502687e-03   6.8203026e-04   1.9927432e-03   0.0000000e+00   3.9642033e-05   0.0000000e+00   1.3590599e-04   1.8836579e-03   2.2851289e-04   4.8877654e-04   6.7530799e-06   3.3036070e-07   1.6641917e-04   2.1871066e-04   1.7710220e-03   0.0000000e+00   1.5498955e-04   4.2061499e-04   0.0000000e+00   3.0855198e-05   1.0924101e-03   0.0000000e+00   1.4223859e-04   0.0000000e+00   0.0000000e+00   0.0000000e+00   4.1789955e-01   8.3124581e-01
   4.0546379e-01   0.0000000e+00   1.3923550e-03   2.7994653e-03   6.5553330e-04   1.2033503e-03   2.5217296e-03   3.8529025e-06   1.8602804e-04   0.0000000e+00   0.0000000e+00   4.9186021e-03   4.3036512e-04   5.1136830e-04   0.0000000e+00   2.4965387e-07   5.6232029e-04   2.7926212e-04   4.4378191e-03   0.0000000e+00   4.1161558e-04   3.0014861e-04   0.0000000e+00   1.9889405e-04   0.0000000e+00   0.0000000e+00   7.0881270e-04   0.0000000e+00   0.0000000e+00   0.0000000e+00   4.0546379e-01   8.4336906e-01
   3.9166048e-01   0.0000000e+00   1.2371734e-03   3.8851947e-03   1.3783916e-03   6.0492245e-04   1.6038224e-03   0.0000000e+00   1.0489505e-04   2.6436625e-06   5.5258504e-04   5.6867126e-03   1.9054774e-04   5.7781773e-04   4.7687123e-06   5.8079736e-07   3.5672447e-04   2.1492745e-04   1.1602804e-03   0.0000000e+00   3.3180996e-05   6.5349615e-04   0.0000000e+00   4.7261832e-05   1.1197467e-03   0.0000000e+00   0.0000000e+00   0.0000000e+00   0.0000000e+00   0.0000000e+00   3.9166048e-01   8.5354640e-01
   3.7801596e-01   0.0000000e+00   1.3430322e-03   4.0399314e-03   1.3586479e-03   6.0325677e-04   1.4147040e-03   0.0000000e+00   1.1916579e-04   1.4827832e-05   4.6674332e-04   5.2827361e-03   1.5928191e-04   6.1820012e-04   5.4414412e-06   5.4979447e-07   3.5343518e-04   1.9941477e-04   0.0000000e+00   0.0000000e+00   1.0802616e-04   7.0002721e-04   0.0000000e+00   4.5502566e-05   1.3639442e-03   0.0000000e+00   1.7699131e-05   0.0000000e+00   0.0000000e+00   0.0000000e+00   3.7801596e-01   8.6355995e-01
   3.6477536e-01   0.0000000e+00   1.8031732e-05   3.8423469e-04   5.2787941e-04   6.3354598e-04   8.3183232e-04   8.2616445e-05   4.6675953e-04   3.6106544e-05   4.4503582e-04   2.4846632e-03   3.4908431e-05   2.6095739e-04   4.7860588e-06   1.3793050e-06   2.0445123e-04   2.5928499e-04   2.5052999e-03   0.0000000e+00   8.0807577e-04   7.5229000e-04   0.0000000e+00   5.8085488e-05   6.2388195e-05   0.0000000e+00   8.7644738e-05   0.0000000e+00   0.0000000e+00   0.0000000e+00   3.6477536e-01   8.7078795e-01
   3.5046623e-01   0.0000000e+00   6.4741935e-05   4.1421745e-04   5.0201206e-04   5.6837102e-04   7.5220766e-04   8.3098717e-05   4.8491698e-04   8.2577693e-05   4.4234347e-04   1.7438905e-03   5.3949791e-05   2.7445447e-04   4.8027779e-06   9.2923861e-07   1.9211960e-04   2.4973467e-04   2.4893295e-03   0.0000000e+00   7.8939644e-04   7.5677366e-04   0.0000000e+00   5.6595016e-05   6.2556457e-05   0.0000000e+00   9.3600454e-05   0.0000000e+00   0.0000000e+00   0.0000000e+00   3.5046623e-01   8.8071350e-01
   3.3825149e-01   0.0000000e+00   5.9359729e-04   5.4663494e-04   8.2288491e-04   2.0720238e-04   6.6411063e-04   2.9041963e-04   3.0009265e-04   2.9184997e-04   4.5989911e-04   1.6964224e-03   9.7030748e-05   4.0930759e-04   3.8754333e-06   2.1104996e-06   5.2446639e-05   2.3552756e-04   2.5373077e-03   0.0000000e+00   1.5023692e-03   5.6115812e-04   0.0000000e+00   4.2333817e-05   1.0080732e-04   0.0000000e+00   3.7760116e-04   0.0000000e+00   0.0000000e+00   0.0000000e+00   3.3825149e-01   8.8966373e-01
   3.2410937e-01   0.0000000e+00   7.3495640e-04   4.3116438e-04   3.6711830e-04   0.0000000e+00   1.5512212e-04   3.5536727e-04   1.0073911e-03   6.5769512e-04   0.0000000e+00   2.0533793e-03   3.8432185e-04   4.9770042e-04   4.3403226e-06   1.7759690e-06   1.4250765e-04   2.0592366e-04   2.1909247e-03   0.0000000e+00   6.5473302e-04   4.6888542e-04   0.0000000e+00   6.5699459e-05   5.8805005e-04   0.0000000e+00   1.5520522e-04   0.0000000e+00   0.0000000e+00   0.0000000e+00   3.2410937e-01   8.9876620e-01
   3.0745622e-01   0.0000000e+00   6.4574319e-04   0.0000000e+00   4.8797186e-05   0.0000000e+00   0.0000000e+00   1.3317406e-04   5.9010738e-04   1.0254397e-04   5.1252936e-04   2.6802360e-03   7.5069784e-05   1.5643733e-04   5.5474537e-06   1.4943986e-06   4.3010036e-05   2.3788665e-04   2.0942312e-03   0.0000000e+00   8.5677563e-04   6.0812565e-04   0.0000000e+00   6.9444228e-05   1.8051425e-05   0.0000000e+00   1.7607405e-04   0.0000000e+00   0.0000000e+00   0.0000000e+00   3.0745622e-01   9.0854584e-01
   2.9807781e-01   0.0000000e+00   6.5029857e-04   0.0000000e+00   8.1823420e-06   1.6329028e-05   3.6857190e-05   1.1866835e-04   7.0425908e-04   3.6242852e-05   4.9464735e-04   2.8112094e-03   1.1270342e-04   1.8706593e-04   5.9014411e-06   1.2598877e-06   4.3483922e-05   2.3330051e-04   2.0195487e-03   0.0000000e+00   8.8152928e-04   6.1065202e-04   0.0000000e+00   6.8231843e-05   0.0000000e+00   0.0000000e+00   1.7342149e-04   0.0000000e+00   0.0000000e+00   0.0000000e+00   2.9807781e-01   9.1426241e-01
   2.8421558e-01   0.0000000e+00   6.8749681e-04   6.8048726e-04   2.5663784e-04   1.4351056e-04   5.6227384e-04   7.5869175e-05   5.3168756e-04   3.5163397e-05   5.1629414e-04   2.5063658e-03   1.0417001e-04   3.9941155e-04   5.8364939e-06   1.3659831e-06   8.8584177e-05   2.3312164e-04   2.6555763e-03   0.0000000e+00   1.1668806e-03   5.7524164e-04   0.0000000e+00   6.3029204e-05   3.5036107e-05   0.0000000e+00   1.8324648e-04   0.0000000e+00   0.0000000e+00   0.0000000e+00   2.8421558e-01   9.2308018e-01
   2.7151521e-01   0.0000000e+00   6.6171340e-04   6.2273227e-04   2.5232842e-04   1.4103231e-04   7.4682987e-04   7.4240835e-05   5.8308414e-04   0.0000000e+00   5.0092117e-04   2.6258276e-03   1.0478029e-04   3.9401810e-04   5.9560316e-06   1.5902969e-06   6.9945714e-05   2.4090520e-04   2.6259797e-03   0.0000000e+00   1.1665758e-03   5.7572372e-04   0.0000000e+00   6.2806613e-05   3.3055811e-05   0.0000000e+00   1.8287772e-04   0.0000000e+00   0.0000000e+00   0.0000000e+00   2.7151521e-01   9.3016822e-01
   2.5808648e-01   0.0000000e+00   6.6049852e-04   6.4495942e-04   2.3523316e-04   1.5178116e-04   1.0265393e-03   7.8989659e-05   5.7403258e-04   5.2753869e-05   5.0468551e-04   2.4704247e-03   1.7960262e-04   3.9566037e-04   5.4024462e-06   1.5249612e-06   6.8665196e-05   2.4113060e-04   2.6229073e-03   0.0000000e+00   1.0946149e-03   5.7913113e-04   0.0000000e+00   6.2207355e-05   3.7380000e-05   0.0000000e+00   1.8303788e-04   0.0000000e+00   0.0000000e+00   0.0000000e+00   2.5808648e-01   9.3732002e-01
   2.4374791e-01   0.0000000e+00   8.0934868e-04   8.3898755e-04   1.7170234e-04   2.1286047e-04   4.5418491e-05   1.2962572e-04   0.0000000e+00   4.7398322e-04   6.7988372e-04   2.2881742e-04   3.2416608e-04   4.0917832e-04   3.1181929e-06   2.4311328e-06   2.3574749e-06   2.2158355e-04   2.5979416e-03   0.0000000e+00   1.7995464e-03   5.7818915e-04   0.0000000e+00   5.9555687e-05   9.1326124e-05   0.0000000e+00   2.1983194e-04   0.0000000e+00   0.0000000e+00   0.0000000e+00   2.4374791e-01   9.4384130e-01
   2.3076751e-01   0.0000000e+00   8.0994354e-04   9.2496206e-04   1.8320496e-04   2.1289928e-04   4.8117847e-05   1.2918491e-04   0.0000000e+00   4.7672757e-04   6.6316710e-04   2.1764760e-04   3.1977129e-04   4.0214095e-04   2.6548895e-06   2.4718109e-06   2.3159626e-06   2.2292781e-04   2.6005628e-03   0.0000000e+00   1.7984430e-03   6.0092007e-04   0.0000000e+00   5.8141885e-05   9.3143223e-05   0.0000000e+00   2.1997865e-04   0.0000000e+00   0.0000000e+00   0.0000000e+00   2.3076751e-01   9.5001108e-01
   2.1813785e-01   0.0000000e+00   8.6282195e-04   7.8055742e-04   3.1422784e-04   2.4647683e-04   2.0455101e-05   7.5392953e-05   0.0000000e+00   4.4994759e-04   6.9093264e-04   4.1552550e-04   2.6057555e-04   3.7797678e-04   3.4187596e-06   2.5198773e-06   8.4765919e-07   1.7353481e-04   2.4315195e-03   0.0000000e+00   1.6540963e-03   5.7458755e-04   0.0000000e+00   6.9731706e-05   1.4103105e-04   0.0000000e+00   2.1245396e-04   0.0000000e+00   0.0000000e+00   0.0000000e+00   2.1813785e-01   9.5558810e-01
   2.0613092e-01   0.0000000e+00   8.5933876e-04   8.2272991e-04   3.1567089e-04   2.1454994e-04   2.0087421e-05   8.7961204e-05   0.0000000e+00   4.5508634e-04   6.4687897e-04   1.9625430e-04   2.6863927e-04   4.0913832e-04   3.0545758e-06   2.4059693e-06   9.9189046e-07   2.2176588e-04   2.5986119e-03   0.0000000e+00   1.8165340e-03   5.7790203e-04   0.0000000e+00   6.9301343e-05   9.1381773e-05   0.0000000e+00   2.1239877e-04   0.0000000e+00   0.0000000e+00   0.0000000e+00   2.0613092e-01   9.6070959e-01
   1.9336468e-01   0.0000000e+00   7.7752026e-04   1.2809329e-04   2.2982365e-04   1.6296860e-04   3.3915556e-05   3.7933086e-05   4.4397686e-04   4.5479133e-04   3.9973884e-04   1.2261864e-04   2.9946506e-04   3.9493926e-04   1.1790234e-06   3.2117628e-06   6.6162575e-06   2.0497153e-04   1.8058932e-03   0.0000000e+00   1.4199114e-03   5.1955364e-04   0.0000000e+00   6.4909994e-05   6.2792466e-05   0.0000000e+00   1.0036679e-04   0.0000000e+00   0.0000000e+00   0.0000000e+00   1.9336468e-01   9.6508091e-01
   1.8091301e-01   0.0000000e+00   8.7025907e-04   0.0000000e+00   3.2627931e-04   1.9413410e-04   1.3341044e-05   1.1105377e-04   0.0000000e+00   4.3246011e-04   4.7083016e-04   2.3312209e-04   3.7754596e-04   4.0537879e-04   4.5984542e-06   2.6386565e-06   4.1368073e-06   1.8058942e-04   2.5862260e-03   0.0000000e+00   1.2873997e-03   5.1329704e-04   0.0000000e+00   6.6509310e-05   6.6987507e-05   0.0000000e+00   2.1258165e-04   0.0000000e+00   0.0000000e+00   0.0000000e+00   1.8091301e-01   9.6994946e-01
   1.6860825e-01   0.0000000e+00   5.5552788e-04   1.0167818e-03   0.0000000e+00   2.7125150e-04   1.5161663e-04   1.7542917e-04   1.8553154e-04   6.8514437e-04   3.2146587e-04   2.0569414e-03   2.3271664e-04   4.6193162e-04   5.8372888e-06   9.7940634e-07   1.4751442e-06   2.5566987e-04   1.9188228e-03   0.0000000e+00   1.2343276e-03   4.2005043e-04   0.0000000e+00   8.0844827e-05   5.8593226e-05   0.0000000e+00   2.2002243e-04   0.0000000e+00   0.0000000e+00   0.0000000e+00   1.6860825e-01   9.7486189e-01
   1.5544917e-01   0.0000000e+00   8.4727363e-04   1.6014766e-04   4.2850169e-04   2.1144160e-04   1.5289930e-05   1.2274594e-04   0.0000000e+00   4.6129520e-04   4.5365853e-04   1.7135538e-04   3.4966540e-04   2.8093151e-04   6.8941729e-06   2.6800056e-06   3.1630132e-06   2.0845936e-04   2.5038666e-03   0.0000000e+00   1.4053349e-03   5.1250752e-04   0.0000000e+00   6.3422178e-05   6.4493837e-05   0.0000000e+00   2.0709062e-04   0.0000000e+00   0.0000000e+00   0.0000000e+00   1.5544917e-01   9.7853078e-01
   1.4294364e-01   0.0000000e+00   7.7553998e-04   0.0000000e+00   4.2281507e-04   1.4898418e-04   0.0000000e+00   1.5317803e-04   0.0000000e+00   4.2170346e-04   5.5960363e-04   2.4780382e-04   3.4517303e-04   4.2480116e-04   3.5526964e-06   2.7696473e-06   5.0266095e-06   1.6672642e-04   2.6221671e-03   0.0000000e+00   1.2596389e-03   5.3455315e-04   0.0000000e+00   7.0928689e-05   6.3484604e-05   0.0000000e+00   2.0227712e-04   0.0000000e+00   0.0000000e+00   0.0000000e+00   1.4294364e-01   9.8223687e-01
   1.2895593e-01   0.0000000e+00   8.6671504e-04   2.1685733e-04   4.2811163e-04   1.9522500e-04   2.0081091e-05   1.1997070e-04   9.1206806e-06   4.4177957e-04   4.6789986e-04   4.2349391e-05   3.5647224e-04   3.5970551e-04   6.6984510e-06   2.6530283e-06   5.8074356e-06   2.4115781e-04   2.5755725e-03   0.0000000e+00   1.3400608e-03   4.6904883e-04   0.0000000e+00   5.9268511e-05   6.5382176e-05   0.0000000e+00   1.9516290e-04   0.0000000e+00   0.0000000e+00   0.0000000e+00   1.2895593e-01   9.8604735e-01
   1.1915979e-01   0.0000000e+00   9.2694225e-04   8.4661973e-04   2.4140874e-04   1.4409533e-04   0.0000000e+00   1.9423331e-04   1.3298966e-04   3.9566647e-04   5.0008397e-04   1.3354315e-03   3.2775181e-04   6.7430793e-04   8.9308410e-07   2.9434423e-06   1.4829453e-06   4.2305688e-04   1.4514948e-03   0.0000000e+00   1.1179183e-03   5.7569927e-04   0.0000000e+00   8.6283180e-05   7.5265746e-05   0.0000000e+00   2.6049739e-04   0.0000000e+00   0.0000000e+00   0.0000000e+00   1.1915979e-01   9.8885865e-01
   1.0678649e-01   0.0000000e+00   9.2714345e-04   1.0175423e-03   2.1486599e-04   1.5947918e-04   3.0629864e-05   1.7240876e-04   1.2979763e-04   3.9947992e-04   4.8968117e-04   1.3509795e-03   3.1700806e-04   6.1484426e-04   1.5040559e-06   2.8893442e-06   1.9680699e-06   3.8373591e-04   1.6135767e-03   0.0000000e+00   1.1661009e-03   5.7098456e-04   0.0000000e+00   8.9601292e-05   7.6822928e-05   0.0000000e+00   2.6256478e-04   0.0000000e+00   0.0000000e+00   0.0000000e+00   1.0678649e-01   9.9173337e-01
   9.6233672e-02   0.0000000e+00   9.1879796e-04   1.0892129e-03   1.9727858e-04   1.9130490e-04   2.3421677e-05   1.1890842e-04   0.0000000e+00   4.0823071e-04   4.8659068e-04   1.5851211e-03   3.5038317e-04   5.5056100e-04   0.0000000e+00   3.0808478e-06   0.0000000e+00   3.3116398e-04   2.1171825e-03   0.0000000e+00   1.2013286e-03   5.9296759e-04   0.0000000e+00   7.6444929e-05   7.8616994e-05   0.0000000e+00   2.1079011e-04   0.0000000e+00   0.0000000e+00   0.0000000e+00   9.6233672e-02   9.9403761e-01
   8.4798973e-02   0.0000000e+00   9.2274509e-04   1.2025117e-03   2.1577144e-04   1.9501316e-04   2.2252749e-05   1.1838663e-04   0.0000000e+00   4.1384434e-04   4.8874632e-04   1.6249833e-03   3.5035666e-04   5.3129814e-04   0.0000000e+00   3.0998369e-06   8.2118420e-08   3.9002251e-04   1.5798477e-03   0.0000000e+00   1.2020956e-03   5.9429882e-04   0.0000000e+00   7.5320160e-05   7.8169665e-05   0.0000000e+00   2.1058197e-04   0.0000000e+00   0.0000000e+00   0.0000000e+00   8.4798973e-02   9.9600341e-01
   7.3528723e-02   0.0000000e+00   9.2587891e-04   1.7550484e-03   1.2421629e-03   1.9173778e-04   2.2234461e-04   2.2421356e-04   6.2911255e-04   5.5885957e-04   9.2797804e-05   1.1137406e-09   3.9121528e-04   3.5592059e-04   1.5172440e-05   2.4134548e-06   7.3422056e-06   3.3055426e-04   3.0356447e-03   0.0000000e+00   8.1839838e-04   5.7921714e-04   0.0000000e+00   1.0596511e-04   4.1822840e-06   0.0000000e+00   2.3675473e-04   0.0000000e+00   0.0000000e+00   0.0000000e+00   7.3528723e-02   9.9825190e-01
   6.1970190e-02   0.0000000e+00   9.1756353e-04   2.0476678e-03   1.9695360e-04   2.8475338e-04   1.8870534e-04   2.7537275e-04   1.9460078e-04   5.6284787e-04   1.7050605e-04   0.0000000e+00   3.8028145e-04   0.0000000e+00   1.7743117e-05   3.1270731e-06   5.8830271e-06   3.4839190e-04   2.6096583e-03   0.0000000e+00   9.5380233e-04   5.8138244e-04   0.0000000e+00   1.0459698e-04   1.7902841e-05   0.0000000e+00   2.3381618e-04   0.0000000e+00   0.0000000e+00   0.0000000e+00   6.1970190e-02   9.9930479e-01
   5.0348342e-02   0.0000000e+00   9.2270126e-04   1.8937914e-03   9.9548648e-05   2.8672039e-04   1.7933801e-04   2.5301363e-04   4.3833970e-04   5.6186029e-04   2.0373287e-05   1.2714776e-04   4.4742501e-04   8.7111186e-05   2.7564282e-05   2.8520366e-06   6.6515095e-06   3.5785795e-04   2.5313793e-03   0.0000000e+00   8.7143268e-04   5.6389614e-04   0.0000000e+00   1.2934875e-04   1.4332259e-05   0.0000000e+00   2.2575625e-04   0.0000000e+00   0.0000000e+00   0.0000000e+00   5.0348342e-02   1.0005914e+00
   3.6903739e-02   0.0000000e+00   9.3998780e-04   1.9642365e-03   9.7837403e-05   2.7865145e-04   1.8723046e-04   2.5810672e-04   4.4528135e-04   5.6236218e-04   1.6131858e-04   9.1763664e-07   3.9554208e-04   8.0401946e-06   1.9420775e-05   3.0881026e-06   7.3028015e-06   3.4753035e-04   2.5085993e-03   0.0000000e+00   8.6647208e-04   5.7803639e-04   0.0000000e+00   1.1330355e-04   1.4686448e-05   0.0000000e+00   2.2875619e-04   0.0000000e+00   0.0000000e+00   0.0000000e+00   3.6903739e-02   1.0017416e+00
   1.5332907e-02   0.0000000e+00   9.6517530e-04   1.7041501e-03   0.0000000e+00   3.0821304e-04   2.7321847e-04   2.5229608e-04   2.9876473e-04   5.6621938e-04   1.2902287e-04   2.8480652e-06   3.7644182e-04   4.1552879e-06   1.9620227e-05   3.1884509e-06   7.4385342e-06   3.5698421e-04   2.3806565e-03   0.0000000e+00   7.3611259e-04   5.7817825e-04   0.0000000e+00   1.6675153e-04   0.0000000e+00   0.0000000e+00   2.3319329e-04   0.0000000e+00   0.0000000e+00   0.0000000e+00   1.5332907e-02   1.0026712e+00
   1.5332907e-02   0.0000000e+00   9.6517530e-04   1.7041501e-03   0.0000000e+00   3.0821304e-04   2.7321847e-04   2.5229608e-04   2.9876473e-04   5.6621938e-04   1.2902287e-04   2.8480652e-06   3.7644182e-04   4.1552879e-06   1.9620227e-05   3.1884509e-06   7.4385342e-06   3.5698421e-04   2.3806565e-03   0.0000000e+00   7.3611259e-04   5.7817825e-04   0.0000000e+00   1.6675153e-04   0.0000000e+00   0.0000000e+00   2.3319329e-04   0.0000000e+00   0.0000000e+00   0.0000000e+00   1.5332907e-02   1.0026712e+00
   9.2064731e-03   0.0000000e+00   9.6525760e-04   1.7022943e-03   0.0000000e+00   3.1153542e-04   2.8703502e-04   2.5208337e-04   2.9855263e-04   5.6804184e-04   1.4757606e-04   1.6143424e-05   3.8856725e-04   5.7640488e-06   1.9582660e-05   3.1910678e-06   7.4926087e-06   3.5702761e-04   2.3956672e-03   0.0000000e+00   7.3613822e-04   5.7815932e-04   0.0000000e+00   1.6114666e-04   0.0000000e+00   0.0000000e+00   2.3317909e-04   0.0000000e+00   0.0000000e+00   0.0000000e+00   9.2064731e-03   1.0028434e+00
   0.0000000e+00   0.0000000e+00   9.6415973e-04   1.7485735e-03   0.0000000e+00   3.3329128e-04   1.9811263e-04   2.5285605e-04   2.9748828e-04   5.5616927e-04   9.8070600e-05   3.4116007e-05   4.2451643e-04   7.9112387e-05   1.9674535e-05   3.2344345e-06   5.7814911e-06   3.5335368e-04   2.3563986e-03   0.0000000e+00   7.4829126e-04   5.7809839e-04   0.0000000e+00   1.5525301e-04   0.0000000e+00   0.0000000e+00   2.3310980e-04   0.0000000e+00   0.0000000e+00   0.0000000e+00   0.0000000e+00   1.0029296e+00
