   1.0000000e+00  -4.9918449e-01   4.9790946e-01  -4.4952550e+00  -4.9679943e-01   2.9959110e+00  -3.7880920e-04   1.4968625e+00  -1.4115672e-03   1.4958703e+00   1.0000000e+00   2.9515146e+01
   9.9781521e-01  -4.9912785e-01   4.9799316e-01  -4.4957650e+00  -4.9655385e-01   2.9959348e+00  -4.5493690e-04   1.4984406e+00  -1.3848406e-03   1.4957684e+00   9.9781521e-01   2.9522636e+01
   9.9412105e-01  -4.9978987e-01   4.9760911e-01  -4.4936559e+00  -5.0049272e-01   2.9959333e+00  -4.9092660e-04   1.4995466e+00  -2.1092651e-03   1.4966941e+00   9.9412105e-01   2.9529338e+01
   9.9037694e-01  -4.9915590e-01   4.9923796e-01  -4.4956230e+00  -4.9657304e-01   2.9959390e+00  -4.5080074e-04   1.4979443e+00  -1.0548049e-03   1.4958683e+00   9.9037694e-01   2.9542141e+01
   9.8721511e-01  -4.9921329e-01   4.9918223e-01  -4.4961625e+00  -4.9739470e-01   2.9958929e+00  -5.0511594e-04   1.4981475e+00  -1.0900503e-03   1.4957123e+00   9.8721511e-01   2.9550627e+01
   9.8265090e-01  -5.0014576e-01   4.9763366e-01  -4.4933279e+00  -4.9902888e-01   2.9959330e+00  -5.0741659e-04   1.4993965e+00  -2.3282724e-03   1.4969534e+00   9.8265090e-01   2.9563429e+01
   9.7935374e-01  -5.0021803e-01   4.9767377e-01  -4.4934745e+00  -4.9929116e-01   2.9959447e+00  -5.3281819e-04   1.4993820e+00  -2.3424779e-03   1.4969823e+00   9.7935374e-01   2.9573045e+01
   9.7565519e-01  -5.0014258e-01   4.9761106e-01  -4.4928320e+00  -4.9908255e-01   2.9959471e+00  -4.1985218e-04   1.4992898e+00  -2.3994926e-03   1.4972363e+00   9.7565519e-01   2.9584962e+01
   9.7328036e-01  -5.0009370e-01   4.9772712e-01  -4.4941126e+00  -4.9668299e-01   2.9963247e+00  -7.9623875e-05   1.4998868e+00  -1.3779569e-03   1.4986677e+00   9.7328036e-01   2.9593430e+01
   9.7328036e-01  -5.0009370e-01   4.9772712e-01  -4.4941126e+00  -4.9668299e-01   2.9963247e+00  -7.9623875e-05   1.4998868e+00  -1.3779569e-03   1.4986677e+00   9.7328036e-01   2.9593430e+01
   9.6368251e-01  -5.0002405e-01   4.9769607e-01  -4.4941859e+00  -4.9749713e-01   2.9964364e+00  -1.3883107e-04   1.4995727e+00  -1.3463650e-03   1.4983340e+00   9.6368251e-01   2.9618812e+01
   9.6001493e-01  -5.0002914e-01   4.9770869e-01  -4.4942122e+00  -4.9750354e-01   2.9964333e+00  -1.8390977e-04   1.4996293e+00  -1.3117003e-03   1.4982850e+00   9.6001493e-01   2.9629951e+01
   9.5671933e-01  -4.9998572e-01   4.9767222e-01  -4.4941421e+00  -4.9736502e-01   2.9962455e+00  -1.1611402e-04   1.4997235e+00  -1.0169387e-03   1.4989250e+00   9.5671933e-01   2.9640557e+01
   9.5268637e-01  -5.0037375e-01   4.9731289e-01  -4.4944180e+00  -4.9766720e-01   2.9963339e+00  -4.6056617e-06   1.4998265e+00  -1.4615189e-03   1.4978897e+00   9.5268637e-01   2.9654054e+01
   9.4899846e-01  -5.0036018e-01   4.9717186e-01  -4.4945442e+00  -4.9728267e-01   2.9963221e+00   8.3483320e-05   1.4999142e+00  -1.4577774e-03   1.4976794e+00   9.4899846e-01   2.9667137e+01
   9.4652071e-01  -5.0037799e-01   4.9718633e-01  -4.4944522e+00  -4.9746057e-01   2.9963219e+00   9.8474463e-05   1.4999097e+00  -1.4699618e-03   1.4975428e+00   9.4652071e-01   2.9674268e+01
   9.4116703e-01  -5.0036417e-01   4.9721060e-01  -4.4942686e+00  -4.9734030e-01   2.9966045e+00   2.0411966e-04   1.4998467e+00  -1.5651413e-03   1.4975675e+00   9.4116703e-01   2.9691066e+01
   9.3773525e-01  -4.9782832e-01   4.9931539e-01  -4.4947577e+00  -4.9655487e-01   2.9957269e+00  -5.0321302e-04   1.4989922e+00  -1.1214629e-03   1.4955913e+00   9.3773525e-01   2.9704213e+01
   9.3280143e-01  -4.9821949e-01   4.9937318e-01  -4.4949914e+00  -4.9672730e-01   2.9957376e+00  -3.3532106e-04   1.4987658e+00  -1.1278001e-03   1.4957435e+00   9.3280143e-01   2.9717258e+01
   9.2903332e-01  -4.9730598e-01   4.9930131e-01  -4.4950989e+00  -4.9661256e-01   2.9958063e+00  -5.9622455e-04   1.4985657e+00  -7.4614886e-04   1.4960922e+00   9.2903332e-01   2.9729929e+01
   9.2716914e-01  -4.9716961e-01   4.9918911e-01  -4.4950731e+00  -4.9671358e-01   2.9958217e+00  -4.7125636e-04   1.4985926e+00  -5.5343699e-04   1.4959329e+00   9.2716914e-01   2.9735922e+01
   9.2259980e-01  -4.9975064e-01   4.9727279e-01  -4.4947020e+00  -4.9604794e-01   2.9964570e+00   1.1883454e-04   1.4978879e+00  -2.1767775e-03   1.4968122e+00   9.2259980e-01   2.9753066e+01
   9.1820661e-01  -4.9962197e-01   4.9698811e-01  -4.4950000e+00  -4.9720176e-01   2.9962392e+00   2.3175729e-04   1.4979544e+00  -2.3180311e-03   1.4972540e+00   9.1820661e-01   2.9762947e+01
   9.1158829e-01  -5.0037533e-01   4.9752416e-01  -4.4956541e+00  -4.9743294e-01   2.9970082e+00  -9.3181055e-05   1.4978015e+00  -1.7265810e-03   1.4962004e+00   9.1158829e-01   2.9783734e+01
   9.0724442e-01  -4.9968352e-01   4.9749858e-01  -4.4947130e+00  -4.9646427e-01   2.9965378e+00   1.0958415e-04   1.4978073e+00  -2.3240437e-03   1.4969322e+00   9.0724442e-01   2.9798642e+01
   9.0217231e-01  -4.9884966e-01   5.0071923e-01  -4.4954785e+00  -4.9945920e-01   2.9960684e+00   6.3787482e-04   1.4982975e+00  -1.1376236e-03   1.4963335e+00   9.0217231e-01   2.9806665e+01
   8.9710101e-01  -4.9888226e-01   4.9832044e-01  -4.4954820e+00  -4.9979355e-01   2.9960320e+00   6.2471440e-04   1.4984211e+00  -1.0324979e-03   1.4963304e+00   8.9710101e-01   2.9822045e+01
   8.9132336e-01  -4.9893658e-01   4.9897277e-01  -4.4955407e+00  -4.9992948e-01   2.9960239e+00   6.4778004e-04   1.4984520e+00  -9.4164803e-04   1.4964109e+00   8.9132336e-01   2.9839422e+01
   8.8811672e-01  -4.9887659e-01   4.9981935e-01  -4.4954949e+00  -4.9978628e-01   2.9960376e+00   6.2322265e-04   1.4984525e+00  -1.0455209e-03   1.4963298e+00   8.8811672e-01   2.9849766e+01
   8.8303410e-01  -4.9839596e-01   4.9888638e-01  -4.4963062e+00  -4.9764529e-01   2.9960354e+00   3.4672209e-04   1.4984704e+00   1.3545297e-03   1.4958286e+00   8.8303410e-01   2.9872125e+01
   8.7633776e-01  -4.9876506e-01   4.9887111e-01  -4.4955671e+00  -4.9929244e-01   2.9960366e+00   5.9607821e-04   1.4981458e+00  -9.6953449e-04   1.4962426e+00   8.7633776e-01   2.9887237e+01
   8.7127573e-01  -4.9843671e-01   4.9900461e-01  -4.4955156e+00  -5.0022623e-01   2.9960297e+00   6.2901783e-04   1.4985200e+00  -4.8636048e-04   1.4962006e+00   8.7127573e-01   2.9903844e+01
   8.6574672e-01  -4.9860078e-01   4.9876824e-01  -4.4956630e+00  -5.0005929e-01   2.9960361e+00   6.4906415e-04   1.4984227e+00  -9.9161543e-04   1.4962171e+00   8.6574672e-01   2.9922023e+01
   8.6093814e-01  -4.9861823e-01   4.9856119e-01  -4.4954603e+00  -4.9926539e-01   2.9960312e+00   4.4451801e-04   1.4984435e+00  -9.5132187e-04   1.4962424e+00   8.6093814e-01   2.9936634e+01
   8.5737534e-01  -4.9893230e-01   4.9853489e-01  -4.4947607e+00  -4.9919459e-01   2.9960754e+00   5.3755328e-04   1.4985599e+00  -9.3234515e-04   1.4962416e+00   8.5737534e-01   2.9947132e+01
   8.5120251e-01  -4.9895687e-01   4.9814753e-01  -4.4953879e+00  -4.9948664e-01   2.9960009e+00   6.2062543e-04   1.4984427e+00  -8.1220772e-04   1.4962712e+00   8.5120251e-01   2.9968062e+01
   8.4525666e-01  -4.9814990e-01   4.9846362e-01  -4.4952656e+00  -5.0019291e-01   2.9960123e+00   6.1868305e-04   1.4987197e+00  -7.4361885e-04   1.4962401e+00   8.4525666e-01   2.9988252e+01
   8.3907995e-01  -4.9897427e-01   4.9813146e-01  -4.4953317e+00  -4.9923326e-01   2.9960534e+00   5.4920994e-04   1.4986484e+00  -8.7226064e-04   1.4964474e+00   8.3907995e-01   3.0006945e+01
   8.3539043e-01  -4.9997232e-01   4.9800399e-01  -4.4924534e+00  -4.9767036e-01   2.9959897e+00   3.0136036e-04   1.4989807e+00  -1.1548420e-03   1.4963767e+00   8.3539043e-01   3.0023955e+01
   8.2863801e-01  -4.9900271e-01   4.9826506e-01  -4.4953651e+00  -4.9935873e-01   2.9960004e+00   5.8428327e-04   1.4985510e+00  -1.2690018e-03   1.4968062e+00   8.2863801e-01   3.0040606e+01
   8.2381326e-01  -5.0001631e-01   4.9823563e-01  -4.4918854e+00  -4.9819805e-01   2.9959695e+00   3.0229546e-04   1.4989987e+00  -1.1720184e-03   1.4963960e+00   8.2381326e-01   3.0062092e+01
   8.1829167e-01  -5.0008196e-01   4.9799484e-01  -4.4962873e+00  -4.9764557e-01   2.9962517e+00   4.2650982e-04   1.4988808e+00  -1.0906925e-03   1.4959028e+00   8.1829167e-01   3.0081681e+01
   8.1190522e-01  -4.9997636e-01   4.9798882e-01  -4.4962154e+00  -4.9793815e-01   2.9962896e+00   4.7435190e-04   1.4981271e+00  -1.0794700e-03   1.4960268e+00   8.1190522e-01   3.0100966e+01
   8.0676952e-01  -5.0000008e-01   4.9811880e-01  -4.4961478e+00  -4.9739298e-01   2.9962453e+00   5.9257513e-04   1.4990684e+00  -1.0640149e-03   1.4960204e+00   8.0676952e-01   3.0119672e+01
   7.9911495e-01  -5.0010128e-01   4.9753991e-01  -4.4960022e+00  -4.9979551e-01   2.9960347e+00   3.1886075e-04   1.4987868e+00  -9.4214063e-04   1.4963051e+00   7.9911495e-01   3.0141931e+01
   7.9507603e-01  -4.9984371e-01   4.9757667e-01  -4.4960345e+00  -5.0031778e-01   2.9960312e+00   3.4227190e-04   1.4987927e+00  -9.2459564e-04   1.4963037e+00   7.9507603e-01   3.0155681e+01
   7.8811867e-01  -5.0027065e-01   4.9742140e-01  -4.4960909e+00  -4.9765409e-01   2.9959850e+00   8.4736025e-04   1.4993006e+00  -1.2568008e-03   1.4961966e+00   7.8811867e-01   3.0183428e+01
   7.8198619e-01  -5.0092129e-01   4.9936181e-01  -4.4932611e+00  -5.0034265e-01   2.9962391e+00   6.7498445e-04   1.4972091e+00  -2.8764631e-03   1.4971866e+00   7.8198619e-01   3.0201605e+01
   7.7335135e-01  -5.0030858e-01   4.9938361e-01  -4.4936418e+00  -4.9888240e-01   2.9966754e+00   9.4796429e-04   1.4960876e+00  -2.0696182e-03   1.4970358e+00   7.7335135e-01   3.0228816e+01
   7.6914624e-01  -4.9812744e-01   4.9919216e-01  -4.4956943e+00  -4.9872705e-01   2.9961786e+00   8.5294637e-04   1.4960284e+00  -2.7167170e-03   1.4975878e+00   7.6914624e-01   3.0246316e+01
   7.6094330e-01  -5.0033598e-01   4.9911878e-01  -4.4913928e+00  -4.9887854e-01   2.9968694e+00   9.7598313e-04   1.4966271e+00  -2.0434746e-03   1.4972690e+00   7.6094330e-01   3.0275369e+01
   7.5330583e-01  -5.0123033e-01   4.9900016e-01  -4.4946216e+00  -4.9953927e-01   2.9961050e+00   1.6519831e-03   1.4961534e+00  -1.8615914e-03   1.4975633e+00   7.5330583e-01   3.0298508e+01
   7.4667201e-01  -5.0084315e-01   4.9923412e-01  -4.4943887e+00  -4.9908059e-01   2.9964954e+00   9.3027339e-04   1.4958406e+00  -2.1231840e-03   1.4970818e+00   7.4667201e-01   3.0321222e+01
   7.3870358e-01  -5.0128226e-01   4.9906838e-01  -4.4945293e+00  -4.9970218e-01   2.9962454e+00   1.0779017e-03   1.4961609e+00  -1.8262522e-03   1.4973586e+00   7.3870358e-01   3.0347905e+01
   7.3123189e-01  -4.9991630e-01   4.9930964e-01  -4.4945738e+00  -4.9892418e-01   2.9957776e+00   2.8759757e-04   1.4957667e+00  -1.6821159e-03   1.4972421e+00   7.3123189e-01   3.0371745e+01
   7.2411895e-01  -5.0030237e-01   4.9926486e-01  -4.4945640e+00  -4.9899818e-01   2.9957878e+00  -1.2888902e-04   1.4957830e+00  -1.7408721e-03   1.4972387e+00   7.2411895e-01   3.0396992e+01
   7.1679837e-01  -4.9955712e-01   4.9908881e-01  -4.4955359e+00  -4.9913278e-01   2.9958709e+00  -2.8843416e-03   1.4973461e+00  -2.3353614e-03   1.4982207e+00   7.1679837e-01   3.0426876e+01
   7.0986735e-01  -4.9988406e-01   4.9922889e-01  -4.4957384e+00  -4.9894472e-01   2.9957601e+00  -2.3822205e-03   1.4973460e+00  -3.1473120e-03   1.4982409e+00   7.0986735e-01   3.0453321e+01
   7.0226305e-01  -5.0094323e-01   4.9908351e-01  -4.4947517e+00  -4.9963482e-01   2.9962736e+00   1.6964335e-03   1.4960506e+00  -1.9054653e-03   1.4976157e+00   7.0226305e-01   3.0476527e+01
   6.9260966e-01  -5.0036436e-01   4.9929389e-01  -4.4956615e+00  -4.9950728e-01   2.9958409e+00  -2.8217446e-03   1.4975760e+00  -2.2360132e-03   1.4984800e+00   6.9260966e-01   3.0512843e+01
   6.8572646e-01  -5.0300079e-01   4.9925705e-01  -4.4944869e+00  -4.9970690e-01   2.9959758e+00   4.4504840e-04   1.4963363e+00  -1.6658865e-03   1.4973784e+00   6.8572646e-01   3.0540222e+01
   6.7507263e-01  -5.0115030e-01   4.9931988e-01  -4.4949983e+00  -4.9943429e-01   2.9946125e+00  -1.9693499e-03   1.4977020e+00  -8.0989271e-04   1.4982125e+00   6.7507263e-01   3.0571968e+01
   6.6725738e-01  -5.0189481e-01   4.9947438e-01  -4.4950349e+00  -5.0013572e-01   2.9947174e+00  -1.7153218e-03   1.4977856e+00  -7.7209907e-04   1.4982511e+00   6.6725738e-01   3.0602205e+01
   6.5824770e-01  -5.0212625e-01   4.9947521e-01  -4.4949287e+00  -5.0003703e-01   2.9945419e+00  -1.8987347e-03   1.4979831e+00  -1.0358694e-03   1.4981215e+00   6.5824770e-01   3.0637018e+01
   6.4959921e-01  -5.0206893e-01   4.9949883e-01  -4.4950880e+00  -5.0015210e-01   2.9945990e+00  -1.7090535e-03   1.4978155e+00  -4.8740967e-04   1.4982176e+00   6.4959921e-01   3.0667729e+01
   6.4059408e-01  -5.0191099e-01   4.9950192e-01  -4.4949401e+00  -5.0046615e-01   2.9942007e+00  -1.5822521e-03   1.4978550e+00  -5.3767161e-04   1.4981917e+00   6.4059408e-01   3.0701555e+01
   6.3071246e-01  -5.0181862e-01   4.9927866e-01  -4.4949360e+00  -4.9958909e-01   2.9946157e+00  -1.9061828e-03   1.4976477e+00  -8.6553547e-04   1.4981870e+00   6.3071246e-01   3.0737439e+01
   6.2086455e-01  -5.0166636e-01   4.9937821e-01  -4.4948260e+00  -4.9960347e-01   2.9938275e+00  -1.9105053e-03   1.4976556e+00  -8.3140025e-04   1.4981719e+00   6.2086455e-01   3.0776145e+01
   6.1066961e-01  -5.0162094e-01   4.9968729e-01  -4.4938636e+00  -5.0047733e-01   2.9951586e+00  -1.3555436e-03   1.4973049e+00   1.4667470e-03   1.4991373e+00   6.1066961e-01   3.0813056e+01
   6.0116684e-01  -5.0179489e-01   4.9966222e-01  -4.4947242e+00  -5.0001749e-01   2.9954707e+00  -1.4479325e-03   1.4984949e+00   4.0765964e-04   1.5003702e+00   6.0116684e-01   3.0850356e+01
   5.9006987e-01  -5.0147674e-01   4.9954352e-01  -4.4944358e+00  -5.0029967e-01   2.9951366e+00  -1.4391798e-03   1.4974155e+00   1.7039348e-03   1.4996136e+00   5.9006987e-01   3.0892847e+01
   5.7930854e-01  -5.0137972e-01   4.9964062e-01  -4.4944421e+00  -5.0018790e-01   2.9953555e+00  -1.4235568e-03   1.4973603e+00   1.4461284e-03   1.4991668e+00   5.7930854e-01   3.0932610e+01
   5.6837589e-01  -5.0157675e-01   4.9963802e-01  -4.4938677e+00  -4.9996786e-01   2.9953500e+00  -1.3894420e-03   1.4973576e+00   1.2040340e-03   1.4993045e+00   5.6837589e-01   3.0975788e+01
   5.5690716e-01  -5.0158446e-01   4.9960849e-01  -4.4940250e+00  -4.9991013e-01   2.9953439e+00  -1.3896340e-03   1.4973577e+00   1.2374564e-03   1.4991937e+00   5.5690716e-01   3.1021078e+01
   5.4689843e-01  -5.0198484e-01   4.9993606e-01  -4.4954765e+00  -5.0197839e-01   2.9947609e+00  -1.7840258e-03   1.4974911e+00  -7.3774208e-04   1.4982279e+00   5.4689843e-01   3.1068809e+01
   5.3343290e-01  -5.0078334e-01   5.0010930e-01  -4.4954481e+00  -4.9980408e-01   2.9947428e+00  -1.1295702e-03   1.4972207e+00  -2.5487803e-04   1.4977039e+00   5.3343290e-01   3.1113652e+01
   5.2092456e-01  -5.0072871e-01   5.0006929e-01  -4.4957783e+00  -4.9978774e-01   2.9948290e+00  -1.1687643e-03   1.4972015e+00  -6.0937759e-04   1.4981111e+00   5.2092456e-01   3.1165444e+01
   5.1067514e-01  -5.0068767e-01   4.9998992e-01  -4.4952324e+00  -4.9979742e-01   2.9948020e+00  -1.1787147e-03   1.4971944e+00  -1.0596455e-03   1.4978807e+00   5.1067514e-01   3.1207488e+01
   4.9507152e-01  -5.0029704e-01   5.0004278e-01  -4.4944840e+00  -4.9940480e-01   2.9956798e+00  -8.4956865e-04   1.4971634e+00  -1.2493814e-03   1.4994449e+00   4.9507152e-01   3.1271571e+01
   4.8186571e-01  -5.0065415e-01   5.0002522e-01  -4.4926498e+00  -4.9908774e-01   2.9959145e+00  -6.0930314e-04   1.4971670e+00  -1.1772945e-03   1.4988440e+00   4.8186571e-01   3.1328995e+01
   4.6814533e-01  -5.0051069e-01   5.0002120e-01  -4.4927732e+00  -4.9971140e-01   2.9959225e+00  -6.1088023e-04   1.4970512e+00  -9.0554758e-04   1.4988752e+00   4.6814533e-01   3.1387529e+01
   4.5447675e-01  -5.0085847e-01   4.9956907e-01  -4.4969593e+00  -5.0072872e-01   2.9953537e+00  -6.1901310e-04   1.4968984e+00  -3.9962790e-04   1.4981724e+00   4.5447675e-01   3.1452462e+01
   4.3927637e-01  -5.0059821e-01   4.9941784e-01  -4.4970385e+00  -5.0004944e-01   2.9957073e+00  -5.1709258e-04   1.4968725e+00  -3.8717677e-04   1.4981803e+00   4.3927637e-01   3.1518497e+01
   4.2296881e-01  -5.0060695e-01   4.9941814e-01  -4.4961051e+00  -4.9988736e-01   2.9956965e+00  -5.0490258e-04   1.4968100e+00  -4.0052819e-04   1.4976065e+00   4.2296881e-01   3.1589469e+01
   4.0827753e-01  -5.0004991e-01   4.9941274e-01  -4.4956157e+00  -4.9991636e-01   2.9957804e+00  -5.0052480e-04   1.4971662e+00   2.0669922e-03   1.4974369e+00   4.0827753e-01   3.1657975e+01
   3.9287375e-01  -5.0198838e-01   5.0008963e-01  -4.4971396e+00  -5.0032889e-01   2.9940757e+00   1.4103681e-04   1.4972626e+00  -1.6540391e-03   1.4963978e+00   3.9287375e-01   3.1744469e+01
   3.7576556e-01  -5.0196966e-01   5.0010760e-01  -4.4973272e+00  -4.9976187e-01   2.9937863e+00  -4.6824636e-05   1.4971542e+00  -1.5451318e-03   1.4964137e+00   3.7576556e-01   3.1827671e+01
   3.5760927e-01  -5.0158061e-01   5.0009677e-01  -4.4986716e+00  -4.9832629e-01   2.9940015e+00  -4.2199633e-04   1.4971554e+00  -2.1129458e-03   1.4970322e+00   3.5760927e-01   3.1923370e+01
   3.3916268e-01  -5.0222574e-01   5.0011653e-01  -4.4968830e+00  -5.0009553e-01   2.9938052e+00   8.4053982e-04   1.4971365e+00  -1.7882317e-03   1.4965348e+00   3.3916268e-01   3.2010332e+01
   3.2117207e-01  -4.9840981e-01   4.9966552e-01  -4.4979340e+00  -5.0335597e-01   2.9962112e+00  -5.1999142e-04   1.4960786e+00  -2.1315547e-03   1.5008259e+00   3.2117207e-01   3.2116733e+01
   3.0048747e-01  -4.9839247e-01   4.9966398e-01  -4.4979776e+00  -5.0310534e-01   2.9961642e+00  -5.3131311e-04   1.4961849e+00  -2.1661629e-03   1.5002325e+00   3.0048747e-01   3.2223704e+01
   2.7915163e-01  -4.9873449e-01   4.9971937e-01  -4.4987547e+00  -5.0262550e-01   2.9961790e+00  -4.0716668e-04   1.4961543e+00  -1.9853753e-03   1.5005926e+00   2.7915163e-01   3.2344305e+01
   2.5662647e-01  -5.0155559e-01   5.0126456e-01  -4.4983045e+00  -5.0298802e-01   2.9936685e+00  -2.8322206e-03   1.4971862e+00  -7.2758941e-04   1.4973377e+00   2.5662647e-01   3.2480663e+01
   2.0700495e-01  -5.0248668e-01   4.9984433e-01  -4.4968671e+00  -5.0429027e-01   2.9914946e+00  -3.6375455e-04   1.4975308e+00  -2.0232649e-03   1.4968732e+00   2.0700495e-01   3.2799586e+01
   1.8149556e-01  -5.0264108e-01   4.9962941e-01  -4.4976049e+00  -5.0446027e-01   2.9924623e+00   2.6607888e-04   1.4976382e+00  -1.9955570e-03   1.4965800e+00   1.8149556e-01   3.2971537e+01
   1.5309550e-01  -5.0324510e-01   5.0026897e-01  -4.4978227e+00  -5.0293160e-01   2.9941958e+00  -3.5624285e-03   1.4973025e+00   1.8108587e-04   1.4971032e+00   1.5309550e-01   3.3171837e+01
   1.2151543e-01  -5.0254503e-01   4.9962338e-01  -4.4977188e+00  -5.0411477e-01   2.9926554e+00   3.3716696e-04   1.4974881e+00  -1.5375165e-03   1.4961361e+00   1.2151543e-01   3.3429486e+01
   8.6649558e-02  -5.0241759e-01   5.0095418e-01  -4.4992285e+00  -5.0390328e-01   2.9926518e+00  -3.9865973e-03   1.4971551e+00  -1.0556595e-04   1.4969565e+00   8.6649558e-02   3.3770881e+01
   4.7151234e-02  -5.0359496e-01   5.0339918e-01  -4.4952006e+00  -5.0638471e-01   2.9969566e+00  -6.6030090e-03   1.4964759e+00  -3.1731570e-03   1.4973003e+00   4.7151234e-02   3.4273298e+01
   0.0000000e+00  -5.0369052e-01   5.0048481e-01  -4.4978829e+00  -5.0119043e-01   2.9941146e+00  -2.7453193e-03   1.4972932e+00   1.1825354e-03   1.4971377e+00   0.0000000e+00   3.5496609e+01
