   1.0000000e+00   4.9313336e-01  -1.4983612e+00   9.9488716e-01  -2.9904425e+00  -4.9673915e-01   2.9961703e+00  -3.4714105e+00   1.4994849e+00  -1.0001197e+00   1.0000000e+00   3.2510911e+01
   9.9962378e-01   4.9310625e-01  -1.4983579e+00   9.9486695e-01  -2.9904402e+00  -4.9680488e-01   2.9957957e+00  -3.4714105e+00   1.4994739e+00  -1.0000706e+00   9.9962378e-01   3.2512209e+01
   9.9824516e-01   4.9341182e-01  -1.4979071e+00   9.9419068e-01  -2.9904429e+00  -4.9645138e-01   2.9954066e+00  -3.4714106e+00   1.4993417e+00  -1.0000600e+00   9.9824516e-01   3.2519358e+01
   9.9476760e-01   4.9298539e-01  -1.4983902e+00   9.9465863e-01  -2.9904429e+00  -4.9661923e-01   2.9958742e+00  -3.4714101e+00   1.4994718e+00  -1.0001096e+00   9.9476760e-01   3.2530407e+01
   9.9114699e-01   4.9298619e-01  -1.4984015e+00   9.9466966e-01  -2.9904450e+00  -4.9668613e-01   2.9955900e+00  -3.4714100e+00   1.4994043e+00  -1.0000177e+00   9.9114699e-01   3.2541255e+01
   9.8824529e-01   4.9297162e-01  -1.4983873e+00   9.9468211e-01  -2.9904433e+00  -4.9669450e-01   2.9955755e+00  -3.4714100e+00   1.4994354e+00  -1.0000142e+00   9.8824529e-01   3.2550434e+01
   9.8565736e-01   4.9297899e-01  -1.4983883e+00   9.9465930e-01  -2.9904434e+00  -4.9667543e-01   2.9958435e+00  -3.4714101e+00   1.4994419e+00  -1.0000402e+00   9.8565736e-01   3.2558548e+01
   9.8208936e-01   4.9303519e-01  -1.4983877e+00   9.9458772e-01  -2.9904458e+00  -4.9676434e-01   2.9959575e+00  -3.4714103e+00   1.4994710e+00  -1.0000269e+00   9.8208936e-01   3.2569260e+01
   9.7838081e-01   4.9255446e-01  -1.4984082e+00   9.9485828e-01  -2.9904543e+00  -4.9732743e-01   2.9987210e+00  -3.4714110e+00   1.4995491e+00  -1.0001997e+00   9.7838081e-01   3.2587014e+01
   9.7358785e-01   4.9299935e-01  -1.4983768e+00   9.9484291e-01  -2.9904450e+00  -4.9682457e-01   2.9984317e+00  -3.4714109e+00   1.4995627e+00  -1.0002095e+00   9.7358785e-01   3.2598735e+01
   9.6720700e-01   4.9369684e-01  -1.4978281e+00   9.9528134e-01  -2.9904232e+00  -4.9724359e-01   2.9983693e+00  -3.4714111e+00   1.4996512e+00  -1.0000642e+00   9.6720700e-01   3.2608894e+01
   9.6600320e-01   4.9297974e-01  -1.4983817e+00   9.9476209e-01  -2.9904539e+00  -4.9682745e-01   2.9972520e+00  -3.4714108e+00   1.4995826e+00  -1.0001969e+00   9.6600320e-01   3.2620472e+01
   9.6201577e-01   4.9318473e-01  -1.4978757e+00   9.9488457e-01  -2.9904431e+00  -4.9723952e-01   2.9984407e+00  -3.4714111e+00   1.4996688e+00  -9.9991794e-01   9.6201577e-01   3.2631694e+01
   9.5883640e-01   4.9300421e-01  -1.4983945e+00   9.9483399e-01  -2.9904622e+00  -4.9710671e-01   2.9985454e+00  -3.4714111e+00   1.4996763e+00  -9.9994053e-01   9.5883640e-01   3.2644418e+01
   9.5502487e-01   4.9324712e-01  -1.4979256e+00   9.9524365e-01  -2.9904111e+00  -4.9759162e-01   2.9986895e+00  -3.4714107e+00   1.4996648e+00  -1.0002281e+00   9.5502487e-01   3.2652157e+01
   9.5070966e-01   4.9278903e-01  -1.4982691e+00   9.9509523e-01  -2.9904144e+00  -4.9732518e-01   2.9983823e+00  -3.4714107e+00   1.4995963e+00  -1.0001568e+00   9.5070966e-01   3.2670278e+01
   9.4745906e-01   4.9278918e-01  -1.4982572e+00   9.9495255e-01  -2.9904172e+00  -4.9756990e-01   2.9984401e+00  -3.4714107e+00   1.4995983e+00  -1.0001802e+00   9.4745906e-01   3.2680960e+01
   9.3930632e-01   4.9448014e-01  -1.5018470e+00   9.9595699e-01  -2.9902861e+00  -4.9957788e-01   2.9976677e+00  -3.4714118e+00   1.4997976e+00  -9.9990313e-01   9.3930632e-01   3.2694975e+01
   9.3625139e-01   4.9462330e-01  -1.5011418e+00   9.9620791e-01  -2.9903035e+00  -4.9951981e-01   2.9979926e+00  -3.4714118e+00   1.4998789e+00  -9.9992285e-01   9.3625139e-01   3.2700172e+01
   9.2733077e-01   4.9467817e-01  -1.5002434e+00   9.9671192e-01  -2.9915468e+00  -4.9945143e-01   2.9957519e+00  -3.4714126e+00   1.4997612e+00  -9.9989523e-01   9.2733077e-01   3.2711376e+01
   9.2213760e-01   4.9467623e-01  -1.4996391e+00   9.9679528e-01  -2.9914151e+00  -4.9937677e-01   2.9961171e+00  -3.4714129e+00   1.4997679e+00  -9.9989858e-01   9.2213760e-01   3.2727093e+01
   9.1884483e-01   4.9565018e-01  -1.5001081e+00   9.9585262e-01  -2.9920718e+00  -4.9780080e-01   2.9979769e+00  -3.4714116e+00   1.5004911e+00  -1.0004245e+00   9.1884483e-01   3.2739420e+01
   9.1721756e-01   4.9578504e-01  -1.5002184e+00   9.9583099e-01  -2.9904017e+00  -4.9827821e-01   2.9980690e+00  -3.4714116e+00   1.5004030e+00  -9.9997727e-01   9.1721756e-01   3.2754536e+01
   9.1458616e-01   4.9419983e-01  -1.5001544e+00   9.9537982e-01  -2.9903197e+00  -4.9985842e-01   2.9982384e+00  -3.4714120e+00   1.5001536e+00  -1.0000658e+00   9.1458616e-01   3.2774919e+01
   9.0981797e-01   4.9436456e-01  -1.4999631e+00   9.9539366e-01  -2.9902926e+00  -4.9986584e-01   2.9982153e+00  -3.4714120e+00   1.5001703e+00  -1.0000787e+00   9.0981797e-01   3.2788862e+01
   8.9280861e-01   4.9599708e-01  -1.4986465e+00   9.9734146e-01  -2.9957854e+00  -4.9960981e-01   2.9976169e+00  -3.4714120e+00   1.4992315e+00  -9.9629986e-01   8.9280861e-01   3.2799439e+01
   8.9132590e-01   4.9562419e-01  -1.4986106e+00   9.9833513e-01  -2.9959275e+00  -5.0009210e-01   2.9980547e+00  -3.4714119e+00   1.4992028e+00  -9.9571982e-01   8.9132590e-01   3.2808506e+01
   8.8785268e-01   4.9585244e-01  -1.4986462e+00   9.9725597e-01  -2.9944468e+00  -5.0053602e-01   2.9977880e+00  -3.4714128e+00   1.4991942e+00  -9.9543848e-01   8.8785268e-01   3.2823649e+01
   8.8209150e-01   4.9697165e-01  -1.4986746e+00   9.9617300e-01  -2.9940481e+00  -4.9996541e-01   2.9970616e+00  -3.4714105e+00   1.4991891e+00  -9.9513908e-01   8.8209150e-01   3.2841765e+01
   8.7759372e-01   4.9642748e-01  -1.4989770e+00   9.9655124e-01  -2.9957122e+00  -4.9906575e-01   2.9972760e+00  -3.4714111e+00   1.4992271e+00  -9.9564914e-01   8.7759372e-01   3.2852252e+01
   8.7390147e-01   4.9634510e-01  -1.4988683e+00   9.9626672e-01  -2.9956099e+00  -4.9905368e-01   2.9972561e+00  -3.4714108e+00   1.4992228e+00  -9.9565018e-01   8.7390147e-01   3.2865770e+01
   8.6975369e-01   4.9637178e-01  -1.4988463e+00   9.9602214e-01  -2.9941612e+00  -4.9997090e-01   2.9973239e+00  -3.4714110e+00   1.4991061e+00  -9.9494515e-01   8.6975369e-01   3.2886813e+01
   8.6247521e-01   4.9595821e-01  -1.4990218e+00   9.9709534e-01  -2.9970029e+00  -4.9927833e-01   2.9980213e+00  -3.4714125e+00   1.4991635e+00  -9.9614613e-01   8.6247521e-01   3.2902961e+01
   8.5761762e-01   5.0170141e-01  -1.4986327e+00   9.9808837e-01  -2.9922207e+00  -5.0014284e-01   2.9964143e+00  -3.4714126e+00   1.4995623e+00  -1.0001156e+00   8.5761762e-01   3.2919051e+01
   8.5210575e-01   4.9923566e-01  -1.4986527e+00   9.9878769e-01  -2.9915367e+00  -5.0060107e-01   2.9959631e+00  -3.4714126e+00   1.4995263e+00  -9.9956393e-01   8.5210575e-01   3.2937359e+01
   8.5062536e-01   5.0054812e-01  -1.4987552e+00   9.9920415e-01  -2.9896985e+00  -5.0096631e-01   2.9958911e+00  -3.4714128e+00   1.4994234e+00  -1.0000247e+00   8.5062536e-01   3.2959872e+01
   8.4469903e-01   5.0019328e-01  -1.4984987e+00   9.9716316e-01  -2.9903439e+00  -5.0037919e-01   2.9960432e+00  -3.4714121e+00   1.4996752e+00  -1.0010786e+00   8.4469903e-01   3.2977186e+01
   8.4049342e-01   5.0079225e-01  -1.4984909e+00   9.9712611e-01  -2.9902543e+00  -5.0053574e-01   2.9961131e+00  -3.4714123e+00   1.4998621e+00  -1.0013164e+00   8.4049342e-01   3.2994823e+01
   8.3125001e-01   4.9858877e-01  -1.4990442e+00   9.9667456e-01  -2.9921516e+00  -5.0105028e-01   2.9957902e+00  -3.4714127e+00   1.5005932e+00  -9.9833514e-01   8.3125001e-01   3.3011815e+01
   8.2675757e-01   4.9863403e-01  -1.4990466e+00   9.9671356e-01  -2.9923313e+00  -5.0104794e-01   2.9957239e+00  -3.4714127e+00   1.5006476e+00  -9.9830216e-01   8.2675757e-01   3.3026214e+01
   8.2236060e-01   4.9874984e-01  -1.4990663e+00   9.9672708e-01  -2.9917560e+00  -5.0090613e-01   2.9958788e+00  -3.4714129e+00   1.5004779e+00  -9.9901091e-01   8.2236060e-01   3.3043515e+01
   8.1649254e-01   4.9881943e-01  -1.4990598e+00   9.9699423e-01  -2.9907677e+00  -5.0102028e-01   2.9952959e+00  -3.4714127e+00   1.5002126e+00  -9.9842913e-01   8.1649254e-01   3.3069950e+01
   8.1211494e-01   4.9937436e-01  -1.4986947e+00   9.9716434e-01  -2.9903415e+00  -5.0071596e-01   2.9963057e+00  -3.4714126e+00   1.4997713e+00  -9.9967267e-01   8.1211494e-01   3.3085600e+01
   8.0583383e-01   4.9985060e-01  -1.4987023e+00   9.9703237e-01  -2.9901878e+00  -5.0067643e-01   2.9963079e+00  -3.4714126e+00   1.4997367e+00  -9.9978815e-01   8.0583383e-01   3.3109156e+01
   8.0015652e-01   4.9966625e-01  -1.4988209e+00   9.9765590e-01  -2.9899447e+00  -5.0052888e-01   2.9963148e+00  -3.4714127e+00   1.4996579e+00  -9.9995184e-01   8.0015652e-01   3.3129597e+01
   7.9424848e-01   4.9785906e-01  -1.4988670e+00   9.9902507e-01  -2.9899828e+00  -5.0061402e-01   2.9955699e+00  -3.4714126e+00   1.4997877e+00  -9.9984884e-01   7.9424848e-01   3.3151263e+01
   7.8988420e-01   4.9672299e-01  -1.4985702e+00   9.9842790e-01  -2.9898655e+00  -5.0074202e-01   2.9955690e+00  -3.4714126e+00   1.4998533e+00  -9.9979301e-01   7.8988420e-01   3.3171118e+01
   7.8274468e-01   5.0015973e-01  -1.4989463e+00   9.9546707e-01  -2.9905759e+00  -5.0000519e-01   2.9961355e+00  -3.4714130e+00   1.4984795e+00  -1.0004204e+00   7.8274468e-01   3.3191123e+01
   7.7582860e-01   4.9882680e-01  -1.4989006e+00   9.9883786e-01  -2.9896890e+00  -5.0109677e-01   2.9953827e+00  -3.4714126e+00   1.4998998e+00  -9.9947412e-01   7.7582860e-01   3.3218220e+01
   7.7063048e-01   4.9881174e-01  -1.4989049e+00   9.9980512e-01  -2.9896550e+00  -5.0106477e-01   2.9953325e+00  -3.4714126e+00   1.4999019e+00  -9.9948555e-01   7.7063048e-01   3.3237781e+01
   7.6393817e-01   4.9808787e-01  -1.4987306e+00   9.9501359e-01  -2.9904430e+00  -5.0002317e-01   2.9953873e+00  -3.4714130e+00   1.4995099e+00  -1.0004725e+00   7.6393817e-01   3.3263569e+01
   7.5680352e-01   4.9926226e-01  -1.5006559e+00   9.9531333e-01  -2.9907414e+00  -4.9925504e-01   2.9957696e+00  -3.4714123e+00   1.4993130e+00  -9.9940124e-01   7.5680352e-01   3.3285396e+01
   7.4753002e-01   5.0056137e-01  -1.4989834e+00   9.9644249e-01  -2.9907009e+00  -4.9976361e-01   2.9957513e+00  -3.4714123e+00   1.4993291e+00  -1.0001432e+00   7.4753002e-01   3.3312329e+01
   7.4315342e-01   4.9842148e-01  -1.5004002e+00   9.9569194e-01  -2.9906588e+00  -5.0009537e-01   2.9938310e+00  -3.4714122e+00   1.4999047e+00  -9.9977548e-01   7.4315342e-01   3.3339187e+01
   7.3476404e-01   5.0111914e-01  -1.4967630e+00   9.9708877e-01  -2.9929284e+00  -4.9973347e-01   2.9991350e+00  -3.4714123e+00   1.4957914e+00  -9.9558628e-01   7.3476404e-01   3.3358994e+01
   7.2780718e-01   5.0112140e-01  -1.4968805e+00   9.9707123e-01  -2.9930810e+00  -4.9973795e-01   2.9992243e+00  -3.4714123e+00   1.4956504e+00  -9.9552306e-01   7.2780718e-01   3.3384588e+01
   7.2059710e-01   5.0082838e-01  -1.4961551e+00   9.9693911e-01  -2.9916151e+00  -4.9999801e-01   2.9993175e+00  -3.4714122e+00   1.4985335e+00  -9.9493314e-01   7.2059710e-01   3.3419951e+01
   7.0514869e-01   5.0182754e-01  -1.4967961e+00   9.9754565e-01  -2.9920737e+00  -4.9970653e-01   2.9993012e+00  -3.4714123e+00   1.4959288e+00  -9.9560377e-01   7.0514869e-01   3.3473575e+01
   6.9729540e-01   5.0173137e-01  -1.4967915e+00   9.9742107e-01  -2.9920100e+00  -4.9971798e-01   2.9993105e+00  -3.4714123e+00   1.4959458e+00  -9.9559279e-01   6.9729540e-01   3.3503076e+01
   6.8726484e-01   5.0128244e-01  -1.4975177e+00   9.9714362e-01  -2.9924262e+00  -4.9976964e-01   2.9988759e+00  -3.4714123e+00   1.4947885e+00  -9.9660926e-01   6.8726484e-01   3.3535189e+01
   6.7888913e-01   5.0235947e-01  -1.4968666e+00   9.9702303e-01  -2.9924111e+00  -4.9991304e-01   2.9984864e+00  -3.4714123e+00   1.4991001e+00  -9.9589307e-01   6.7888913e-01   3.3565798e+01
   6.7256920e-01   5.0220659e-01  -1.4968894e+00   9.9741748e-01  -2.9920887e+00  -4.9974423e-01   2.9993209e+00  -3.4714123e+00   1.4950477e+00  -9.9560069e-01   6.7256920e-01   3.3600654e+01
   6.6431434e-01   5.0110084e-01  -1.4968964e+00   9.9712090e-01  -2.9915823e+00  -5.0003073e-01   2.9994661e+00  -3.4714120e+00   1.4944665e+00  -9.9544427e-01   6.6431434e-01   3.3636743e+01
   6.5467747e-01   5.0173212e-01  -1.4967144e+00   9.9713649e-01  -2.9915688e+00  -5.0000651e-01   2.9983593e+00  -3.4714121e+00   1.4952725e+00  -9.9634616e-01   6.5467747e-01   3.3663882e+01
   6.4566978e-01   5.0177212e-01  -1.4969573e+00   9.9717040e-01  -2.9915543e+00  -5.0001292e-01   2.9983216e+00  -3.4714121e+00   1.4952415e+00  -9.9632416e-01   6.4566978e-01   3.3698429e+01
   6.3753553e-01   5.0153458e-01  -1.4964735e+00   9.9660343e-01  -2.9916743e+00  -5.0003124e-01   2.9986226e+00  -3.4714121e+00   1.4954271e+00  -9.9565440e-01   6.3753553e-01   3.3733931e+01
   6.2730648e-01   5.0163340e-01  -1.4976296e+00   9.9680623e-01  -2.9911506e+00  -4.9998078e-01   2.9977990e+00  -3.4714121e+00   1.4965778e+00  -9.9572238e-01   6.2730648e-01   3.3769186e+01
   6.1858421e-01   5.0067449e-01  -1.4953502e+00   9.9685869e-01  -2.9917240e+00  -4.9910695e-01   3.0008956e+00  -3.4714121e+00   1.4984231e+00  -9.9569815e-01   6.1858421e-01   3.3814926e+01
   6.0878995e-01   4.9993520e-01  -1.4963082e+00   9.9668201e-01  -2.9916027e+00  -4.9992390e-01   2.9992745e+00  -3.4714121e+00   1.4972227e+00  -9.9546756e-01   6.0878995e-01   3.3843326e+01
   5.9662411e-01   5.0066161e-01  -1.4968558e+00   9.9683796e-01  -2.9913404e+00  -4.9970425e-01   2.9994610e+00  -3.4714122e+00   1.4990080e+00  -9.9542447e-01   5.9662411e-01   3.3894188e+01
   5.8603978e-01   5.0082682e-01  -1.4968000e+00   9.9689771e-01  -2.9913392e+00  -4.9973420e-01   2.9992769e+00  -3.4714122e+00   1.4988216e+00  -9.9544940e-01   5.8603978e-01   3.3936092e+01
   5.7538995e-01   5.0090369e-01  -1.4967198e+00   9.9684460e-01  -2.9914143e+00  -4.9960151e-01   2.9993262e+00  -3.4714121e+00   1.4982296e+00  -9.9521698e-01   5.7538995e-01   3.3980471e+01
   5.6407093e-01   5.0288299e-01  -1.4980560e+00   9.9759439e-01  -2.9905630e+00  -4.9912945e-01   2.9985377e+00  -3.4714121e+00   1.4978112e+00  -9.9625804e-01   5.6407093e-01   3.4030235e+01
   5.5267995e-01   5.0162487e-01  -1.4978922e+00   9.9716170e-01  -2.9908644e+00  -4.9960529e-01   2.9987486e+00  -3.4714121e+00   1.4981911e+00  -9.9822290e-01   5.5267995e-01   3.4067053e+01
   5.4233291e-01   5.0100749e-01  -1.4942671e+00   9.9682333e-01  -2.9905267e+00  -4.9985576e-01   2.9976228e+00  -3.4714121e+00   1.4959429e+00  -9.9582651e-01   5.4233291e-01   3.4129661e+01
   5.3096284e-01   5.0171542e-01  -1.5020301e+00   9.9739246e-01  -2.9899616e+00  -4.9966964e-01   2.9985864e+00  -3.4714121e+00   1.4986355e+00  -9.9876132e-01   5.3096284e-01   3.4177269e+01
   5.1667169e-01   5.0109308e-01  -1.4965727e+00   9.9734406e-01  -2.9905332e+00  -4.9969472e-01   2.9981288e+00  -3.4714121e+00   1.4964634e+00  -9.9558750e-01   5.1667169e-01   3.4229816e+01
   5.0445327e-01   5.0007459e-01  -1.4951091e+00   9.9847358e-01  -2.9899214e+00  -5.0108285e-01   2.9993438e+00  -3.4714119e+00   1.4987918e+00  -9.9692222e-01   5.0445327e-01   3.4290256e+01
   4.9087538e-01   5.0222492e-01  -1.4979584e+00   9.9717838e-01  -2.9911768e+00  -4.9945932e-01   3.0001243e+00  -3.4714123e+00   1.4982477e+00  -9.9634119e-01   4.9087538e-01   3.4343779e+01
   4.7851347e-01   4.9770333e-01  -1.4958297e+00   9.9800710e-01  -2.9907492e+00  -5.0038143e-01   3.0002853e+00  -3.4714114e+00   1.4950641e+00  -9.9685639e-01   4.7851347e-01   3.4407727e+01
   4.6385560e-01   4.9826617e-01  -1.4951521e+00   9.9805435e-01  -2.9907106e+00  -5.0039351e-01   2.9999673e+00  -3.4714119e+00   1.4949177e+00  -9.9686813e-01   4.6385560e-01   3.4474690e+01
   4.5037036e-01   4.9881162e-01  -1.4962964e+00   9.9801273e-01  -2.9907394e+00  -5.0059131e-01   2.9998571e+00  -3.4714119e+00   1.4954496e+00  -9.9691079e-01   4.5037036e-01   3.4529090e+01
   4.3260664e-01   4.9829322e-01  -1.4951035e+00   9.9819548e-01  -2.9909164e+00  -5.0021719e-01   3.0000878e+00  -3.4714119e+00   1.4951847e+00  -9.9663837e-01   4.3260664e-01   3.4618208e+01
   4.1610395e-01   4.9850848e-01  -1.4963084e+00   9.9793414e-01  -2.9904730e+00  -5.0054426e-01   2.9995018e+00  -3.4714119e+00   1.4968887e+00  -9.9744551e-01   4.1610395e-01   3.4686315e+01
   4.0092888e-01   4.9873585e-01  -1.4944596e+00   9.9817902e-01  -2.9932760e+00  -4.9869821e-01   3.0008291e+00  -3.4714119e+00   1.4950577e+00  -9.9618830e-01   4.0092888e-01   3.4765694e+01
   3.8236283e-01   5.0457777e-01  -1.4985081e+00   9.9731638e-01  -2.9912579e+00  -4.9801049e-01   2.9950670e+00  -3.4714120e+00   1.5006196e+00  -1.0000396e+00   3.8236283e-01   3.4861576e+01
   3.6611673e-01   4.9855443e-01  -1.4955124e+00   1.0009942e+00  -2.9948955e+00  -4.9848903e-01   3.0013501e+00  -3.4714116e+00   1.4945137e+00  -9.9637670e-01   3.6611673e-01   3.4940419e+01
   3.4567221e-01   4.9851207e-01  -1.4952310e+00   9.9949875e-01  -2.9942139e+00  -4.9875123e-01   3.0011096e+00  -3.4714115e+00   1.4944540e+00  -9.9645775e-01   3.4567221e-01   3.5044458e+01
   3.2508076e-01   4.9760551e-01  -1.4947687e+00   9.9815909e-01  -2.9930989e+00  -4.9799991e-01   2.9992345e+00  -3.4714106e+00   1.4956261e+00  -9.9628297e-01   3.2508076e-01   3.5148259e+01
   3.0903507e-01   5.0110455e-01  -1.4991459e+00   9.9842878e-01  -2.9876029e+00  -5.0244997e-01   2.9941024e+00  -3.4714127e+00   1.5038525e+00  -1.0002775e+00   3.0903507e-01   3.5297158e+01
   2.8854135e-01   5.0168338e-01  -1.4991909e+00   9.9788610e-01  -2.9880060e+00  -5.0364313e-01   2.9938862e+00  -3.4714128e+00   1.5032782e+00  -9.9989183e-01   2.8854135e-01   3.5412932e+01
   2.6500950e-01   5.0090484e-01  -1.4991695e+00   9.9772897e-01  -2.9874308e+00  -5.0303658e-01   2.9938717e+00  -3.4714128e+00   1.5054136e+00  -9.9942538e-01   2.6500950e-01   3.5573411e+01
   2.4270609e-01   5.0431235e-01  -1.5000855e+00   9.9782987e-01  -2.9881013e+00  -5.0711608e-01   2.9950142e+00  -3.4714122e+00   1.5056758e+00  -9.9820750e-01   2.4270609e-01   3.5756597e+01
   2.2108142e-01   5.0479394e-01  -1.5006010e+00   9.9778974e-01  -2.9876981e+00  -5.0926499e-01   2.9908578e+00  -3.4714121e+00   1.5040187e+00  -9.9816342e-01   2.2108142e-01   3.5939675e+01
   1.8969667e-01   5.0426109e-01  -1.5002291e+00   9.9799952e-01  -2.9880495e+00  -5.0755566e-01   2.9955171e+00  -3.4714123e+00   1.5058574e+00  -9.9785438e-01   1.8969667e-01   3.6120066e+01
   1.5927736e-01   5.0496903e-01  -1.4994713e+00   9.9723076e-01  -2.9868752e+00  -5.0974342e-01   2.9966839e+00  -3.4714128e+00   1.5044199e+00  -9.9708908e-01   1.5927736e-01   3.6384610e+01
   1.2495303e-01   5.0520415e-01  -1.4982163e+00   9.9835000e-01  -2.9880722e+00  -5.0863185e-01   2.9965138e+00  -3.4714133e+00   1.5021183e+00  -9.9677684e-01   1.2495303e-01   3.6617766e+01
   8.5687013e-02   5.0657592e-01  -1.4982257e+00   9.9837616e-01  -2.9883458e+00  -5.1098227e-01   2.9963428e+00  -3.4714136e+00   1.5007125e+00  -9.9729208e-01   8.5687013e-02   3.7035968e+01
   4.4815710e-02   5.0086391e-01  -1.4990899e+00   9.9753357e-01  -2.9852249e+00  -5.0264984e-01   2.9939549e+00  -3.4714130e+00   1.5045591e+00  -9.9915553e-01   4.4815710e-02   3.7482846e+01
   0.0000000e+00   5.0600387e-01  -1.4978011e+00   9.9484662e-01  -2.9916337e+00  -5.0772798e-01   2.9962277e+00  -3.4714131e+00   1.5016609e+00  -9.9493118e-01   0.0000000e+00   3.8797377e+01
