   1.0000000e+00  -2.4974508e+00   1.9965949e+00  -2.2563438e-04   5.0193925e-01   4.9981755e-01  -1.9952382e+00  -2.9935597e+00   5.0238865e-01   4.0581494e-04   1.0000000e+00   1.9993489e+01
   9.9809295e-01  -2.4974483e+00   1.9966713e+00  -2.2441594e-04   5.0194196e-01   4.9974644e-01  -1.9952626e+00  -2.9935579e+00   5.0242628e-01   4.0349443e-04   9.9809295e-01   1.9998224e+01
   9.9405882e-01  -2.4974596e+00   1.9993650e+00  -4.0698811e-05   5.0195541e-01   5.0000042e-01  -1.9952650e+00  -2.9935684e+00   5.0233895e-01   4.0863686e-04   9.9405882e-01   2.0010219e+01
   9.8892340e-01  -2.4975961e+00   1.9993287e+00  -4.4147515e-05   5.0196358e-01   4.9998343e-01  -1.9952187e+00  -2.9935698e+00   5.0235802e-01   3.9953237e-04   9.8892340e-01   2.0023381e+01
   9.8813146e-01  -2.4973795e+00   1.9994924e+00   4.0728395e-04   5.0195327e-01   4.9961688e-01  -1.9935572e+00  -2.9935469e+00   5.0238554e-01   2.7525445e-04   9.8813146e-01   2.0032901e+01
   9.7907579e-01  -2.4974498e+00   1.9994782e+00  -3.4149812e-05   5.0195649e-01   4.9991016e-01  -1.9950937e+00  -2.9935520e+00   5.0234165e-01   5.4440490e-04   9.7907579e-01   2.0048885e+01
   9.7388891e-01  -2.4974434e+00   1.9995108e+00  -1.7421084e-04   5.0195342e-01   5.0012740e-01  -1.9947946e+00  -2.9935380e+00   5.0236064e-01   4.9058856e-04   9.7388891e-01   2.0063475e+01
   9.6788292e-01  -2.4973088e+00   2.0003510e+00   7.8844144e-04   5.0198289e-01   4.9938961e-01  -1.9970033e+00  -2.9935775e+00   5.0255003e-01  -1.5778439e-04   9.6788292e-01   2.0077266e+01
   9.6443312e-01  -2.4972924e+00   2.0003439e+00   1.1673019e-03   5.0192196e-01   4.9984377e-01  -1.9973055e+00  -2.9935893e+00   5.0260000e-01  -4.7424052e-05   9.6443312e-01   2.0086497e+01
   9.6097517e-01  -2.4972891e+00   2.0010438e+00   9.4137874e-04   5.0192559e-01   4.9981178e-01  -1.9973010e+00  -2.9935892e+00   5.0258865e-01  -7.4153378e-05   9.6097517e-01   2.0098127e+01
   9.5563822e-01  -2.4973247e+00   2.0006456e+00   6.8424435e-04   5.0197673e-01   4.9924847e-01  -1.9971167e+00  -2.9935967e+00   5.0247616e-01  -8.2948955e-05   9.5563822e-01   2.0109157e+01
   9.4911118e-01  -2.4972275e+00   1.9984066e+00   8.3171735e-04   5.0197544e-01   4.9920745e-01  -1.9969823e+00  -2.9935825e+00   5.0251582e-01  -1.5737932e-04   9.4911118e-01   2.0119732e+01
   9.4684364e-01  -2.4971679e+00   1.9986531e+00   8.0368094e-04   5.0184006e-01   4.9924065e-01  -1.9969639e+00  -2.9935831e+00   5.0253383e-01  -3.7404178e-05   9.4684364e-01   2.0125440e+01
   9.3836710e-01  -2.4972622e+00   1.9986043e+00   6.3826717e-04   5.0197685e-01   4.9918675e-01  -1.9972108e+00  -2.9935869e+00   5.0247549e-01   1.0425290e-04   9.3836710e-01   2.0147168e+01
   9.3455738e-01  -2.4972481e+00   1.9991514e+00   5.4901896e-04   5.0198059e-01   4.9914065e-01  -1.9972538e+00  -2.9936008e+00   5.0247059e-01   3.3637300e-04   9.3455738e-01   2.0158036e+01
   9.3006898e-01  -2.4972746e+00   1.9991366e+00   6.4706604e-04   5.0188919e-01   4.9935938e-01  -1.9983500e+00  -2.9936550e+00   5.0247913e-01  -1.7134532e-05   9.3006898e-01   2.0169626e+01
   9.2523735e-01  -2.4972739e+00   1.9983045e+00   9.6288735e-04   5.0235616e-01   4.9922331e-01  -1.9967142e+00  -2.9936159e+00   5.0241206e-01  -4.1544474e-05   9.2523735e-01   2.0182598e+01
   9.2410759e-01  -2.4972729e+00   1.9978224e+00   9.4868157e-04   5.0242935e-01   4.9922295e-01  -1.9967488e+00  -2.9936217e+00   5.0240268e-01  -4.1292852e-05   9.2410759e-01   2.0185323e+01
   9.1591473e-01  -2.4973121e+00   1.9982559e+00   9.5267290e-04   5.0228261e-01   4.9920250e-01  -1.9966769e+00  -2.9936164e+00   5.0231803e-01  -1.5061450e-05   9.1591473e-01   2.0206169e+01
   9.1019169e-01  -2.4972750e+00   1.9990153e+00   5.3780888e-04   5.0189555e-01   4.9936223e-01  -1.9983616e+00  -2.9936452e+00   5.0248932e-01  -1.6393185e-05   9.1019169e-01   2.0221170e+01
   9.0565734e-01  -2.4972795e+00   1.9991440e+00   5.4275447e-04   5.0188956e-01   4.9937597e-01  -1.9983979e+00  -2.9936562e+00   5.0249032e-01  -2.6066317e-05   9.0565734e-01   2.0233358e+01
   9.0202738e-01  -2.4974534e+00   2.0002771e+00   4.9393579e-04   5.0169990e-01   4.9942490e-01  -1.9987196e+00  -2.9936175e+00   5.0248995e-01   2.3524202e-04   9.0202738e-01   2.0246654e+01
   8.9498650e-01  -2.4967156e+00   1.9983849e+00   1.8491632e-03   4.9966827e-01   4.9719507e-01  -1.9960722e+00  -2.9936779e+00   5.0204122e-01   9.3448688e-04   8.9498650e-01   2.0260521e+01
   8.9423622e-01  -2.4966975e+00   1.9987305e+00   1.7124040e-03   4.9856767e-01   4.9757613e-01  -1.9954581e+00  -2.9936827e+00   5.0208838e-01   1.2838020e-03   8.9423622e-01   2.0264226e+01
   8.8374845e-01  -2.4969896e+00   1.9971874e+00   6.7017287e-04   5.0103685e-01   4.9743756e-01  -1.9960450e+00  -2.9936376e+00   5.0145695e-01   1.5732247e-03   8.8374845e-01   2.0288217e+01
   8.7979214e-01  -2.4969394e+00   1.9972423e+00   7.7277981e-04   5.0100108e-01   4.9738594e-01  -1.9960614e+00  -2.9936384e+00   5.0147690e-01   1.5595933e-03   8.7979214e-01   2.0298878e+01
   8.7373862e-01  -2.4971116e+00   1.9960506e+00   7.5111733e-04   5.0062924e-01   4.9758059e-01  -1.9959404e+00  -2.9936438e+00   5.0124723e-01   1.4105852e-03   8.7373862e-01   2.0314428e+01
   8.6851042e-01  -2.4969548e+00   1.9972308e+00   7.0999361e-04   5.0098514e-01   4.9735295e-01  -1.9963324e+00  -2.9936380e+00   5.0149230e-01   1.5896795e-03   8.6851042e-01   2.0328656e+01
   8.6237259e-01  -2.4965062e+00   1.9982468e+00   1.3214685e-03   5.0020417e-01   4.9752956e-01  -1.9956127e+00  -2.9936822e+00   5.0210313e-01   8.9514602e-04   8.6237259e-01   2.0346909e+01
   8.6061967e-01  -2.4954389e+00   1.9985678e+00   2.4014526e-03   5.0068582e-01   4.9665909e-01  -1.9957416e+00  -2.9936747e+00   5.0238162e-01   9.5720008e-04   8.6061967e-01   2.0360775e+01
   8.5243672e-01  -2.4964874e+00   1.9982333e+00   1.2371507e-03   5.0037845e-01   4.9650421e-01  -1.9958014e+00  -2.9936867e+00   5.0202335e-01   9.3397595e-04   8.5243672e-01   2.0376507e+01
   8.4587931e-01  -2.4971634e+00   1.9973744e+00   1.9030063e-04   5.0118026e-01   4.9827812e-01  -1.9952287e+00  -2.9936359e+00   5.0175279e-01   1.7880451e-03   8.4587931e-01   2.0391872e+01
   8.4224046e-01  -2.4965335e+00   1.9984057e+00   9.8712958e-04   5.0004953e-01   4.9593202e-01  -1.9958345e+00  -2.9936848e+00   5.0197200e-01   1.3898906e-03   8.4224046e-01   2.0406666e+01
   8.3453223e-01  -2.4973386e+00   1.9972208e+00   2.7153321e-04   5.0127517e-01   4.9904070e-01  -1.9952255e+00  -2.9936335e+00   5.0194029e-01   1.6937998e-03   8.3453223e-01   2.0422912e+01
   8.3065365e-01  -2.4973066e+00   1.9969135e+00   2.2388932e-04   5.0126317e-01   4.9902367e-01  -1.9953129e+00  -2.9936468e+00   5.0187662e-01   2.0243082e-03   8.3065365e-01   2.0433976e+01
   8.2229145e-01  -2.4960828e+00   1.9977914e+00   2.7359386e-04   5.0102424e-01   4.9856101e-01  -1.9952004e+00  -2.9936572e+00   5.0180556e-01   2.2455532e-03   8.2229145e-01   2.0457605e+01
   8.1572780e-01  -2.4960467e+00   1.9976261e+00   2.5173773e-04   5.0101129e-01   4.9865386e-01  -1.9955380e+00  -2.9936431e+00   5.0172422e-01   1.7975679e-03   8.1572780e-01   2.0473026e+01
   8.1061155e-01  -2.4962148e+00   1.9980702e+00   2.5144536e-04   5.0096555e-01   4.9873575e-01  -1.9954659e+00  -2.9936463e+00   5.0172706e-01   1.7814565e-03   8.1061155e-01   2.0487252e+01
   8.0443527e-01  -2.4973418e+00   1.9983994e+00   7.5071100e-04   5.0158152e-01   4.9918293e-01  -1.9951552e+00  -2.9937642e+00   5.0174258e-01   2.0083067e-03   8.0443527e-01   2.0507698e+01
   7.9777837e-01  -2.4973339e+00   1.9984917e+00   7.8642827e-04   5.0158113e-01   4.9921498e-01  -1.9951586e+00  -2.9938360e+00   5.0174326e-01   1.9995932e-03   7.9777837e-01   2.0526161e+01
   7.9140876e-01  -2.4971641e+00   1.9980318e+00   2.9220740e-04   5.0097100e-01   4.9999092e-01  -1.9951836e+00  -2.9937147e+00   5.0156702e-01   2.9761278e-03   7.9140876e-01   2.0544858e+01
   7.8595149e-01  -2.4970669e+00   1.9979500e+00   2.9669034e-04   5.0098024e-01   5.0099538e-01  -1.9951602e+00  -2.9937091e+00   5.0111199e-01   3.4783585e-03   7.8595149e-01   2.0562910e+01
   7.7963175e-01  -2.4971589e+00   1.9979970e+00   2.8734590e-04   5.0088866e-01   4.9994362e-01  -1.9951840e+00  -2.9936976e+00   5.0156429e-01   2.9038614e-03   7.7963175e-01   2.0577560e+01
   7.7194920e-01  -2.4985554e+00   1.9957249e+00   2.6316409e-04   5.0141504e-01   4.9935172e-01  -1.9952010e+00  -2.9936557e+00   4.9972763e-01   2.0758202e-03   7.7194920e-01   2.0598252e+01
   7.6661896e-01  -2.4971920e+00   1.9987250e+00   2.9008164e-04   5.0085936e-01   4.9984123e-01  -1.9952089e+00  -2.9936915e+00   5.0147972e-01   2.9614717e-03   7.6661896e-01   2.0615285e+01
   7.5820149e-01  -2.4971338e+00   1.9960520e+00  -2.3038967e-04   5.0058371e-01   4.9739618e-01  -1.9958501e+00  -2.9932436e+00   5.0180645e-01   2.3140939e-03   7.5820149e-01   2.0640329e+01
   7.5016888e-01  -2.4974227e+00   1.9966693e+00  -2.6631060e-04   5.0026231e-01   4.9730600e-01  -1.9955282e+00  -2.9935180e+00   5.0242230e-01   1.8747376e-04   7.5016888e-01   2.0660744e+01
   7.4440072e-01  -2.4979123e+00   1.9964898e+00  -4.8649742e-04   4.9962687e-01   4.9658466e-01  -1.9957065e+00  -2.9933472e+00   5.0211219e-01   1.0629272e-04   7.4440072e-01   2.0679243e+01
   7.3850063e-01  -2.4971158e+00   1.9962071e+00   2.0056422e-04   5.0013932e-01   4.9709694e-01  -1.9957210e+00  -2.9932404e+00   5.0182431e-01   2.1411014e-03   7.3850063e-01   2.0697053e+01
   7.2746735e-01  -2.4973554e+00   1.9964288e+00   1.3563480e-04   4.9905195e-01   4.9744556e-01  -1.9964364e+00  -2.9933408e+00   5.0154497e-01   2.0547667e-03   7.2746735e-01   2.0724546e+01
   7.2128020e-01  -2.4972127e+00   1.9962099e+00  -2.3206175e-04   5.0032021e-01   4.9709935e-01  -1.9957550e+00  -2.9932421e+00   5.0184990e-01   2.2687233e-03   7.2128020e-01   2.0748113e+01
   7.1515865e-01  -2.4972130e+00   1.9962063e+00  -1.7165479e-04   5.0034754e-01   4.9712870e-01  -1.9958762e+00  -2.9932302e+00   5.0180397e-01   2.2830367e-03   7.1515865e-01   2.0765745e+01
   7.0460159e-01  -2.4974938e+00   1.9963487e+00   2.4399062e-05   4.9983692e-01   4.9759333e-01  -1.9964027e+00  -2.9933445e+00   5.0157864e-01   1.9602675e-03   7.0460159e-01   2.0791878e+01
   6.9911808e-01  -2.4974865e+00   1.9964533e+00   5.2142862e-05   4.9995617e-01   4.9743243e-01  -1.9961242e+00  -2.9933630e+00   5.0156088e-01   1.9580426e-03   6.9911808e-01   2.0808941e+01
   6.8959347e-01  -2.4972768e+00   1.9963569e+00   4.8192243e-05   5.0001346e-01   4.9732299e-01  -1.9967595e+00  -2.9934508e+00   5.0152930e-01   2.2396762e-03   6.8959347e-01   2.0837316e+01
   6.8061246e-01  -2.4972252e+00   1.9962990e+00   6.2031303e-05   4.9914825e-01   4.9726966e-01  -1.9968042e+00  -2.9934477e+00   5.0150614e-01   2.2612169e-03   6.8061246e-01   2.0864360e+01
   6.8028100e-01  -2.4972697e+00   1.9962797e+00   8.1649610e-05   4.9921506e-01   4.9728825e-01  -1.9968403e+00  -2.9934602e+00   5.0150333e-01   2.1575335e-03   6.8028100e-01   2.0864927e+01
   6.6582890e-01  -2.4967893e+00   1.9956833e+00  -5.4880877e-04   5.0045133e-01   4.9694799e-01  -1.9957830e+00  -2.9933323e+00   5.0181598e-01   1.8816760e-03   6.6582890e-01   2.0914800e+01
   6.5773278e-01  -2.4968402e+00   1.9956188e+00  -5.2991167e-04   5.0068148e-01   4.9696362e-01  -1.9956791e+00  -2.9932697e+00   5.0172972e-01   1.9123031e-03   6.5773278e-01   2.0940486e+01
   6.4746141e-01  -2.4968356e+00   1.9958500e+00  -5.2602066e-04   5.0110377e-01   4.9667443e-01  -1.9956758e+00  -2.9933725e+00   5.0178003e-01   1.9923068e-03   6.4746141e-01   2.0973673e+01
   6.4033535e-01  -2.4969099e+00   1.9953422e+00  -2.8337664e-04   5.0122835e-01   4.9651530e-01  -1.9959122e+00  -2.9933076e+00   5.0202862e-01   1.9520472e-03   6.4033535e-01   2.0998579e+01
   6.3311199e-01  -2.4971079e+00   1.9961700e+00  -5.5884737e-04   5.0070868e-01   4.9684714e-01  -1.9958630e+00  -2.9925278e+00   5.0198552e-01   1.9792538e-03   6.3311199e-01   2.1020604e+01
   6.2217755e-01  -2.4970141e+00   1.9958829e+00  -1.0127957e-03   5.0127755e-01   4.9695646e-01  -1.9956115e+00  -2.9933418e+00   5.0184087e-01   1.9308295e-03   6.2217755e-01   2.1053248e+01
   6.1345421e-01  -2.4965816e+00   1.9972054e+00   7.3984377e-05   5.0121643e-01   5.0207392e-01  -1.9955491e+00  -2.9934901e+00   5.0245899e-01   2.8360264e-03   6.1345421e-01   2.1084646e+01
   6.0348405e-01  -2.4968120e+00   1.9975251e+00   5.2150679e-04   5.0137352e-01   5.0067036e-01  -1.9955941e+00  -2.9935971e+00   5.0255088e-01   3.1459068e-03   6.0348405e-01   2.1114271e+01
   5.9592100e-01  -2.4976320e+00   1.9976313e+00   1.4231173e-03   5.0141055e-01   5.0152045e-01  -1.9955232e+00  -2.9931136e+00   5.0282262e-01   3.1350723e-03   5.9592100e-01   2.1146163e+01
   5.8096936e-01  -2.4965092e+00   1.9971728e+00   4.1299092e-04   5.0092419e-01   5.0095799e-01  -1.9954812e+00  -2.9948845e+00   5.0230673e-01   1.7589384e-03   5.8096936e-01   2.1177492e+01
   5.7412858e-01  -2.4960393e+00   1.9953560e+00   1.0229469e-04   5.0102861e-01   5.0179522e-01  -1.9957941e+00  -2.9933950e+00   5.0257256e-01   2.1399843e-03   5.7412858e-01   2.1212086e+01
   5.6401347e-01  -2.4957835e+00   1.9954005e+00   5.8445899e-05   5.0101021e-01   5.0038035e-01  -1.9958079e+00  -2.9933987e+00   5.0260767e-01   2.1287159e-03   5.6401347e-01   2.1242291e+01
   5.5384674e-01  -2.4960238e+00   1.9953781e+00   5.7872997e-05   5.0068842e-01   4.9972691e-01  -1.9956869e+00  -2.9937663e+00   5.0245096e-01   1.3149186e-03   5.5384674e-01   2.1270795e+01
   5.4214383e-01  -2.4951471e+00   1.9986289e+00  -2.7627777e-03   5.0160138e-01   4.9867597e-01  -1.9972771e+00  -2.9974108e+00   5.0043196e-01   2.4130042e-03   5.4214383e-01   2.1309206e+01
   5.2933811e-01  -2.4934392e+00   2.0002538e+00  -2.3538483e-03   5.0147212e-01   4.9821487e-01  -1.9973205e+00  -2.9965996e+00   4.9972462e-01   2.3647429e-03   5.2933811e-01   2.1360801e+01
   5.1841335e-01  -2.4944876e+00   1.9994473e+00  -2.2658279e-03   5.0161827e-01   4.9819874e-01  -1.9973847e+00  -2.9973535e+00   5.0049329e-01   2.5648274e-03   5.1841335e-01   2.1393904e+01
   5.0812754e-01  -2.4932458e+00   2.0000088e+00  -2.5135449e-03   5.0159609e-01   4.9806444e-01  -1.9973700e+00  -2.9974024e+00   5.0025116e-01   2.3354091e-03   5.0812754e-01   2.1437004e+01
   4.9523879e-01  -2.4935020e+00   1.9988276e+00  -1.9779208e-03   5.0171250e-01   4.9636303e-01  -1.9987000e+00  -2.9949674e+00   5.0112317e-01  -4.2507025e-04   4.9523879e-01   2.1480811e+01
   4.8238587e-01  -2.4937308e+00   1.9992728e+00  -1.9714622e-03   5.0194466e-01   4.9649786e-01  -1.9987393e+00  -2.9949137e+00   5.0137458e-01   3.1292469e-04   4.8238587e-01   2.1527770e+01
   4.6846323e-01  -2.4950378e+00   1.9968769e+00   4.2536685e-04   4.9988412e-01   4.9775495e-01  -1.9976011e+00  -2.9950786e+00   5.0387441e-01   2.3150017e-03   4.6846323e-01   2.1574229e+01
   4.5612397e-01  -2.4942362e+00   1.9990769e+00  -2.4931400e-03   5.0164511e-01   4.9798604e-01  -1.9973551e+00  -2.9974157e+00   5.0037271e-01   2.4073901e-03   4.5612397e-01   2.1617645e+01
   4.4280321e-01  -2.4947024e+00   1.9977758e+00   3.4152250e-04   5.0063198e-01   4.9774314e-01  -1.9956796e+00  -2.9942321e+00   5.0140982e-01   2.0214302e-03   4.4280321e-01   2.1662446e+01
   4.3016510e-01  -2.4966447e+00   1.9981205e+00  -2.1485064e-04   4.9943996e-01   4.9703991e-01  -1.9951130e+00  -2.9981331e+00   5.0043537e-01   7.6754791e-04   4.3016510e-01   2.1704785e+01
   4.1561725e-01  -2.4957265e+00   1.9981210e+00  -1.0662039e-03   4.9998609e-01   4.9753851e-01  -1.9942218e+00  -2.9949954e+00   5.0062449e-01   2.9020185e-03   4.1561725e-01   2.1769267e+01
   3.9942698e-01  -2.4966548e+00   1.9981265e+00  -1.1345146e-04   4.9940546e-01   4.9683447e-01  -1.9951115e+00  -2.9980016e+00   5.0043482e-01   2.1181918e-04   3.9942698e-01   2.1824034e+01
   3.8809880e-01  -2.4957590e+00   1.9988589e+00  -4.0792260e-04   5.0018183e-01   4.9730465e-01  -1.9933518e+00  -2.9954050e+00   5.0026635e-01   2.0745138e-03   3.8809880e-01   2.1879527e+01
   3.7131471e-01  -2.4920339e+00   1.9976120e+00  -1.0768869e-03   5.0186112e-01   4.9986845e-01  -1.9977872e+00  -2.9967640e+00   4.9940829e-01   2.9928023e-03   3.7131471e-01   2.1954437e+01
   3.5671926e-01  -2.4964077e+00   1.9980753e+00  -2.4974415e-04   4.9965907e-01   4.9532286e-01  -1.9947528e+00  -2.9972798e+00   5.0052004e-01   2.1148618e-03   3.5671926e-01   2.2008481e+01
   3.3818350e-01  -2.4927314e+00   1.9976171e+00  -4.5457348e-04   5.0152361e-01   4.9967955e-01  -1.9956383e+00  -2.9948011e+00   5.0012369e-01   3.1711465e-03   3.3818350e-01   2.2091830e+01
   3.2173072e-01  -2.4929779e+00   1.9978732e+00  -5.7754829e-04   5.0154856e-01   4.9978196e-01  -1.9958048e+00  -2.9948014e+00   5.0009479e-01   2.9020755e-03   3.2173072e-01   2.2160632e+01
   3.0393683e-01  -2.4995097e+00   1.9983328e+00  -1.0238647e-04   5.0163568e-01   4.9816837e-01  -1.9982668e+00  -2.9942242e+00   5.0099111e-01   1.8854592e-03   3.0393683e-01   2.2233625e+01
   2.8417656e-01  -2.4933510e+00   1.9972489e+00  -3.5633396e-04   5.0157839e-01   4.9889990e-01  -1.9955855e+00  -2.9947843e+00   4.9995617e-01   2.9782357e-03   2.8417656e-01   2.2329938e+01
   2.6805668e-01  -2.4993018e+00   1.9990421e+00  -1.4514301e-03   5.0141419e-01   4.9867696e-01  -1.9981172e+00  -2.9948047e+00   5.0103393e-01   2.0261378e-03   2.6805668e-01   2.2400921e+01
   2.4690074e-01  -2.4977276e+00   1.9939837e+00  -2.1526776e-03   5.0227313e-01   4.9759412e-01  -1.9974419e+00  -2.9943378e+00   5.0072017e-01   2.5589629e-03   2.4690074e-01   2.2517499e+01
   2.2632511e-01  -2.4992569e+00   1.9994740e+00  -1.2780358e-03   5.0142057e-01   4.9823679e-01  -1.9981228e+00  -2.9947712e+00   5.0105817e-01   2.0499917e-03   2.2632511e-01   2.2612378e+01
   2.0351311e-01  -2.4993998e+00   1.9992844e+00  -1.2131159e-03   5.0133470e-01   4.9951630e-01  -1.9976609e+00  -2.9946183e+00   5.0156492e-01   2.0313884e-03   2.0351311e-01   2.2735559e+01
   1.8306846e-01  -2.4980557e+00   1.9955848e+00  -2.1700045e-03   5.0251546e-01   4.9754111e-01  -1.9967581e+00  -2.9937132e+00   5.0079674e-01   2.4686796e-03   1.8306846e-01   2.2860234e+01
   1.5855648e-01  -2.4959102e+00   1.9963664e+00  -4.7424656e-03   5.0173603e-01   4.9933302e-01  -2.0015870e+00  -2.9946604e+00   5.0070106e-01   3.5913942e-03   1.5855648e-01   2.3028601e+01
   1.3245758e-01  -2.4960143e+00   1.9964170e+00  -4.7037519e-03   5.0180484e-01   4.9945065e-01  -2.0016753e+00  -2.9945437e+00   5.0070233e-01   4.0225346e-03   1.3245758e-01   2.3202995e+01
   1.0390602e-01  -2.4952917e+00   1.9964720e+00  -4.1818956e-03   5.0192959e-01   4.9878428e-01  -1.9996863e+00  -2.9944644e+00   5.0067076e-01   3.6515526e-03   1.0390602e-01   2.3397707e+01
   7.3133010e-02  -2.4953373e+00   1.9960391e+00  -4.3135150e-03   5.0177899e-01   4.9904579e-01  -1.9999325e+00  -2.9944856e+00   5.0067547e-01   3.4673958e-03   7.3133010e-02   2.3657959e+01
   3.9465889e-02  -2.4960146e+00   1.9965958e+00  -5.2412904e-03   5.0186178e-01   5.0065766e-01  -2.0019087e+00  -2.9944107e+00   5.0051536e-01   4.9720096e-03   3.9465889e-02   2.4043367e+01
   0.0000000e+00  -2.4970177e+00   1.9972415e+00  -2.3703448e-03   5.0143434e-01   4.9858303e-01  -2.0000566e+00  -2.9945639e+00   5.0040827e-01   3.2455169e-03   0.0000000e+00   2.4994605e+01
