   0.0000000e+00   0.0000000e+00   0.0000000e+00   0.0000000e+00   0.0000000e+00   1.0210625e-13   0.0000000e+00   0.0000000e+00   0.0000000e+00   4.7577609e-15   1.0000000e+00   0.0000000e+00   0.0000000e+00
   0.0000000e+00   0.0000000e+00   0.0000000e+00   0.0000000e+00   0.0000000e+00   1.0210625e-13   0.0000000e+00   0.0000000e+00   0.0000000e+00   4.7577609e-15   1.0000000e+00   0.0000000e+00   0.0000000e+00
   0.0000000e+00   0.0000000e+00   0.0000000e+00   0.0000000e+00   0.0000000e+00   1.0210625e-13   0.0000000e+00   0.0000000e+00   0.0000000e+00   4.7577609e-15   1.0000000e+00   0.0000000e+00   0.0000000e+00
   0.0000000e+00   0.0000000e+00   0.0000000e+00   0.0000000e+00   0.0000000e+00   0.0000000e+00   0.0000000e+00   0.0000000e+00   0.0000000e+00   2.8123367e-16   1.0000000e+00   0.0000000e+00   0.0000000e+00
   0.0000000e+00   0.0000000e+00   0.0000000e+00   0.0000000e+00   0.0000000e+00   0.0000000e+00   0.0000000e+00   0.0000000e+00   0.0000000e+00   2.8123367e-16   1.0000000e+00   0.0000000e+00   0.0000000e+00
   0.0000000e+00   0.0000000e+00   0.0000000e+00   0.0000000e+00   0.0000000e+00   0.0000000e+00   0.0000000e+00   0.0000000e+00   0.0000000e+00   2.8123367e-16   1.0000000e+00   0.0000000e+00   0.0000000e+00
   0.0000000e+00   0.0000000e+00   0.0000000e+00   0.0000000e+00   0.0000000e+00   0.0000000e+00   0.0000000e+00   0.0000000e+00   0.0000000e+00   2.8123367e-16   1.0000000e+00   0.0000000e+00   0.0000000e+00
   0.0000000e+00   0.0000000e+00   0.0000000e+00   0.0000000e+00   0.0000000e+00   0.0000000e+00   0.0000000e+00   0.0000000e+00   0.0000000e+00   2.8123367e-16   1.0000000e+00   0.0000000e+00   0.0000000e+00
   0.0000000e+00   0.0000000e+00   0.0000000e+00   0.0000000e+00   0.0000000e+00   0.0000000e+00   0.0000000e+00   0.0000000e+00   0.0000000e+00   2.8123367e-16   1.0000000e+00   0.0000000e+00   0.0000000e+00
   0.0000000e+00   0.0000000e+00   0.0000000e+00   0.0000000e+00   0.0000000e+00   0.0000000e+00   0.0000000e+00   0.0000000e+00   0.0000000e+00   2.8123367e-16   1.0000000e+00   0.0000000e+00   0.0000000e+00
   0.0000000e+00   0.0000000e+00   0.0000000e+00   0.0000000e+00   0.0000000e+00   0.0000000e+00   0.0000000e+00   0.0000000e+00   0.0000000e+00   2.8123367e-16   1.0000000e+00   0.0000000e+00   0.0000000e+00
   0.0000000e+00   0.0000000e+00   0.0000000e+00   0.0000000e+00   0.0000000e+00   0.0000000e+00   0.0000000e+00   0.0000000e+00   0.0000000e+00   0.0000000e+00   1.0000000e+00   0.0000000e+00   0.0000000e+00
   0.0000000e+00   0.0000000e+00   0.0000000e+00   0.0000000e+00   0.0000000e+00   8.7372920e-14   0.0000000e+00   0.0000000e+00   0.0000000e+00   1.2600584e-15   1.0000000e+00   0.0000000e+00   0.0000000e+00
   0.0000000e+00   0.0000000e+00   0.0000000e+00   0.0000000e+00   0.0000000e+00   8.7372920e-14   0.0000000e+00   0.0000000e+00   0.0000000e+00   1.2600584e-15   1.0000000e+00   0.0000000e+00   0.0000000e+00
   0.0000000e+00   0.0000000e+00   0.0000000e+00   0.0000000e+00   0.0000000e+00   8.7372920e-14   0.0000000e+00   0.0000000e+00   0.0000000e+00   1.2600584e-15   1.0000000e+00   0.0000000e+00   0.0000000e+00
   0.0000000e+00   0.0000000e+00   0.0000000e+00   0.0000000e+00   0.0000000e+00   9.5936027e-14   0.0000000e+00   0.0000000e+00   0.0000000e+00   0.0000000e+00   1.0000000e+00   0.0000000e+00   0.0000000e+00
   0.0000000e+00   0.0000000e+00   0.0000000e+00   0.0000000e+00   0.0000000e+00   9.5936027e-14   0.0000000e+00   0.0000000e+00   0.0000000e+00   0.0000000e+00   1.0000000e+00   0.0000000e+00   0.0000000e+00
   0.0000000e+00   0.0000000e+00   0.0000000e+00   0.0000000e+00   0.0000000e+00   8.0509713e-14   0.0000000e+00   0.0000000e+00   0.0000000e+00   8.5555303e-15   1.0000000e+00   0.0000000e+00   0.0000000e+00
   0.0000000e+00   0.0000000e+00   0.0000000e+00   0.0000000e+00   0.0000000e+00   8.0509713e-14   0.0000000e+00   0.0000000e+00   0.0000000e+00   8.5555303e-15   1.0000000e+00   0.0000000e+00   0.0000000e+00
   0.0000000e+00   0.0000000e+00   0.0000000e+00   0.0000000e+00   0.0000000e+00   8.0509713e-14   0.0000000e+00   0.0000000e+00   0.0000000e+00   8.5555303e-15   1.0000000e+00   0.0000000e+00   0.0000000e+00
   0.0000000e+00   0.0000000e+00   0.0000000e+00   0.0000000e+00   0.0000000e+00   8.0509713e-14   0.0000000e+00   0.0000000e+00   0.0000000e+00   8.5555303e-15   1.0000000e+00   0.0000000e+00   0.0000000e+00
   0.0000000e+00   0.0000000e+00   0.0000000e+00   0.0000000e+00   0.0000000e+00   8.0509713e-14   0.0000000e+00   0.0000000e+00   0.0000000e+00   8.5555303e-15   1.0000000e+00   0.0000000e+00   0.0000000e+00
   0.0000000e+00   1.0000000e+00   0.0000000e+00   0.0000000e+00   0.0000000e+00   2.2303908e-13   0.0000000e+00   0.0000000e+00   0.0000000e+00   3.9384979e-12   6.1232340e-17   1.0000000e+00   0.0000000e+00
   0.0000000e+00   4.9918645e-01   6.2429543e-03   3.6504795e-03   2.0827710e-02   5.4958852e-03   5.7614128e-03   3.8256695e-02   2.6657527e-02   8.9319597e-03   7.0999471e-01   7.0818240e-01   0.0000000e+00
   0.0000000e+00   2.9393583e-01   1.2107165e-02   1.4671602e-02   2.5530948e-02   7.5725093e-03   4.9608638e-03   5.0033155e-02   3.3341731e-02   4.2781807e-03   8.9952431e-01   4.4758933e-01   0.0000000e+00
   2.9863161e-02   1.5534365e-01   6.6375625e-03   6.4376551e-03   6.5251980e-03   4.6224576e-03   4.2768460e-03   0.0000000e+00   1.2678333e-02   8.2339689e-03   9.6969288e-01   2.4142878e-01   4.6910324e-02
   3.1531596e-02   1.2493387e-01   6.6701244e-03   1.2846713e-02   0.0000000e+00   5.2318849e-03   4.2311658e-03   0.0000000e+00   1.7192284e-02   1.3790126e-02   9.8032818e-01   1.9489354e-01   4.9546131e-02
   3.4298577e-02   1.0475951e-01   5.8917401e-03   7.8911708e-03   9.3411711e-03   5.9260604e-03   3.1670491e-03   5.4952501e-04   1.0448106e-02   1.2767892e-02   9.8555422e-01   1.6365861e-01   5.3877045e-02
   3.5955334e-02   9.0151096e-02   6.3966977e-03   1.1333998e-02   7.2243489e-03   3.2693678e-03   4.2743435e-03   1.6280603e-05   9.6398986e-03   9.8434551e-03   9.8884691e-01   1.4097321e-01   5.6473343e-02
   3.8943953e-02   7.8797391e-02   6.1305868e-03   1.5514969e-02   3.4471935e-04   2.2924341e-03   5.2650078e-03   1.0051763e-04   1.0130013e-02   9.9122654e-03   9.9100092e-01   1.2329105e-01   6.1166190e-02
   4.1996484e-02   6.9736489e-02   5.9724903e-03   1.4069453e-02   5.2819480e-04   2.5523061e-03   6.7702388e-03   6.9282701e-04   1.0406554e-02   9.8633549e-03   9.9233253e-01   1.0913879e-01   6.5952541e-02
   4.3756315e-02   6.3045223e-02   6.3515434e-03   1.4010209e-02   1.2885319e-03   2.3393688e-03   5.0678977e-03   1.3521924e-04   8.4125599e-03   9.3841637e-03   9.9317604e-01   9.8678216e-02   6.8707569e-02
   5.2540968e-02   5.2439939e-02   1.7909271e-03   6.0812047e-03   4.0499481e-04   6.3100800e-03   6.9802782e-03   0.0000000e+00   1.1091933e-03   1.0397059e-02   9.9345369e-01   8.2018818e-02   8.2457138e-02
   5.7366050e-02   4.6609037e-02   1.6189189e-03   3.6443696e-04   9.7821545e-03   3.1014419e-03   4.8152605e-03   4.2567712e-03   1.8346924e-03   4.3569850e-03   9.9344534e-01   7.2863650e-02   9.0003935e-02
   6.2617670e-02   4.4414771e-02   1.8730867e-03   3.1351536e-04   9.4610677e-03   3.0474503e-03   6.1473974e-03   3.3138202e-03   1.9868437e-03   3.9361241e-03   9.9291503e-01   6.9384875e-02   9.8217839e-02
   7.0191784e-02   3.9895956e-02   0.0000000e+00   5.0430233e-05   2.0752872e-03   1.1160685e-03   7.9761543e-03   0.0000000e+00   0.0000000e+00   7.1287552e-03   9.9209578e-01   6.2254596e-02   1.1004694e-01
   7.8959767e-02   3.9039294e-02   7.6168263e-05   0.0000000e+00   1.1924658e-02   4.0128240e-05   8.4264275e-03   4.4832156e-05   2.3785708e-03   6.1294673e-03   9.9070695e-01   6.0829172e-02   1.2374368e-01
   8.9782201e-02   3.5337380e-02   2.0207408e-03   0.0000000e+00   1.4169876e-02   3.7230723e-04   7.8571175e-03   8.5806958e-06   7.6581544e-06   6.5461064e-03   9.8885298e-01   5.4945522e-02   1.4060604e-01
   1.0495214e-01   2.9162503e-02   1.7759596e-03   1.1576074e-02   2.8642936e-03   1.8038320e-04   2.1389672e-03   9.6866994e-04   1.2851013e-02   8.7589759e-03   9.8579385e-01   4.5189205e-02   1.6417715e-01
   1.2378714e-01   2.7850710e-02   2.5643492e-03   0.0000000e+00   1.2058654e-02   4.1122424e-04   9.1272354e-03   7.4924477e-06   7.3393900e-06   5.9624429e-03   9.8048208e-01   4.2921312e-02   1.9327378e-01
   1.5488680e-01   2.8674190e-02   8.6087883e-03   2.4647850e-03   1.6611257e-02   4.5215830e-03   1.3541153e-02   2.3300686e-06   9.4774712e-05   1.7309574e-02   9.7039840e-01   4.3737599e-02   2.4110956e-01
   2.9481766e-01   6.4392551e-03   1.5636496e-03   0.0000000e+00   0.0000000e+00   8.8492321e-06   7.4806017e-07   0.0000000e+00   0.0000000e+00   0.0000000e+00   8.9462905e-01   9.0492652e-03   4.4672348e-01
   5.0001774e-01   1.5874365e-02   1.4123189e-02   0.0000000e+00   3.8517955e-02   3.3150823e-02   9.6723852e-03   2.4267312e-02   2.2501876e-02   1.0491529e-02   7.0975194e-01   1.7701613e-02   7.1001223e-01
   1.0000000e+00   3.1839153e-04   0.0000000e+00   0.0000000e+00   0.0000000e+00   0.0000000e+00   0.0000000e+00   0.0000000e+00   0.0000000e+00   2.9524429e-12   6.1232332e-17   3.0624022e-20   1.0000000e+00
   0.0000000e+00   1.0000000e+00   0.0000000e+00   0.0000000e+00   0.0000000e+00   2.2303908e-13   0.0000000e+00   0.0000000e+00   0.0000000e+00   3.9384979e-12   6.1232340e-17   1.0000000e+00   0.0000000e+00
   2.0076570e-02   7.0603939e-01   4.3445410e-03   0.0000000e+00   6.2946853e-03   5.8079136e-03   9.6753004e-04   3.1891484e-04   0.0000000e+00   1.6772825e-07   4.4533754e-01   8.9491152e-01   3.1533916e-02
   4.2621238e-02   5.0032098e-01   9.4774260e-03   1.9834302e-03   7.7782562e-03   4.8200253e-02   3.0680371e-03   0.0000000e+00   1.9040355e-02   2.5914559e-03   7.0718095e-01   7.0789442e-01   6.7090359e-02
   3.8062002e-02   3.7390103e-01   1.6139222e-02   2.0790206e-03   7.3451886e-03   3.0903256e-02   4.3625581e-03   4.8633540e-03   1.1945454e-02   2.2976372e-03   8.3215693e-01   5.5395401e-01   5.9839542e-02
   5.8923172e-02   2.9419517e-01   3.1082631e-03   2.5310461e-03   1.0969586e-02   1.1661973e-02   5.4925232e-03   7.5939951e-03   0.0000000e+00   2.3941828e-02   8.9210966e-01   4.4435340e-01   9.2510482e-02
   6.2230022e-02   2.4062143e-01   2.7254959e-02   6.4527269e-03   0.0000000e+00   7.0700721e-03   7.0473371e-03   7.1416266e-04   7.2023724e-03   6.1398316e-03   9.2588098e-01   3.6762808e-01   9.7690171e-02
   7.3148861e-02   1.7714425e-01   1.4126697e-02   5.1210591e-03   3.0782660e-02   1.4123334e-02   1.2568803e-02   1.4833965e-02   5.9525049e-03   1.8384002e-02   9.5722426e-01   2.7344903e-01   1.1489284e-01
   8.1091666e-02   1.5573212e-01   0.0000000e+00   2.6595306e-02   0.0000000e+00   1.4125590e-02   0.0000000e+00   0.0000000e+00   2.6289642e-02   0.0000000e+00   9.6390597e-01   2.4061273e-01   1.2723731e-01
   8.8068160e-02   1.3902496e-01   0.0000000e+00   1.9123414e-02   3.4697675e-05   2.4079099e-02   4.5379091e-04   2.2570164e-04   2.7064382e-02   0.0000000e+00   9.6854602e-01   2.1493868e-01   1.3812776e-01
   9.4887230e-02   1.2501696e-01   0.0000000e+00   1.7925584e-02   0.0000000e+00   1.5664671e-02   0.0000000e+00   0.0000000e+00   3.1814257e-02   6.1925393e-03   9.7147453e-01   1.9326520e-01   1.4873741e-01
   1.0298781e-01   1.1382169e-01   4.6820828e-04   1.7354304e-02   1.5600848e-02   1.1020061e-02   0.0000000e+00   2.8880363e-03   2.0584818e-02   1.5994375e-03   9.7228005e-01   1.7571089e-01   1.6124550e-01
   1.2418773e-01   9.6951476e-02   2.6258774e-03   2.4735181e-02   4.2282417e-02   1.6447461e-02   4.8465327e-03   1.2588137e-02   9.5106407e-03   5.5467198e-05   9.7253905e-01   1.4926470e-01   1.9441049e-01
   1.3788821e-01   9.0404672e-02   8.6357583e-03   1.9690230e-02   3.9943477e-02   1.5190545e-02   4.7623860e-03   1.4012247e-02   9.0875061e-03   1.5109270e-03   9.6931045e-01   1.3858199e-01   2.1546187e-01
   1.5381424e-01   8.3534131e-02   6.7803297e-04   1.6709048e-02   3.4670450e-02   2.1435535e-02   3.6347064e-03   2.7257119e-02   3.4874165e-03   1.2315157e-03   9.6521679e-01   1.2738293e-01   2.3991565e-01
   1.7496469e-01   7.8815297e-02   6.0051212e-03   0.0000000e+00   3.2513794e-02   2.1973393e-02   1.3944244e-02   1.7604441e-02   4.9081638e-03   3.4638744e-03   9.5712522e-01   1.1910389e-01   2.7196145e-01
   2.0327677e-01   7.0196477e-02   2.7897167e-03   3.7373066e-03   2.7444713e-02   2.4047183e-02   1.2043381e-02   1.5180128e-02   3.4629715e-03   3.8846060e-03   9.4534430e-01   1.0466231e-01   3.1445926e-01
   2.9405421e-01   4.5100375e-02   4.7074171e-03   4.2887977e-04   0.0000000e+00   1.3717442e-04   2.0021981e-04   0.0000000e+00   2.0769590e-04   0.0000000e+00   8.9298225e-01   6.3368038e-02   4.4565916e-01
   3.7250063e-01   4.9775040e-02   3.3707708e-03   0.0000000e+00   3.6767727e-02   2.3017330e-02   1.4155874e-02   6.1013319e-03   5.3140678e-03   2.7388019e-04   8.3289188e-01   6.5253883e-02   5.5349400e-01
   1.0000000e+00   3.1740914e-04   0.0000000e+00   0.0000000e+00   0.0000000e+00   0.0000000e+00   0.0000000e+00   0.0000000e+00   0.0000000e+00   2.9466814e-12   6.1232332e-17   3.0529532e-20   1.0000000e+00
   3.2814801e-03   7.9520549e-01   2.1978980e-03   0.0000000e+00   0.0000000e+00   0.0000000e+00   1.3494864e-03   3.5133165e-03   0.0000000e+00   0.0000000e+00   3.1617257e-01   9.4870772e-01   5.1546120e-03
   6.9071684e-02   4.0872525e-01   1.3837896e-02   1.8761831e-03   2.9128629e-03   4.6243924e-02   3.4613742e-03   3.3357706e-03   1.4510792e-02   0.0000000e+00   7.9822673e-01   5.9682994e-01   1.0856371e-01
   8.7969584e-02   3.4268032e-01   9.0637033e-03   2.2310012e-04   2.7986714e-02   4.4449782e-03   3.4532541e-03   3.1446389e-02   3.5662020e-03   4.0646302e-03   8.5203588e-01   5.0874666e-01   1.3800678e-01
   1.0511508e-01   2.9517809e-01   1.1059596e-03   2.4692354e-03   3.8324068e-02   4.9842442e-03   4.3775960e-03   2.1839403e-02   1.9661329e-02   2.0825843e-02   8.8474064e-01   4.4238919e-01   1.6482823e-01
   1.1416292e-01   2.5685426e-01   4.7004649e-03   0.0000000e+00   0.0000000e+00   3.1040012e-02   4.3813772e-03   3.0734712e-02   0.0000000e+00   1.7994806e-02   9.0701461e-01   3.8719045e-01   1.7877257e-01
   1.2412477e-01   2.2772180e-01   7.2404998e-03   2.9071088e-03   9.0234978e-03   2.9274133e-02   1.2274603e-04   1.6975385e-02   8.5649647e-04   1.6855465e-02   9.2039972e-01   3.4403112e-01   1.9404637e-01
   1.3671185e-01   2.0487113e-01   1.4554074e-03   7.9605281e-03   0.0000000e+00   2.6322247e-02   2.4644507e-03   1.2162724e-02   1.4000316e-02   1.7222818e-02   9.2817610e-01   3.0945419e-01   2.1339914e-01
   1.4938608e-01   1.8278635e-01   3.1782541e-03   2.1897775e-02   5.0989094e-02   1.2986852e-02   3.6340120e-05   2.6918338e-02   0.0000000e+00   1.4968221e-03   9.3649701e-01   2.7652804e-01   2.3343409e-01
   1.6361507e-01   1.6551333e-01   2.3910749e-02   0.0000000e+00   9.3798463e-03   3.8035220e-03   0.0000000e+00   2.9434011e-02   3.9021674e-02   8.7742588e-03   9.3758730e-01   2.4940610e-01   2.5498418e-01
   1.8008339e-01   1.5367641e-01   1.9722001e-02   4.1001185e-04   1.1014201e-02   8.1220938e-03   0.0000000e+00   2.9983806e-02   4.0424159e-02   8.5744464e-03   9.3538298e-01   2.3028667e-01   2.8000535e-01
   2.2256947e-01   1.3171407e-01   1.7133793e-02   4.4621448e-03   1.5903127e-03   7.9744890e-03   5.0457904e-03   2.1725739e-02   4.3638718e-02   5.6387471e-03   9.2205599e-01   1.9353912e-01   3.4349626e-01
   2.5286447e-01   1.2566784e-01   1.9041670e-02   5.4073119e-04   7.7425610e-03   3.5677375e-03   8.1539849e-05   1.1918293e-02   4.7659467e-03   1.8573063e-02   9.0509502e-01   1.8102185e-01   3.8720221e-01
   3.4077543e-01   9.5187124e-02   1.6117936e-04   4.0543224e-04   5.0330046e-02   1.5824483e-02   7.9145273e-03   9.2352709e-03   4.6925559e-03   0.0000000e+00   8.5303694e-01   1.2850478e-01   5.1159609e-01
   4.0466067e-01   9.1496513e-02   0.0000000e+00   7.4741785e-04   4.3949460e-02   8.7293273e-03   8.9205267e-03   7.6869162e-03   0.0000000e+00   0.0000000e+00   7.9810543e-01   1.1550199e-01   5.9496687e-01
   6.2620100e-01   4.5090830e-02   2.8875594e-03   1.0059162e-03   0.0000000e+00   8.3935893e-04   0.0000000e+00   0.0000000e+00   1.2609256e-03   4.0263295e-03   5.5262701e-01   3.9207333e-02   8.3253942e-01
   7.9463680e-01   4.5028251e-02   2.8349856e-03   9.1983476e-04   0.0000000e+00   8.3459723e-04   2.2206395e-04   0.0000000e+00   1.6939371e-03   3.1316538e-03   3.1623250e-01   2.2404566e-02   9.4844064e-01
   1.0000000e+00   3.1740914e-04   0.0000000e+00   0.0000000e+00   0.0000000e+00   0.0000000e+00   0.0000000e+00   0.0000000e+00   0.0000000e+00   2.9466814e-12   6.1232332e-17   3.0529532e-20   1.0000000e+00
   0.0000000e+00   1.0000000e+00   0.0000000e+00   0.0000000e+00   0.0000000e+00   2.2303908e-13   0.0000000e+00   0.0000000e+00   0.0000000e+00   3.9384979e-12   6.1232340e-17   1.0000000e+00   0.0000000e+00
   0.0000000e+00   8.4403126e-01   6.7890535e-04   3.9725389e-04   1.9772564e-04   7.7297511e-04   3.5055655e-05   6.0479653e-04   0.0000000e+00   1.8511925e-05   2.4255199e-01   9.7014008e-01   0.0000000e+00
   1.3256795e-02   7.0537758e-01   5.2078631e-03   1.5602579e-03   6.2363143e-03   6.1351613e-03   6.9375461e-04   2.8974772e-04   0.0000000e+00   0.0000000e+00   4.4639879e-01   8.9471100e-01   2.0824440e-02
   6.2766459e-02   4.9893404e-01   7.4726620e-03   2.1435793e-03   7.8651941e-04   4.7280525e-02   3.3794586e-03   7.3118755e-03   2.2163146e-02   4.3860261e-03   7.0687426e-01   7.0451102e-01   9.8716353e-02
   1.2240877e-01   4.2930057e-01   2.2354979e-02   2.0962458e-03   6.2008761e-02   1.6746827e-02   6.5541804e-04   4.5046442e-02   5.8624330e-02   7.3709502e-03   7.7450440e-01   6.1909919e-01   1.9303635e-01
   1.3440176e-01   3.7442682e-01   5.4713429e-03   1.1403352e-02   4.4053503e-02   6.0385396e-03   5.0175826e-03   2.7217815e-02   6.9392824e-03   2.8876179e-02   8.1657669e-01   5.4455629e-01   2.1034619e-01
   1.5365372e-01   3.2967409e-01   6.7941705e-03   2.0892437e-03   1.0820065e-02   2.4474787e-02   8.7550736e-03   0.0000000e+00   1.3705308e-02   3.5722491e-02   8.4564623e-01   4.8177449e-01   2.3957363e-01
   1.6939675e-01   2.9545966e-01   9.1891728e-03   1.0254631e-02   7.9051498e-03   2.1039963e-02   1.0983568e-03   1.1629186e-02   1.4180110e-02   2.4447051e-02   8.6415759e-01   4.3257509e-01   2.6338754e-01
   1.8585151e-01   2.6595766e-01   1.0992537e-02   2.6866566e-02   5.7667404e-02   3.1158452e-02   0.0000000e+00   2.1004090e-02   2.2693514e-02   1.5811441e-02   8.8087964e-01   3.9101795e-01   2.8963196e-01
   2.0580052e-01   2.4210182e-01   1.2263045e-02   3.2679305e-02   6.4222946e-02   3.0245572e-02   1.3390150e-03   2.5602390e-02   2.5227476e-02   1.8400983e-02   8.8740504e-01   3.5474203e-01   3.2017595e-01
   2.5327876e-01   2.0080710e-01   1.5130113e-02   1.7871410e-03   1.4221498e-02   1.9941884e-02   2.1728318e-04   6.9447547e-04   1.4292399e-02   2.5188291e-02   8.7787842e-01   2.8647095e-01   3.8808408e-01
   2.8004254e-01   1.8946309e-01   1.6300003e-02   2.9680759e-04   1.9276650e-02   2.7548762e-03   1.3012123e-03   1.4520337e-02   2.5107253e-03   2.5287804e-02   8.6632462e-01   2.6571668e-01   4.2647990e-01
   3.1944786e-01   1.7534222e-01   1.6210168e-02   6.3240043e-04   1.6911044e-02   2.6688396e-04   4.0049038e-03   1.6999288e-02   0.0000000e+00   1.1190994e-02   8.4450609e-01   2.3866550e-01   4.8146460e-01
   4.9172192e-01   1.4667870e-01   1.2653235e-02   2.9455381e-06   0.0000000e+00   1.9366748e-04   1.8871397e-03   1.4627436e-02   2.7159055e-04   3.0044773e-03   6.9758410e-01   1.6363078e-01   6.9812253e-01
   5.8419234e-01   1.2715724e-01   0.0000000e+00   1.7880965e-03   6.2145009e-04   3.2500459e-03   1.1838605e-02   3.9780111e-02   3.3212504e-03   2.5039060e-03   5.9665337e-01   1.2078497e-01   7.9556706e-01
   7.0168251e-01   1.1998866e-01   1.2299502e-02   2.4401189e-06   0.0000000e+00   2.5551105e-04   1.8417048e-03   1.5950862e-02   2.8782209e-04   5.8063479e-03   4.4383244e-01   8.4657371e-02   8.9259846e-01
   8.4377310e-01   4.5043747e-02   2.8199983e-03   9.1836032e-04   0.0000000e+00   8.3421886e-04   2.3085003e-04   0.0000000e+00   1.6770910e-03   3.3638856e-03   2.4234285e-01   1.7175531e-02   9.7006303e-01
   1.0000000e+00   3.1740914e-04   0.0000000e+00   0.0000000e+00   0.0000000e+00   0.0000000e+00   0.0000000e+00   0.0000000e+00   0.0000000e+00   2.9466814e-12   6.1232332e-17   3.0529532e-20   1.0000000e+00
   0.0000000e+00   1.0000000e+00   0.0000000e+00   0.0000000e+00   0.0000000e+00   2.2303908e-13   0.0000000e+00   0.0000000e+00   0.0000000e+00   3.9384979e-12   6.1232340e-17   1.0000000e+00   0.0000000e+00
   3.2740524e-02   8.7466939e-01   8.7066930e-03   6.2320944e-03   3.7814408e-03   2.1934552e-02   3.0870956e-03   4.1614472e-03   2.2287230e-02   3.8839111e-03   1.9556542e-01   9.8051225e-01   5.1465079e-02
   9.0432236e-02   6.5765499e-01   2.4218957e-02   5.2696400e-03   2.7078689e-02   2.1076480e-02   8.8223823e-03   0.0000000e+00   7.2389471e-03   1.5625957e-03   5.0802525e-01   8.5184668e-01   1.4184584e-01
   1.4642515e-01   5.0112977e-01   9.7293058e-03   2.1302180e-02   5.4871397e-02   9.8808604e-03   6.7079276e-03   2.0447984e-02   4.5206211e-02   3.2130184e-02   6.9220811e-01   6.9466931e-01   2.2962206e-01
   1.6721379e-01   4.4323619e-01   7.1741169e-03   6.1910069e-03   0.0000000e+00   0.0000000e+00   2.6171340e-03   9.4792544e-04   0.0000000e+00   4.3327659e-02   7.4241147e-01   6.2055989e-01   2.6016184e-01
   1.9267906e-01   3.9486402e-01   2.9589081e-03   3.9960824e-03   3.9223392e-03   1.6096741e-03   0.0000000e+00   1.9479337e-04   1.3331141e-02   2.1290167e-02   7.7726948e-01   5.5519420e-01   2.9826074e-01
   2.1404698e-01   3.5404400e-01   1.3419323e-02   3.2177614e-03   2.6140130e-02   1.4425333e-02   3.7204517e-02   3.8697401e-02   5.9850832e-02   1.9953741e-02   8.0811785e-01   5.0230408e-01   3.3254592e-01
   2.4029462e-01   3.2135534e-01   0.0000000e+00   7.9432404e-03   0.0000000e+00   1.6175590e-02   3.2036590e-02   2.9517914e-02   5.1648239e-02   1.6458184e-02   8.1786385e-01   4.5189456e-01   3.7045684e-01
   2.6531357e-01   2.9427548e-01   1.5059709e-02   3.8304426e-03   2.7329059e-02   5.7440699e-02   1.2696777e-05   3.8165750e-02   7.1712934e-02   1.4384670e-03   8.2735550e-01   4.1223011e-01   4.0920193e-01
   2.9789365e-01   2.7131347e-01   0.0000000e+00   8.8229731e-03   0.0000000e+00   1.6123558e-02   4.0881268e-02   2.3338189e-02   0.0000000e+00   8.4075131e-03   8.1480415e-01   3.6992389e-01   4.5222373e-01
   3.7554436e-01   2.3393637e-01   6.2932852e-03   8.3114246e-04   2.0985618e-02   5.6454355e-04   0.0000000e+00   1.1909510e-02   1.6474803e-02   9.3077744e-03   7.7627823e-01   2.9882928e-01   5.5682666e-01
   4.2401932e-01   2.1658211e-01   8.6206087e-03   8.3378759e-04   1.9394505e-02   0.0000000e+00   0.0000000e+00   1.0493793e-02   1.4799217e-02   2.2739520e-02   7.4216690e-01   2.6270415e-01   6.1868511e-01
   4.8418285e-01   2.0002868e-01   1.6690563e-02   6.9618179e-06   0.0000000e+00   0.0000000e+00   1.2294677e-03   1.6717136e-02   7.1167508e-05   2.9047610e-03   6.8937906e-01   2.2402717e-01   6.8971345e-01
   5.5544232e-01   1.9223185e-01   1.7110184e-02   6.3461809e-04   4.7678776e-03   1.8103859e-03   4.0114837e-03   3.0548071e-03   3.9802973e-03   7.8626590e-03   6.1409480e-01   1.9127942e-01   7.6625352e-01
   6.4722219e-01   1.6335609e-01   1.8317291e-03   2.0540325e-03   8.0325321e-03   2.8292960e-03   1.4368476e-02   2.2523758e-02   1.3529313e-03   0.0000000e+00   5.0939003e-01   1.3365544e-01   8.5102882e-01
   7.5788214e-01   0.0000000e+00   1.2010238e-02   1.3098365e-03   1.0613320e-02   5.9969620e-03   2.8737637e-03   0.0000000e+00   1.4050618e-02   1.4745599e-02   3.7148203e-01   0.0000000e+00   9.2921309e-01
   8.7435538e-01   2.3919495e-02   0.0000000e+00   0.0000000e+00   0.0000000e+00   1.7909214e-04   9.5732160e-05   0.0000000e+00   0.0000000e+00   1.2349973e-07   1.9594496e-01   7.3656386e-03   9.8058727e-01
   1.0000000e+00   2.7843114e-04   0.0000000e+00   0.0000000e+00   0.0000000e+00   0.0000000e+00   0.0000000e+00   0.0000000e+00   0.0000000e+00   2.7918810e-12   6.1232334e-17   2.6780490e-20   1.0000000e+00
   0.0000000e+00   1.0000000e+00   0.0000000e+00   0.0000000e+00   0.0000000e+00   2.2303908e-13   0.0000000e+00   0.0000000e+00   0.0000000e+00   3.9384979e-12   6.1232340e-17   1.0000000e+00   0.0000000e+00
   3.3536175e-02   8.9551219e-01   1.8246315e-03   6.3390774e-03   0.0000000e+00   2.0727775e-02   1.0780477e-02   6.6552257e-03   1.7940580e-02   5.1293954e-03   1.6332672e-01   9.8615979e-01   5.2705837e-02
   1.0528038e-01   7.0461158e-01   1.2727820e-02   1.4373234e-03   8.1161509e-03   3.6512734e-03   9.8785999e-03   1.6983697e-04   4.3654100e-02   0.0000000e+00   4.4241036e-01   8.8405270e-01   1.6499111e-01
   1.3446331e-01   6.2526417e-01   4.5966042e-02   1.9462171e-02   3.2215967e-02   1.7870831e-02   4.2217550e-03   7.9273532e-03   1.8098864e-02   0.0000000e+00   5.4519754e-01   8.1667919e-01   2.1054004e-01
   1.9461663e-01   5.0065524e-01   7.2735137e-02   1.6761264e-02   4.0317736e-02   1.1654779e-03   1.2651777e-02   0.0000000e+00   1.3310603e-02   3.2847865e-03   6.7871115e-01   6.8010972e-01   3.0323488e-01
   2.3180488e-01   4.5202825e-01   1.9172349e-03   4.1433713e-03   5.3712014e-02   7.4127557e-02   5.2905387e-02   6.8695196e-03   8.5303226e-02   3.9152619e-03   7.2175219e-01   6.2042231e-01   3.6272765e-01
   2.6176880e-01   4.0793400e-01   1.8343634e-02   5.7104968e-03   9.7350036e-02   6.2917940e-02   2.2352673e-02   6.6158847e-03   2.2822718e-03   2.8034748e-02   7.4593587e-01   5.5628827e-01   4.0574741e-01
   3.3070222e-01   3.4018306e-01   3.1388251e-02   8.9617358e-03   5.9204890e-02   7.8885992e-03   3.0970402e-02   1.6708190e-02   5.0661157e-02   3.1399319e-02   7.5410991e-01   4.4627210e-01   5.0109463e-01
   4.1367085e-01   2.9334163e-01   2.8827394e-02   0.0000000e+00   1.3015745e-02   3.9010145e-02   1.3016588e-02   1.7901109e-02   8.4639024e-03   3.2284923e-02   7.1611196e-01   3.5549270e-01   6.0751768e-01
   4.6946530e-01   2.7323749e-01   0.0000000e+00   8.9642014e-04   1.0120629e-02   4.5865467e-03   2.6610650e-02   2.2571861e-02   1.3330565e-02   4.2769852e-02   6.7531338e-01   3.0905964e-01   6.7464279e-01
   5.3193656e-01   2.5012821e-01   2.5276858e-02   1.8336637e-03   0.0000000e+00   2.4152894e-03   2.9336480e-03   1.9676262e-02   5.2887814e-03   0.0000000e+00   6.2031343e-01   2.5708861e-01   7.4246990e-01
   6.0431466e-01   2.4308005e-01   1.3396502e-02   1.6123903e-04   1.0740116e-04   1.6038617e-03   4.0260143e-03   6.1694217e-03   1.7290387e-04   2.0498490e-03   5.4048495e-01   2.1702381e-01   8.1317766e-01
   1.0000000e+00   2.7843114e-04   0.0000000e+00   0.0000000e+00   0.0000000e+00   0.0000000e+00   0.0000000e+00   0.0000000e+00   0.0000000e+00   2.7918810e-12   6.1232334e-17   2.6780490e-20   1.0000000e+00
   0.0000000e+00   1.0000000e+00   0.0000000e+00   0.0000000e+00   0.0000000e+00   1.5836486e-13   0.0000000e+00   0.0000000e+00   0.0000000e+00   4.7548379e-12   5.0532155e-16   1.0000000e+00   0.0000000e+00
   3.6065862e-02   9.0981940e-01   8.1434105e-04   3.2977575e-03   1.0640789e-06   3.3825156e-03   2.8701286e-03   4.7013332e-03   9.6803620e-03   4.0931496e-03   1.4097867e-01   9.8855729e-01   5.6631098e-02
   7.4545795e-02   8.2517675e-01   1.2495004e-02   2.0298184e-03   3.6568263e-02   1.6087231e-02   1.1208302e-03   0.0000000e+00   3.0528727e-04   4.0841259e-06   2.6978961e-01   9.5761940e-01   1.1703419e-01
   1.1576531e-01   7.4303729e-01   3.4488319e-02   4.7180141e-03   1.8163724e-02   1.8126141e-02   3.3073984e-03   3.0458077e-03   3.0568196e-03   1.2670743e-03   3.8702336e-01   9.0619561e-01   1.8118705e-01
   1.5226035e-01   6.6972012e-01   2.8280841e-02   3.4975273e-03   2.8149410e-02   1.6127643e-02   2.9920255e-03   1.4468647e-04   5.8952421e-03   0.0000000e+00   4.8264562e-01   8.4530415e-01   2.3734838e-01
   1.9235330e-01   6.0595724e-01   7.7801768e-02   6.3440707e-03   3.7369714e-02   4.9940060e-03   6.8897826e-03   0.0000000e+00   1.9550387e-02   4.6936502e-03   5.5831903e-01   7.8378002e-01   2.9994205e-01
   2.2737452e-01   5.4971318e-01   1.5838021e-02   0.0000000e+00   1.3592734e-02   0.0000000e+00   2.3945806e-02   5.7103265e-03   2.0588688e-02   2.2535244e-02   6.0998612e-01   7.1355077e-01   3.5030390e-01
   2.6759753e-01   5.0006931e-01   1.3582771e-02   3.4676049e-02   6.3263977e-02   8.0924916e-02   2.9938692e-02   0.0000000e+00   1.7828851e-02   3.4170914e-02   6.5472594e-01   6.5486853e-01   4.1391555e-01
   3.0858838e-01   4.5711939e-01   0.0000000e+00   0.0000000e+00   2.2579010e-02   9.5630444e-02   4.3397363e-02   3.6214014e-03   1.5518443e-02   8.1205743e-03   6.7424146e-01   5.8902320e-01   4.7149459e-01
   3.9607271e-01   3.8728907e-01   4.1759556e-02   8.8142302e-03   6.1528520e-02   2.9534890e-02   4.1700475e-02   6.0754359e-03   4.9635322e-02   3.3569347e-02   6.7473412e-01   4.6993142e-01   5.8968696e-01
   4.4789979e-01   3.6193586e-01   2.8961113e-02   0.0000000e+00   4.0135135e-02   1.2217333e-02   3.7461564e-02   9.3167373e-04   6.2643182e-02   5.4345221e-02   6.4958387e-01   4.1501464e-01   6.5397502e-01
   5.0410122e-01   3.2992431e-01   6.0992458e-02   5.3484616e-03   4.2324412e-02   1.5570139e-02   3.6817671e-02   1.0906444e-02   3.7389987e-02   3.1798305e-02   6.1618610e-01   3.5136926e-01   7.1852625e-01
   5.6905105e-01   3.1085779e-01   5.8012713e-03   5.4019338e-03   5.2555060e-03   0.0000000e+00   1.3348248e-02   4.1848398e-02   2.3646165e-03   2.9594668e-03   5.5432536e-01   2.9445715e-01   7.8108326e-01
   7.2117383e-01   2.7701013e-01   3.6218859e-03   1.3424688e-02   1.4146085e-02   0.0000000e+00   2.0526284e-03   1.9754905e-02   0.0000000e+00   3.2177202e-04   3.8489330e-01   1.7891398e-01   9.0632423e-01
   8.1015968e-01   2.4086075e-01   5.3950903e-03   7.7319669e-04   5.5504831e-03   4.4477987e-03   4.0189221e-03   0.0000000e+00   1.5610286e-03   1.5917202e-03   2.7305008e-01   1.0853546e-01   9.5596368e-01
   9.0263889e-01   2.4551107e-01   7.6238854e-03   3.5623473e-06   4.4292561e-03   5.0203906e-06   6.3495433e-03   0.0000000e+00   4.1467881e-03   2.4101780e-04   1.4116956e-01   5.7311522e-02   9.8846203e-01
   1.0000000e+00   2.7843114e-04   0.0000000e+00   0.0000000e+00   0.0000000e+00   0.0000000e+00   0.0000000e+00   0.0000000e+00   0.0000000e+00   2.7918810e-12   6.1232334e-17   2.6780490e-20   1.0000000e+00
   0.0000000e+00   1.0000000e+00   0.0000000e+00   0.0000000e+00   0.0000000e+00   1.5836486e-13   0.0000000e+00   0.0000000e+00   0.0000000e+00   4.7548379e-12   5.0532155e-16   1.0000000e+00   0.0000000e+00
   3.4701029e-02   9.2128434e-01   4.6386733e-04   3.8593466e-03   7.0892480e-05   1.8394528e-03   3.4190636e-03   7.7453814e-03   8.6851172e-03   3.9733351e-03   1.2317062e-01   9.9107141e-01   5.4491143e-02
   8.1159316e-02   8.4431275e-01   1.0055614e-02   6.0870067e-04   2.8024526e-02   1.6281345e-02   1.2687655e-02   4.5009317e-03   3.4267712e-04   1.7329567e-06   2.4047794e-01   9.6365507e-01   1.2730923e-01
   1.2548137e-01   7.7224757e-01   3.6625266e-02   0.0000000e+00   0.0000000e+00   1.7333473e-02   0.0000000e+00   0.0000000e+00   3.5992336e-03   4.1159819e-03   3.4396398e-01   9.2008512e-01   1.9615925e-01
   1.6920101e-01   7.0475640e-01   3.8110847e-02   5.6630261e-03   2.6217363e-02   2.0014225e-02   5.0688384e-03   9.6025638e-04   2.7812227e-03   1.6455296e-07   4.3273959e-01   8.6521972e-01   2.6334698e-01
   3.0854154e-01   5.4143836e-01   0.0000000e+00   0.0000000e+00   2.6348383e-03   6.1006410e-02   2.0519276e-02   1.1382430e-02   7.0495680e-03   0.0000000e+00   5.8617763e-01   6.6792414e-01   4.6792085e-01
   3.5853523e-01   4.9674024e-01   2.3981345e-03   7.6042371e-04   5.6349578e-02   9.0018430e-02   4.9546906e-02   6.6759903e-03   2.5257017e-02   6.9716847e-03   6.0965018e-01   6.0343860e-01   5.4160847e-01
   4.0907559e-01   4.6307213e-01   8.1763378e-03   5.5359470e-03   5.5137208e-02   3.6217785e-03   3.5178153e-02   2.1330694e-03   1.6751962e-02   3.1972329e-03   6.0074442e-01   5.3480177e-01   6.0206511e-01
   4.6460283e-01   4.2784232e-01   8.2163909e-04   4.0444035e-02   0.0000000e+00   0.0000000e+00   1.1399234e-02   2.1615716e-02   9.7163334e-03   2.0123455e-03   5.8459889e-01   4.6510773e-01   6.6827273e-01
   5.2395480e-01   4.0039525e-01   8.5849007e-04   4.1152442e-03   5.5128160e-03   2.6191648e-02   1.3872082e-02   0.0000000e+00   1.0614024e-02   2.2644823e-03   5.5046193e-01   4.0045640e-01   7.3397274e-01
   5.9101203e-01   3.7368518e-01   3.4549701e-04   7.2266543e-03   1.3629360e-02   2.4570537e-03   0.0000000e+00   1.1505492e-02   5.4927046e-03   6.3035682e-03   4.9908265e-01   3.3198746e-01   8.0099555e-01
   6.6379992e-01   3.5283088e-01   1.4170780e-02   6.3194973e-03   1.4731545e-02   2.8875411e-04   3.9830894e-04   1.5866658e-02   3.4667162e-03   2.5651754e-02   4.2905705e-01   2.6555806e-01   8.6495690e-01
   9.1255451e-01   2.8431913e-01   1.1304594e-02   8.2823266e-05   6.3255372e-03   3.4352282e-05   4.9989642e-03   0.0000000e+00   5.3992002e-03   1.9661290e-03   1.2352522e-01   5.9153477e-02   9.9080476e-01
   0.0000000e+00   1.0000000e+00   0.0000000e+00   0.0000000e+00   0.0000000e+00   1.5836486e-13   0.0000000e+00   0.0000000e+00   0.0000000e+00   4.7548379e-12   5.0532155e-16   1.0000000e+00   0.0000000e+00
   4.1806562e-02   9.3026126e-01   7.1718795e-03   5.6239426e-03   8.3265430e-05   1.8761214e-02   6.2278467e-03   7.6483846e-03   1.4477515e-02   5.5931355e-03   1.0917509e-01   9.9263028e-01   6.5673145e-02
   8.8105725e-02   8.6163471e-01   0.0000000e+00   0.0000000e+00   3.5555654e-02   1.2385475e-02   6.8147750e-03   4.4379323e-03   1.2374895e-03   1.1907308e-04   2.1389199e-01   9.6857364e-01   1.3815968e-01
   1.3583196e-01   7.9628660e-01   3.6852618e-02   4.3955498e-03   1.0980084e-02   1.6003310e-02   2.2504415e-03   7.9387516e-05   5.1814283e-03   1.8563818e-03   3.0797642e-01   9.2937309e-01   2.1212807e-01
   1.8494090e-01   7.3367080e-01   5.0430179e-02   6.4909741e-03   2.5050083e-02   4.6934372e-02   1.1452543e-02   5.1711256e-03   8.0373763e-03   1.0041932e-02   3.9146394e-01   8.8049825e-01   2.8807947e-01
   2.4047551e-01   6.7699891e-01   4.0537343e-02   9.1138445e-03   4.3373528e-02   4.1709664e-02   1.1978791e-02   5.1321596e-03   2.4999867e-02   7.1595938e-03   4.5442251e-01   8.1743975e-01   3.7110316e-01
   2.9399768e-01   6.2917458e-01   4.7749245e-02   9.2345246e-03   0.0000000e+00   1.5512498e-02   0.0000000e+00   4.8430259e-03   3.4957987e-02   9.0124200e-03   4.9441768e-01   7.5055646e-01   4.4732193e-01
   3.5027427e-01   5.8007109e-01   3.4619173e-02   1.6890419e-04   0.0000000e+00   2.4353654e-02   0.0000000e+00   7.4227129e-03   2.4823719e-02   8.5483636e-03   5.2370069e-01   6.7530655e-01   5.2419184e-01
   4.0914093e-01   5.3747756e-01   0.0000000e+00   5.4186468e-03   8.0538727e-02   8.9941589e-02   4.4036043e-03   0.0000000e+00   1.4582993e-02   1.7146776e-03   5.3964265e-01   6.0723712e-01   6.0823498e-01
   4.7048754e-01   5.0032204e-01   7.7841916e-03   5.7992059e-03   6.4083180e-02   0.0000000e+00   3.6896833e-02   8.0989926e-03   1.6808139e-02   9.1633148e-04   5.2545694e-01   5.2598883e-01   6.7756040e-01
   5.3564136e-01   4.6470905e-01   5.2218048e-03   4.9467383e-03   2.7343217e-03   2.8671597e-02   9.0508233e-03   1.0845629e-02   0.0000000e+00   1.5175373e-02   4.9727551e-01   4.4498768e-01   7.4654335e-01
   6.0490284e-01   4.3378438e-01   3.4155962e-03   6.8979791e-03   1.8394054e-02   0.0000000e+00   8.2124681e-03   6.9006696e-03   1.8568140e-02   1.4854862e-04   4.5206729e-01   3.6660750e-01   8.1421726e-01
   6.7698703e-01   4.0963667e-01   3.7561760e-03   6.1102316e-03   1.0953068e-02   2.4095723e-03   7.0386558e-04   1.0870296e-02   9.9885530e-03   4.4648225e-03   3.8889126e-01   2.9164090e-01   8.7438008e-01
   7.5726494e-01   3.7517896e-01   8.0819762e-03   7.2269616e-05   3.5648256e-03   2.8887879e-03   4.0051809e-03   8.9571728e-05   1.4376712e-04   2.1285469e-03   3.0937784e-01   2.0684548e-01   9.2828566e-01
   8.3657783e-01   3.6313392e-01   1.0329875e-02   2.4843999e-04   0.0000000e+00   2.2576113e-03   5.0539799e-03   0.0000000e+00   5.7336466e-04   2.3503116e-03   2.1372720e-01   1.3711590e-01   9.6737090e-01
   9.1912123e-01   3.4717521e-01   0.0000000e+00   1.2714362e-03   1.0155449e-02   6.8933033e-03   5.1047309e-03   0.0000000e+00   4.5643108e-03   5.9603242e-03   1.0834982e-01   6.5737340e-02   9.9217354e-01
   1.0000000e+00   2.7843114e-04   0.0000000e+00   0.0000000e+00   0.0000000e+00   0.0000000e+00   0.0000000e+00   0.0000000e+00   0.0000000e+00   2.7918810e-12   6.1232334e-17   2.6780490e-20   1.0000000e+00
   0.0000000e+00   1.0000000e+00   0.0000000e+00   0.0000000e+00   0.0000000e+00   1.5836486e-13   0.0000000e+00   0.0000000e+00   0.0000000e+00   4.7548379e-12   5.0532155e-16   1.0000000e+00   0.0000000e+00
   4.4990067e-02   9.3708866e-01   3.7018439e-03   7.3534470e-03   0.0000000e+00   4.5310310e-03   5.5588580e-03   3.8470104e-03   1.1695465e-02   5.7923800e-03   9.8443830e-02   9.9293937e-01   7.0632912e-02
   9.4831055e-02   8.7479166e-01   0.0000000e+00   1.6048242e-03   2.3307456e-02   3.9699936e-03   6.1444461e-03   4.6988185e-03   0.0000000e+00   9.0316585e-04   1.9336752e-01   9.7046426e-01   1.4850234e-01
   1.4864583e-01   8.1502352e-01   9.2061924e-03   1.1736811e-02   4.0464093e-02   3.3080817e-02   8.1902151e-03   9.1503569e-03   2.3820368e-02   2.8715104e-04   2.7973865e-01   9.3550828e-01   2.3222621e-01
   2.0723586e-01   7.5749701e-01   0.0000000e+00   8.4346188e-03   4.3814666e-02   1.4761808e-03   2.2931857e-02   2.7973465e-02   9.9857838e-03   4.7997692e-03   3.5345879e-01   8.8258094e-01   3.2090165e-01
   2.6656887e-01   7.0577848e-01   1.9942778e-03   1.7656040e-02   8.6498473e-02   0.0000000e+00   6.3150673e-02   2.4016405e-02   0.0000000e+00   3.1991296e-02   4.1281647e-01   8.2870834e-01   4.1203897e-01
   3.3083216e-01   6.5530794e-01   7.6282833e-03   2.2211755e-02   3.3632270e-02   5.7731651e-02   8.6522843e-04   1.8905554e-02   1.4823948e-02   8.1044577e-04   4.4983619e-01   7.4799397e-01   4.9937173e-01
   3.9548916e-01   6.1362475e-01   7.4221955e-03   0.0000000e+00   2.2654730e-02   8.8468260e-03   1.6697928e-02   2.4074041e-03   2.5018260e-02   0.0000000e+00   4.6449874e-01   6.6897932e-01   5.8294447e-01
   4.6561681e-01   5.7416729e-01   8.9692723e-03   3.4827975e-03   5.5035038e-02   9.8175851e-02   7.9403091e-04   0.0000000e+00   0.0000000e+00   2.3893979e-03   4.6741502e-01   5.9132062e-01   6.7643081e-01
   6.0826341e-01   5.0071363e-01   9.2357705e-03   2.3128672e-03   5.8847479e-02   7.1367826e-03   2.5321835e-02   1.3530186e-02   2.3938577e-02   1.5154350e-03   4.0974917e-01   4.1066882e-01   8.2066450e-01
   6.8587104e-01   4.6711860e-01   2.9971127e-03   6.5252784e-03   1.7410632e-02   3.3052489e-06   0.0000000e+00   1.4415354e-02   2.1826333e-02   0.0000000e+00   3.5213227e-01   3.1751424e-01   8.8162714e-01
   7.6522833e-01   4.4621611e-01   1.2745394e-02   9.1737766e-05   3.1808257e-03   7.9701250e-03   2.1995002e-02   4.5607466e-03   1.7782206e-02   3.8227915e-03   2.7579016e-01   2.3272638e-01   9.3376783e-01
   8.4698895e-01   3.9688360e-01   1.0701204e-02   1.1462770e-03   5.7091119e-03   3.0025021e-03   2.3566904e-03   6.3522427e-04   4.4951509e-03   2.6781334e-03   1.9329934e-01   1.3899957e-01   9.7144020e-01
   9.2251622e-01   3.9250407e-01   0.0000000e+00   1.2149049e-03   7.7457409e-03   2.9915942e-03   4.6719516e-03   0.0000000e+00   3.5839208e-03   7.3778800e-03   9.9072787e-02   7.0213314e-02   9.9276067e-01
   1.0000000e+00   2.7843114e-04   0.0000000e+00   0.0000000e+00   0.0000000e+00   0.0000000e+00   0.0000000e+00   0.0000000e+00   0.0000000e+00   2.7918810e-12   6.1232334e-17   2.6780490e-20   1.0000000e+00
   0.0000000e+00   1.0000000e+00   0.0000000e+00   0.0000000e+00   0.0000000e+00   1.5836486e-13   0.0000000e+00   0.0000000e+00   0.0000000e+00   4.7548379e-12   5.0532155e-16   1.0000000e+00   0.0000000e+00
   4.6768759e-02   9.4241120e-01   7.2879356e-03   4.1895167e-03   4.0794509e-06   1.6353763e-02   5.3095444e-03   6.7581614e-03   1.1081064e-02   7.2945037e-03   9.0146267e-02   9.9380900e-01   7.3441289e-02
   1.0003574e-01   8.8576592e-01   4.4710282e-04   1.4003268e-03   3.2092185e-02   1.5467272e-02   7.4186104e-03   6.3826823e-03   8.5497206e-03   0.0000000e+00   1.7653205e-01   9.7322104e-01   1.5671528e-01
   1.6339307e-01   8.3055476e-01   2.2906262e-02   8.5662583e-03   0.0000000e+00   2.3799315e-02   1.3256711e-02   0.0000000e+00   4.8265675e-02   0.0000000e+00   2.5535017e-01   9.3660897e-01   2.5478029e-01
   2.2870512e-01   7.7783263e-01   2.4522196e-03   7.9560883e-03   2.8985380e-02   0.0000000e+00   2.9036493e-02   2.3505123e-02   9.2601512e-03   3.2451231e-03   3.2087884e-01   8.8184377e-01   3.5241567e-01
   2.9688687e-01   7.3088367e-01   4.6749448e-03   5.6395202e-03   7.5885511e-02   6.2351309e-02   2.0878621e-03   2.4772426e-02   2.2340137e-02   3.0115602e-03   3.7040797e-01   8.2340820e-01   4.5449571e-01
   3.7088510e-01   6.8268650e-01   2.2162850e-02   6.8876964e-03   2.3819524e-02   5.5822871e-03   2.3615742e-02   6.9073251e-02   6.5704154e-03   3.5856243e-02   4.0230526e-01   7.3916214e-01   5.5447291e-01
   4.4611248e-01   6.3965096e-01   0.0000000e+00   2.2521031e-03   4.9180787e-02   1.2786317e-03   2.4174738e-02   5.4195399e-04   9.2345679e-03   8.2883770e-03   4.1121410e-01   6.4718516e-01   6.4683276e-01
   6.8624257e-01   5.3335335e-01   1.4029506e-02   1.4772517e-03   1.8727085e-02   6.7562339e-03   1.4918640e-02   3.7760663e-04   1.9445564e-02   0.0000000e+00   3.1695859e-01   3.5204044e-01   8.8204229e-01
   7.6818356e-01   4.9290480e-01   7.5173591e-03   4.8376597e-05   1.7911469e-03   8.8456045e-03   1.6675366e-02   4.7927231e-03   1.3754371e-02   4.5358475e-03   2.5478692e-01   2.4917003e-01   9.3503789e-01
   8.4807779e-01   4.7886670e-01   2.0571456e-02   1.6803927e-02   3.3712904e-03   2.7664304e-03   2.2267076e-02   9.3934595e-04   0.0000000e+00   4.0304206e-03   1.7281519e-01   1.6170629e-01   9.7286308e-01
   9.2504360e-01   4.4635276e-01   1.8685064e-02   3.2201995e-03   1.1475184e-02   3.8744804e-03   3.0215104e-03   1.6015678e-03   1.4962056e-03   1.2920521e-02   8.9821691e-02   7.5829326e-02   9.9375881e-01
   1.0000000e+00   0.0000000e+00   0.0000000e+00   0.0000000e+00   0.0000000e+00   0.0000000e+00   0.0000000e+00   0.0000000e+00   0.0000000e+00   1.1940019e-12   5.0532155e-16   0.0000000e+00   1.0000000e+00
   0.0000000e+00   1.0000000e+00   0.0000000e+00   0.0000000e+00   0.0000000e+00   1.5836486e-13   0.0000000e+00   0.0000000e+00   0.0000000e+00   4.7548379e-12   5.0532155e-16   1.0000000e+00   0.0000000e+00
   5.2745890e-02   9.5069827e-01   1.1189062e-03   5.3255139e-03   5.7331999e-03   1.6651735e-02   7.9806729e-03   8.8143531e-03   1.5867330e-02   6.6219595e-03   7.7160088e-02   9.9435451e-01   8.2822574e-02
   1.1174921e-01   8.9492756e-01   1.4877821e-02   4.8518600e-03   3.3887503e-02   3.7657496e-02   3.1547692e-03   7.8431708e-03   1.0361118e-02   4.0412166e-03   1.6226072e-01   9.7417266e-01   1.7516023e-01
   1.8040269e-01   8.4709081e-01   2.9999604e-02   2.5016069e-04   7.2391899e-03   2.5672197e-02   6.2422066e-03   2.1798310e-02   1.2293177e-02   6.8252723e-03   2.2892942e-01   9.3472157e-01   2.8024809e-01
   2.5353730e-01   7.9556336e-01   1.6456967e-02   6.7596356e-03   6.0983588e-02   0.0000000e+00   2.9350063e-02   2.0013013e-02   1.7643220e-02   1.7716050e-02   2.9265839e-01   8.7979957e-01   3.9010778e-01
   3.3336551e-01   7.4986044e-01   3.8593198e-03   3.4507323e-02   5.1394812e-02   1.0024843e-02   1.5276461e-02   7.8264636e-02   2.3991477e-02   1.9684968e-03   3.3518878e-01   8.0871582e-01   5.0548712e-01
   5.0233224e-01   6.6410361e-01   0.0000000e+00   3.3937722e-04   5.8931020e-02   4.1610787e-02   6.2387175e-03   2.2900514e-03   9.2451010e-03   6.1108426e-03   3.5661460e-01   6.1197137e-01   7.1350456e-01
   5.9293900e-01   6.2832595e-01   2.2897801e-02   4.8557139e-02   4.3304245e-02   1.6400305e-02   1.0765975e-02   4.0279590e-02   3.1467345e-02   2.4894953e-02   3.3167900e-01   5.0205103e-01   8.0916822e-01
   6.8149420e-01   6.0237293e-01   1.5281554e-02   1.0173628e-03   2.3035011e-02   3.4944786e-04   4.3166954e-02   6.1640704e-03   2.3505424e-02   3.0310103e-03   2.8141509e-01   3.9038641e-01   8.8026766e-01
   7.6378476e-01   5.5920819e-01   2.2688392e-02   0.0000000e+00   3.7909982e-02   0.0000000e+00   2.5568845e-03   4.6497225e-03   2.7352331e-02   6.6564252e-03   2.3211294e-01   2.7986689e-01   9.3453244e-01
   8.4681509e-01   5.2984268e-01   0.0000000e+00   1.3252739e-04   3.4953782e-02   6.4104691e-03   6.5722187e-04   2.0000305e-03   1.4201307e-02   8.6735092e-03   1.6067490e-01   1.7649177e-01   9.7268960e-01
   9.2575619e-01   5.0374183e-01   1.3208578e-02   8.4527858e-03   7.1264503e-03   4.5093656e-03   4.7557323e-03   4.5745669e-04   1.0471803e-03   1.3380161e-02   8.1834855e-02   8.2802549e-02   9.9372383e-01
   1.0000000e+00   0.0000000e+00   0.0000000e+00   0.0000000e+00   0.0000000e+00   0.0000000e+00   0.0000000e+00   0.0000000e+00   0.0000000e+00   1.1940019e-12   5.0532155e-16   0.0000000e+00   1.0000000e+00
   0.0000000e+00   1.0000000e+00   0.0000000e+00   0.0000000e+00   0.0000000e+00   0.0000000e+00   0.0000000e+00   0.0000000e+00   0.0000000e+00   1.6623560e-12   2.8327694e-16   1.0000000e+00   0.0000000e+00
   5.7535699e-02   9.5346194e-01   3.1159093e-03   0.0000000e+00   4.6638410e-04   1.1820023e-02   0.0000000e+00   4.9450869e-03   4.2451802e-03   8.9903719e-03   7.2758506e-02   9.9353004e-01   9.0278516e-02
   1.2391096e-01   9.1927995e-01   2.7668578e-03   1.6505941e-02   1.7517403e-03   5.2634699e-03   0.0000000e+00   0.0000000e+00   0.0000000e+00   1.6217824e-02   1.2413870e-01   9.7380000e-01   1.9352325e-01
   2.8369108e-01   8.1091052e-01   0.0000000e+00   2.4876859e-02   5.5361553e-02   3.8852893e-04   1.3416501e-02   4.3898444e-02   2.5178641e-02   4.7063585e-04   2.6578834e-01   8.6837578e-01   4.3378760e-01
   3.7008796e-01   7.6629362e-01   2.7133370e-02   1.0854779e-02   1.4066297e-02   0.0000000e+00   2.3114128e-02   6.0161904e-02   9.0061276e-03   3.6279241e-02   3.0193711e-01   7.8519752e-01   5.5276421e-01
   4.7007113e-01   7.2400763e-01   2.6554925e-02   4.1381213e-02   3.9285641e-02   6.0006822e-03   8.1168708e-04   1.3677201e-03   3.5620844e-02   0.0000000e+00   3.1230553e-01   6.7467495e-01   6.7664123e-01
   5.6841653e-01   6.8372909e-01   2.9163072e-02   4.0383710e-02   2.8730672e-02   1.9193450e-03   1.9022436e-02   3.0218391e-02   2.3907219e-02   1.8482082e-02   3.0056630e-01   5.5439585e-01   7.8315554e-01
   6.6223865e-01   6.5025144e-01   3.8697051e-02   0.0000000e+00   3.9102775e-02   1.7884066e-02   6.0149692e-03   6.7519358e-03   3.4649412e-02   4.2085101e-03   2.6544753e-01   4.3355527e-01   8.6653437e-01
   7.6033330e-01   6.2733643e-01   1.2591809e-02   3.4259310e-04   2.9660603e-02   7.4958477e-03   1.0108910e-02   6.3864043e-04   1.8701918e-02   2.0992768e-03   2.0344046e-01   3.0690252e-01   9.3141182e-01
   8.4323675e-01   5.8101713e-01   1.1398200e-02   1.8400222e-03   3.9316707e-02   5.6540256e-03   1.1895650e-02   8.1651404e-05   1.7804529e-02   5.0321644e-03   1.4942287e-01   1.9327162e-01   9.7196375e-01
   9.2505502e-01   5.4983267e-01   1.8658242e-02   5.7334341e-03   1.3260856e-02   4.1566127e-03   4.6900333e-03   2.0802398e-03   1.5126102e-03   4.0481913e-03   7.6349410e-02   8.9346110e-02   9.9369346e-01
   1.0000000e+00   8.7778960e-02   0.0000000e+00   0.0000000e+00   0.0000000e+00   0.0000000e+00   0.0000000e+00   0.0000000e+00   0.0000000e+00   1.0941449e-12   6.0651197e-17   8.4161638e-18   1.0000000e+00
   0.0000000e+00   1.0000000e+00   0.0000000e+00   0.0000000e+00   0.0000000e+00   0.0000000e+00   0.0000000e+00   0.0000000e+00   0.0000000e+00   1.6623560e-12   2.8327694e-16   1.0000000e+00   0.0000000e+00
   6.3136407e-02   9.5567729e-01   2.9837894e-03   0.0000000e+00   4.7678579e-04   1.9730603e-02   0.0000000e+00   5.7085754e-03   4.1336382e-03   8.5351353e-03   6.9259956e-02   9.9319265e-01   9.9063524e-02
   1.3739148e-01   9.1041397e-01   0.0000000e+00   1.5366228e-02   0.0000000e+00   9.9943339e-03   5.5221058e-04   0.0000000e+00   1.6657877e-03   1.2442418e-02   1.3707146e-01   9.6762445e-01   2.1424842e-01
   2.2185162e-01   8.6556935e-01   7.9298985e-04   3.2561304e-02   1.8321547e-02   6.3249552e-03   2.4024112e-05   4.4700265e-02   1.0166166e-02   3.2855669e-02   1.9790845e-01   9.2325805e-01   3.4304981e-01
   3.2032581e-01   8.2830919e-01   7.7246006e-03   2.5393522e-02   5.0270230e-02   7.5339543e-03   1.2086639e-02   6.2319227e-02   1.9447005e-02   1.6127454e-03   2.3520911e-01   8.5089415e-01   4.8591452e-01
   4.2561745e-01   7.8931453e-01   0.0000000e+00   5.7889405e-03   5.0589590e-02   2.2076882e-02   7.9942567e-03   2.1644169e-02   1.9083839e-02   8.5874791e-03   2.5601526e-01   7.4514034e-01   6.2236606e-01
   5.3282218e-01   7.5014062e-01   3.3314448e-02   4.6195221e-02   5.0708980e-02   7.8659110e-03   0.0000000e+00   4.4893932e-03   4.2670650e-02   0.0000000e+00   2.5813381e-01   6.2357971e-01   7.4833881e-01
   6.3922087e-01   7.0861865e-01   1.5082578e-02   4.2317052e-02   6.3871554e-02   2.5280766e-03   2.7471920e-03   0.0000000e+00   3.3636158e-02   2.2010706e-04   2.3894947e-01   4.8508955e-01   8.4978237e-01
   8.3610124e-01   6.3732791e-01   1.0839973e-02   5.9846065e-04   3.7281956e-02   6.3622473e-03   8.1480978e-03   0.0000000e+00   1.7135935e-02   4.2772997e-03   1.3759630e-01   2.1481874e-01   9.6890511e-01
   9.2254520e-01   6.0678785e-01   2.5369298e-02   2.0574445e-05   5.1068071e-03   8.2871020e-03   3.1747094e-03   4.0330093e-04   2.1118771e-03   1.3272829e-02   7.0351393e-02   9.9033945e-02   9.9353021e-01
   1.0000000e+00   8.7778960e-02   0.0000000e+00   0.0000000e+00   0.0000000e+00   0.0000000e+00   0.0000000e+00   0.0000000e+00   0.0000000e+00   1.0941449e-12   6.0651197e-17   8.4161638e-18   1.0000000e+00
   0.0000000e+00   1.0000000e+00   0.0000000e+00   0.0000000e+00   0.0000000e+00   0.0000000e+00   0.0000000e+00   0.0000000e+00   0.0000000e+00   1.6623560e-12   2.8327694e-16   1.0000000e+00   0.0000000e+00
   6.8477780e-02   9.5895144e-01   2.9771995e-03   0.0000000e+00   8.4452036e-04   1.2751256e-02   6.9976524e-05   5.8531686e-03   4.2881850e-03   8.0170655e-03   6.4080383e-02   9.9244129e-01   1.0738838e-01
   1.5436704e-01   9.1872574e-01   2.6987517e-03   1.3687983e-02   0.0000000e+00   6.3317815e-03   2.4525636e-04   0.0000000e+00   1.3285467e-03   1.5664833e-02   1.2365374e-01   9.6330965e-01   2.4022573e-01
   2.5111399e-01   8.7565704e-01   2.2409154e-03   1.9144367e-02   2.9249730e-02   2.8136589e-03   2.0829390e-03   3.3189711e-02   1.4854212e-02   1.8949618e-02   1.7969774e-01   9.0829976e-01   3.8542189e-01
   3.6376344e-01   8.3531367e-01   1.1844876e-02   4.8584785e-02   4.3155295e-02   2.2055419e-02   7.5899962e-03   3.8724222e-03   5.3953607e-02   2.2382843e-05   2.1686156e-01   8.1952716e-01   5.4504500e-01
   7.1928459e-01   7.2593338e-01   1.2976580e-02   5.9276156e-04   4.8227967e-02   6.4210479e-04   3.1925877e-02   0.0000000e+00   2.2258194e-02   2.0883545e-04   1.7882798e-01   3.8940851e-01   9.0797428e-01
   8.2468053e-01   6.8753116e-01   3.6442104e-02   0.0000000e+00   2.8026510e-02   7.1546582e-03   1.6249622e-03   2.1501627e-03   4.6670093e-03   4.5803358e-03   1.2845593e-01   2.4035244e-01   9.6445017e-01
   9.1939472e-01   6.6673425e-01   1.6280636e-02   7.0351391e-04   1.4035188e-04   9.6778043e-03   4.0143158e-03   0.0000000e+00   1.7546629e-03   1.7921205e-02   6.3170776e-02   1.0944182e-01   9.9268909e-01
   1.0000000e+00   8.7778960e-02   0.0000000e+00   0.0000000e+00   0.0000000e+00   0.0000000e+00   0.0000000e+00   0.0000000e+00   0.0000000e+00   1.0941449e-12   6.0651197e-17   8.4161638e-18   1.0000000e+00
   0.0000000e+00   1.0000000e+00   0.0000000e+00   0.0000000e+00   0.0000000e+00   4.2637980e-15   0.0000000e+00   0.0000000e+00   0.0000000e+00   2.0546826e-12   5.0532155e-16   1.0000000e+00   0.0000000e+00
   7.8651982e-02   9.6066454e-01   2.6860301e-03   9.8223314e-03   1.1119933e-03   7.4524155e-03   1.2195889e-05   4.6486722e-03   1.0655019e-02   3.7599131e-03   6.1297018e-02   9.9079094e-01   1.2327036e-01
   1.7575959e-01   9.2127307e-01   5.9925625e-04   1.9893791e-02   0.0000000e+00   4.9373570e-03   1.5600063e-03   1.0857947e-02   5.6052789e-03   9.5790354e-03   1.1875667e-01   9.5541721e-01   2.7276962e-01
   2.8997843e-01   8.8304508e-01   1.8657072e-02   8.2894734e-03   1.4327472e-02   3.3949242e-02   1.2556316e-02   5.2502848e-03   1.8355222e-02   1.4211562e-03   1.6443217e-01   8.8496016e-01   4.4092000e-01
   4.2125482e-01   8.5131178e-01   1.7405981e-02   6.8137570e-02   1.2631328e-02   3.0858331e-02   4.9238383e-03   6.9445037e-04   3.9998437e-02   9.1299914e-03   1.8401245e-01   7.7348481e-01   6.1923489e-01
   5.5660676e-01   8.0943999e-01   1.6858269e-02   9.3449970e-04   4.5163685e-02   1.0205405e-03   1.4709323e-02   0.0000000e+00   3.0781115e-02   2.9664549e-04   1.8983276e-01   6.1513514e-01   7.6978183e-01
   6.8941893e-01   7.7838361e-01   1.9114648e-02   1.0605509e-03   4.3914199e-02   0.0000000e+00   1.7557493e-02   2.1130545e-04   3.1752496e-02   3.9369971e-05   1.6047547e-01   4.4221167e-01   8.8652833e-01
   8.0866350e-01   7.3870933e-01   4.1046149e-02   2.9919811e-03   2.8974168e-02   7.4115457e-03   3.8335588e-03   1.4324045e-03   2.2006439e-04   9.6644104e-03   1.1844347e-01   2.7219137e-01   9.5775102e-01
   9.1247738e-01   7.0724394e-01   2.3450708e-02   6.4574172e-06   4.4564443e-06   8.8654247e-03   2.7921849e-03   7.9148552e-07   2.1408076e-03   1.4790492e-03   6.0863937e-02   1.2288928e-01   9.9120150e-01
   1.0000000e+00   8.7778960e-02   0.0000000e+00   0.0000000e+00   0.0000000e+00   0.0000000e+00   0.0000000e+00   0.0000000e+00   0.0000000e+00   1.0941449e-12   6.0651197e-17   8.4161638e-18   1.0000000e+00
   0.0000000e+00   1.0000000e+00   0.0000000e+00   0.0000000e+00   0.0000000e+00   1.5449155e-16   0.0000000e+00   0.0000000e+00   0.0000000e+00   2.1164559e-12   6.1232340e-17   1.0000000e+00   0.0000000e+00
   8.9963635e-02   9.6456042e-01   1.8671505e-03   2.1470233e-02   4.6296723e-03   1.6134609e-02   2.8277946e-03   0.0000000e+00   2.7498308e-03   8.2717446e-03   5.5130713e-02   9.8931871e-01   1.4096161e-01
   2.0236648e-01   9.2884996e-01   2.3671709e-03   3.9483048e-03   0.0000000e+00   0.0000000e+00   0.0000000e+00   1.2765748e-02   7.3776440e-03   1.0318854e-02   1.0597877e-01   9.4430065e-01   3.1265802e-01
   3.3943349e-01   8.8946268e-01   1.1723327e-03   2.6217766e-02   3.7511681e-02   1.2151203e-02   0.0000000e+00   0.0000000e+00   3.8026872e-02   1.0084724e-02   1.4934448e-01   8.5146156e-01   5.1020227e-01
   4.9522789e-01   8.8676654e-01   4.9864417e-02   1.0862774e-02   1.7010419e-02   0.0000000e+00   2.0738776e-02   7.0326303e-03   4.0062449e-03   8.4382334e-03   1.2647912e-01   7.0357469e-01   7.0421511e-01
   6.4467598e-01   8.1880604e-01   9.4131143e-03   0.0000000e+00   9.2433203e-03   1.1264295e-02   0.0000000e+00   3.2942520e-02   7.3128159e-03   7.6021176e-04   1.4892444e-01   5.0903596e-01   8.4946240e-01
   7.8455419e-01   7.8543688e-01   4.8810169e-02   1.9941016e-03   2.8590592e-02   0.0000000e+00   2.1306960e-03   9.3571626e-03   1.5171880e-02   7.9764127e-03   1.1018281e-01   3.1444480e-01   9.4666603e-01
   9.0390691e-01   7.6980063e-01   1.4806850e-02   0.0000000e+00   2.1884980e-03   1.4953314e-02   4.0707819e-03   0.0000000e+00   1.6179490e-03   1.7119007e-02   5.3236540e-02   1.4075309e-01   9.8938101e-01
   1.0000000e+00   8.7778960e-02   0.0000000e+00   0.0000000e+00   0.0000000e+00   0.0000000e+00   0.0000000e+00   0.0000000e+00   0.0000000e+00   1.0941449e-12   6.0651197e-17   8.4161638e-18   1.0000000e+00
   0.0000000e+00   1.0000000e+00   0.0000000e+00   0.0000000e+00   0.0000000e+00   0.0000000e+00   0.0000000e+00   0.0000000e+00   0.0000000e+00   1.8978943e-12   6.1232340e-17   1.0000000e+00   0.0000000e+00
   1.0474386e-01   9.6530705e-01   1.7038137e-03   1.6360228e-02   4.7183490e-03   1.1818644e-02   5.1011208e-03   0.0000000e+00   3.1893499e-03   8.4490475e-03   5.3762026e-02   9.8556277e-01   1.6387840e-01
   2.4075247e-01   9.3041605e-01   1.9223992e-03   6.8379569e-04   0.0000000e+00   1.5042268e-03   0.0000000e+00   1.1875176e-02   1.1063607e-02   1.0321794e-02   1.0141502e-01   9.2414255e-01   3.6936224e-01
   4.0714140e-01   9.0325627e-01   0.0000000e+00   3.4702337e-02   4.1280674e-02   8.1338246e-03   6.0454052e-03   9.9996993e-05   3.7534615e-02   9.7253735e-03   1.2201190e-01   7.9670632e-01   5.9951773e-01
   5.8361116e-01   8.6306050e-01   0.0000000e+00   1.9658532e-02   3.2193998e-02   3.3760225e-02   7.1222166e-03   2.8023286e-03   2.3539687e-02   0.0000000e+00   1.3027804e-01   5.9628114e-01   7.9613896e-01
   7.5715434e-01   9.4154249e-01   7.2816755e-03   2.1452296e-02   8.7052473e-03   8.5655680e-03   6.3086185e-03   4.9006465e-04   0.0000000e+00   3.3230622e-03   3.4160607e-02   3.7097302e-01   9.2878388e-01
   1.0000000e+00   8.7778960e-02   0.0000000e+00   0.0000000e+00   0.0000000e+00   0.0000000e+00   0.0000000e+00   0.0000000e+00   0.0000000e+00   1.0941449e-12   6.0651197e-17   8.4161638e-18   1.0000000e+00
   0.0000000e+00   1.0000000e+00   0.0000000e+00   0.0000000e+00   0.0000000e+00   0.0000000e+00   0.0000000e+00   0.0000000e+00   0.0000000e+00   1.8978943e-12   6.1232340e-17   1.0000000e+00   0.0000000e+00
   1.2562448e-01   1.0000000e+00   0.0000000e+00   0.0000000e+00   0.0000000e+00   1.1493286e-06   0.0000000e+00   0.0000000e+00   0.0000000e+00   0.0000000e+00   6.0044031e-17   9.8059344e-01   1.9605231e-01
   2.9271665e-01   9.3364516e-01   1.7678698e-02   4.7044769e-04   2.2030171e-02   4.2285961e-02   1.6129183e-02   1.6768944e-05   1.5029804e-02   6.4519002e-03   9.3526124e-02   8.9405399e-01   4.4514913e-01
   4.9624705e-01   9.0192984e-01   3.2782078e-02   1.6780186e-02   1.1929610e-02   2.0130220e-03   2.7208691e-02   1.6735676e-02   0.0000000e+00   1.1200747e-02   1.0942500e-01   7.0470163e-01   7.0478771e-01
   8.7092427e-01   8.4308559e-01   2.2600521e-02   1.6076751e-03   2.5811236e-02   5.1577094e-03   1.8187012e-02   2.9023398e-03   1.8662162e-02   0.0000000e+00   4.9224670e-02   1.9564936e-01   9.8137106e-01
   1.0000000e+00   8.4956499e-02   0.0000000e+00   0.0000000e+00   0.0000000e+00   0.0000000e+00   0.0000000e+00   0.0000000e+00   0.0000000e+00   1.0640526e-12   6.0687914e-17   8.1471842e-18   1.0000000e+00
   0.0000000e+00   1.0000000e+00   0.0000000e+00   0.0000000e+00   0.0000000e+00   0.0000000e+00   0.0000000e+00   0.0000000e+00   0.0000000e+00   2.1833242e-12   6.1232340e-17   1.0000000e+00   0.0000000e+00
   3.7420224e-01   1.0000000e+00   2.3220165e-03   2.5527014e-03   1.3736468e-02   5.9111560e-04   2.5314916e-03   4.8326614e-03   8.3558672e-04   0.0000000e+00   5.0967211e-17   8.3235773e-01   5.5465619e-01
   6.2227779e-01   9.0739496e-01   4.4127074e-02   1.4639695e-02   1.9632332e-02   1.7567821e-03   1.8537655e-02   2.1476779e-02   3.1378299e-03   6.0991407e-03   8.1320908e-02   5.5509758e-01   8.3190691e-01
   8.4189706e-01   8.8613609e-01   1.4409165e-02   0.0000000e+00   1.9803956e-02   1.0682883e-02   7.4299306e-03   0.0000000e+00   1.1105094e-02   0.0000000e+00   4.3768507e-02   2.4209726e-01   9.7018502e-01
   1.0000000e+00   8.4956499e-02   0.0000000e+00   0.0000000e+00   0.0000000e+00   0.0000000e+00   0.0000000e+00   0.0000000e+00   0.0000000e+00   1.0640526e-12   6.0687914e-17   8.1471842e-18   1.0000000e+00
   0.0000000e+00   1.0000000e+00   0.0000000e+00   0.0000000e+00   0.0000000e+00   0.0000000e+00   0.0000000e+00   0.0000000e+00   0.0000000e+00   2.1833242e-12   6.1232340e-17   1.0000000e+00   0.0000000e+00
   2.0434960e-01   1.0000000e+00   3.4259166e-03   1.6568328e-02   2.3495225e-05   3.0033576e-03   4.1554652e-03   2.2523406e-03   8.4732087e-03   2.4382358e-03   5.8127749e-17   9.4929818e-01   3.1563240e-01
   4.9849205e-01   9.4041422e-01   1.2257845e-03   7.4539003e-03   4.3395185e-03   0.0000000e+00   1.0069530e-02   4.0835607e-03   1.8997746e-03   5.2294158e-06   6.6256012e-02   7.0581679e-01   7.0556927e-01
   7.9578327e-01   1.0000000e+00   9.7134876e-03   3.5931370e-03   4.7169284e-03   5.0452236e-05   0.0000000e+00   5.2262543e-03   4.1015433e-04   4.0616397e-13   1.9310176e-17   3.1535911e-01   9.4913785e-01
   1.0000000e+00   8.4956499e-02   0.0000000e+00   0.0000000e+00   0.0000000e+00   0.0000000e+00   0.0000000e+00   0.0000000e+00   0.0000000e+00   1.0640526e-12   6.0687914e-17   8.1471842e-18   1.0000000e+00
   0.0000000e+00   1.0000000e+00   0.0000000e+00   0.0000000e+00   0.0000000e+00   0.0000000e+00   0.0000000e+00   0.0000000e+00   0.0000000e+00   2.1833242e-12   6.1232340e-17   1.0000000e+00   0.0000000e+00
   2.9441623e-01   9.7291665e-01   1.7678084e-02   9.9078251e-05   1.7975311e-02   3.5447675e-02   1.6466330e-02   4.9056861e-07   1.6848504e-02   6.1629192e-03   3.8156624e-02   8.9636649e-01   4.4726692e-01
   7.0503587e-01   1.0000000e+00   5.7683707e-03   3.7837747e-03   4.4208272e-03   2.2642305e-05   0.0000000e+00   2.9840980e-03   6.1129961e-04   0.0000000e+00   2.7368552e-17   4.4696237e-01   8.9463818e-01
   1.0000000e+00   8.4956499e-02   0.0000000e+00   0.0000000e+00   0.0000000e+00   0.0000000e+00   0.0000000e+00   0.0000000e+00   0.0000000e+00   1.0640526e-12   6.0687914e-17   8.1471842e-18   1.0000000e+00
   0.0000000e+00   1.0000000e+00   0.0000000e+00   0.0000000e+00   0.0000000e+00   0.0000000e+00   0.0000000e+00   0.0000000e+00   0.0000000e+00   2.1833242e-12   6.1232340e-17   1.0000000e+00   0.0000000e+00
   4.9986018e-01   9.7892010e-01   1.9917589e-03   5.2110120e-03   6.8058717e-03   0.0000000e+00   3.9355925e-03   3.8281315e-03   3.0474101e-03   1.7715272e-04   2.3417483e-02   7.0695701e-01   7.0703411e-01
   0.0000000e+00   1.0000000e+00   0.0000000e+00   0.0000000e+00   0.0000000e+00   0.0000000e+00   0.0000000e+00   0.0000000e+00   0.0000000e+00   2.1833242e-12   6.1232340e-17   1.0000000e+00   0.0000000e+00
   1.0000000e+00   8.4956499e-02   0.0000000e+00   0.0000000e+00   0.0000000e+00   0.0000000e+00   0.0000000e+00   0.0000000e+00   0.0000000e+00   1.0640526e-12   6.0687914e-17   8.1471842e-18   1.0000000e+00
   4.9939066e-01   1.0000000e+00   5.0324701e-03   4.4853297e-03   4.0711100e-03   0.0000000e+00   0.0000000e+00   3.9575522e-03   3.3322362e-03   1.7503161e-05   4.3343074e-17   7.0784611e-01   7.0649237e-01
