   0.0000000e+00   5.0001228e-01   1.5671510e-03   6.7335715e-03   9.7732931e-03   8.4680032e-05   2.3273060e-03   2.1732352e-02   1.2420136e-03   3.3946793e-03   7.0754151e-01   7.0756880e-01   0.0000000e+00
   0.0000000e+00   0.0000000e+00   0.0000000e+00   0.0000000e+00   0.0000000e+00   0.0000000e+00   0.0000000e+00   0.0000000e+00   0.0000000e+00   0.0000000e+00   1.0000000e+00   0.0000000e+00   0.0000000e+00
   0.0000000e+00   0.0000000e+00   0.0000000e+00   0.0000000e+00   0.0000000e+00   0.0000000e+00   0.0000000e+00   0.0000000e+00   0.0000000e+00   0.0000000e+00   1.0000000e+00   0.0000000e+00   0.0000000e+00
   0.0000000e+00   0.0000000e+00   0.0000000e+00   0.0000000e+00   0.0000000e+00   0.0000000e+00   0.0000000e+00   0.0000000e+00   0.0000000e+00   0.0000000e+00   1.0000000e+00   0.0000000e+00   0.0000000e+00
   0.0000000e+00   0.0000000e+00   0.0000000e+00   0.0000000e+00   0.0000000e+00   0.0000000e+00   0.0000000e+00   0.0000000e+00   0.0000000e+00   0.0000000e+00   1.0000000e+00   0.0000000e+00   0.0000000e+00
   0.0000000e+00   0.0000000e+00   0.0000000e+00   0.0000000e+00   0.0000000e+00   0.0000000e+00   0.0000000e+00   0.0000000e+00   0.0000000e+00   0.0000000e+00   1.0000000e+00   0.0000000e+00   0.0000000e+00
   0.0000000e+00   0.0000000e+00   0.0000000e+00   0.0000000e+00   0.0000000e+00   0.0000000e+00   0.0000000e+00   0.0000000e+00   0.0000000e+00   0.0000000e+00   1.0000000e+00   0.0000000e+00   0.0000000e+00
   0.0000000e+00   0.0000000e+00   0.0000000e+00   0.0000000e+00   0.0000000e+00   0.0000000e+00   0.0000000e+00   0.0000000e+00   0.0000000e+00   0.0000000e+00   1.0000000e+00   0.0000000e+00   0.0000000e+00
   0.0000000e+00   0.0000000e+00   0.0000000e+00   0.0000000e+00   0.0000000e+00   0.0000000e+00   0.0000000e+00   0.0000000e+00   0.0000000e+00   0.0000000e+00   1.0000000e+00   0.0000000e+00   0.0000000e+00
   0.0000000e+00   0.0000000e+00   0.0000000e+00   0.0000000e+00   0.0000000e+00   0.0000000e+00   0.0000000e+00   0.0000000e+00   0.0000000e+00   0.0000000e+00   1.0000000e+00   0.0000000e+00   0.0000000e+00
   0.0000000e+00   0.0000000e+00   0.0000000e+00   0.0000000e+00   0.0000000e+00   0.0000000e+00   0.0000000e+00   0.0000000e+00   0.0000000e+00   0.0000000e+00   1.0000000e+00   0.0000000e+00   0.0000000e+00
   0.0000000e+00   0.0000000e+00   0.0000000e+00   0.0000000e+00   0.0000000e+00   0.0000000e+00   0.0000000e+00   0.0000000e+00   0.0000000e+00   0.0000000e+00   1.0000000e+00   0.0000000e+00   0.0000000e+00
   0.0000000e+00   0.0000000e+00   0.0000000e+00   0.0000000e+00   0.0000000e+00   0.0000000e+00   0.0000000e+00   0.0000000e+00   0.0000000e+00   0.0000000e+00   1.0000000e+00   0.0000000e+00   0.0000000e+00
   0.0000000e+00   0.0000000e+00   0.0000000e+00   0.0000000e+00   0.0000000e+00   0.0000000e+00   0.0000000e+00   0.0000000e+00   0.0000000e+00   0.0000000e+00   1.0000000e+00   0.0000000e+00   0.0000000e+00
   0.0000000e+00   0.0000000e+00   0.0000000e+00   0.0000000e+00   0.0000000e+00   0.0000000e+00   0.0000000e+00   0.0000000e+00   0.0000000e+00   0.0000000e+00   1.0000000e+00   0.0000000e+00   0.0000000e+00
   0.0000000e+00   0.0000000e+00   0.0000000e+00   0.0000000e+00   0.0000000e+00   0.0000000e+00   0.0000000e+00   0.0000000e+00   0.0000000e+00   0.0000000e+00   1.0000000e+00   0.0000000e+00   0.0000000e+00
   0.0000000e+00   0.0000000e+00   0.0000000e+00   0.0000000e+00   0.0000000e+00   0.0000000e+00   0.0000000e+00   0.0000000e+00   0.0000000e+00   0.0000000e+00   1.0000000e+00   0.0000000e+00   0.0000000e+00
   0.0000000e+00   0.0000000e+00   0.0000000e+00   0.0000000e+00   0.0000000e+00   0.0000000e+00   0.0000000e+00   0.0000000e+00   0.0000000e+00   0.0000000e+00   1.0000000e+00   0.0000000e+00   0.0000000e+00
   0.0000000e+00   0.0000000e+00   0.0000000e+00   0.0000000e+00   0.0000000e+00   0.0000000e+00   0.0000000e+00   0.0000000e+00   0.0000000e+00   0.0000000e+00   1.0000000e+00   0.0000000e+00   0.0000000e+00
   0.0000000e+00   0.0000000e+00   0.0000000e+00   0.0000000e+00   0.0000000e+00   0.0000000e+00   0.0000000e+00   0.0000000e+00   0.0000000e+00   0.0000000e+00   1.0000000e+00   0.0000000e+00   0.0000000e+00
   5.0049170e-01   0.0000000e+00   1.5116969e-02   8.7846575e-02   1.9350952e-02   5.6338548e-03   3.5803819e-03   8.1156390e-03   2.7581227e-02   0.0000000e+00   7.1305454e-01   0.0000000e+00   7.1415685e-01
   0.0000000e+00   1.0000000e+00   0.0000000e+00   0.0000000e+00   0.0000000e+00   0.0000000e+00   0.0000000e+00   0.0000000e+00   0.0000000e+00   0.0000000e+00   6.1232340e-17   1.0000000e+00   0.0000000e+00
   7.8539392e-03   4.9998539e-01   1.6419868e-03   6.8854252e-03   6.6793315e-03   2.1627740e-03   2.3331021e-03   0.0000000e+00   1.4120318e-03   3.6556549e-03   7.0715418e-01   7.0712173e-01   1.2338109e-02
   1.9641270e-02   2.9505288e-01   0.0000000e+00   2.5046895e-03   8.8167300e-03   2.5313146e-03   0.0000000e+00   4.0272875e-03   0.0000000e+00   0.0000000e+00   8.9417716e-01   4.4688782e-01   3.0850829e-02
   8.7196234e-05   2.0473084e-01   1.0212225e-02   0.0000000e+00   2.6744765e-03   1.4197034e-03   1.0238513e-02   0.0000000e+00   1.4765964e-02   2.0540392e-03   9.4915186e-01   3.1621511e-01   1.3702786e-04
   2.7806417e-02   1.5550670e-01   0.0000000e+00   2.5250288e-03   8.0085743e-03   2.4190759e-03   0.0000000e+00   3.9674252e-03   1.4221322e-04   0.0000000e+00   9.6947816e-01   2.4163904e-01   4.3668353e-02
   2.6815740e-02   1.2553239e-01   0.0000000e+00   2.6594834e-03   7.8500459e-03   2.3609924e-03   0.0000000e+00   3.2199266e-03   1.2442252e-04   0.0000000e+00   9.7983491e-01   1.9575326e-01   4.2113176e-02
   3.1297284e-02   1.0435708e-01   0.0000000e+00   2.3671729e-03   7.2860308e-03   1.8061641e-03   1.3247375e-04   3.2139182e-03   0.0000000e+00   0.0000000e+00   9.8547381e-01   1.6300520e-01   4.9145411e-02
   3.1636485e-02   8.9372948e-02   0.0000000e+00   2.4572677e-03   9.0379314e-03   1.3570952e-03   0.0000000e+00   1.7704017e-03   2.6518613e-03   0.0000000e+00   9.8903822e-01   1.3976722e-01   4.9678978e-02
   3.6826571e-02   7.8259441e-02   6.2115673e-03   3.2934760e-03   0.0000000e+00   0.0000000e+00   9.9159219e-03   1.3785296e-02   0.0000000e+00   2.7243562e-03   9.9113565e-01   1.2245742e-01   5.7834744e-02
   4.1095382e-02   6.9593872e-02   3.4814399e-03   3.7634519e-03   0.0000000e+00   0.0000000e+00   8.6781406e-03   1.4730098e-02   1.2890606e-02   8.5967401e-03   9.9251455e-01   1.0893379e-01   6.4543689e-02
   4.4916447e-02   6.3054792e-02   6.9168010e-03   4.4524574e-03   0.0000000e+00   5.2434993e-05   1.3988632e-02   1.4381993e-02   1.1226114e-02   1.7120470e-03   9.9321791e-01   9.8697453e-02   7.0538307e-02
   5.1118629e-02   5.2536902e-02   1.4072062e-03   1.6817544e-03   4.7372535e-03   5.8746423e-03   1.2575802e-02   7.9288038e-04   5.1799679e-03   1.0522163e-02   9.9374138e-01   8.2194959e-02   8.0239417e-02
   5.7472420e-02   4.5612202e-02   2.7560434e-03   2.1868823e-03   5.7463200e-03   4.3899647e-03   1.0024461e-02   0.0000000e+00   6.3013269e-03   7.9583143e-03   9.9363905e-01   7.1313801e-02   9.0179069e-02
   6.3278809e-02   4.4889498e-02   1.9255931e-03   2.1204072e-03   5.8754289e-03   4.4247081e-03   1.5124520e-02   9.4661113e-04   4.2940206e-03   7.5955936e-03   9.9295673e-01   7.0131892e-02   9.9271053e-02
   6.9522434e-02   4.2079347e-02   6.9674503e-04   2.2228304e-03   8.6832611e-03   8.8963463e-03   2.3754849e-03   7.8502253e-03   3.2726755e-03   5.4917698e-03   9.9213825e-01   6.5674108e-02   1.0901787e-01
   7.9060050e-02   3.0298896e-02   3.3073269e-04   2.2966554e-03   8.9922992e-03   6.3948984e-03   7.9111685e-03   5.2687759e-03   3.6854465e-03   5.4944318e-03   9.9143399e-01   4.7221369e-02   1.2390063e-01
   9.0072318e-02   3.6455822e-02   5.6237336e-05   2.3893692e-03   8.2585156e-03   6.9024826e-03   8.4652735e-03   7.1830881e-05   3.2877751e-03   3.4976674e-03   9.8859861e-01   5.6673737e-02   1.4104419e-01
   1.0487634e-01   3.3831876e-02   8.9651956e-04   1.1747879e-03   6.7574056e-03   5.8204007e-03   6.7988669e-03   3.6927322e-04   3.5125316e-03   3.5341333e-03   9.8521912e-01   5.2406832e-02   1.6402031e-01
   1.2485297e-01   3.1891227e-02   1.3042847e-02   2.5813386e-03   2.8152838e-03   0.0000000e+00   7.2418747e-04   1.3580353e-02   3.0279617e-04   4.6642610e-05   9.7996209e-01   4.9131935e-02   1.9493585e-01
   1.5537819e-01   3.0285191e-02   1.1692333e-02   1.5789483e-03   2.8276326e-03   0.0000000e+00   4.7850307e-03   2.0134353e-02   8.8704896e-03   4.3315897e-03   9.6991754e-01   4.6175627e-02   2.4181418e-01
   2.0468086e-01   2.6770474e-02   2.0192849e-02   2.1836280e-03   2.6223223e-03   0.0000000e+00   4.8730599e-03   0.0000000e+00   9.5807847e-03   3.9781545e-03   9.4844209e-01   3.9906427e-02   3.1617543e-01
   2.9435905e-01   1.8580420e-02   3.1771651e-03   0.0000000e+00   0.0000000e+00   0.0000000e+00   3.1222512e-04   0.0000000e+00   2.9039935e-03   0.0000000e+00   8.9462971e-01   2.6118128e-02   4.4608607e-01
   4.9999227e-01   8.2075346e-03   1.5405575e-02   5.8187215e-02   1.7801342e-02   4.6275697e-03   4.2151096e-03   1.9518146e-02   2.0255934e-02   0.0000000e+00   7.1042955e-01   9.1596247e-03   7.1047135e-01
   1.0000000e+00   0.0000000e+00   0.0000000e+00   0.0000000e+00   0.0000000e+00   0.0000000e+00   0.0000000e+00   0.0000000e+00   0.0000000e+00   0.0000000e+00   6.1232340e-17   0.0000000e+00   1.0000000e+00
   0.0000000e+00   1.0000000e+00   0.0000000e+00   0.0000000e+00   0.0000000e+00   0.0000000e+00   0.0000000e+00   0.0000000e+00   0.0000000e+00   0.0000000e+00   6.1232340e-17   1.0000000e+00   0.0000000e+00
   0.0000000e+00   7.0495187e-01   1.1511224e-03   2.3211225e-02   1.5396534e-03   2.4365199e-02   3.6360389e-03   1.4618068e-03   5.8812586e-03   5.7492669e-03   4.4759125e-01   8.9560136e-01   0.0000000e+00
   4.2030333e-02   5.0016744e-01   1.4387157e-03   9.4562358e-03   1.5345487e-02   2.3859156e-03   2.6423170e-03   3.1328608e-02   1.2016198e-03   4.3781916e-03   7.0632712e-01   7.0669877e-01   6.6061660e-02
   1.9975678e-02   3.7414458e-01   2.3382563e-02   1.7961500e-03   2.5743185e-02   2.5263043e-03   4.0759670e-03   1.5106765e-02   3.2667879e-04   4.0154082e-03   8.3303690e-01   5.5499983e-01   3.1419008e-02
   1.9641270e-02   2.9505288e-01   0.0000000e+00   2.5046895e-03   8.8167300e-03   2.5313146e-03   0.0000000e+00   4.0272875e-03   0.0000000e+00   0.0000000e+00   8.9417716e-01   4.4688782e-01   3.0850829e-02
   6.2175283e-02   2.4184588e-01   1.2891592e-02   1.1891615e-02   4.4661869e-02   2.0234668e-02   1.8788016e-02   1.7848573e-02   2.0080106e-02   1.0730128e-02   9.2788574e-01   3.7049169e-01   9.7889966e-02
   7.4005957e-02   1.7712728e-01   1.0944023e-02   8.3842785e-03   3.0469999e-02   1.4897525e-02   2.1040835e-02   2.2118091e-02   3.2042711e-02   1.8271758e-02   9.5852283e-01   2.7379235e-01   1.1640801e-01
   7.8359970e-02   1.5563502e-01   1.7301751e-02   1.7506769e-02   3.8153489e-03   3.4160379e-03   0.0000000e+00   1.4147122e-02   1.1089600e-02   3.9772726e-03   9.6385977e-01   2.4044502e-01   1.2289620e-01
   9.2204594e-02   1.2517222e-01   9.6655303e-03   1.6043839e-02   1.0530962e-02   1.4936245e-02   3.1125679e-04   2.3888890e-02   2.4099914e-02   8.5970486e-04   9.7224687e-01   1.9366536e-01   1.4459395e-01
   1.0260710e-01   1.1279460e-01   1.3439502e-02   1.4025717e-02   7.7792004e-04   1.4934377e-03   1.0008197e-03   8.2757635e-03   1.3196721e-02   2.1039744e-02   9.7262362e-01   1.7415301e-01   1.6064910e-01
   1.1294737e-01   1.0371457e-01   1.3345809e-02   1.0845837e-02   1.0832621e-02   0.0000000e+00   5.2082821e-05   1.8050117e-02   2.2028241e-02   6.1357620e-03   9.7249494e-01   1.5985021e-01   1.7671071e-01
   1.2425520e-01   9.5931940e-02   1.3910293e-02   0.0000000e+00   7.0615099e-04   1.9822418e-04   7.5405077e-04   2.1012405e-02   6.1506696e-03   1.1057487e-02   9.7066807e-01   1.4738680e-01   1.9409716e-01
   1.3772516e-01   9.0045299e-02   1.4118989e-02   5.5587070e-03   4.6474856e-05   1.6487311e-04   5.1782491e-04   1.7981750e-02   5.5177177e-03   5.3206297e-03   9.6752882e-01   1.3776998e-01   2.1478611e-01
   1.5408915e-01   8.2643199e-02   1.3599386e-02   2.0027047e-03   5.7084693e-04   8.9406868e-05   2.1300976e-03   2.5926340e-02   2.0696412e-03   9.6249551e-04   9.6352015e-01   1.2578737e-01   2.3989506e-01
   1.7533085e-01   7.8451537e-02   1.7528020e-02   4.4844456e-03   0.0000000e+00   1.5966462e-03   1.8120532e-04   1.6147519e-02   2.0077079e-03   0.0000000e+00   9.5558439e-01   1.1835772e-01   2.7210232e-01
   2.0219406e-01   7.2607516e-02   2.5469388e-03   1.1815544e-02   0.0000000e+00   3.2132317e-04   8.2558746e-03   0.0000000e+00   0.0000000e+00   9.4689432e-04   9.4401712e-01   1.0813596e-01   3.1236012e-01
   2.4084497e-01   6.4092721e-02   2.0875550e-03   7.7970330e-03   7.6038939e-03   2.1382569e-03   1.0455901e-03   6.5112448e-04   2.2113914e-03   0.0000000e+00   9.2470537e-01   9.3412017e-02   3.6940777e-01
   2.9329022e-01   6.6340109e-02   2.0837132e-03   9.6245805e-03   3.8270561e-03   2.5704239e-03   8.5303786e-03   0.0000000e+00   4.1930463e-04   0.0000000e+00   8.9105312e-01   9.3191362e-02   4.4465951e-01
   3.7327624e-01   5.7706334e-02   1.4858713e-03   6.3381910e-03   7.0605028e-03   2.0126143e-03   1.0069155e-03   2.5154177e-05   6.2580049e-04   0.0000000e+00   8.2963220e-01   7.5408570e-02   5.5337090e-01
   7.0619735e-01   0.0000000e+00   1.3083340e-03   0.0000000e+00   2.5594112e-03   2.5995526e-03   2.5310772e-03   2.1808059e-02   3.3414698e-03   8.6408022e-03   4.4555492e-01   0.0000000e+00   8.9590560e-01
   1.0000000e+00   0.0000000e+00   0.0000000e+00   0.0000000e+00   0.0000000e+00   0.0000000e+00   0.0000000e+00   0.0000000e+00   0.0000000e+00   0.0000000e+00   6.1232340e-17   0.0000000e+00   1.0000000e+00
   0.0000000e+00   1.0000000e+00   0.0000000e+00   0.0000000e+00   0.0000000e+00   0.0000000e+00   0.0000000e+00   0.0000000e+00   0.0000000e+00   0.0000000e+00   6.1232340e-17   1.0000000e+00   0.0000000e+00
   2.4982935e-02   7.9532389e-01   1.2868838e-03   8.6205818e-03   1.0944932e-02   0.0000000e+00   3.9619574e-04   8.0476369e-03   6.7007727e-03   1.5739454e-04   3.1584751e-01   9.4832035e-01   3.9245020e-02
   3.8175497e-02   6.2772656e-01   2.8139494e-04   1.6030049e-03   4.5556418e-03   3.0755137e-04   0.0000000e+00   6.5710414e-03   3.6771365e-03   0.0000000e+00   5.5105608e-01   8.3240941e-01   5.9934805e-02
   5.6396910e-02   5.0018471e-01   1.5138568e-03   4.1988663e-03   1.5202411e-02   1.1564436e-02   2.4888694e-03   1.6732489e-02   9.2998197e-04   4.3131422e-03   7.0461572e-01   7.0502471e-01   8.8533317e-02
   9.5662326e-02   3.4295771e-01   1.1396999e-02   9.4595188e-03   0.0000000e+00   0.0000000e+00   0.0000000e+00   2.4461177e-02   2.3303027e-02   5.1056595e-04   8.4985015e-01   5.0794402e-01   1.4990492e-01
   1.0240057e-01   2.9426885e-01   1.0568103e-02   8.2883249e-03   8.1588620e-04   2.0384751e-04   2.8924209e-03   0.0000000e+00   5.6885459e-03   7.5841737e-03   8.8375029e-01   4.4031732e-01   1.6020246e-01
   1.1576364e-01   2.5679776e-01   1.3406317e-02   1.3884626e-02   0.0000000e+00   4.3992014e-03   2.8032236e-03   5.0668874e-03   1.1144855e-02   9.3080298e-03   9.0515192e-01   3.8630033e-01   1.8095568e-01
   1.2407201e-01   2.2749870e-01   8.2433013e-03   0.0000000e+00   2.3000231e-02   1.4065047e-02   1.7897034e-03   1.7325553e-02   1.7430345e-02   2.5831216e-02   9.2099203e-01   3.4388471e-01   1.9406116e-01
   1.3517830e-01   2.0331705e-01   1.1234462e-02   0.0000000e+00   2.5962343e-02   6.7637660e-03   1.5674338e-03   1.7550474e-02   1.7706011e-02   2.6109511e-02   9.3010714e-01   3.0757713e-01   2.1119901e-01
   1.4879145e-01   1.8524844e-01   1.5579801e-02   1.3385418e-02   4.5049738e-02   1.2373346e-02   2.3652524e-02   1.5455921e-02   2.9181164e-02   4.3784980e-02   9.3766662e-01   2.8082048e-01   2.3302832e-01
   1.6299316e-01   1.6867105e-01   1.9420667e-02   1.4268711e-02   0.0000000e+00   8.1010484e-04   0.0000000e+00   2.2634049e-02   8.6351860e-03   6.0571231e-03   9.3477181e-01   2.5362844e-01   2.5354620e-01
   1.9998864e-01   1.3939343e-01   5.2541524e-03   1.3899935e-02   3.7226381e-03   6.3580368e-03   1.2892426e-03   1.7869421e-02   1.7690357e-03   0.0000000e+00   9.2891091e-01   2.0670710e-01   3.0918517e-01
   2.2335022e-01   1.3385923e-01   1.9321971e-02   1.1985632e-02   1.0146829e-02   0.0000000e+00   6.7924713e-05   1.3251897e-02   2.1645017e-02   6.0664701e-03   9.1959700e-01   1.9626049e-01   3.4413169e-01
   2.5289086e-01   1.2348744e-01   1.4408070e-02   6.0203475e-03   8.1007403e-05   3.3275915e-03   4.0335987e-03   7.1254988e-04   3.3487340e-03   1.6258552e-02   9.0533380e-01   1.7784703e-01   3.8708648e-01
   2.9031178e-01   1.1747919e-01   3.2529660e-03   1.0067298e-02   5.2149994e-03   1.7414046e-03   9.1594877e-03   1.5259631e-04   2.8465514e-03   1.5427053e-05   8.8277521e-01   1.6477839e-01   4.4048204e-01
   3.3924078e-01   1.0991710e-01   1.3194418e-04   7.0954595e-05   4.0010728e-03   4.9164615e-03   4.8910080e-04   2.4289774e-03   5.3742940e-03   3.2014771e-05   8.4860554e-01   1.4799150e-01   5.0805277e-01
   4.0527838e-01   1.0041903e-01   9.1475735e-03   6.3440553e-03   1.2809659e-02   6.1733315e-03   2.8904973e-04   1.6481062e-03   0.0000000e+00   7.5091838e-04   7.9439445e-01   1.2635578e-01   5.9466861e-01
   4.9660224e-01   9.5966892e-02   1.7106104e-03   2.2562937e-02   1.0859768e-02   3.3244400e-03   1.9435694e-03   0.0000000e+00   1.9279439e-03   9.7544002e-04   7.0326550e-01   1.0682374e-01   7.0377953e-01
   7.9541940e-01   1.3243406e-02   8.4627339e-04   8.5947134e-04   0.0000000e+00   2.0573537e-03   2.8784814e-03   2.0121543e-02   5.7740513e-06   1.6187549e-04   3.1591590e-01   6.5728498e-03   9.4920592e-01
   1.0000000e+00   0.0000000e+00   0.0000000e+00   0.0000000e+00   0.0000000e+00   0.0000000e+00   0.0000000e+00   0.0000000e+00   0.0000000e+00   0.0000000e+00   6.1232340e-17   0.0000000e+00   1.0000000e+00
   0.0000000e+00   1.0000000e+00   0.0000000e+00   0.0000000e+00   0.0000000e+00   0.0000000e+00   0.0000000e+00   0.0000000e+00   0.0000000e+00   0.0000000e+00   6.1232340e-17   1.0000000e+00   0.0000000e+00
   2.6054730e-02   8.4452482e-01   3.1221849e-04   1.7721652e-03   5.5961643e-03   3.5769885e-04   0.0000000e+00   9.8756390e-03   5.1594331e-03   0.0000000e+00   2.4163529e-01   9.6966772e-01   4.0921749e-02
   5.8801444e-02   7.0571934e-01   2.2186602e-03   2.0962382e-03   7.0257302e-04   5.9159511e-04   0.0000000e+00   3.7491224e-03   6.3783433e-03   1.6641131e-04   4.4409540e-01   8.9129173e-01   9.2239805e-02
   7.2026486e-02   5.9059099e-01   3.5981046e-03   6.9108519e-03   4.3550996e-03   0.0000000e+00   0.0000000e+00   0.0000000e+00   1.8628525e-02   1.5712277e-02   5.9624497e-01   7.9566102e-01   1.1297377e-01
   1.0339238e-01   5.0029566e-01   1.1564360e-04   1.8690471e-02   3.5207408e-02   4.5207818e-02   0.0000000e+00   5.2543841e-03   0.0000000e+00   6.5846920e-03   7.0006082e-01   7.0071135e-01   1.6229422e-01
   1.2109067e-01   4.2910627e-01   5.8038242e-03   0.0000000e+00   2.5460579e-02   3.9504623e-03   3.2637210e-04   1.5526891e-02   1.5005991e-02   3.5911466e-02   7.6909874e-01   6.1439355e-01   1.8952779e-01
   1.3710488e-01   3.7391276e-01   8.7087801e-03   9.4845489e-03   1.5494162e-02   0.0000000e+00   0.0000000e+00   2.2218575e-02   2.0472294e-02   6.3719767e-03   8.1429263e-01   5.4208367e-01   2.1399335e-01
   1.4328477e-01   3.2857019e-01   8.3878746e-03   9.5049661e-03   9.5181027e-03   1.2562197e-03   7.5111053e-03   2.0269266e-02   2.4246997e-02   4.3127985e-03   8.4893039e-01   4.8169761e-01   2.2347184e-01
   1.7111327e-01   2.9375077e-01   2.2795610e-03   6.4538602e-03   0.0000000e+00   2.9412246e-03   2.7633851e-03   2.7542769e-02   2.2797889e-02   0.0000000e+00   8.6442758e-01   4.2981230e-01   2.6591563e-01
   1.8635035e-01   2.6517472e-01   2.8593811e-03   9.2412804e-03   2.7438505e-02   3.2871619e-02   3.6158567e-03   1.3749041e-02   2.7164547e-02   5.1192031e-02   8.8040118e-01   3.8951017e-01   2.9013958e-01
   2.0305118e-01   2.4108374e-01   5.8483491e-03   1.8135292e-02   3.2370605e-02   3.3201888e-02   2.5518264e-05   3.3948255e-02   9.0671690e-03   2.0098097e-02   8.8594965e-01   3.5251806e-01   3.1487356e-01
   2.2763294e-01   2.2153224e-01   2.6227293e-02   1.5730866e-02   1.2959628e-03   0.0000000e+00   4.5509742e-03   1.7880884e-02   3.6153374e-04   0.0000000e+00   8.8173056e-01   3.1984187e-01   3.5044141e-01
   2.5309445e-01   2.0281834e-01   2.5241445e-02   6.1290249e-03   0.0000000e+00   2.6249256e-04   3.5376223e-03   1.8092760e-02   2.7223844e-04   1.3211939e-04   8.7650077e-01   2.8908852e-01   3.8756251e-01
   2.8384326e-01   1.8638453e-01   1.6655621e-02   5.2729649e-03   3.8808931e-03   2.0100929e-03   8.7347636e-03   4.7784327e-03   4.1800210e-03   6.2533317e-04   8.6422881e-01   2.6050819e-01   4.3142422e-01
   3.1936167e-01   1.7635837e-01   1.7395465e-02   6.4268113e-03   8.9319971e-03   2.2107706e-03   1.5632406e-03   0.0000000e+00   0.0000000e+00   1.8419489e-03   8.4372707e-01   2.3990029e-01   4.8108366e-01
   4.2077440e-01   1.5203608e-01   3.4435980e-03   5.8797807e-04   1.0567400e-02   5.2492178e-03   9.5013551e-03   4.8367023e-03   8.8228565e-03   1.4142522e-03   7.6726870e-01   1.8680229e-01   6.1407951e-01
   4.9317489e-01   1.3553120e-01   6.1030383e-03   3.5735070e-03   3.0785950e-02   3.0380550e-03   3.1486853e-03   2.6626898e-04   3.9351026e-04   4.0469846e-04   6.9922352e-01   1.5114948e-01   7.0019711e-01
   5.8682916e-01   9.9195135e-02   7.0800589e-03   0.0000000e+00   2.8120074e-02   3.5394281e-03   2.4426706e-03   1.5176176e-02   7.9741301e-05   4.2792930e-04   5.9772445e-01   9.3895760e-02   7.9755250e-01
   8.4404286e-01   0.0000000e+00   1.3320643e-03   6.3118597e-04   0.0000000e+00   2.3038093e-03   4.5063427e-03   1.6896974e-02   0.0000000e+00   9.0071764e-03   2.4262958e-01   0.0000000e+00   9.7052557e-01
   0.0000000e+00   1.0000000e+00   0.0000000e+00   0.0000000e+00   0.0000000e+00   0.0000000e+00   0.0000000e+00   0.0000000e+00   0.0000000e+00   0.0000000e+00   1.3935000e-15   1.0000000e+00   0.0000000e+00
   3.2531203e-02   8.7545920e-01   4.6044722e-04   1.4218108e-03   8.9564213e-04   0.0000000e+00   3.6751187e-05   8.0385904e-03   4.9826781e-03   6.0391679e-04   1.9414711e-01   9.7973629e-01   5.1082400e-02
   5.5106755e-02   6.5762926e-01   4.2378472e-03   1.0950445e-02   1.6284379e-03   1.7271064e-03   8.5414473e-04   8.7047040e-03   1.0865892e-02   1.3506753e-03   5.1049880e-01   8.5591566e-01   8.6482814e-02
   1.2210152e-01   5.7054958e-01   0.0000000e+00   1.0944120e-02   3.1908993e-02   5.6397410e-02   4.0051244e-03   1.6348356e-02   1.0002548e-03   6.5300113e-03   6.1596447e-01   7.7021103e-01   1.9150842e-01
   1.4736187e-01   5.0016627e-01   5.2309383e-03   8.3626726e-03   3.2834396e-02   4.3357431e-02   0.0000000e+00   2.2141969e-02   1.2049923e-02   1.0174231e-02   6.9067842e-01   6.9103930e-01   2.3028436e-01
   1.7058087e-01   4.4186719e-01   8.9612346e-03   8.1356748e-03   2.4980455e-02   0.0000000e+00   1.4283804e-06   2.1713235e-02   2.5055872e-02   6.8459176e-03   7.4263305e-01   6.1803721e-01   2.6526047e-01
   1.8644601e-01   3.9486206e-01   5.5668617e-03   0.0000000e+00   5.1198278e-02   0.0000000e+00   2.2611268e-02   4.7675321e-02   3.1328163e-02   0.0000000e+00   7.8408539e-01   5.6005908e-01   2.9055282e-01
   2.1121929e-01   3.5582034e-01   2.7348098e-02   2.3014588e-02   7.3768839e-03   1.7289888e-02   7.4810070e-03   4.3293585e-03   0.0000000e+00   5.4028631e-02   8.0529700e-01   5.0367126e-01   3.2723524e-01
   2.6816568e-01   2.9399106e-01   5.8238899e-03   2.1544626e-02   4.7131902e-02   0.0000000e+00   2.6336766e-02   5.7552902e-02   3.0008499e-02   5.1752083e-03   8.2324590e-01   4.0972348e-01   4.1201570e-01
   2.9771393e-01   2.6834225e-01   2.2700803e-02   5.8119044e-03   4.2567700e-02   6.4536276e-05   2.5916834e-02   6.8463819e-02   3.6632288e-02   3.4677737e-02   8.2286110e-01   3.6895951e-01   4.5541517e-01
   3.3277094e-01   2.4915472e-01   3.4912083e-02   1.4870603e-02   6.7353310e-03   1.6604848e-02   1.0429128e-03   2.1212268e-04   1.8190979e-02   4.1920200e-03   8.0264103e-01   3.3121692e-01   5.0028848e-01
   3.7431742e-01   2.3417303e-01   4.4519800e-02   1.6207200e-02   6.8341497e-03   1.3566255e-02   0.0000000e+00   8.3904481e-03   1.0388359e-02   0.0000000e+00   7.7846583e-01   3.0000373e-01   5.5615040e-01
   4.2383210e-01   2.1622535e-01   3.6635687e-02   5.3425755e-02   2.1221002e-02   1.6150985e-02   9.8584582e-03   2.1804490e-02   3.0033283e-02   1.4988118e-02   7.4642268e-01   2.6373995e-01   6.2173301e-01
   4.8380157e-01   2.0436605e-01   3.0891812e-02   4.4603418e-02   1.7472827e-02   3.7810607e-03   1.3475148e-03   1.9598227e-02   3.3821723e-02   9.5632000e-03   6.9119775e-01   2.2983636e-01   6.9225288e-01
   5.5701551e-01   1.9277909e-01   3.4825589e-03   1.0002403e-03   2.3204391e-02   5.9729340e-03   4.1243749e-05   0.0000000e+00   0.0000000e+00   0.0000000e+00   6.1222185e-01   1.9127351e-01   7.6796725e-01
   7.5808667e-01   0.0000000e+00   5.8800706e-04   2.0143817e-04   1.9948567e-03   2.4129337e-03   1.5984293e-03   1.6719228e-02   1.8122541e-04   1.3465118e-02   3.7109296e-01   0.0000000e+00   9.2910574e-01
   8.7059409e-01   1.6179766e-01   2.9120148e-04   9.0355578e-04   0.0000000e+00   2.1974613e-03   2.7601561e-04   2.0391952e-04   3.2899099e-06   7.7886340e-05   1.9538979e-01   5.0756105e-02   9.7941736e-01
   1.0000000e+00   0.0000000e+00   0.0000000e+00   0.0000000e+00   0.0000000e+00   0.0000000e+00   0.0000000e+00   0.0000000e+00   0.0000000e+00   0.0000000e+00   6.1232340e-17   0.0000000e+00   1.0000000e+00
   0.0000000e+00   1.0000000e+00   0.0000000e+00   0.0000000e+00   0.0000000e+00   0.0000000e+00   0.0000000e+00   0.0000000e+00   0.0000000e+00   0.0000000e+00   1.3935000e-15   1.0000000e+00   0.0000000e+00
   3.1186817e-02   8.9486577e-01   5.0575010e-04   2.1885333e-03   0.0000000e+00   1.7312332e-03   9.1747442e-05   6.6516173e-03   4.7933572e-03   1.3627493e-04   1.6420998e-01   9.8528544e-01   4.8972232e-02
   6.8017504e-02   7.9525168e-01   0.0000000e+00   1.4831061e-03   0.0000000e+00   4.1089626e-03   0.0000000e+00   9.7519363e-04   7.6490255e-03   0.0000000e+00   3.1432415e-01   9.4338956e-01   1.0664687e-01
   1.0323549e-01   7.0645082e-01   6.0675085e-04   5.1818864e-04   4.1553532e-02   3.1239135e-02   4.1457855e-04   2.2657083e-02   8.8577023e-04   8.9925864e-03   4.4054982e-01   8.8672683e-01   1.6198468e-01
   1.3567917e-01   6.2612018e-01   8.3412319e-03   6.1542816e-05   5.8015315e-02   0.0000000e+00   2.7368766e-04   2.8630110e-03   0.0000000e+00   1.0909730e-02   5.4349902e-01   8.1651029e-01   2.1226813e-01
   1.7048484e-01   5.5746006e-01   6.1463020e-03   3.2327823e-03   2.4530983e-02   4.4886848e-02   3.8710608e-03   3.2848521e-02   2.4143180e-03   2.6539864e-02   6.2042378e-01   7.4390052e-01   2.6579010e-01
   1.9908245e-01   5.0008723e-01   5.3049272e-04   1.3899112e-02   4.0063206e-02   4.8713778e-02   3.1686405e-04   0.0000000e+00   0.0000000e+00   7.5250450e-03   6.7556501e-01   6.7575016e-01   3.0894675e-01
   2.2986658e-01   4.4985256e-01   0.0000000e+00   1.2397952e-02   3.7491626e-02   1.9969341e-02   0.0000000e+00   3.3329868e-03   0.0000000e+00   4.8088434e-03   7.1293181e-01   6.0861578e-01   3.5398264e-01
   2.9149011e-01   3.7325363e-01   5.8592233e-03   1.3031292e-02   5.5788412e-02   1.9638417e-02   4.6639922e-02   6.4618681e-02   5.7144498e-02   5.3914945e-03   7.5716179e-01   5.0292047e-01   4.4794010e-01
   3.3109324e-01   3.4051324e-01   4.7715140e-02   3.2355801e-03   0.0000000e+00   7.1835223e-03   4.2182177e-02   9.1739212e-02   6.5712114e-02   3.0311531e-02   7.5984535e-01   4.5019851e-01   5.0578094e-01
   3.7054053e-01   3.1853921e-01   3.5484062e-02   7.2621464e-03   1.0489690e-02   1.0947347e-02   3.0259538e-02   9.1166734e-02   5.0225343e-02   2.7625613e-02   7.4323736e-01   4.0638012e-01   5.5745849e-01
   4.6976095e-01   2.7039853e-01   1.3222952e-02   5.3106300e-03   1.0321433e-02   9.5587419e-04   6.5163244e-04   1.1209663e-02   0.0000000e+00   1.5518771e-05   6.7443606e-01   3.0502798e-01   6.7302844e-01
   5.3387013e-01   2.4485933e-01   1.2929646e-02   9.4601906e-03   5.5935672e-03   3.0706700e-02   5.0271097e-02   1.3978829e-07   5.3503034e-02   8.4466558e-03   6.2380931e-01   2.5250835e-01   7.4868564e-01
   6.0435246e-01   2.3822920e-01   1.5880469e-02   1.2099911e-02   0.0000000e+00   4.2085910e-03   2.6853421e-03   0.0000000e+00   3.6301913e-03   4.9843399e-03   5.4219770e-01   2.1292860e-01   8.1339189e-01
   6.9053990e-01   2.1521128e-01   8.9434782e-03   1.5388197e-02   3.6305673e-03   0.0000000e+00   4.3924359e-05   0.0000000e+00   0.0000000e+00   1.1987438e-03   4.4088482e-01   1.5499212e-01   8.8445516e-01
   7.8482295e-01   2.1125682e-01   0.0000000e+00   5.0781192e-03   2.6916543e-04   2.1212031e-03   4.5056176e-03   0.0000000e+00   0.0000000e+00   5.9043410e-05   3.1352539e-01   1.0803572e-01   9.4346777e-01
   8.9078342e-01   1.7971755e-01   1.0723894e-03   5.9283485e-04   0.0000000e+00   1.8743289e-03   0.0000000e+00   0.0000000e+00   0.0000000e+00   0.0000000e+00   1.6396010e-01   4.7555937e-02   9.8532510e-01
   1.0000000e+00   0.0000000e+00   0.0000000e+00   0.0000000e+00   0.0000000e+00   0.0000000e+00   0.0000000e+00   0.0000000e+00   0.0000000e+00   0.0000000e+00   6.1232340e-17   0.0000000e+00   1.0000000e+00
   3.3389768e-02   9.0967115e-01   6.1119615e-04   6.3941798e-04   3.8630850e-03   6.6151711e-03   3.7358239e-04   7.0611423e-03   0.0000000e+00   1.6759122e-04   1.4123362e-01   9.8869770e-01   5.2430222e-02
   7.5591187e-02   8.2287655e-01   5.7736573e-03   0.0000000e+00   2.1452161e-03   7.1950400e-04   6.6595989e-04   1.4758115e-03   4.6220608e-03   0.0000000e+00   2.7273240e-01   9.5483376e-01   1.1846694e-01
   1.1393569e-01   7.4191397e-01   3.1717783e-02   0.0000000e+00   8.9982005e-03   1.6957710e-02   2.6605056e-03   2.8874123e-02   9.2811100e-06   2.2931645e-02   3.8915144e-01   9.0674553e-01   1.7850386e-01
   1.5053743e-01   6.7028265e-01   7.4712168e-03   1.9576662e-04   4.1211537e-02   3.7244307e-02   1.5780445e-03   1.2691170e-02   2.3601600e-03   1.3390705e-02   4.8297595e-01   8.4762121e-01   2.3508369e-01
   1.9374760e-01   6.0627692e-01   8.0662896e-03   4.1309733e-03   1.4366110e-02   5.6675228e-02   5.8437149e-03   2.3785641e-02   6.3277658e-03   3.1481695e-02   5.5597511e-01   7.8131952e-01   3.0119944e-01
   2.6842152e-01   4.9886020e-01   7.8136373e-02   5.2995716e-03   1.9691891e-03   0.0000000e+00   5.6979653e-02   2.6291860e-02   5.1379434e-02   5.9941270e-02   6.5687343e-01   6.5452551e-01   4.1592740e-01
   3.0504598e-01   4.5944223e-01   2.4921098e-02   3.6576286e-02   2.1971436e-03   1.6110326e-02   7.0139859e-02   9.3959757e-02   7.8192813e-02   1.8837379e-02   6.8109610e-01   5.9940724e-01   4.7138428e-01
   3.4768148e-01   4.2076021e-01   1.8272164e-02   1.1611647e-02   1.0464491e-03   0.0000000e+00   0.0000000e+00   8.4018262e-02   5.1966058e-02   2.1227325e-02   6.8179569e-01   5.3016017e-01   5.2493691e-01
   5.0238814e-01   3.2631680e-01   1.2017096e-02   5.1944882e-03   1.1335948e-02   2.3884126e-04   6.5638073e-04   1.1649511e-02   0.0000000e+00   6.5662452e-04   6.1418388e-01   3.4563026e-01   7.1006418e-01
   5.6554719e-01   3.1213473e-01   6.7032407e-03   3.8039916e-02   9.8787749e-03   6.6531958e-02   4.3905407e-02   1.3460278e-02   2.4084242e-02   2.5687388e-02   5.6159634e-01   2.9976534e-01   7.8330558e-01
   6.4004208e-01   2.9421917e-01   6.4753920e-03   1.1080569e-02   8.2928484e-03   3.3221741e-03   3.2842148e-02   6.9040173e-04   1.4602053e-02   1.3974303e-04   4.8030144e-01   2.3925729e-01   8.4566100e-01
   7.1913781e-01   2.7586574e-01   7.6531633e-03   7.1017436e-03   0.0000000e+00   2.1832701e-03   7.6374600e-03   3.1956620e-03   1.1125298e-02   0.0000000e+00   3.8765622e-01   1.7935158e-01   9.0452636e-01
   8.0772403e-01   2.6226080e-01   8.4781790e-04   9.7070565e-04   0.0000000e+00   1.9368668e-03   0.0000000e+00   0.0000000e+00   4.8293268e-03   0.0000000e+00   2.7257773e-01   1.1910595e-01   9.5476312e-01
   9.0343431e-01   2.5036472e-01   0.0000000e+00   4.8388684e-04   9.7314561e-03   2.3756655e-03   0.0000000e+00   1.6935498e-03   0.0000000e+00   3.1586968e-06   1.3958320e-01   5.7910965e-02   9.8862013e-01
   1.0000000e+00   0.0000000e+00   0.0000000e+00   0.0000000e+00   0.0000000e+00   0.0000000e+00   0.0000000e+00   0.0000000e+00   0.0000000e+00   0.0000000e+00   6.1232340e-17   0.0000000e+00   1.0000000e+00
   0.0000000e+00   1.0000000e+00   0.0000000e+00   0.0000000e+00   0.0000000e+00   0.0000000e+00   0.0000000e+00   0.0000000e+00   0.0000000e+00   0.0000000e+00   1.3935000e-15   1.0000000e+00   0.0000000e+00
   8.0999906e-02   8.4430969e-01   2.2621960e-02   2.2676486e-03   0.0000000e+00   9.0611687e-03   9.0812693e-06   8.9442129e-03   1.3455328e-02   0.0000000e+00   2.4037663e-01   9.6322935e-01   1.2700047e-01
   2.1338911e-01   6.4531341e-01   0.0000000e+00   1.0428684e-03   3.5875571e-02   3.9558194e-02   1.0056889e-02   2.5910000e-02   0.0000000e+00   1.7365535e-02   5.0129525e-01   8.0468212e-01   3.3024117e-01
   3.0833335e-01   5.4214064e-01   9.3572218e-03   6.0874180e-02   1.7260090e-02   2.4138216e-02   4.6410212e-02   3.9340075e-02   4.7723344e-02   2.4979205e-04   5.8922818e-01   6.7289592e-01   4.7057470e-01
   4.0911505e-01   4.6092032e-01   3.6289252e-02   3.6696144e-02   1.8486485e-02   2.0835273e-03   7.0736430e-02   1.0664944e-01   6.5829237e-02   8.3622387e-02   6.1813114e-01   5.4654608e-01   6.1771489e-01
   4.6485288e-01   4.2783133e-01   1.0854498e-02   3.9574082e-02   1.6980808e-03   4.5077167e-02   4.5535959e-03   3.0805599e-02   7.8037113e-02   0.0000000e+00   5.8932598e-01   4.6885200e-01   6.7419983e-01
   5.2681268e-01   3.9204408e-01   0.0000000e+00   2.1439544e-02   0.0000000e+00   4.4720793e-02   4.4177889e-02   2.6811530e-02   1.7123774e-02   3.3215787e-02   5.5600082e-01   3.9343698e-01   7.4105759e-01
   5.8976344e-01   3.7463261e-01   2.0123187e-02   5.2790908e-02   8.0152308e-03   5.7096435e-02   5.0174459e-02   0.0000000e+00   1.9523240e-02   2.2027367e-02   5.0461742e-01   3.3675351e-01   8.0737609e-01
   6.6339044e-01   3.5057773e-01   1.2605780e-03   0.0000000e+00   5.8386809e-03   7.1258299e-03   0.0000000e+00   0.0000000e+00   1.3529191e-02   2.2822025e-03   4.2999320e-01   2.6403723e-01   8.6367799e-01
   8.2514692e-01   3.0520714e-01   1.4656372e-02   9.2465362e-03   0.0000000e+00   3.5226731e-03   6.5914773e-03   0.0000000e+00   1.1693095e-02   1.1139045e-03   2.4076100e-01   1.2516482e-01   9.6299347e-01
   0.0000000e+00   1.0000000e+00   0.0000000e+00   0.0000000e+00   0.0000000e+00   0.0000000e+00   0.0000000e+00   0.0000000e+00   0.0000000e+00   0.0000000e+00   1.3935000e-15   1.0000000e+00   0.0000000e+00
   4.0759526e-02   9.2967182e-01   2.6441503e-06   8.7159616e-06   9.1713208e-03   0.0000000e+00   3.5448528e-04   5.1393806e-03   2.0556897e-03   4.4312007e-03   1.1003560e-01   9.9200127e-01   6.3989787e-02
   8.6687530e-02   8.6105679e-01   1.5078329e-02   7.8536373e-03   0.0000000e+00   1.3015326e-02   6.8367273e-06   1.7647899e-03   9.8098389e-03   0.0000000e+00   2.1463831e-01   9.6778003e-01   1.3582376e-01
   1.3722071e-01   7.9632672e-01   3.1773574e-02   2.4899017e-02   2.9863826e-04   8.0958378e-03   5.1036774e-03   3.5982431e-02   0.0000000e+00   2.3712336e-02   3.0832112e-01   9.3060971e-01   2.1464593e-01
   2.4080069e-01   6.7943654e-01   4.7932765e-02   4.0728905e-02   0.0000000e+00   1.5233087e-02   1.5421675e-03   4.4007206e-02   7.1702604e-02   4.9307076e-02   4.5456375e-01   8.2511767e-01   3.7435295e-01
   2.9431028e-01   6.2624670e-01   1.9656362e-02   4.1634141e-02   2.6170248e-02   1.1580576e-02   4.3869218e-02   0.0000000e+00   8.9271810e-02   9.9004518e-03   5.0220379e-01   7.5479673e-01   4.5177643e-01
   3.5064381e-01   5.7888370e-01   2.0818538e-03   6.1842268e-02   2.3543213e-03   3.5398356e-02   3.7241075e-02   4.2630289e-02   6.3161766e-02   1.1594627e-02   5.2994367e-01   6.8073117e-01   5.2985834e-01
   4.0980945e-01   5.3574944e-01   0.0000000e+00   4.2974239e-02   0.0000000e+00   2.3227599e-02   5.2446651e-02   3.5320091e-02   9.2305039e-02   0.0000000e+00   5.4089744e-01   6.0533179e-01   6.0912634e-01
   4.6894375e-01   4.9945044e-01   1.0078093e-02   1.2170498e-02   7.1626953e-03   6.3340233e-05   9.3101631e-02   3.3640950e-02   1.0361116e-01   0.0000000e+00   5.3516197e-01   5.3423881e-01   6.8578166e-01
   5.3811576e-01   4.5861375e-01   1.8198190e-02   1.0169185e-02   1.4849312e-02   1.1079441e-02   2.2524103e-02   0.0000000e+00   1.2113895e-02   1.0946752e-02   4.9944867e-01   4.3839407e-01   7.4931141e-01
   6.0503076e-01   4.3888276e-01   2.6413086e-02   4.0073202e-02   1.5844450e-02   2.8640978e-02   4.8406283e-02   1.4877618e-02   3.4716018e-02   2.1108046e-02   4.5201090e-01   3.7260173e-01   8.1981215e-01
   7.5713698e-01   3.8047108e-01   2.7171482e-03   1.2557130e-03   7.3275849e-03   2.3250579e-03   3.6822749e-02   1.5950950e-03   9.4645735e-03   0.0000000e+00   3.0823562e-01   2.0981031e-01   9.2951866e-01
   8.3617748e-01   3.6488928e-01   0.0000000e+00   5.9896565e-03   1.4734431e-02   3.0300660e-03   6.4148596e-03   8.4340732e-03   2.7604848e-02   5.6972177e-04   2.1407184e-01   1.3817169e-01   9.6817184e-01
   9.1956185e-01   3.2689328e-01   1.6226631e-03   3.5293597e-05   0.0000000e+00   4.5991450e-04   1.0382782e-02   1.2296378e-03   0.0000000e+00   9.3609930e-05   1.0977719e-01   6.1907760e-02   9.9213948e-01
   1.0000000e+00   0.0000000e+00   0.0000000e+00   0.0000000e+00   0.0000000e+00   0.0000000e+00   0.0000000e+00   0.0000000e+00   0.0000000e+00   0.0000000e+00   5.0532155e-16   0.0000000e+00   1.0000000e+00
   0.0000000e+00   1.0000000e+00   0.0000000e+00   0.0000000e+00   0.0000000e+00   0.0000000e+00   0.0000000e+00   0.0000000e+00   0.0000000e+00   0.0000000e+00   1.3935000e-15   1.0000000e+00   0.0000000e+00
   4.4969484e-02   9.3694725e-01   0.0000000e+00   2.5657112e-03   1.0565138e-02   1.0235434e-03   8.7771569e-04   4.5496261e-03   1.7251128e-03   4.6854400e-03   9.8650932e-02   9.9278208e-01   7.0590863e-02
   9.3840758e-02   8.7521626e-01   1.9283264e-02   9.1789616e-03   6.5107117e-03   1.1681325e-02   0.0000000e+00   3.9687497e-03   1.3473649e-02   2.5132897e-03   1.9280665e-01   9.7102830e-01   1.4699465e-01
   1.4692789e-01   8.1674654e-01   4.6548499e-02   6.2557219e-04   0.0000000e+00   7.2705652e-03   7.6546934e-03   3.8176625e-02   2.8956034e-04   2.8125252e-02   2.7761877e-01   9.3765724e-01   2.2978593e-01
   2.0776274e-01   7.6328339e-01   1.6913515e-02   1.2307456e-02   2.0770336e-04   0.0000000e+00   2.1904302e-02   6.2326447e-02   2.6284690e-02   2.9570457e-02   3.4633856e-01   8.8810660e-01   3.2263191e-01
   2.6374499e-01   7.0596252e-01   3.0092971e-02   4.3211217e-02   0.0000000e+00   1.9679966e-03   2.9109889e-03   2.7493767e-02   6.5186480e-02   4.5355848e-02   4.1194387e-01   8.2755596e-01   4.0650378e-01
   3.3062977e-01   6.5727406e-01   3.7129965e-04   3.9628951e-02   2.1233862e-03   3.5942955e-02   3.2642291e-02   4.2264625e-02   8.1235579e-02   8.6491251e-03   4.5063151e-01   7.5458327e-01   5.0246849e-01
   3.9799054e-01   6.1197351e-01   7.7244540e-03   5.3334819e-02   1.0591609e-03   2.7416465e-02   6.1549906e-02   1.4035609e-02   3.4562399e-02   1.4452648e-02   4.6839377e-01   6.7086803e-01   5.9052262e-01
   4.6409442e-01   5.7025339e-01   0.0000000e+00   5.7999569e-04   8.0709856e-03   1.0096065e-03   8.8528438e-02   3.7677800e-02   8.6017590e-02   5.9230564e-03   4.7391143e-01   5.9202090e-01   6.7728505e-01
   5.3543334e-01   5.3376836e-01   2.3956311e-03   3.1619060e-02   1.7670762e-03   1.1988064e-02   7.2446047e-02   6.9512668e-03   5.8907316e-02   6.5860475e-03   4.5019521e-01   5.0068006e-01   7.5277359e-01
   6.1036947e-01   4.9633622e-01   2.3710448e-03   3.4369203e-03   1.2263725e-03   1.5217502e-03   4.9431108e-02   2.5300899e-02   5.8232075e-02   1.6040672e-03   4.1124071e-01   4.0653432e-01   8.2380210e-01
   6.8633658e-01   4.7147105e-01   6.1946144e-03   4.8131278e-03   1.2989782e-02   9.8912567e-04   2.5415024e-03   0.0000000e+00   4.7706763e-04   7.0572061e-03   3.4921510e-01   3.1923946e-01   8.8131183e-01
   7.6363923e-01   4.4239321e-01   3.8682583e-03   6.8829622e-03   1.1856373e-02   9.6126312e-04   5.8417234e-03   0.0000000e+00   4.0378160e-04   1.2865547e-02   2.7878606e-01   2.3240267e-01   9.3224181e-01
   8.4375700e-01   4.1972870e-01   0.0000000e+00   4.6554708e-03   7.7921915e-03   1.1758463e-04   1.5526608e-02   8.0380775e-03   2.3441817e-02   2.0646732e-05   1.9222709e-01   1.4897545e-01   9.7094344e-01
   1.0000000e+00   0.0000000e+00   0.0000000e+00   0.0000000e+00   0.0000000e+00   0.0000000e+00   0.0000000e+00   0.0000000e+00   0.0000000e+00   0.0000000e+00   5.0532155e-16   0.0000000e+00   1.0000000e+00
   0.0000000e+00   1.0000000e+00   0.0000000e+00   0.0000000e+00   0.0000000e+00   0.0000000e+00   0.0000000e+00   0.0000000e+00   0.0000000e+00   0.0000000e+00   1.8375892e-15   1.0000000e+00   0.0000000e+00
   4.8199538e-02   9.4279203e-01   0.0000000e+00   6.0760925e-04   3.1989060e-04   1.8658922e-03   2.0466260e-03   0.0000000e+00   1.1448686e-05   3.0781309e-03   8.9485663e-02   9.9312942e-01   7.5640677e-02
   1.0261946e-01   8.8666465e-01   1.4370683e-02   8.1545051e-03   0.0000000e+00   1.4625291e-02   1.8335910e-04   1.9113588e-03   2.1331597e-02   0.0000000e+00   1.7495743e-01   9.7235487e-01   1.6064889e-01
   1.6328038e-01   8.3247850e-01   5.0836449e-02   8.3182881e-04   4.9696254e-05   2.0941245e-03   7.6888218e-03   3.3483925e-02   0.0000000e+00   2.6991800e-02   2.5273893e-01   9.3819363e-01   2.5481861e-01
   2.2825949e-01   7.7841452e-01   3.9741402e-02   2.6199922e-02   0.0000000e+00   1.1746263e-02   1.0928275e-02   3.3352440e-02   8.7069077e-03   1.8523160e-02   3.2068473e-01   8.8382358e-01   3.5233884e-01
   2.9882470e-01   7.2873075e-01   6.4594601e-02   0.0000000e+00   0.0000000e+00   3.8465547e-03   2.5895621e-02   0.0000000e+00   8.5053870e-03   1.2848564e-02   3.7050435e-01   8.1623327e-01   4.5464961e-01
   3.7066109e-01   6.8201298e-01   0.0000000e+00   3.6852830e-02   4.1352827e-03   5.5473185e-03   8.5458109e-02   5.2728544e-03   4.1725951e-02   1.0921436e-02   4.0430160e-01   7.4096203e-01   5.5571778e-01
   4.4801623e-01   6.4315932e-01   2.0958152e-03   1.1482873e-02   7.5407911e-03   0.0000000e+00   9.5626702e-02   5.2871568e-02   8.6256699e-02   7.9200043e-03   4.1328763e-01   6.5843706e-01   6.5978132e-01
   5.2575363e-01   6.0369946e-01   5.6749527e-03   8.7623056e-03   2.9868524e-03   4.7727899e-02   3.2555288e-03   7.1866271e-03   1.6338664e-02   7.2646343e-03   3.9638201e-01   5.5229393e-01   7.3716762e-01
   6.0316415e-01   5.6249536e-01   3.4980763e-03   2.0285972e-03   1.9148628e-04   1.5817043e-03   7.1224038e-02   1.6326991e-02   6.1237292e-02   1.5161105e-03   3.7370879e-01   4.5535871e-01   8.1932560e-01
   6.8497424e-01   5.3016809e-01   0.0000000e+00   6.2638399e-03   2.4742438e-02   2.0184318e-03   4.6876428e-02   3.2614137e-03   2.1038558e-02   2.0990732e-03   3.2057328e-01   3.5249237e-01   8.8295752e-01
   7.6754962e-01   4.9551520e-01   1.0234981e-03   7.2543200e-03   2.5103764e-02   7.7073806e-04   2.2447652e-03   5.1347104e-03   5.5545680e-03   2.2701431e-03   2.5445219e-01   2.5089212e-01   9.3477887e-01
   8.4795659e-01   4.6853968e-01   1.1084099e-03   1.0463021e-02   9.9079575e-03   1.0220703e-03   2.3358828e-02   8.5517980e-03   1.9005328e-02   3.6985625e-03   1.7554680e-01   1.5900074e-01   9.7278501e-01
   9.2633330e-01   4.3408337e-01   1.4564508e-03   3.1927830e-05   0.0000000e+00   7.6138152e-04   8.9984699e-03   1.3557699e-03   1.7894203e-03   1.3615692e-04   8.9649469e-02   7.2771758e-02   9.9340058e-01
   1.0000000e+00   0.0000000e+00   0.0000000e+00   0.0000000e+00   0.0000000e+00   0.0000000e+00   0.0000000e+00   0.0000000e+00   0.0000000e+00   0.0000000e+00   5.0532155e-16   0.0000000e+00   1.0000000e+00
   0.0000000e+00   1.0000000e+00   0.0000000e+00   0.0000000e+00   0.0000000e+00   0.0000000e+00   0.0000000e+00   0.0000000e+00   0.0000000e+00   0.0000000e+00   1.8375892e-15   1.0000000e+00   0.0000000e+00
   1.7991502e-01   8.4465802e-01   3.0893433e-02   3.4251249e-02   0.0000000e+00   1.1238990e-02   8.4264133e-03   3.7503988e-02   9.5996329e-03   1.9604068e-02   2.3298875e-01   9.3580414e-01   2.8003634e-01
   2.5377762e-01   7.9654890e-01   6.6524074e-02   2.9683065e-03   1.0682030e-04   2.7674421e-03   8.1976831e-09   0.0000000e+00   8.0532593e-03   1.1524969e-02   2.9087827e-01   8.7898918e-01   3.8995975e-01
   3.3351857e-01   7.5101336e-01   4.1484065e-02   0.0000000e+00   1.9936142e-03   7.1115658e-04   1.1448962e-02   1.1128337e-02   2.3534815e-03   2.1662941e-02   3.3089450e-01   8.0246047e-01   5.0148016e-01
   4.1780093e-01   7.0894295e-01   1.6396974e-02   0.0000000e+00   1.2337825e-03   3.4293686e-02   5.0516771e-02   6.5725449e-03   5.7643547e-03   2.4360095e-02   3.5136297e-01   7.1421694e-01   6.1302240e-01
   5.0349777e-01   6.6343335e-01   1.0229775e-02   2.2701662e-02   4.2977831e-03   2.1242902e-02   5.9641466e-02   0.0000000e+00   0.0000000e+00   4.4673485e-03   3.5634931e-01   6.1003876e-01   7.1429915e-01
   5.8985277e-01   6.2607421e-01   5.1517258e-03   1.9676399e-03   5.8924758e-03   1.6088571e-03   7.2824205e-02   1.4488062e-02   4.3826417e-02   1.5412506e-03   3.3533285e-01   5.0369892e-01   8.0554567e-01
   6.7892275e-01   5.9325320e-01   7.3032042e-04   1.5003753e-02   1.4728564e-02   3.1300851e-03   2.7267662e-02   1.7679238e-03   1.3247128e-02   1.2904813e-03   2.8856261e-01   3.8844773e-01   8.7669506e-01
   7.6332746e-01   5.5807677e-01   7.9007287e-04   2.1324482e-03   2.5355845e-02   8.0902023e-04   1.5772039e-02   4.0917698e-03   5.3412282e-03   1.5142213e-03   2.3261467e-01   2.7945958e-01   9.3256838e-01
   8.4702928e-01   5.2844858e-01   0.0000000e+00   1.3590835e-02   2.5266399e-02   6.0879827e-03   7.2830914e-03   8.7950666e-03   1.2897175e-02   6.7230284e-05   1.6077796e-01   1.7582996e-01   9.7239365e-01
   9.3483430e-01   4.2872167e-01   5.2085651e-03   2.8407427e-03   2.9478744e-03   0.0000000e+00   2.7775118e-03   1.0836129e-02   3.0108618e-03   0.0000000e+00   7.9889367e-02   6.3740494e-02   9.9494274e-01
   1.0000000e+00   0.0000000e+00   0.0000000e+00   0.0000000e+00   0.0000000e+00   0.0000000e+00   0.0000000e+00   0.0000000e+00   0.0000000e+00   0.0000000e+00   5.0532155e-16   0.0000000e+00   1.0000000e+00
   0.0000000e+00   1.0000000e+00   0.0000000e+00   0.0000000e+00   0.0000000e+00   0.0000000e+00   0.0000000e+00   0.0000000e+00   0.0000000e+00   0.0000000e+00   1.8375892e-15   1.0000000e+00   0.0000000e+00
   5.7029632e-02   9.5302197e-01   7.4915624e-03   0.0000000e+00   1.4798421e-03   1.1683223e-03   0.0000000e+00   2.4015429e-04   6.0936110e-05   0.0000000e+00   7.3434727e-02   9.9333901e-01   8.9467515e-02
   1.2367910e-01   9.0488908e-01   2.4645784e-02   2.3276285e-03   1.0028684e-02   2.8533836e-03   8.1322586e-03   3.4971012e-02   1.0220127e-03   1.6257591e-03   1.4633883e-01   9.7221252e-01   1.9344378e-01
   2.8380449e-01   8.1184097e-01   5.7029333e-02   2.6869292e-03   6.8478405e-04   2.4289991e-03   3.0492254e-10   3.7098451e-05   1.7268881e-03   1.1588376e-02   2.6370217e-01   8.6608099e-01   4.3264637e-01
   3.7358453e-01   7.6760940e-01   4.0682689e-02   1.0372098e-02   3.0542089e-03   0.0000000e+00   1.1695448e-02   2.0725257e-02   1.6816415e-03   6.7398676e-03   2.9797191e-01   7.7969246e-01   5.5504165e-01
   4.6980951e-01   7.2648952e-01   0.0000000e+00   8.3886188e-03   2.6656835e-02   3.6774282e-03   6.9103544e-03   1.6447208e-02   1.5127560e-02   0.0000000e+00   3.0857864e-01   6.7349899e-01   6.7369378e-01
   5.6770042e-01   6.9740958e-01   1.2294752e-02   1.3328257e-03   3.3522580e-02   1.6671832e-02   2.4212277e-02   0.0000000e+00   0.0000000e+00   9.4866635e-03   2.8804803e-01   5.5968440e-01   7.7990284e-01
   6.6280781e-01   6.4858392e-01   2.9291498e-03   4.8730230e-03   4.1807128e-03   2.0095606e-02   4.7369109e-02   1.5480913e-02   2.8988531e-02   1.3024760e-03   2.6594612e-01   4.3182559e-01   8.6624011e-01
   7.5552122e-01   6.1771062e-01   5.8189695e-04   1.1934633e-02   1.7110240e-02   3.4130143e-03   2.7209994e-02   3.7857463e-03   9.5677634e-03   1.4684646e-03   2.1197550e-01   3.0951237e-01   9.2836488e-01
   8.4327395e-01   5.8341698e-01   1.9914604e-03   1.1296885e-02   2.4853466e-02   2.8486363e-03   1.5032193e-02   1.0743067e-02   5.8409269e-03   1.6664473e-04   1.4850114e-01   1.9358311e-01   9.7094805e-01
   1.0000000e+00   0.0000000e+00   0.0000000e+00   0.0000000e+00   0.0000000e+00   0.0000000e+00   0.0000000e+00   0.0000000e+00   0.0000000e+00   0.0000000e+00   5.0532155e-16   0.0000000e+00   1.0000000e+00
   0.0000000e+00   1.0000000e+00   0.0000000e+00   0.0000000e+00   0.0000000e+00   0.0000000e+00   0.0000000e+00   0.0000000e+00   0.0000000e+00   0.0000000e+00   1.8375892e-15   1.0000000e+00   0.0000000e+00
   6.3293681e-02   9.5499402e-01   4.1605351e-03   6.4981049e-06   1.0936277e-03   1.3352151e-03   4.9068694e-08   0.0000000e+00   2.9713062e-03   7.2514173e-04   7.0289625e-02   9.9260565e-01   9.9260714e-02
   2.2326554e-01   8.6599861e-01   4.2518869e-02   0.0000000e+00   3.2285998e-03   0.0000000e+00   0.0000000e+00   0.0000000e+00   1.7671953e-02   1.0300651e-02   1.9665902e-01   9.2045735e-01   3.4432812e-01
   3.1941920e-01   8.2866628e-01   5.0667355e-02   3.3180479e-04   2.1614275e-03   4.0237718e-03   0.0000000e+00   1.9006980e-02   6.5810748e-03   1.0421281e-02   2.3384376e-01   8.4780636e-01   4.8244560e-01
   6.3864462e-01   7.0725899e-01   1.4204036e-04   7.8569917e-04   1.1966543e-02   1.4913938e-04   4.3352037e-02   2.5207932e-02   2.7559088e-02   9.4247864e-04   2.3941382e-01   4.8342485e-01   8.4606815e-01
   7.4204561e-01   6.7602358e-01   1.3542581e-04   7.5889108e-04   1.4144798e-02   1.1996173e-06   4.2191964e-02   1.8701757e-02   2.3972006e-02   7.3416669e-04   1.9261782e-01   3.4524475e-01   9.2169651e-01
   8.3766751e-01   6.4770146e-01   5.5484626e-04   1.9840768e-03   1.7027810e-02   2.6170384e-03   1.0935230e-02   9.8200118e-03   4.1201524e-03   6.6866354e-04   1.3263996e-01   2.1470481e-01   9.6818269e-01
   1.0000000e+00   0.0000000e+00   0.0000000e+00   0.0000000e+00   0.0000000e+00   0.0000000e+00   0.0000000e+00   0.0000000e+00   0.0000000e+00   0.0000000e+00   5.0532155e-16   0.0000000e+00   1.0000000e+00
   0.0000000e+00   1.0000000e+00   0.0000000e+00   0.0000000e+00   0.0000000e+00   0.0000000e+00   0.0000000e+00   0.0000000e+00   0.0000000e+00   0.0000000e+00   1.8375892e-15   1.0000000e+00   0.0000000e+00
   7.0244975e-02   9.5768636e-01   3.1216324e-03   2.5048739e-04   1.5947947e-04   9.5256381e-04   1.8789953e-07   0.0000000e+00   1.0927235e-03   2.2596848e-03   6.6014406e-02   9.9174092e-01   1.1011866e-01
   1.5397830e-01   9.1726250e-01   3.7389484e-02   0.0000000e+00   1.0326637e-02   1.7171251e-03   2.1792360e-05   0.0000000e+00   3.1440231e-02   0.0000000e+00   1.2613995e-01   9.6510715e-01   2.4011505e-01
   2.5245266e-01   8.7508610e-01   4.2526011e-02   0.0000000e+00   0.0000000e+00   0.0000000e+00   2.6544345e-03   2.0744650e-03   2.6099753e-03   1.1865305e-02   1.8018244e-01   9.0647896e-01   3.8699985e-01
   3.6466157e-01   8.3384795e-01   5.3131515e-02   5.2573926e-04   2.1978034e-03   3.8094019e-03   0.0000000e+00   1.8994946e-02   6.8480628e-03   1.3412094e-02   2.1759439e-01   8.1470707e-01   5.4385400e-01
   4.8265071e-01   7.9782566e-01   1.7311470e-02   0.0000000e+00   0.0000000e+00   5.1682581e-03   2.6884534e-02   2.8751367e-03   3.7224545e-03   0.0000000e+00   2.2698117e-01   6.9054220e-01   6.8831299e-01
   6.0403725e-01   7.5921290e-01   1.1510072e-02   1.1560169e-04   2.4623911e-02   2.4229388e-03   5.2179275e-03   2.1915789e-02   1.0162516e-02   2.0584424e-04   2.1544643e-01   5.4219607e-01   8.1382995e-01
   7.1885609e-01   7.2326327e-01   2.3390109e-05   7.5629474e-03   1.4221457e-02   1.2472660e-02   3.0887672e-02   3.3138628e-02   1.5803154e-02   1.0234220e-03   1.8048447e-01   3.8870849e-01   9.0651779e-01
   8.2467995e-01   6.8887191e-01   1.0961575e-03   5.8878753e-03   2.4543722e-02   6.1082507e-04   4.3896937e-02   1.1110203e-02   2.0114227e-02   1.7251622e-03   1.2806244e-01   2.4083494e-01   9.6529854e-01
   9.1938976e-01   6.5491142e-01   1.9927542e-03   0.0000000e+00   2.4374121e-02   6.1649978e-04   3.3263871e-02   9.9321293e-03   6.4833529e-04   1.4101694e-03   6.5268314e-02   1.0837618e-01   9.9378564e-01
   0.0000000e+00   1.0000000e+00   0.0000000e+00   0.0000000e+00   0.0000000e+00   0.0000000e+00   0.0000000e+00   0.0000000e+00   0.0000000e+00   0.0000000e+00   1.8375892e-15   1.0000000e+00   0.0000000e+00
   7.8802655e-02   9.6029475e-01   0.0000000e+00   2.5845172e-04   4.6319079e-04   7.0751541e-04   0.0000000e+00   0.0000000e+00   6.0760651e-03   2.7103668e-03   6.1854326e-02   9.9046386e-01   1.2347262e-01
   1.7464087e-01   9.2215400e-01   3.6558081e-02   0.0000000e+00   8.0408212e-03   1.7593412e-03   1.8772823e-05   1.4610691e-06   2.4473971e-02   1.1010643e-04   1.1765002e-01   9.5733442e-01   2.7144014e-01
   2.9153971e-01   8.8774724e-01   3.8750393e-02   4.8134332e-04   6.9703795e-03   9.0814349e-04   4.6179568e-03   3.4148285e-03   1.3127818e-02   1.2564356e-02   1.5764067e-01   8.8474388e-01   4.4295621e-01
   6.8887276e-01   7.7095318e-01   6.1939192e-03   2.0145152e-04   2.7243284e-02   0.0000000e+00   9.8269724e-03   2.2315742e-02   1.9956780e-02   1.7393773e-04   1.6558968e-01   4.4021260e-01   8.8450156e-01
   8.1190329e-01   7.7256698e-01   1.0094396e-03   5.0636324e-04   2.6110041e-02   2.2499082e-03   2.0657927e-02   2.7975307e-02   1.8714426e-02   4.1726559e-05   1.0205506e-01   2.7340995e-01   9.5881810e-01
   9.1304692e-01   7.1300605e-01   1.4102193e-02   4.1178222e-03   1.5623370e-02   0.0000000e+00   2.3954207e-02   1.3816677e-02   2.9627940e-03   1.2439656e-03   5.9397908e-02   1.2270944e-01   9.9191013e-01
   0.0000000e+00   1.0000000e+00   0.0000000e+00   0.0000000e+00   0.0000000e+00   0.0000000e+00   0.0000000e+00   0.0000000e+00   0.0000000e+00   0.0000000e+00   1.8375892e-15   1.0000000e+00   0.0000000e+00
   9.0165895e-02   9.6564975e-01   0.0000000e+00   1.9937590e-05   2.9064818e-05   7.0309103e-04   3.0633476e-05   6.7803810e-04   8.1138722e-03   4.5014776e-03   5.3395698e-02   9.8863220e-01   1.4117150e-01
   2.0350888e-01   9.2587488e-01   4.9665973e-02   2.0563170e-03   6.1945213e-03   6.2858577e-03   0.0000000e+00   6.5026622e-03   2.3422489e-02   7.2849838e-05   1.1063339e-01   9.4587141e-01   3.1524091e-01
   3.3968335e-01   8.9390196e-01   5.4651609e-02   4.6809283e-03   4.7764323e-03   1.8615631e-05   0.0000000e+00   0.0000000e+00   1.3506149e-02   1.4298051e-02   1.4331699e-01   8.5196810e-01   5.1035186e-01
   4.9208297e-01   8.5669325e-01   3.9811615e-02   9.9996012e-03   1.3123480e-02   1.2472036e-03   0.0000000e+00   5.0365238e-02   3.8050131e-02   1.7695418e-03   1.6071759e-01   7.0186456e-01   7.0234098e-01
   6.4460979e-01   8.2011273e-01   1.6321256e-02   0.0000000e+00   2.8182225e-02   0.0000000e+00   1.2591501e-02   2.7553998e-02   6.5144054e-03   2.4588292e-03   1.4799059e-01   5.0972381e-01   8.4990486e-01
   7.8595972e-01   8.0000046e-01   2.0649372e-05   0.0000000e+00   2.7276333e-02   3.5847891e-03   2.8070682e-02   1.2204409e-02   9.5249923e-03   0.0000000e+00   1.0213109e-01   3.1432793e-01   9.4569517e-01
   9.0478171e-01   7.9144453e-01   1.1268251e-02   5.0519050e-03   1.1850561e-02   1.3116959e-04   2.6277450e-02   1.4792165e-02   5.2423577e-03   1.0946045e-03   4.8006430e-02   1.4126042e-01   9.9005266e-01
   0.0000000e+00   1.0000000e+00   0.0000000e+00   0.0000000e+00   0.0000000e+00   0.0000000e+00   0.0000000e+00   0.0000000e+00   0.0000000e+00   0.0000000e+00   2.0596338e-15   1.0000000e+00   0.0000000e+00
   1.0450093e-01   9.6553003e-01   0.0000000e+00   4.9539671e-04   0.0000000e+00   3.6048903e-05   1.6319350e-03   0.0000000e+00   1.2123710e-04   3.3445819e-03   5.3392121e-02   9.8512577e-01   1.6341580e-01
   2.4066303e-01   9.3017129e-01   3.8689990e-02   5.6920244e-03   7.5564930e-03   3.4787150e-03   2.0409725e-03   1.2807465e-02   1.8163740e-02   2.2743096e-03   1.0195153e-01   9.2574901e-01   3.6986847e-01
   4.0359275e-01   8.9643202e-01   5.4462673e-02   5.1140373e-03   4.7051844e-03   1.0387979e-04   6.6497246e-06   0.0000000e+00   1.0415787e-02   1.3975378e-02   1.3092816e-01   7.9768695e-01   5.9430710e-01
   5.8419461e-01   8.7166292e-01   1.2593488e-03   0.0000000e+00   3.9011563e-02   4.3736686e-03   2.3499566e-02   1.1916526e-02   1.6310103e-02   1.3028979e-03   1.2198128e-01   5.9687255e-01   7.9616527e-01
   7.5014179e-01   8.3021999e-01   5.5312597e-04   1.1102487e-05   2.7773247e-02   4.0499744e-03   2.9728542e-02   1.5745256e-02   1.0008715e-02   3.9017693e-04   1.0100167e-01   3.6970184e-01   9.2583123e-01
   8.8966865e-01   7.9840445e-01   1.2674322e-02   3.0542911e-03   1.7366352e-02   1.1428623e-04   1.8988657e-02   1.5168936e-02   1.6267775e-03   1.0734054e-03   5.3755563e-02   1.6404253e-01   9.8606977e-01
   1.0000000e+00   0.0000000e+00   0.0000000e+00   0.0000000e+00   0.0000000e+00   0.0000000e+00   0.0000000e+00   0.0000000e+00   0.0000000e+00   0.0000000e+00   5.0532155e-16   0.0000000e+00   1.0000000e+00
   0.0000000e+00   1.0000000e+00   0.0000000e+00   0.0000000e+00   0.0000000e+00   0.0000000e+00   0.0000000e+00   0.0000000e+00   0.0000000e+00   0.0000000e+00   2.0596338e-15   1.0000000e+00   0.0000000e+00
   1.2457208e-01   9.6961910e-01   4.6280098e-03   1.3331523e-03   2.0929433e-03   8.2593089e-04   0.0000000e+00   2.8410449e-05   0.0000000e+00   3.0744708e-03   4.6795486e-02   9.7983638e-01   1.9443835e-01
   2.9379200e-01   9.4095268e-01   3.3377892e-02   3.3725086e-03   2.2313257e-02   3.7367035e-04   0.0000000e+00   0.0000000e+00   1.9190066e-02   8.1819973e-03   8.3100414e-02   8.9337791e-01   4.4619708e-01
   4.9625698e-01   9.0266402e-01   0.0000000e+00   9.3236630e-04   2.2225282e-03   7.7956969e-03   3.1577043e-03   0.0000000e+00   5.1877123e-03   2.8563229e-03   1.0833576e-01   7.0303321e-01   7.0301560e-01
   7.0003709e-01   8.7631107e-01   3.1842900e-03   0.0000000e+00   2.7975064e-02   1.8025360e-02   1.6234668e-02   1.4133359e-02   1.8777887e-02   0.0000000e+00   8.7811413e-02   4.4625894e-01   8.9275586e-01
   8.7161437e-01   8.5160005e-01   1.4167457e-02   4.3374052e-03   1.3068855e-02   3.7700812e-03   2.4634662e-02   1.2948460e-02   6.5352489e-03   1.5338380e-03   4.6326891e-02   1.9512456e-01   9.8093322e-01
   1.0000000e+00   0.0000000e+00   0.0000000e+00   0.0000000e+00   0.0000000e+00   0.0000000e+00   0.0000000e+00   0.0000000e+00   0.0000000e+00   0.0000000e+00   5.0532155e-16   0.0000000e+00   1.0000000e+00
   1.5582602e-01   9.7697503e-01   0.0000000e+00   6.6998894e-03   0.0000000e+00   2.8434388e-04   0.0000000e+00   4.4509323e-03   0.0000000e+00   1.1995565e-03   3.5084156e-02   9.6962258e-01   2.4235015e-01
   3.7280150e-01   9.4602523e-01   2.3761470e-02   2.8377747e-03   1.4399229e-02   2.9567963e-03   6.7342005e-03   9.5439560e-03   2.5618856e-02   2.3566485e-04   7.0684032e-02   8.3170309e-01   5.5356966e-01
   8.4328467e-01   9.1528434e-01   7.2058893e-03   7.3109716e-03   2.8482912e-03   1.2364328e-02   1.0415347e-02   2.9780489e-03   9.5103432e-03   0.0000000e+00   3.2347678e-02   2.4164924e-01   9.7031326e-01
   1.0000000e+00   0.0000000e+00   0.0000000e+00   0.0000000e+00   0.0000000e+00   0.0000000e+00   0.0000000e+00   0.0000000e+00   0.0000000e+00   0.0000000e+00   5.0532155e-16   0.0000000e+00   1.0000000e+00
   0.0000000e+00   1.0000000e+00   0.0000000e+00   0.0000000e+00   0.0000000e+00   0.0000000e+00   0.0000000e+00   0.0000000e+00   0.0000000e+00   0.0000000e+00   2.0596338e-15   1.0000000e+00   0.0000000e+00
   2.0457002e-01   9.7420047e-01   3.0186697e-03   5.4077810e-04   3.4709350e-03   1.2066454e-02   0.0000000e+00   0.0000000e+00   0.0000000e+00   2.5295453e-03   3.8447593e-02   9.4819914e-01   3.1589098e-01
   4.9880148e-01   9.4213519e-01   8.6302648e-03   2.5821237e-03   2.6689348e-03   9.7761755e-03   0.0000000e+00   1.1191033e-03   0.0000000e+00   2.9292737e-03   6.4316359e-02   7.0564896e-01   7.0591100e-01
   7.9364838e-01   9.1746386e-01   7.3781504e-03   9.5850487e-03   4.3783926e-03   1.2090025e-02   9.0407019e-03   2.3648754e-03   7.6770149e-03   1.3839055e-03   4.1194810e-02   3.1596255e-01   9.4836202e-01
   1.0000000e+00   0.0000000e+00   0.0000000e+00   0.0000000e+00   0.0000000e+00   0.0000000e+00   0.0000000e+00   0.0000000e+00   0.0000000e+00   0.0000000e+00   5.0532155e-16   0.0000000e+00   1.0000000e+00
   0.0000000e+00   1.0000000e+00   0.0000000e+00   0.0000000e+00   0.0000000e+00   0.0000000e+00   0.0000000e+00   0.0000000e+00   0.0000000e+00   0.0000000e+00   2.0596338e-15   1.0000000e+00   0.0000000e+00
   2.9481598e-01   1.0000000e+00   3.5933408e-02   6.6688548e-05   9.0750139e-03   1.3318638e-04   2.1162000e-03   2.0978128e-02   1.9412692e-02   9.6020724e-06   5.4903219e-17   8.9663762e-01   4.4770057e-01
   7.0441301e-01   9.4974474e-01   1.2258229e-02   2.3254561e-03   0.0000000e+00   9.7621470e-03   0.0000000e+00   4.2815387e-03   0.0000000e+00   2.3543694e-03   3.5322941e-02   4.4653139e-01   8.9437787e-01
   1.0000000e+00   0.0000000e+00   0.0000000e+00   0.0000000e+00   0.0000000e+00   0.0000000e+00   0.0000000e+00   0.0000000e+00   0.0000000e+00   0.0000000e+00   5.0532155e-16   0.0000000e+00   1.0000000e+00
   0.0000000e+00   1.0000000e+00   0.0000000e+00   0.0000000e+00   0.0000000e+00   0.0000000e+00   0.0000000e+00   0.0000000e+00   0.0000000e+00   0.0000000e+00   2.0596338e-15   1.0000000e+00   0.0000000e+00
   4.9987864e-01   9.7969410e-01   3.2469891e-02   1.0129431e-02   1.5587506e-02   4.1291856e-03   3.8853002e-03   2.7457144e-02   7.6477776e-03   1.1784860e-04   2.2605285e-02   7.0846836e-01   7.0855871e-01
   1.0000000e+00   0.0000000e+00   0.0000000e+00   0.0000000e+00   0.0000000e+00   0.0000000e+00   0.0000000e+00   0.0000000e+00   0.0000000e+00   0.0000000e+00   5.0532155e-16   0.0000000e+00   1.0000000e+00
   0.0000000e+00   1.0000000e+00   0.0000000e+00   0.0000000e+00   0.0000000e+00   0.0000000e+00   0.0000000e+00   0.0000000e+00   0.0000000e+00   0.0000000e+00   2.0596338e-15   1.0000000e+00   0.0000000e+00
   4.9992721e-01   1.0000000e+00   3.5875772e-02   1.0352533e-02   1.5579276e-02   4.6338125e-03   5.7631920e-03   3.4166186e-02   9.9592533e-03   1.2619669e-04   4.3430850e-17   7.0927961e-01   7.0911744e-01
