   0.0000000e+00   5.0000603e-01   0.0000000e+00   3.4362012e-04   0.0000000e+00   5.9101175e-04   0.0000000e+00   2.4305129e-02   3.8102643e-04   1.3946077e-03   7.0751961e-01   7.0753300e-01   0.0000000e+00
   0.0000000e+00   0.0000000e+00   0.0000000e+00   0.0000000e+00   0.0000000e+00   0.0000000e+00   0.0000000e+00   0.0000000e+00   0.0000000e+00   0.0000000e+00   1.0000000e+00   0.0000000e+00   0.0000000e+00
   0.0000000e+00   0.0000000e+00   0.0000000e+00   0.0000000e+00   0.0000000e+00   0.0000000e+00   0.0000000e+00   0.0000000e+00   0.0000000e+00   0.0000000e+00   1.0000000e+00   0.0000000e+00   0.0000000e+00
   0.0000000e+00   0.0000000e+00   0.0000000e+00   0.0000000e+00   0.0000000e+00   0.0000000e+00   0.0000000e+00   0.0000000e+00   0.0000000e+00   0.0000000e+00   1.0000000e+00   0.0000000e+00   0.0000000e+00
   0.0000000e+00   0.0000000e+00   0.0000000e+00   0.0000000e+00   0.0000000e+00   0.0000000e+00   0.0000000e+00   0.0000000e+00   0.0000000e+00   0.0000000e+00   1.0000000e+00   0.0000000e+00   0.0000000e+00
   0.0000000e+00   0.0000000e+00   0.0000000e+00   0.0000000e+00   0.0000000e+00   0.0000000e+00   0.0000000e+00   0.0000000e+00   0.0000000e+00   0.0000000e+00   1.0000000e+00   0.0000000e+00   0.0000000e+00
   0.0000000e+00   0.0000000e+00   0.0000000e+00   0.0000000e+00   0.0000000e+00   0.0000000e+00   0.0000000e+00   0.0000000e+00   0.0000000e+00   0.0000000e+00   1.0000000e+00   0.0000000e+00   0.0000000e+00
   0.0000000e+00   0.0000000e+00   0.0000000e+00   0.0000000e+00   0.0000000e+00   0.0000000e+00   0.0000000e+00   0.0000000e+00   0.0000000e+00   0.0000000e+00   1.0000000e+00   0.0000000e+00   0.0000000e+00
   0.0000000e+00   0.0000000e+00   0.0000000e+00   0.0000000e+00   0.0000000e+00   0.0000000e+00   0.0000000e+00   0.0000000e+00   0.0000000e+00   0.0000000e+00   1.0000000e+00   0.0000000e+00   0.0000000e+00
   0.0000000e+00   0.0000000e+00   0.0000000e+00   0.0000000e+00   0.0000000e+00   0.0000000e+00   0.0000000e+00   0.0000000e+00   0.0000000e+00   0.0000000e+00   1.0000000e+00   0.0000000e+00   0.0000000e+00
   0.0000000e+00   0.0000000e+00   0.0000000e+00   0.0000000e+00   0.0000000e+00   0.0000000e+00   0.0000000e+00   0.0000000e+00   0.0000000e+00   0.0000000e+00   1.0000000e+00   0.0000000e+00   0.0000000e+00
   0.0000000e+00   0.0000000e+00   0.0000000e+00   0.0000000e+00   0.0000000e+00   0.0000000e+00   0.0000000e+00   0.0000000e+00   0.0000000e+00   0.0000000e+00   1.0000000e+00   0.0000000e+00   0.0000000e+00
   0.0000000e+00   0.0000000e+00   0.0000000e+00   0.0000000e+00   0.0000000e+00   0.0000000e+00   0.0000000e+00   0.0000000e+00   0.0000000e+00   0.0000000e+00   1.0000000e+00   0.0000000e+00   0.0000000e+00
   0.0000000e+00   0.0000000e+00   0.0000000e+00   0.0000000e+00   0.0000000e+00   0.0000000e+00   0.0000000e+00   0.0000000e+00   0.0000000e+00   0.0000000e+00   1.0000000e+00   0.0000000e+00   0.0000000e+00
   0.0000000e+00   0.0000000e+00   0.0000000e+00   0.0000000e+00   0.0000000e+00   0.0000000e+00   0.0000000e+00   0.0000000e+00   0.0000000e+00   0.0000000e+00   1.0000000e+00   0.0000000e+00   0.0000000e+00
   0.0000000e+00   0.0000000e+00   0.0000000e+00   0.0000000e+00   0.0000000e+00   0.0000000e+00   0.0000000e+00   0.0000000e+00   0.0000000e+00   0.0000000e+00   1.0000000e+00   0.0000000e+00   0.0000000e+00
   0.0000000e+00   0.0000000e+00   0.0000000e+00   0.0000000e+00   0.0000000e+00   0.0000000e+00   0.0000000e+00   0.0000000e+00   0.0000000e+00   0.0000000e+00   1.0000000e+00   0.0000000e+00   0.0000000e+00
   0.0000000e+00   0.0000000e+00   0.0000000e+00   0.0000000e+00   0.0000000e+00   0.0000000e+00   0.0000000e+00   0.0000000e+00   0.0000000e+00   0.0000000e+00   1.0000000e+00   0.0000000e+00   0.0000000e+00
   0.0000000e+00   0.0000000e+00   0.0000000e+00   0.0000000e+00   0.0000000e+00   0.0000000e+00   0.0000000e+00   0.0000000e+00   0.0000000e+00   0.0000000e+00   1.0000000e+00   0.0000000e+00   0.0000000e+00
   0.0000000e+00   0.0000000e+00   0.0000000e+00   0.0000000e+00   0.0000000e+00   0.0000000e+00   0.0000000e+00   0.0000000e+00   0.0000000e+00   0.0000000e+00   1.0000000e+00   0.0000000e+00   0.0000000e+00
   0.0000000e+00   0.0000000e+00   0.0000000e+00   0.0000000e+00   0.0000000e+00   0.0000000e+00   0.0000000e+00   0.0000000e+00   0.0000000e+00   0.0000000e+00   1.0000000e+00   0.0000000e+00   0.0000000e+00
   4.9975934e-01   0.0000000e+00   1.4191934e-02   6.2678593e-04   1.2185840e-03   0.0000000e+00   9.4392556e-03   2.2476870e-03   4.2345847e-03   4.3515508e-03   7.0761052e-01   0.0000000e+00   7.0707573e-01
   0.0000000e+00   1.0000000e+00   0.0000000e+00   0.0000000e+00   0.0000000e+00   0.0000000e+00   0.0000000e+00   0.0000000e+00   0.0000000e+00   0.0000000e+00   2.8327694e-16   1.0000000e+00   0.0000000e+00
   1.7438816e-02   5.0004286e-01   0.0000000e+00   2.0367054e-03   0.0000000e+00   8.1346776e-04   0.0000000e+00   2.0736794e-02   4.0011811e-04   1.6565930e-03   7.0710330e-01   7.0719852e-01   2.7401391e-02
   0.0000000e+00   2.9515825e-01   0.0000000e+00   6.5403941e-03   1.1864256e-04   9.2110874e-04   4.5857418e-03   1.8299279e-03   0.0000000e+00   8.5977080e-03   8.9456046e-01   4.4726445e-01   0.0000000e+00
   1.6472257e-02   2.0494577e-01   1.6344706e-02   1.5060078e-02   0.0000000e+00   9.1544955e-04   0.0000000e+00   0.0000000e+00   7.2542314e-03   1.1856114e-02   9.4896204e-01   3.1650786e-01   2.5889472e-02
   2.9960809e-02   1.2544821e-01   1.9069481e-04   1.6692138e-06   3.1858642e-03   2.6026070e-03   7.5425952e-03   3.2407743e-03   1.6303006e-03   5.9055045e-03   9.7968128e-01   1.9558785e-01   4.7050692e-02
   3.3358845e-02   1.0498981e-01   0.0000000e+00   1.3326019e-02   1.3839385e-03   2.7527922e-03   7.6191152e-03   7.9128828e-03   6.2018838e-04   1.0825330e-02   9.8549691e-01   1.6401544e-01   5.2398252e-02
   3.6056994e-02   8.8810657e-02   7.2470220e-04   2.7976984e-03   3.6659798e-05   2.4505928e-03   9.0329613e-03   1.3866032e-03   0.0000000e+00   1.9437928e-02   9.8916756e-01   1.3889448e-01   5.6634846e-02
   3.5391552e-02   7.9127282e-02   8.0359675e-03   8.4879432e-03   1.6765644e-03   9.2648307e-03   1.0983689e-02   1.0767500e-03   2.6209465e-03   9.8988037e-03   9.9120036e-01   1.2383748e-01   5.5589399e-02
   4.1508353e-02   7.0337357e-02   6.0524211e-03   6.9814339e-03   1.4390501e-03   7.9996502e-03   8.3851925e-03   4.3530885e-03   4.0085455e-05   1.4897286e-03   9.9203170e-01   1.1005346e-01   6.5170808e-02
   4.3397806e-02   6.3239839e-02   5.2698473e-03   1.2184100e-02   8.9707414e-04   7.6167161e-03   8.3594708e-03   1.4178427e-03   1.6726140e-03   1.3444199e-02   9.9324591e-01   9.8991802e-02   6.8149740e-02
   4.5716135e-02   5.6940066e-02   7.0474835e-03   1.0544682e-02   0.0000000e+00   7.4946920e-03   9.6397290e-03   1.2630843e-03   0.0000000e+00   1.4902419e-02   9.9396594e-01   8.9139377e-02   7.1787321e-02
   5.7196062e-02   4.7351713e-02   3.3901087e-03   6.5167579e-03   5.1580727e-03   8.0975639e-03   1.2708987e-03   8.6464610e-03   0.0000000e+00   1.3014792e-02   9.9360228e-01   7.4040625e-02   8.9757708e-02
   6.2531157e-02   4.5262314e-02   2.7808839e-03   5.5421735e-03   6.5499907e-03   9.9528347e-03   1.5039934e-03   9.2766179e-03   0.0000000e+00   1.9503858e-02   9.9331008e-01   7.0741475e-02   9.8129502e-02
   6.9716214e-02   4.1768523e-02   4.8331572e-03   8.6202316e-04   5.2471672e-03   1.5048176e-02   1.5460222e-03   1.0355937e-02   4.5737544e-03   1.4380741e-02   9.9248155e-01   6.5210154e-02   1.0935848e-01
   8.9339898e-02   3.1439302e-02   0.0000000e+00   2.0469236e-02   4.4979910e-04   1.2580986e-02   0.0000000e+00   1.5791011e-03   1.6612709e-02   6.4773603e-03   9.8985003e-01   4.8923264e-02   1.4000021e-01
   1.0425864e-01   3.4129843e-02   1.3129783e-03   1.5538263e-02   3.5559211e-04   7.8537108e-03   2.4216658e-03   2.9136782e-03   1.7015503e-02   6.4299972e-03   9.8584286e-01   5.2902746e-02   1.6314402e-01
   1.2448685e-01   3.2989579e-02   1.1088020e-02   0.0000000e+00   7.4900612e-04   1.7191251e-03   1.5316131e-02   3.5751483e-04   2.0380585e-02   2.4954710e-03   9.8039227e-01   5.0849362e-02   1.9445179e-01
   1.5591467e-01   2.3691944e-03   0.0000000e+00   3.1729771e-04   2.5819703e-03   2.8953984e-04   3.9165309e-04   2.3426331e-05   1.7956884e-03   0.0000000e+00   9.7016231e-01   3.6104969e-03   2.4247167e-01
   2.0444011e-01   6.4278814e-03   0.0000000e+00   0.0000000e+00   4.7098239e-03   2.5830416e-04   3.1700112e-04   0.0000000e+00   1.4384933e-03   0.0000000e+00   9.4885296e-01   9.5807920e-03   3.1565028e-01
   2.9508866e-01   0.0000000e+00   1.9081833e-03   0.0000000e+00   2.6752248e-03   0.0000000e+00   5.7441259e-04   0.0000000e+00   1.5549751e-03   2.6497909e-05   8.9449450e-01   0.0000000e+00   4.4710926e-01
   4.9978129e-01   2.5731380e-02   1.0535468e-02   0.0000000e+00   8.2919316e-04   3.0328607e-04   6.3971365e-03   9.8795140e-05   6.4930603e-03   6.0336810e-03   7.0693541e-01   2.8589020e-02   7.0702730e-01
   1.0000000e+00   8.2086972e-01   0.0000000e+00   0.0000000e+00   0.0000000e+00   0.0000000e+00   0.0000000e+00   0.0000000e+00   0.0000000e+00   0.0000000e+00   1.7002931e-17   5.8824313e-17   1.0000000e+00
   0.0000000e+00   1.0000000e+00   0.0000000e+00   0.0000000e+00   0.0000000e+00   0.0000000e+00   0.0000000e+00   0.0000000e+00   0.0000000e+00   0.0000000e+00   2.8327694e-16   1.0000000e+00   0.0000000e+00
   2.4362336e-02   7.0585353e-01   0.0000000e+00   7.4883986e-04   7.7392383e-04   7.9945943e-04   1.1073635e-04   1.9859150e-02   1.2720575e-05   1.4884713e-03   4.4562998e-01   8.9484412e-01   3.8274171e-02
   3.9232364e-02   5.0004189e-01   2.7391449e-03   1.8902774e-03   0.0000000e+00   1.1329751e-03   9.3849453e-05   1.7264809e-02   6.5219838e-04   2.3849894e-03   7.0594145e-01   7.0603436e-01   6.1606550e-02
   0.0000000e+00   2.9515825e-01   0.0000000e+00   6.5403941e-03   1.1864256e-04   9.2110874e-04   4.5857418e-03   1.8299279e-03   0.0000000e+00   8.5977080e-03   8.9456046e-01   4.4726445e-01   0.0000000e+00
   6.2061157e-02   2.4178815e-01   1.8555409e-02   4.4481017e-02   1.3124495e-04   1.6925827e-02   2.0317572e-02   1.2073312e-02   1.3900060e-02   2.3131372e-03   9.2744098e-01   3.7021659e-01   9.7658768e-02
   7.0727386e-02   2.0462946e-01   1.1852569e-02   7.8198402e-03   5.4302160e-03   2.6705535e-03   4.8062582e-03   2.0588569e-02   0.0000000e+00   1.6984148e-02   9.4385305e-01   3.1428281e-01   1.1097787e-01
   8.5340338e-02   1.3619535e-01   1.4086335e-02   1.8346911e-02   7.7191563e-03   2.2923226e-02   1.0174589e-02   9.0117292e-04   3.1339060e-02   1.3520213e-02   9.7074993e-01   2.1090499e-01   1.3397050e-01
   1.0348431e-01   1.1155308e-01   1.9909690e-02   2.5820469e-02   2.6757607e-03   1.7464622e-02   2.2943100e-03   9.9729302e-03   1.1170835e-02   2.2406904e-02   9.7375343e-01   1.7239613e-01   1.6217882e-01
   1.1151548e-01   1.0180520e-01   8.9095317e-03   1.7964124e-03   0.0000000e+00   9.9024774e-03   0.0000000e+00   0.0000000e+00   1.8671366e-02   0.0000000e+00   9.7264783e-01   1.5688079e-01   1.7436592e-01
   1.2129305e-01   8.9954530e-02   6.8721643e-03   2.9929132e-03   0.0000000e+00   1.2949428e-02   0.0000000e+00   1.1900240e-03   6.1669708e-03   4.6741204e-03   9.7239591e-01   1.3832157e-01   1.8943008e-01
   1.3788705e-01   8.2849150e-02   6.1131894e-03   0.0000000e+00   0.0000000e+00   1.4085605e-02   0.0000000e+00   1.1915427e-03   4.2897164e-03   0.0000000e+00   9.6862434e-01   1.2677243e-01   2.1495789e-01
   1.5357373e-01   8.1713473e-02   1.5998549e-02   0.0000000e+00   4.2122800e-05   1.4732276e-02   1.1980164e-02   0.0000000e+00   5.3511230e-03   5.7136583e-03   9.6370887e-01   1.2438088e-01   2.3906207e-01
   1.7589701e-01   7.7106584e-02   1.1034099e-02   0.0000000e+00   0.0000000e+00   2.0789966e-02   1.0340834e-02   1.0161363e-06   4.6288802e-03   3.8131874e-03   9.5568929e-01   1.1632124e-01   2.7298641e-01
   2.4081848e-01   6.3258880e-02   1.0656288e-02   1.4835702e-02   6.3059801e-03   2.7142257e-03   3.9842646e-03   6.7010331e-04   1.0729817e-02   1.9905386e-03   9.2519569e-01   9.2237528e-02   3.6951028e-01
   2.9419292e-01   6.3381756e-02   3.6365387e-05   0.0000000e+00   8.6003573e-03   0.0000000e+00   8.0366117e-05   0.0000000e+00   8.8174514e-05   1.0366035e-05   8.9074390e-01   8.8976488e-02   4.4587718e-01
   3.7306627e-01   6.0725363e-02   7.2770546e-03   7.1242238e-03   1.9036806e-02   2.2409418e-05   5.4038830e-04   1.9424226e-03   7.2803785e-03   3.4785912e-03   8.2980982e-01   7.9394157e-02   5.5333812e-01
   4.9865192e-01   5.8246275e-02   7.6076453e-03   9.6476243e-04   1.4684104e-03   0.0000000e+00   7.3436614e-03   1.5275003e-03   7.4594428e-03   6.2897020e-03   7.0578865e-01   6.4755536e-02   7.0575775e-01
   7.0499537e-01   0.0000000e+00   4.1261579e-03   2.2832835e-03   2.8420935e-04   2.7070329e-03   0.0000000e+00   8.2206306e-04   8.8926113e-04   7.7792307e-04   4.4699930e-01   0.0000000e+00   8.9456976e-01
   1.0000000e+00   8.2086972e-01   0.0000000e+00   0.0000000e+00   0.0000000e+00   0.0000000e+00   0.0000000e+00   0.0000000e+00   0.0000000e+00   0.0000000e+00   1.7002931e-17   5.8824313e-17   1.0000000e+00
   0.0000000e+00   1.0000000e+00   0.0000000e+00   0.0000000e+00   0.0000000e+00   0.0000000e+00   0.0000000e+00   0.0000000e+00   0.0000000e+00   0.0000000e+00   2.8327694e-16   1.0000000e+00   0.0000000e+00
   0.0000000e+00   7.9527004e-01   1.6998067e-04   5.3884633e-04   1.1414250e-03   1.6805174e-03   4.8772334e-03   6.6745735e-03   1.1169578e-05   1.4142199e-03   3.1609820e-01   9.4880530e-01   0.0000000e+00
   1.6535183e-02   6.2585498e-01   0.0000000e+00   8.1695730e-04   1.0891744e-03   2.5932662e-04   0.0000000e+00   2.0717561e-02   0.0000000e+00   1.6460550e-03   5.5450653e-01   8.3229523e-01   2.5981752e-02
   7.0511811e-02   4.9938014e-01   6.1272543e-03   8.2849718e-03   0.0000000e+00   1.8921159e-03   8.7142936e-04   3.1676692e-02   5.7608773e-05   0.0000000e+00   7.0424147e-01   7.0287140e-01   1.1065650e-01
   7.0317029e-02   4.0932836e-01   1.3079599e-02   1.6930574e-02   4.0604615e-04   3.3844694e-03   1.9173848e-03   2.6179219e-02   0.0000000e+00   1.6542398e-02   7.9657976e-01   5.9677588e-01   1.1038713e-01
   1.1532498e-01   2.5679707e-01   2.1207322e-02   5.6642338e-02   1.0370406e-02   1.4376318e-02   1.5284423e-02   1.7058906e-02   1.2604870e-02   6.2937427e-03   9.0893912e-01   3.8791547e-01   1.8100884e-01
   1.2141735e-01   2.2536183e-01   1.9201623e-02   3.7454724e-02   1.0936876e-02   1.1309542e-02   1.5728959e-02   1.7279596e-02   1.1284974e-02   5.4005862e-03   9.2349295e-01   3.4129098e-01   1.9008371e-01
   1.3543329e-01   2.0444277e-01   1.2922441e-03   3.3367015e-02   2.8150716e-02   5.8600986e-03   1.1670229e-02   1.3939798e-02   1.3522426e-02   1.2049716e-02   9.2989763e-01   3.0933305e-01   2.1168612e-01
   1.4214187e-01   1.8364101e-01   1.2117615e-02   1.0564455e-02   2.1860702e-02   5.5516974e-03   1.0808582e-02   1.8125748e-02   8.0564585e-03   0.0000000e+00   9.3607953e-01   2.7777156e-01   2.2170827e-01
   1.7939735e-01   1.5423177e-01   3.6052793e-03   0.0000000e+00   4.7962756e-03   3.9368953e-02   2.4479079e-02   0.0000000e+00   7.5623861e-04   7.6139714e-03   9.3459815e-01   2.3095835e-01   2.7870585e-01
   2.0014949e-01   1.4098762e-01   2.1375628e-04   0.0000000e+00   2.2898527e-03   3.3777446e-02   3.4713135e-02   1.3361309e-02   1.2883003e-02   4.2345736e-02   9.3192279e-01   2.0982792e-01   3.1062845e-01
   2.2358277e-01   1.3431389e-01   1.5701921e-02   3.5903136e-02   0.0000000e+00   2.6614891e-02   0.0000000e+00   3.0280194e-03   3.4097839e-02   0.0000000e+00   9.2127539e-01   1.9730672e-01   3.4520273e-01
   2.5380759e-01   1.2588259e-01   1.4940122e-02   3.3079055e-02   0.0000000e+00   3.7761978e-02   1.6572399e-03   1.1839386e-03   2.4263016e-02   0.0000000e+00   9.0663098e-01   1.8164713e-01   3.8949737e-01
   2.9091808e-01   1.1764867e-01   1.5860254e-02   3.5923310e-02   0.0000000e+00   3.5183000e-02   1.7502686e-03   0.0000000e+00   2.9841122e-02   1.6061486e-03   8.8535463e-01   1.6550378e-01   4.4285575e-01
   3.4230145e-01   7.9709361e-02   3.4383911e-03   1.4220258e-02   1.4216746e-02   8.5274715e-04   3.9893612e-03   0.0000000e+00   1.0998866e-03   8.4231477e-03   8.5260288e-01   1.0731336e-01   5.1240837e-01
   4.0618602e-01   9.8234262e-02   4.3314043e-02   2.4781479e-02   5.4053939e-03   1.4928261e-02   3.5298319e-02   4.6016252e-03   3.9158678e-03   5.9931856e-03   7.9694639e-01   1.2395902e-01   5.9803720e-01
   4.9584353e-01   9.5630580e-02   1.5874938e-02   0.0000000e+00   0.0000000e+00   4.7261110e-04   0.0000000e+00   0.0000000e+00   1.2223825e-02   6.0305523e-03   7.0400187e-01   1.0655514e-01   7.0278277e-01
   6.2421958e-01   6.2166547e-02   7.7981710e-03   8.8456555e-04   3.1708371e-04   1.8494021e-02   4.9882363e-04   0.0000000e+00   1.2299089e-03   3.1000112e-03   5.5416741e-01   5.4287659e-02   8.3113278e-01
   1.0000000e+00   8.2086972e-01   0.0000000e+00   0.0000000e+00   0.0000000e+00   0.0000000e+00   0.0000000e+00   0.0000000e+00   0.0000000e+00   0.0000000e+00   1.7002931e-17   5.8824313e-17   1.0000000e+00
   0.0000000e+00   1.0000000e+00   0.0000000e+00   0.0000000e+00   0.0000000e+00   0.0000000e+00   0.0000000e+00   0.0000000e+00   0.0000000e+00   0.0000000e+00   2.8327694e-16   1.0000000e+00   0.0000000e+00
   0.0000000e+00   8.4404185e-01   1.4600196e-04   7.8258894e-04   1.5251316e-03   2.8923970e-03   3.3634766e-03   2.8720043e-03   1.5260558e-05   1.6113119e-03   2.4254358e-01   9.7017503e-01   0.0000000e+00
   5.5221492e-02   7.0496138e-01   1.1364041e-03   2.4539511e-03   0.0000000e+00   1.7075828e-03   0.0000000e+00   2.6179497e-02   2.5045478e-04   3.0381556e-03   4.4566610e-01   8.9178257e-01   8.6694049e-02
   8.3973740e-02   5.9047762e-01   1.3444479e-05   6.9852030e-03   0.0000000e+00   4.1866765e-03   1.1707555e-03   0.0000000e+00   1.1316422e-02   1.1569941e-03   5.9472669e-01   7.9334050e-01   1.3154939e-01
   7.6586933e-02   5.0013790e-01   3.1732179e-03   7.9792403e-03   4.2818629e-03   1.6709964e-04   4.2442225e-03   2.0578609e-02   1.1970756e-06   1.2954336e-04   7.0221851e-01   7.0252280e-01   1.2007654e-01
   1.2183517e-01   4.2964879e-01   3.9244129e-03   4.2228503e-03   7.4379369e-05   3.6995753e-03   0.0000000e+00   2.9271737e-03   7.6375932e-04   2.1359819e-03   7.6656710e-01   6.1344202e-01   1.9022369e-01
   1.3616768e-01   3.7335003e-01   6.5413094e-03   1.6305576e-02   4.1992268e-03   6.4477026e-03   1.3719277e-02   9.2046442e-03   6.8539267e-03   1.9403010e-02   8.1479288e-01   5.4137791e-01   2.1249041e-01
   1.4431707e-01   3.3032627e-01   6.5163773e-03   1.6283568e-02   4.4914993e-03   7.1388632e-03   1.8365313e-02   6.4891073e-03   6.3606889e-03   1.5458421e-02   8.4703804e-01   4.8371747e-01   2.2498930e-01
   1.8429741e-01   2.6619664e-01   8.9037195e-03   4.6469893e-02   4.0255407e-03   6.2456949e-03   4.6681626e-03   2.1463732e-02   2.4784446e-02   6.3494537e-02   8.8231960e-01   3.9205369e-01   2.8758583e-01
   2.0650914e-01   2.4184171e-01   3.9901800e-03   5.4740141e-02   1.7591379e-02   7.6616812e-03   3.1083280e-02   0.0000000e+00   2.1687046e-02   4.7712206e-02   8.8651725e-01   3.5396711e-01   3.2098567e-01
   2.2839152e-01   2.2178143e-01   5.5367303e-04   5.6603882e-02   1.8100793e-02   1.9137342e-02   2.9360948e-02   0.0000000e+00   4.2673331e-02   3.9020970e-02   8.8721994e-01   3.2222614e-01   3.5395560e-01
   2.5431696e-01   2.0459320e-01   6.9544037e-03   5.3344373e-02   1.9240274e-02   1.7545710e-02   3.1875308e-02   1.8654338e-03   3.7743722e-02   3.2941973e-02   8.8030390e-01   2.9306661e-01   3.9170145e-01
   2.8233507e-01   1.8926313e-01   2.7889923e-02   3.3845363e-02   1.7765556e-02   1.7997799e-02   4.2074044e-02   1.9501263e-02   0.0000000e+00   1.4559301e-02   8.6788946e-01   2.6589842e-01   4.3120872e-01
   3.6479967e-01   1.6610728e-01   6.2717358e-03   4.0411207e-02   5.2346919e-04   2.8332587e-02   4.3286269e-02   3.4102444e-02   2.2869408e-02   3.0764183e-02   8.1749145e-01   2.1827647e-01   5.4596238e-01
   4.2031015e-01   1.5589145e-01   2.2317221e-03   1.6817624e-02   4.9815660e-02   1.3356345e-03   5.6431185e-03   1.0147954e-02   3.3919161e-02   1.9215678e-02   7.6968472e-01   1.9233535e-01   6.1600623e-01
   4.9144152e-01   1.4336630e-01   1.4627626e-03   1.4693433e-02   3.7360664e-02   6.8952964e-03   9.8444738e-03   1.4742070e-02   1.5582338e-02   2.6292145e-02   7.0048788e-01   1.6047132e-01   6.9956673e-01
   8.4422584e-01   5.5251759e-03   1.4837676e-06   5.3335157e-03   1.8636599e-04   4.9053639e-03   5.4327361e-03   4.1208022e-04   0.0000000e+00   0.0000000e+00   2.4226585e-01   2.1026602e-03   9.7029238e-01
   1.0000000e+00   8.2086972e-01   0.0000000e+00   0.0000000e+00   0.0000000e+00   0.0000000e+00   0.0000000e+00   0.0000000e+00   0.0000000e+00   0.0000000e+00   1.7002931e-17   5.8824313e-17   1.0000000e+00
   0.0000000e+00   1.0000000e+00   0.0000000e+00   0.0000000e+00   0.0000000e+00   0.0000000e+00   0.0000000e+00   0.0000000e+00   0.0000000e+00   0.0000000e+00   2.8327694e-16   1.0000000e+00   0.0000000e+00
   1.5694712e-02   8.7484102e-01   2.9723208e-03   2.1639364e-03   3.5352129e-04   3.6521843e-03   3.6513305e-03   1.9809488e-02   0.0000000e+00   9.6571260e-04   1.9536056e-01   9.8086369e-01   2.4661388e-02
   1.3185429e-02   7.5782991e-01   0.0000000e+00   0.0000000e+00   3.1814970e-03   9.7098880e-05   0.0000000e+00   1.9976899e-02   0.0000000e+00   0.0000000e+00   3.7136407e-01   9.2869696e-01   2.0718617e-02
   8.5142597e-02   6.5644703e-01   2.0761772e-03   4.0423401e-02   1.6269747e-04   6.5865227e-03   4.9030914e-03   1.7576981e-02   3.1296363e-02   7.8154336e-03   5.1080455e-01   8.5282436e-01   1.3375074e-01
   1.2278791e-01   5.7057196e-01   4.7072047e-03   7.0898769e-03   1.4753931e-03   4.9957557e-03   1.5665494e-03   2.4641820e-03   8.9126684e-04   2.9795979e-03   6.1303271e-01   7.6660035e-01   1.9170375e-01
   1.4635230e-01   5.0071815e-01   0.0000000e+00   2.9736706e-03   3.2517270e-03   8.0413411e-03   7.1102453e-03   1.8734390e-04   7.7407046e-03   8.9226152e-03   6.8791535e-01   6.8946914e-01   2.2793257e-01
   1.5952089e-01   4.4216112e-01   0.0000000e+00   4.2113166e-03   4.6680524e-03   3.2179119e-03   0.0000000e+00   6.4257829e-03   1.7589004e-02   9.0747753e-03   7.4470902e-01   6.2034708e-01   2.4808061e-01
   1.9314259e-01   3.9381019e-01   1.9775821e-02   3.3414682e-02   1.1843095e-02   1.4548059e-03   1.1439812e-02   2.0798545e-02   3.0083142e-02   4.5347976e-02   7.8150991e-01   5.5627168e-01   3.0030089e-01
   2.1531804e-01   3.5470126e-01   2.2801413e-02   3.8396428e-02   2.5762777e-02   0.0000000e+00   2.6201737e-02   5.5929399e-05   2.2531251e-02   5.7073118e-02   8.0636566e-01   5.0236986e-01   3.3416818e-01
   2.4060199e-01   3.2239078e-01   0.0000000e+00   4.9940725e-02   1.7080120e-02   0.0000000e+00   3.4703781e-02   1.3962864e-02   3.6549292e-02   5.4826587e-02   8.1970717e-01   4.5465486e-01   3.7215005e-01
   2.6715898e-01   2.9433779e-01   1.0527237e-02   6.0888226e-02   2.0522570e-02   8.2525108e-03   4.8569629e-02   2.2565237e-02   3.6031041e-02   1.9233294e-02   8.2457825e-01   4.1094707e-01   4.1104634e-01
   2.9802605e-01   2.7085043e-01   1.4647815e-02   7.3613763e-02   1.1698042e-02   1.0284298e-02   5.9737238e-02   0.0000000e+00   3.8397462e-02   2.7592460e-02   8.2234848e-01   3.7262786e-01   4.5649610e-01
   3.3352244e-01   2.4956596e-01   3.7310316e-02   4.7036736e-02   7.3193293e-03   1.1078547e-02   6.8732857e-02   4.8526015e-02   8.2779636e-04   1.4471334e-02   8.0904966e-01   3.3447329e-01   5.0579504e-01
   3.7349086e-01   2.3312303e-01   2.8628766e-02   2.8178183e-02   1.4750971e-03   1.1210282e-02   3.0681888e-02   3.8224018e-02   3.2867652e-03   5.4500069e-03   7.8082333e-01   2.9943408e-01   5.5591412e-01
   4.2482751e-01   2.1666077e-01   2.2002516e-03   0.0000000e+00   8.1961962e-06   2.8207189e-02   1.5683060e-02   1.4823813e-02   3.6810308e-02   3.8125240e-02   7.4344990e-01   2.6326167e-01   6.2140292e-01
   4.8291699e-01   2.0128107e-01   2.3915851e-03   2.5201044e-03   1.9447271e-02   1.2599638e-02   1.5428822e-02   1.6516620e-02   4.4053280e-02   5.4765218e-02   6.9398622e-01   2.2703474e-01   6.9200717e-01
   5.5779473e-01   1.9119780e-01   1.4237988e-02   3.9406874e-03   0.0000000e+00   1.9533331e-03   0.0000000e+00   0.0000000e+00   5.0555886e-03   2.8061584e-03   6.1159384e-01   1.8941118e-01   7.6849687e-01
   6.4631365e-01   1.7038275e-01   2.6538184e-04   1.3622288e-02   3.4400643e-02   9.1074812e-03   1.1215528e-03   0.0000000e+00   3.6363202e-02   2.7665730e-04   5.1006167e-01   1.3986675e-01   8.5195851e-01
   7.5002160e-01   1.6766932e-01   2.5294293e-03   1.1578592e-02   5.1514376e-03   0.0000000e+00   5.0326826e-03   9.9225492e-03   4.1587630e-05   7.5056354e-04   3.6956474e-01   9.9648675e-02   9.2416169e-01
   8.7449948e-01   3.4870402e-02   0.0000000e+00   1.7853190e-02   1.7931594e-04   4.9566035e-03   8.5731515e-03   0.0000000e+00   0.0000000e+00   1.0198313e-03   1.9564935e-01   1.0727287e-02   9.8104138e-01
   0.0000000e+00   1.0000000e+00   0.0000000e+00   0.0000000e+00   0.0000000e+00   0.0000000e+00   0.0000000e+00   0.0000000e+00   0.0000000e+00   0.0000000e+00   2.8327694e-16   1.0000000e+00   0.0000000e+00
   2.9622466e-02   8.9512919e-01   4.6303609e-03   1.6860838e-04   3.1436625e-03   0.0000000e+00   7.4185322e-03   2.5403545e-02   3.9792321e-03   3.3608944e-03   1.6393347e-01   9.8614262e-01   4.6549369e-02
   6.6950025e-02   7.9556426e-01   1.7141913e-03   7.6521470e-03   4.7827449e-03   1.2547346e-03   3.3366139e-03   2.4205358e-02   2.4296763e-03   2.2282528e-03   3.1411005e-01   9.4429276e-01   1.0504395e-01
   1.0249186e-01   7.0457110e-01   2.7966885e-02   3.6013064e-02   1.5562179e-02   0.0000000e+00   2.6730207e-02   5.0059418e-03   1.8642990e-02   1.3056564e-02   4.4337439e-01   8.8583835e-01   1.6087296e-01
   1.3348176e-01   6.2554822e-01   4.5236861e-03   6.9411621e-03   1.1862425e-03   1.7539035e-03   1.4317414e-03   1.5529769e-03   2.3856917e-03   1.8188823e-04   5.4274743e-01   8.1379512e-01   2.0815708e-01
   1.5165075e-01   5.5736605e-01   3.7672432e-03   1.1909332e-02   2.5208032e-03   5.9683264e-03   0.0000000e+00   2.5797602e-03   4.4313383e-04   0.0000000e+00   6.2264409e-01   7.4633862e-01   2.3601427e-01
   2.0097648e-01   4.9949307e-01   3.5034410e-02   5.3970784e-02   1.4880924e-02   6.4483857e-06   2.8369713e-03   1.0627726e-03   1.0699051e-02   5.4574526e-02   6.7771841e-01   6.7663995e-01   3.1279271e-01
   2.2741312e-01   4.5130575e-01   2.3691835e-02   3.0693821e-02   2.1808466e-02   8.5703131e-05   3.4856649e-02   2.1547310e-03   3.1026284e-02   4.3162137e-02   7.1543825e-01   6.1358427e-01   3.5177730e-01
   2.6193294e-01   4.1066147e-01   1.1564013e-02   8.9044967e-03   1.4606257e-02   4.4145364e-02   4.8445026e-02   5.3485414e-02   0.0000000e+00   1.4374600e-02   7.3807920e-01   5.5536568e-01   4.0304783e-01
   3.3126668e-01   3.4137897e-01   1.3464306e-02   5.1697963e-02   0.0000000e+00   1.7656868e-02   4.1804448e-02   4.4462852e-02   4.9097580e-03   0.0000000e+00   7.5101637e-01   4.4634839e-01   5.0062374e-01
   3.7054742e-01   3.1750864e-01   2.1340276e-02   3.4458001e-02   1.0317414e-03   1.5535973e-02   4.8629870e-02   8.4055579e-02   8.7715570e-03   4.5297726e-04   7.4193618e-01   4.0410993e-01   5.5600426e-01
   4.1478109e-01   2.9478428e-01   0.0000000e+00   5.2647372e-03   5.0218820e-02   3.3670913e-02   1.1946812e-02   0.0000000e+00   2.6731907e-02   0.0000000e+00   7.1465052e-01   3.5678806e-01   6.0916248e-01
   4.6876055e-01   2.7248935e-01   0.0000000e+00   0.0000000e+00   3.9095003e-02   0.0000000e+00   3.5128990e-03   0.0000000e+00   2.7301625e-02   0.0000000e+00   6.7563879e-01   3.0824878e-01   6.7310654e-01
   5.3219283e-01   2.5797439e-01   2.0218570e-02   4.6882335e-03   1.0731485e-02   2.1581970e-03   1.1261021e-03   1.2220802e-03   3.1825959e-04   5.7721710e-03   6.1652423e-01   2.6446804e-01   7.4238024e-01
   6.0436460e-01   2.3859664e-01   0.0000000e+00   2.7318906e-05   3.7984671e-02   1.3627888e-02   0.0000000e+00   2.1422755e-02   3.8973816e-02   5.0986386e-02   5.4517272e-01   2.1446020e-01   8.1807345e-01
   6.8931888e-01   2.1948840e-01   0.0000000e+00   1.4014392e-02   3.6672667e-02   8.5709089e-03   2.1682243e-04   2.3288464e-03   2.6964703e-02   7.3804733e-05   4.4231888e-01   1.5884319e-01   8.8533779e-01
   7.8566264e-01   2.0935704e-01   1.4193579e-02   2.4677676e-02   0.0000000e+00   2.4158131e-03   1.2045818e-02   1.7638478e-02   0.0000000e+00   1.3904757e-02   3.1311083e-01   1.0684863e-01   9.4524008e-01
   8.9094709e-01   2.0582852e-01   0.0000000e+00   0.0000000e+00   0.0000000e+00   1.1059463e-03   0.0000000e+00   6.5836198e-03   1.3671674e-06   6.7403560e-03   1.6164579e-01   5.4163004e-02   9.8545270e-01
   1.0000000e+00   2.9098168e-01   0.0000000e+00   0.0000000e+00   0.0000000e+00   0.0000000e+00   0.0000000e+00   0.0000000e+00   0.0000000e+00   0.0000000e+00   1.0512033e-15   5.1699070e-16   1.0000000e+00
   3.6470910e-02   9.0991740e-01   1.8980826e-02   2.8030015e-05   4.3066764e-03   4.7799518e-03   2.1512737e-03   0.0000000e+00   9.0101739e-03   5.3699409e-03   1.4087102e-01   9.8889155e-01   5.7286603e-02
   1.1478505e-01   7.4270354e-01   1.2383776e-02   1.5260169e-02   4.4937557e-03   2.2300252e-02   6.8131391e-03   0.0000000e+00   1.2066765e-02   7.3770182e-04   3.8729617e-01   9.0551984e-01   1.7952518e-01
   1.5237433e-01   6.7019165e-01   8.3175766e-03   0.0000000e+00   4.7560351e-04   0.0000000e+00   0.0000000e+00   2.3431668e-03   0.0000000e+00   7.0515712e-03   4.8114028e-01   8.4411905e-01   2.3709982e-01
   1.8984988e-01   6.0569537e-01   2.1503609e-02   5.6205510e-02   7.4801698e-03   4.1142716e-02   4.5167698e-02   0.0000000e+00   4.1140037e-03   1.3142945e-02   5.5911837e-01   7.8421929e-01   2.9604790e-01
   2.3216004e-01   5.4911207e-01   2.2795522e-02   6.5883472e-02   1.5238633e-02   3.3828542e-02   5.2534073e-02   6.6039906e-04   9.3967290e-03   7.3291158e-03   6.1328427e-01   7.1603891e-01   3.5990620e-01
   2.6723764e-01   5.0048793e-01   0.0000000e+00   2.4463591e-02   1.4812578e-02   3.5561197e-02   5.7692994e-02   3.3309043e-02   3.9781198e-03   1.6521040e-02   6.4961434e-01   6.5061088e-01   4.1033097e-01
   3.0857586e-01   4.5671533e-01   2.6048708e-02   0.0000000e+00   5.6914889e-03   3.4643233e-02   6.1826375e-02   4.0383879e-02   4.3543221e-03   7.3511252e-02   6.7524161e-01   5.8914171e-01   4.7190989e-01
   3.4825378e-01   4.1993875e-01   7.3780966e-02   2.5633374e-03   1.2506707e-02   5.3457304e-02   8.3695890e-02   2.8643592e-02   0.0000000e+00   5.9965260e-02   6.8831892e-01   5.3380882e-01   5.3050149e-01
   3.9798587e-01   3.8282696e-01   1.0977466e-02   3.8549204e-02   5.9652956e-03   1.3185574e-02   2.8324281e-02   5.6870433e-02   1.7742434e-03   0.0000000e+00   6.7254167e-01   4.6143788e-01   5.8864962e-01
   4.4694596e-01   3.5824922e-01   5.4627097e-02   2.3935533e-02   9.4400586e-03   3.5732305e-02   8.0800831e-02   2.4964268e-03   2.7089869e-02   7.8807936e-02   6.5766175e-01   4.1483219e-01   6.5767692e-01
   5.0236109e-01   3.3435262e-01   3.0467705e-03   0.0000000e+00   3.5772526e-02   2.4608444e-02   1.1274226e-02   0.0000000e+00   2.8481531e-02   1.1421882e-02   6.1133855e-01   3.5426276e-01   7.1182755e-01
   5.6551687e-01   3.1356040e-01   0.0000000e+00   1.3719337e-02   4.0938655e-02   0.0000000e+00   1.3899865e-02   4.9742553e-03   2.3052407e-02   6.5036229e-02   5.5955514e-01   3.0028784e-01   7.8131851e-01
   6.4215078e-01   2.9940102e-01   2.0557691e-02   0.0000000e+00   9.8261731e-03   0.0000000e+00   1.1123071e-03   1.2245104e-03   0.0000000e+00   6.4015853e-03   4.7537573e-01   2.4165292e-01   8.4660964e-01
   7.2313070e-01   2.7330805e-01   2.0109391e-06   0.0000000e+00   2.7348423e-03   1.4384940e-03   3.5160940e-03   2.1014909e-03   3.4331515e-03   2.0005946e-02   3.8325835e-01   1.7545096e-01   9.0730750e-01
   8.0816575e-01   2.6296910e-01   0.0000000e+00   7.3821035e-04   9.2749949e-04   1.6176282e-03   3.4602088e-04   8.7034013e-04   3.2907763e-03   1.6595851e-02   2.7190957e-01   1.1917446e-01   9.5521988e-01
   9.0306259e-01   2.3870106e-01   1.6882941e-05   1.5819232e-03   0.0000000e+00   1.3277573e-04   7.2645990e-05   9.1180570e-04   3.1437762e-05   7.7754189e-03   1.4115225e-01   5.5553247e-02   9.8849255e-01
   0.0000000e+00   1.0000000e+00   0.0000000e+00   0.0000000e+00   0.0000000e+00   0.0000000e+00   0.0000000e+00   0.0000000e+00   0.0000000e+00   0.0000000e+00   6.1232340e-17   1.0000000e+00   0.0000000e+00
   3.6601775e-02   9.2179070e-01   2.0125195e-02   1.0669270e-02   8.9456922e-03   2.3654517e-03   1.6494773e-05   8.4147710e-03   8.7775068e-03   8.9122868e-04   1.2243176e-01   9.9156966e-01   5.7505541e-02
   8.1502437e-02   8.4476696e-01   2.3736046e-02   1.8354891e-02   1.6298397e-02   4.3066267e-03   4.1114724e-02   6.6284834e-04   0.0000000e+00   2.4405782e-02   2.4028562e-01   9.6581715e-01   1.2811745e-01
   1.2585267e-01   7.7226945e-01   9.4967314e-03   0.0000000e+00   4.0472715e-03   4.0967471e-02   4.9147762e-03   0.0000000e+00   1.1319848e-02   0.0000000e+00   3.4398337e-01   9.2023342e-01   1.9678426e-01
   1.7058113e-01   7.0536131e-01   5.3907386e-03   0.0000000e+00   0.0000000e+00   2.6833895e-03   2.5486740e-03   0.0000000e+00   1.5375980e-03   0.0000000e+00   4.3055848e-01   8.6290726e-01   2.6476537e-01
   2.1521558e-01   6.4425210e-01   2.6391349e-02   5.9114996e-02   1.4900417e-02   3.8257267e-02   6.2733639e-02   0.0000000e+00   6.5457901e-03   1.4807348e-02   5.0520634e-01   8.0795586e-01   3.3499860e-01
   3.0504991e-01   5.4221726e-01   2.3139415e-02   6.9679021e-02   1.4487466e-02   3.1073597e-02   3.3004102e-02   0.0000000e+00   1.0469021e-02   1.0178543e-02   5.8911053e-01   6.7292495e-01   4.6467168e-01
   3.5490344e-01   4.9964143e-01   7.4424027e-02   8.6016898e-03   1.1128378e-03   9.0364269e-02   7.2071000e-02   7.9855820e-02   0.0000000e+00   6.9280416e-02   6.1848395e-01   6.1778764e-01   5.4500160e-01
   4.0905061e-01   4.5966850e-01   3.0604800e-03   2.5339506e-02   5.6472986e-05   2.7026052e-03   4.6250076e-02   4.7051122e-02   0.0000000e+00   3.3187600e-02   6.0447162e-01   5.3235427e-01   6.0289010e-01
   4.6341452e-01   4.3012347e-01   5.2351292e-02   2.3090053e-02   1.3184836e-02   1.2594603e-03   8.5138169e-02   9.1821971e-03   5.5921646e-03   8.3008870e-02   5.9285560e-01   4.7515572e-01   6.7710435e-01
   5.2600578e-01   3.9161417e-01   5.2621889e-02   2.7212862e-02   9.3184411e-03   1.4504829e-02   5.1575299e-02   1.2556789e-02   2.4050937e-03   5.7444792e-02   5.5891662e-01   3.9493410e-01   7.4269663e-01
   5.9020140e-01   3.7441248e-01   2.1787554e-02   1.4954352e-02   3.2426697e-02   0.0000000e+00   0.0000000e+00   1.7337996e-03   1.3086642e-02   7.1517998e-02   5.0284303e-01   3.3531813e-01   8.0550482e-01
   6.7053370e-01   3.1962199e-01   0.0000000e+00   4.1085030e-03   9.0494992e-03   6.6094548e-04   1.3668234e-02   3.7404088e-03   3.0445883e-03   1.2476490e-02   4.3387854e-01   2.3819136e-01   8.6945063e-01
   7.4149322e-01   3.3102559e-01   1.9230562e-04   6.2134443e-03   6.6803837e-02   3.3281741e-03   2.4072074e-02   1.1614804e-02   1.1060724e-02   5.0746267e-03   3.4463112e-01   1.9731063e-01   9.2362149e-01
   8.2469163e-01   3.1026929e-01   1.4213380e-04   0.0000000e+00   9.5872974e-03   0.0000000e+00   8.0176801e-03   1.0709329e-04   0.0000000e+00   2.4062033e-02   2.4042451e-01   1.2742846e-01   9.6303115e-01
   9.1215017e-01   2.9292223e-01   4.2499843e-04   2.6709840e-04   8.3749951e-03   2.3389663e-04   8.4281381e-04   0.0000000e+00   8.6604740e-04   5.6411885e-03   1.2326337e-01   6.1089285e-02   9.9059665e-01
   0.0000000e+00   1.0000000e+00   0.0000000e+00   0.0000000e+00   0.0000000e+00   0.0000000e+00   0.0000000e+00   0.0000000e+00   0.0000000e+00   0.0000000e+00   6.1232340e-17   1.0000000e+00   0.0000000e+00
   3.5837006e-02   9.2954626e-01   1.6994081e-02   0.0000000e+00   2.0212602e-04   2.6594651e-03   2.2062348e-03   1.3967775e-03   6.4377861e-03   1.4139561e-03   1.1030594e-01   9.9265168e-01   5.6282388e-02
   8.8147455e-02   8.6166657e-01   2.4891323e-02   1.4483142e-02   2.1567197e-02   6.9454604e-03   3.5469916e-02   2.6675306e-04   5.6449546e-03   1.3804701e-02   2.1412727e-01   9.6986959e-01   1.3840938e-01
   1.3696504e-01   7.9569037e-01   3.5394037e-02   4.4223324e-02   1.9582747e-03   1.1496050e-02   1.8552525e-02   1.3017302e-04   1.3756252e-02   6.9400752e-03   3.0938554e-01   9.3070525e-01   2.1432645e-01
   1.7550816e-01   7.3388022e-01   2.0626207e-02   5.8027689e-03   8.7561996e-03   7.6970393e-05   3.2299583e-03   2.8714843e-03   2.9341041e-03   0.0000000e+00   3.9084222e-01   8.7987944e-01   2.7236189e-01
   2.4020211e-01   6.7748206e-01   4.6950593e-02   2.4844924e-02   5.1221543e-03   2.7676746e-04   1.2177639e-02   1.3281023e-02   0.0000000e+00   2.5765045e-02   4.5281612e-01   8.1600775e-01   3.6983314e-01
   2.9374108e-01   6.2692093e-01   7.7450310e-02   3.9808558e-02   0.0000000e+00   3.5197400e-02   3.0869576e-02   2.6796560e-02   1.6091152e-02   5.6943621e-02   5.0215417e-01   7.5645808e-01   4.5143931e-01
   3.5143596e-01   5.8100100e-01   7.7947671e-04   6.9953993e-02   1.5790338e-02   7.6730062e-03   0.0000000e+00   5.9364158e-03   1.0003228e-02   1.8530356e-02   5.2376572e-01   6.7743147e-01   5.2739972e-01
   4.0854552e-01   5.3710989e-01   3.1267910e-02   0.0000000e+00   1.0493894e-02   3.0755490e-02   4.1614895e-02   7.7915608e-03   8.1463419e-02   4.1415459e-02   5.3895340e-01   6.0575661e-01   6.0588112e-01
   4.6956557e-01   4.9479302e-01   8.4294582e-02   3.4836031e-02   1.1058761e-02   0.0000000e+00   5.0904715e-02   5.5688740e-03   1.2805985e-02   6.7625384e-02   5.3592188e-01   5.2722609e-01   6.8313387e-01
   5.3644134e-01   4.7113083e-01   5.3422041e-02   2.1853443e-02   1.7035734e-02   1.0670576e-04   4.6895033e-02   1.2197772e-02   1.5033875e-02   7.5267087e-02   4.9725280e-01   4.5408246e-01   7.5525561e-01
   6.7815463e-01   4.0912003e-01   3.8384063e-04   5.7332953e-04   1.1891697e-02   4.8312902e-04   5.5560974e-03   0.0000000e+00   1.6550517e-02   1.7557823e-02   3.8797506e-01   2.9046218e-01   8.7556726e-01
   7.5537185e-01   3.8636434e-01   6.4984044e-04   2.0715027e-03   4.1009264e-02   0.0000000e+00   1.2823647e-02   0.0000000e+00   8.7745545e-03   7.2887373e-03   3.0853919e-01   2.1422309e-01   9.2891229e-01
   8.3604859e-01   3.6278956e-01   1.9589942e-04   0.0000000e+00   3.1620705e-02   4.9273012e-05   5.4571817e-03   4.5172722e-04   1.5807724e-02   2.0883975e-02   2.1481562e-01   1.3765021e-01   9.6868026e-01
   9.1888173e-01   3.3937065e-01   1.5249591e-05   0.0000000e+00   0.0000000e+00   1.1998894e-03   9.7172006e-06   8.8997776e-04   0.0000000e+00   1.0315748e-02   1.0945524e-01   6.4585682e-02   9.9200078e-01
   1.0000000e+00   2.9098168e-01   0.0000000e+00   0.0000000e+00   0.0000000e+00   0.0000000e+00   0.0000000e+00   0.0000000e+00   0.0000000e+00   0.0000000e+00   1.0512033e-15   5.1699070e-16   1.0000000e+00
   9.5357971e-02   8.7503913e-01   2.5057424e-02   1.8132855e-02   2.4005898e-02   8.2191107e-03   3.1069908e-02   9.3641337e-08   7.2387741e-03   2.3370473e-02   1.9345648e-01   9.7288394e-01   1.4970068e-01
   1.4920344e-01   8.1511841e-01   4.2023832e-03   1.1774590e-02   2.7097955e-02   1.5442893e-02   3.4445780e-02   3.8624042e-02   7.0886442e-03   4.2760804e-02   2.8010169e-01   9.3723131e-01   2.3354901e-01
   2.0501934e-01   7.6145638e-01   4.7499523e-02   3.6956050e-02   1.3496821e-02   1.6213897e-02   2.2679640e-02   9.4194426e-03   0.0000000e+00   5.5225456e-03   3.4881285e-01   8.8692333e-01   3.1799355e-01
   2.6549828e-01   7.0503923e-01   5.7945384e-02   4.3351686e-02   3.0189625e-03   3.9811178e-03   1.1581321e-03   1.4258899e-02   7.7606123e-03   5.7020153e-03   4.1088953e-01   8.2244578e-01   4.0731122e-01
   3.2989688e-01   6.5795172e-01   3.5348668e-02   1.9099447e-02   1.8474848e-02   5.9920105e-03   1.2843807e-02   1.3960555e-02   6.8088534e-02   3.4636720e-02   4.4825388e-01   7.5242023e-01   4.9937320e-01
   3.9505555e-01   6.1007235e-01   4.5514869e-02   0.0000000e+00   2.1751426e-02   2.4756146e-02   3.9266303e-03   1.8740337e-02   8.9149713e-02   2.2705969e-02   4.7333113e-01   6.7364479e-01   5.8845469e-01
   4.6029194e-01   5.7017805e-01   3.7956990e-03   4.8887376e-03   1.8729222e-02   0.0000000e+00   6.2056946e-02   2.7534480e-02   1.4920323e-02   9.5602909e-03   4.7113771e-01   5.8841316e-01   6.6517071e-01
   5.3585106e-01   5.3453066e-01   0.0000000e+00   1.2318957e-02   3.4918995e-02   5.6293176e-03   2.4288306e-02   1.9843148e-03   2.9640312e-02   3.3786141e-02   4.4662054e-01   4.9790237e-01   7.4878090e-01
   6.8642917e-01   4.6715721e-01   4.1127813e-05   1.2608498e-02   7.4370581e-03   2.3683569e-02   0.0000000e+00   8.0461016e-04   2.6154860e-02   1.3103078e-03   3.5168734e-01   3.1715173e-01   8.8241499e-01
   7.6365541e-01   4.4175857e-01   1.0667315e-03   3.4649105e-03   1.9438806e-02   1.5820621e-02   1.2865224e-02   3.1470985e-03   8.5771269e-03   1.8491975e-02   2.7923046e-01   2.3230173e-01   9.3302318e-01
   8.4387955e-01   4.1060922e-01   4.5635032e-04   5.7498600e-04   1.1295203e-02   4.9187066e-04   6.0440588e-03   0.0000000e+00   1.3408672e-02   1.5952166e-02   1.9412631e-01   1.4604487e-01   9.7066191e-01
   9.2294638e-01   3.8692605e-01   1.7199001e-04   4.8053881e-04   5.8807163e-03   2.3541853e-05   5.4940304e-04   1.2196355e-03   0.0000000e+00   9.0357886e-03   9.9129395e-02   6.8956640e-02   9.9280155e-01
   1.0000000e+00   2.9098168e-01   0.0000000e+00   0.0000000e+00   0.0000000e+00   0.0000000e+00   0.0000000e+00   0.0000000e+00   0.0000000e+00   0.0000000e+00   1.0512033e-15   5.1699070e-16   1.0000000e+00
   0.0000000e+00   1.0000000e+00   0.0000000e+00   0.0000000e+00   0.0000000e+00   0.0000000e+00   0.0000000e+00   0.0000000e+00   0.0000000e+00   0.0000000e+00   6.1232340e-17   1.0000000e+00   0.0000000e+00
   4.5729956e-02   9.4291901e-01   1.7091006e-02   0.0000000e+00   2.0059553e-04   1.8598195e-03   2.7931849e-03   1.0472177e-03   8.6754553e-03   2.2199747e-03   8.9345956e-02   9.9379668e-01   7.1798298e-02
   1.0096667e-01   8.8610958e-01   2.1129190e-02   4.1393375e-03   1.3484732e-02   1.1268017e-02   2.6897680e-02   0.0000000e+00   2.3509763e-03   9.5734265e-03   1.7599255e-01   9.7323818e-01   1.5818563e-01
   1.6103847e-01   8.3069022e-01   1.8435098e-03   1.3748203e-02   3.0364869e-02   1.1176389e-02   3.0642235e-02   2.6742124e-02   8.7364563e-03   5.0251828e-02   2.5586124e-01   9.3927107e-01   2.5164476e-01
   2.2836946e-01   7.7993614e-01   5.0217781e-02   7.3145450e-02   3.1010980e-03   2.0368996e-02   2.1132086e-02   1.2707145e-04   1.7899135e-02   2.9672478e-02   3.2041924e-01   8.8971867e-01   3.5456891e-01
   2.9775866e-01   7.3046197e-01   5.8926354e-02   4.9900454e-02   1.6250791e-03   6.1113024e-03   7.8551758e-03   3.0445173e-02   3.9078782e-03   5.0380607e-03   3.6930571e-01   8.1950654e-01   4.5402095e-01
   3.7028656e-01   6.8496400e-01   3.9683436e-02   6.1681692e-02   7.2189657e-03   1.3630287e-03   3.6523184e-03   1.9631347e-02   1.5163351e-02   5.2616543e-03   3.9922913e-01   7.3980129e-01   5.5274467e-01
   4.4704529e-01   6.4389501e-01   1.4580264e-02   1.7479631e-02   2.2758868e-02   6.1824382e-02   2.2663472e-02   4.8665918e-03   6.3447260e-02   1.0225051e-03   4.0892234e-01   6.5315750e-01   6.5199778e-01
   5.2418507e-01   6.0010164e-01   3.3947293e-04   0.0000000e+00   6.8043731e-02   2.3555922e-02   7.5907821e-03   8.3035513e-03   4.0854332e-02   4.2139480e-02   4.0295120e-01   5.5480099e-01   7.3987534e-01
   6.0472876e-01   5.6143374e-01   4.6112707e-03   7.2881757e-03   4.0802334e-02   0.0000000e+00   2.0100491e-02   5.6234553e-03   6.4989524e-02   1.7448318e-02   3.7229604e-01   4.5209783e-01   8.1881257e-01
   6.8570991e-01   5.2881164e-01   1.7649543e-02   9.5191060e-03   1.4347342e-02   6.7225450e-03   9.9051142e-03   5.5953298e-04   7.6622132e-03   1.0348681e-02   3.1987049e-01   3.5021752e-01   8.8140012e-01
   7.6670707e-01   5.0081127e-01   4.9341716e-04   3.7812689e-03   2.9970298e-02   1.2300463e-02   2.3099111e-02   2.5542810e-03   1.2818283e-02   1.7138710e-02   2.5356125e-01   2.5420832e-01   9.3552844e-01
   9.2510791e-01   4.4198988e-01   1.0784705e-04   7.7828708e-04   2.4133237e-03   3.6896194e-03   3.9145316e-03   5.8894634e-04   8.9808662e-03   0.0000000e+00   9.0210629e-02   7.5104902e-02   9.9320394e-01
   1.0000000e+00   1.9762396e-01   0.0000000e+00   0.0000000e+00   0.0000000e+00   0.0000000e+00   0.0000000e+00   0.0000000e+00   0.0000000e+00   0.0000000e+00   1.1154636e-15   3.5783889e-16   1.0000000e+00
   0.0000000e+00   1.0000000e+00   0.0000000e+00   0.0000000e+00   0.0000000e+00   0.0000000e+00   0.0000000e+00   0.0000000e+00   0.0000000e+00   0.0000000e+00   6.1232340e-17   1.0000000e+00   0.0000000e+00
   1.0876150e-01   8.9626659e-01   2.9262714e-02   4.1136015e-03   0.0000000e+00   8.9067728e-03   1.8208156e-02   2.9280285e-05   2.5562094e-03   9.7428950e-03   1.6008379e-01   9.7373604e-01   1.7024787e-01
   1.7607395e-01   8.4430086e-01   5.2113062e-03   1.4343565e-02   3.0425378e-02   1.1010351e-02   3.2564479e-02   2.3262467e-02   0.0000000e+00   5.1485747e-02   2.3422707e-01   9.3853163e-01   2.7457432e-01
   2.5418297e-01   7.9637892e-01   0.0000000e+00   3.0203581e-03   1.4783765e-02   0.0000000e+00   1.0661954e-02   2.8829949e-03   7.7901176e-04   1.8590084e-02   2.8989236e-01   8.7522633e-01   3.8901608e-01
   3.3363429e-01   7.4953207e-01   4.8600822e-02   4.4929638e-02   6.7094253e-03   1.2220420e-03   2.3314810e-03   1.9926986e-02   3.5404916e-03   4.1296423e-03   3.3352379e-01   8.0352666e-01   5.0284100e-01
   4.1582931e-01   7.0485751e-01   3.7302311e-02   3.1462498e-02   1.2824959e-02   1.9628086e-02   8.8834252e-04   7.8544509e-03   8.5752129e-02   4.9719021e-04   3.5880318e-01   7.1767609e-01   6.1400560e-01
   5.0347913e-01   6.6735643e-01   5.5711786e-03   1.5526293e-02   1.5660287e-02   1.4956840e-03   6.0409645e-03   0.0000000e+00   4.8177254e-03   2.1137342e-02   3.5131600e-01   6.1002258e-01   7.1169005e-01
   5.9131523e-01   6.3081476e-01   8.0761757e-03   3.9231072e-03   5.3138383e-02   1.3813556e-04   2.4558954e-02   2.0793788e-02   3.9146340e-02   2.3103125e-02   3.3006645e-01   5.0388231e-01   8.0573376e-01
   6.7816006e-01   5.9058104e-01   3.0906856e-03   1.7266862e-02   2.2965939e-02   7.1905361e-04   1.8303955e-04   6.2029487e-03   1.8021023e-02   0.0000000e+00   2.9076871e-01   3.8800460e-01   8.7595962e-01
   7.6319633e-01   5.5768049e-01   1.3301994e-03   6.2424900e-03   2.7379400e-02   1.8165607e-02   5.7678726e-03   2.9421472e-03   9.4935491e-03   1.0369611e-03   2.3298332e-01   2.7954839e-01   9.3278079e-01
   8.4711297e-01   5.3186978e-01   2.6221475e-05   2.1871001e-02   4.7077246e-03   3.4368853e-03   3.7608463e-03   8.3475113e-04   1.6327216e-02   2.8698308e-03   1.5968834e-01   1.7653402e-01   9.7208022e-01
   9.2613610e-01   4.9369000e-01   9.1463567e-05   1.9971257e-03   2.6698530e-03   7.0267065e-03   0.0000000e+00   8.7544303e-04   1.5851589e-03   2.9823139e-03   8.2671545e-02   8.1048741e-02   9.9334882e-01
   1.0000000e+00   1.9762396e-01   0.0000000e+00   0.0000000e+00   0.0000000e+00   0.0000000e+00   0.0000000e+00   0.0000000e+00   0.0000000e+00   0.0000000e+00   1.1154636e-15   3.5783889e-16   1.0000000e+00
   0.0000000e+00   1.0000000e+00   0.0000000e+00   0.0000000e+00   0.0000000e+00   0.0000000e+00   0.0000000e+00   0.0000000e+00   0.0000000e+00   0.0000000e+00   6.1232340e-17   1.0000000e+00   0.0000000e+00
   1.2351282e-01   9.0418488e-01   2.7294295e-02   4.9238660e-03   0.0000000e+00   8.1228336e-03   2.3363684e-02   4.6498497e-06   1.0918951e-03   1.2229155e-02   1.4735074e-01   9.7163185e-01   1.9309395e-01
   2.8070632e-01   8.1295186e-01   4.0958075e-02   1.4180070e-04   9.3459464e-03   1.0531939e-03   1.0876934e-03   0.0000000e+00   0.0000000e+00   0.0000000e+00   2.6236866e-01   8.6712874e-01   4.2753714e-01
   3.7337559e-01   7.6643119e-01   4.5943170e-02   0.0000000e+00   9.2079094e-03   1.1573140e-03   1.9199558e-03   3.1316881e-03   2.2526079e-03   1.4287610e-03   2.9942922e-01   7.7917822e-01   5.5467411e-01
   4.7000045e-01   7.2624558e-01   9.5070716e-03   1.1434240e-02   4.8754772e-02   0.0000000e+00   1.4167656e-02   5.4989423e-03   4.6400972e-03   1.1681752e-02   3.0925981e-01   6.7430328e-01   6.7502340e-01
   5.6706461e-01   6.8800306e-01   4.2125869e-03   2.0337017e-02   2.8772003e-02   8.2166786e-05   8.4333352e-03   0.0000000e+00   2.0330295e-03   1.9215718e-02   2.9649647e-01   5.5576180e-01   7.7886386e-01
   6.6286708e-01   6.4967791e-01   1.3139493e-03   1.9535581e-02   3.2777642e-02   2.7564782e-02   7.2704326e-03   1.4130618e-05   4.0822699e-03   3.4583296e-03   2.6477049e-01   4.3157590e-01   8.6500994e-01
   7.5607349e-01   6.1402107e-01   0.0000000e+00   3.4127883e-03   4.1824672e-02   0.0000000e+00   1.0226650e-02   6.9362558e-05   1.4073967e-02   2.1578270e-02   2.1356953e-01   3.0799574e-01   9.2983415e-01
   8.4382745e-01   5.8474084e-01   8.4474908e-05   6.4217904e-03   1.9869855e-02   3.0121001e-03   7.6354312e-03   8.8361034e-04   1.7328709e-02   4.6581662e-03   1.4754057e-01   1.9316137e-01   9.7086226e-01
   9.2522403e-01   5.5005124e-01   1.6888287e-04   6.4172637e-03   6.7546925e-03   7.5548491e-04   3.5806183e-03   1.5884626e-03   7.3659450e-03   8.2895781e-03   7.6117475e-02   8.9136638e-02   9.9333393e-01
   1.0000000e+00   1.9762396e-01   0.0000000e+00   0.0000000e+00   0.0000000e+00   0.0000000e+00   0.0000000e+00   0.0000000e+00   0.0000000e+00   0.0000000e+00   1.1154636e-15   3.5783889e-16   1.0000000e+00
   6.1839656e-02   9.5577901e-01   8.5765142e-03   0.0000000e+00   9.2161373e-03   3.0329616e-03   5.5116863e-03   0.0000000e+00   2.4928605e-02   1.2200510e-03   6.9135839e-02   9.9370086e-01   9.7064441e-02
   1.3729422e-01   9.1006008e-01   2.6321373e-02   4.8339088e-03   3.3184868e-03   7.9519876e-03   3.5598340e-02   4.9731696e-06   1.1395840e-03   1.0720107e-02   1.3784501e-01   9.6920522e-01   2.1445861e-01
   3.2062541e-01   8.2486466e-01   2.0066651e-02   2.8950605e-02   1.8082736e-03   1.2513119e-03   3.5606567e-02   4.6021568e-03   6.4443833e-02   3.5289294e-02   2.3980308e-01   8.4958620e-01   4.8644289e-01
   4.2321731e-01   7.8229399e-01   4.5828974e-03   1.6500420e-02   3.0580817e-02   4.1066814e-03   0.0000000e+00   1.1771092e-04   0.0000000e+00   1.3235010e-02   2.6430763e-01   7.4252695e-01   6.1776874e-01
   5.3163058e-01   7.4447188e-01   0.0000000e+00   3.3469576e-02   5.1460805e-02   2.5827636e-03   0.0000000e+00   6.4793587e-04   4.8637964e-03   1.8495106e-02   2.6328508e-01   6.2033510e-01   7.4442258e-01
   6.3871032e-01   7.0615180e-01   2.4087906e-02   7.0745181e-03   2.7592104e-02   1.1239735e-02   5.8645449e-03   6.6530986e-03   9.9125343e-03   3.3980237e-03   2.3980530e-01   4.8210526e-01   8.4467961e-01
   9.2237329e-01   6.0563678e-01   1.1013262e-04   6.8037977e-03   9.3956198e-03   2.1298946e-03   2.2876382e-03   1.3411053e-03   1.1786780e-02   7.8208797e-03   7.0644929e-02   9.9067271e-02   9.9291872e-01
   1.0000000e+00   1.9430760e-01   0.0000000e+00   0.0000000e+00   0.0000000e+00   0.0000000e+00   0.0000000e+00   0.0000000e+00   0.0000000e+00   0.0000000e+00   2.7018433e-16   8.5124944e-17   1.0000000e+00
   7.0019024e-02   9.5819573e-01   1.3626948e-03   0.0000000e+00   1.5563285e-02   1.8996984e-04   3.8642995e-03   3.8091832e-08   2.2700426e-02   0.0000000e+00   6.5272820e-02   9.9258348e-01   1.0984901e-01
   1.5372814e-01   9.1791476e-01   7.6845527e-03   5.4403349e-03   1.8310250e-02   2.1082268e-03   6.5202025e-03   0.0000000e+00   1.6073076e-02   1.1991044e-02   1.2496054e-01   9.6376650e-01   2.3934443e-01
   2.5278989e-01   8.7689346e-01   3.2020099e-02   6.0232265e-03   1.0457131e-02   1.0097911e-03   2.3186366e-04   0.0000000e+00   5.4693202e-03   0.0000000e+00   1.7743313e-01   9.0609275e-01   3.8719331e-01
   4.8387260e-01   7.9655210e-01   4.6668731e-03   0.0000000e+00   2.4728913e-02   1.4447108e-04   0.0000000e+00   4.3747674e-03   0.0000000e+00   1.8656903e-02   2.2793057e-01   6.8878256e-01   6.8965812e-01
   6.0424643e-01   7.5837351e-01   0.0000000e+00   2.1982753e-02   3.8738656e-02   0.0000000e+00   0.0000000e+00   2.7367334e-03   8.4323684e-03   1.5815141e-02   2.1626857e-01   5.4218084e-01   8.1479965e-01
   7.1947057e-01   7.2312929e-01   2.7698753e-03   0.0000000e+00   3.7196076e-02   5.5838652e-03   0.0000000e+00   3.1979409e-04   3.5470291e-02   1.7613375e-02   1.8024657e-01   3.8798232e-01   9.0717781e-01
   8.2695743e-01   6.8769647e-01   1.1783914e-06   0.0000000e+00   1.6076063e-02   3.6762805e-03   3.4459961e-03   1.1491373e-03   3.7806841e-02   1.9212923e-02   1.2675102e-01   2.3731061e-01   9.6529243e-01
   9.1970503e-01   6.6110754e-01   0.0000000e+00   7.6576129e-03   8.4762891e-03   2.0499343e-03   1.3976134e-02   2.0690771e-03   1.5868739e-02   1.2179000e-02   6.3892224e-02   1.0846608e-01   9.9278514e-01
   1.0000000e+00   1.9430760e-01   0.0000000e+00   0.0000000e+00   0.0000000e+00   0.0000000e+00   0.0000000e+00   0.0000000e+00   0.0000000e+00   0.0000000e+00   2.7018433e-16   8.5124944e-17   1.0000000e+00
   0.0000000e+00   1.0000000e+00   0.0000000e+00   0.0000000e+00   0.0000000e+00   0.0000000e+00   0.0000000e+00   0.0000000e+00   0.0000000e+00   0.0000000e+00   2.8327694e-16   1.0000000e+00   0.0000000e+00
   1.7566890e-01   9.2136401e-01   6.2265375e-03   2.1551691e-03   1.5695555e-02   2.1687845e-03   0.0000000e+00   2.8739031e-03   5.8030494e-03   1.3296470e-02   1.1860711e-01   9.5532871e-01   2.7259139e-01
   4.2078355e-01   8.4786916e-01   1.2377894e-02   8.7148686e-03   3.0953696e-05   0.0000000e+00   5.5875164e-02   3.3868154e-04   0.0000000e+00   3.9410239e-02   1.8776635e-01   7.7072933e-01   6.1688987e-01
   5.5941796e-01   8.2817900e-01   3.3782553e-02   1.0522983e-02   7.8125990e-03   3.3449726e-03   4.3042680e-02   6.7476596e-03   4.0096344e-02   1.6528356e-02   1.7101306e-01   6.1816578e-01   7.7385935e-01
   6.8898623e-01   7.7897791e-01   6.7331517e-03   3.8881078e-04   2.8504777e-02   0.0000000e+00   2.3519960e-02   3.4383788e-05   5.0564500e-02   6.4535704e-03   1.6033115e-01   4.4310350e-01   8.8655993e-01
   8.0814120e-01   7.4114777e-01   5.5160015e-06   8.4984334e-03   2.3941526e-02   6.4654841e-04   2.0068839e-02   1.9831482e-04   3.6696329e-02   5.8269320e-03   1.1767916e-01   2.7329128e-01   9.5725013e-01
   9.1293420e-01   7.2091203e-01   1.1572050e-05   7.2541186e-03   8.5735197e-03   1.6475789e-03   1.2426910e-02   1.3056437e-03   1.4626074e-02   1.1173086e-02   5.7908654e-02   1.2352117e-01   9.9128047e-01
   0.0000000e+00   1.0000000e+00   0.0000000e+00   0.0000000e+00   0.0000000e+00   0.0000000e+00   0.0000000e+00   0.0000000e+00   0.0000000e+00   0.0000000e+00   5.0532155e-16   1.0000000e+00   0.0000000e+00
   8.9344880e-02   9.6553217e-01   6.4913601e-03   3.6994321e-03   1.7745873e-02   1.5354248e-03   6.9138968e-03   6.3742561e-06   1.1078098e-02   5.5055851e-03   5.3614192e-02   9.8928468e-01   1.3996265e-01
   2.0329481e-01   9.3162350e-01   5.8293514e-03   4.7277447e-03   1.6078019e-02   9.4600129e-04   7.6432034e-03   4.7605251e-05   1.9546737e-02   1.6594675e-02   1.0188466e-01   9.4494718e-01   3.1425887e-01
   3.4015317e-01   8.9350317e-01   2.6205308e-02   8.4777733e-04   1.5517265e-02   2.5950509e-03   1.8776764e-03   0.0000000e+00   0.0000000e+00   3.0637426e-03   1.4343388e-01   8.4941007e-01   5.0973119e-01
   4.9266602e-01   8.5257773e-01   5.8501475e-03   1.4212963e-02   4.8566801e-04   1.9713278e-03   5.0059499e-02   1.5183188e-02   2.6431399e-02   1.5110340e-02   1.6478496e-01   6.9883230e-01   7.0164245e-01
   6.4513257e-01   8.1841771e-01   2.8774114e-02   1.0598693e-02   6.4064826e-03   2.8226005e-03   4.3361112e-02   5.7208044e-03   3.9928226e-02   9.7352964e-03   1.4953249e-01   5.0995983e-01   8.5251662e-01
   7.8525443e-01   7.9115647e-01   0.0000000e+00   0.0000000e+00   3.0862545e-02   0.0000000e+00   2.4349491e-02   1.7196387e-05   4.2292116e-02   4.8695385e-03   1.0699304e-01   3.1436340e-01   9.4681301e-01
   9.0330899e-01   7.6302276e-01   1.0619091e-04   5.4326574e-03   2.9943132e-03   0.0000000e+00   0.0000000e+00   1.7959083e-03   8.1525647e-03   6.0379671e-03   5.5036131e-02   1.4095715e-01   9.8863107e-01
   1.0000000e+00   1.5416509e-01   0.0000000e+00   0.0000000e+00   0.0000000e+00   0.0000000e+00   0.0000000e+00   0.0000000e+00   0.0000000e+00   0.0000000e+00   5.9445691e-17   1.4683641e-17   1.0000000e+00
   1.0494619e-01   9.6756884e-01   7.2746140e-03   4.0986484e-03   1.4439761e-02   1.4192193e-03   6.7589242e-03   1.8165895e-04   7.6867120e-03   4.1487931e-03   5.0250592e-02   9.8555970e-01   1.6416947e-01
   2.4047685e-01   9.3346233e-01   2.5277245e-02   1.2183406e-04   9.7527160e-03   3.4313013e-03   1.5143383e-03   3.3412317e-04   3.6628688e-03   0.0000000e+00   9.7045800e-02   9.2513236e-01   3.6910180e-01
   4.0694938e-01   9.1827978e-01   1.6071235e-02   2.7901417e-03   1.0253616e-02   2.5427906e-03   1.6656329e-04   2.6974448e-06   4.1692558e-02   5.1767763e-03   1.0295778e-01   7.9765509e-01   5.9785967e-01
   5.8449952e-01   8.7290977e-01   5.8740783e-03   2.0882373e-02   4.5880123e-04   1.9674087e-03   4.8575843e-02   1.6884540e-02   2.7926691e-02   1.5647835e-02   1.2093386e-01   5.9771243e-01   7.9775952e-01
   0.0000000e+00   1.0000000e+00   0.0000000e+00   0.0000000e+00   0.0000000e+00   0.0000000e+00   0.0000000e+00   0.0000000e+00   0.0000000e+00   0.0000000e+00   5.0532155e-16   1.0000000e+00   0.0000000e+00
   1.2491994e-01   9.6898958e-01   0.0000000e+00   3.9292072e-03   1.7081018e-02   1.5540200e-03   1.0651339e-02   0.0000000e+00   8.1814711e-03   4.1031331e-03   4.7781593e-02   9.8014294e-01   1.9506580e-01
   2.9313382e-01   9.3337683e-01   1.9990616e-02   0.0000000e+00   4.9401554e-03   1.1441953e-03   1.5856690e-03   3.0117115e-05   2.3795755e-02   4.5387500e-03   9.3676012e-02   8.9185394e-01   4.4480533e-01
   4.9645070e-01   9.0027116e-01   1.3920091e-02   1.9007135e-02   4.2331337e-03   5.1282113e-04   4.4663299e-02   1.8714906e-02   2.1094230e-02   1.9859962e-03   1.1130524e-01   7.0469620e-01   7.0552118e-01
   7.0273297e-01   8.8794379e-01   7.7889127e-03   1.9849314e-02   2.0965249e-03   1.6090062e-03   4.9777152e-02   1.3554107e-02   2.8018006e-02   0.0000000e+00   7.9135807e-02   4.4493790e-01   8.9643702e-01
   1.0000000e+00   1.5416509e-01   0.0000000e+00   0.0000000e+00   0.0000000e+00   0.0000000e+00   0.0000000e+00   0.0000000e+00   0.0000000e+00   0.0000000e+00   5.9445691e-17   1.4683641e-17   1.0000000e+00
   0.0000000e+00   1.0000000e+00   0.0000000e+00   0.0000000e+00   0.0000000e+00   0.0000000e+00   0.0000000e+00   0.0000000e+00   0.0000000e+00   0.0000000e+00   5.0532155e-16   1.0000000e+00   0.0000000e+00
   1.5581610e-01   9.7430320e-01   9.4766804e-03   3.2659903e-03   1.4049252e-02   1.2230867e-03   1.1067766e-02   9.4542476e-04   1.4952762e-02   8.3716150e-03   3.9178864e-02   9.7010087e-01   2.4249259e-01
   3.7364324e-01   9.6192460e-01   2.4416244e-03   3.4743282e-03   1.9509508e-02   1.4419234e-03   0.0000000e+00   1.2929505e-03   1.4623139e-02   0.0000000e+00   4.9800800e-02   8.3167516e-01   5.5413822e-01
   6.2575343e-01   9.8140996e-01   9.5412894e-03   1.3821365e-02   9.8135476e-04   9.4297603e-04   4.5168860e-02   7.2684577e-03   2.6872702e-02   8.2272975e-03   1.6243526e-02   5.5610490e-01   8.3476172e-01
   1.0000000e+00   1.5416509e-01   0.0000000e+00   0.0000000e+00   0.0000000e+00   0.0000000e+00   0.0000000e+00   0.0000000e+00   0.0000000e+00   0.0000000e+00   5.9445691e-17   1.4683641e-17   1.0000000e+00
   0.0000000e+00   1.0000000e+00   0.0000000e+00   0.0000000e+00   0.0000000e+00   0.0000000e+00   0.0000000e+00   0.0000000e+00   0.0000000e+00   0.0000000e+00   5.0532155e-16   1.0000000e+00   0.0000000e+00
   2.0375345e-01   9.7250498e-01   1.2797658e-02   4.4670729e-03   1.8305378e-02   9.9590393e-04   1.2910700e-02   0.0000000e+00   1.3009497e-02   4.7653179e-03   4.1019117e-02   9.4916598e-01   3.1489530e-01
   4.9881527e-01   9.4293090e-01   2.2309574e-03   0.0000000e+00   1.3245426e-02   1.2953618e-03   2.0446884e-02   2.6719491e-03   1.4915144e-02   7.1265480e-03   6.3476512e-02   7.0619822e-01   7.0641114e-01
   7.9599642e-01   9.9051565e-01   2.4794798e-02   1.3335928e-02   3.4004847e-04   8.0068650e-03   5.2556360e-02   2.9289122e-03   2.8395336e-02   2.3628357e-02   4.7159934e-03   3.1652922e-01   9.5383244e-01
   1.0000000e+00   1.5416509e-01   0.0000000e+00   0.0000000e+00   0.0000000e+00   0.0000000e+00   0.0000000e+00   0.0000000e+00   0.0000000e+00   0.0000000e+00   5.9445691e-17   1.4683641e-17   1.0000000e+00
   0.0000000e+00   1.0000000e+00   0.0000000e+00   0.0000000e+00   0.0000000e+00   0.0000000e+00   0.0000000e+00   0.0000000e+00   0.0000000e+00   0.0000000e+00   5.0532155e-16   1.0000000e+00   0.0000000e+00
   7.0498603e-01   9.5442966e-01   2.5232868e-04   2.2050133e-02   3.2016188e-03   2.8610710e-03   5.1820288e-02   0.0000000e+00   1.9613285e-02   2.5944176e-02   3.2105390e-02   4.4774745e-01   8.9833467e-01
   1.0000000e+00   1.5416509e-01   0.0000000e+00   0.0000000e+00   0.0000000e+00   0.0000000e+00   0.0000000e+00   0.0000000e+00   0.0000000e+00   0.0000000e+00   5.9445691e-17   1.4683641e-17   1.0000000e+00
   0.0000000e+00   1.0000000e+00   0.0000000e+00   0.0000000e+00   0.0000000e+00   0.0000000e+00   0.0000000e+00   0.0000000e+00   0.0000000e+00   0.0000000e+00   5.0532155e-16   1.0000000e+00   0.0000000e+00
   4.9938478e-01   9.7987667e-01   2.5737366e-03   4.5392885e-03   1.3657487e-02   1.4644286e-03   5.6782118e-03   4.4712727e-03   1.6952210e-02   2.6573569e-03   2.2381848e-02   7.0783420e-01   7.0682053e-01
   1.0000000e+00   1.5416509e-01   0.0000000e+00   0.0000000e+00   0.0000000e+00   0.0000000e+00   0.0000000e+00   0.0000000e+00   0.0000000e+00   0.0000000e+00   5.9445691e-17   1.4683641e-17   1.0000000e+00
   0.0000000e+00   1.0000000e+00   0.0000000e+00   0.0000000e+00   0.0000000e+00   0.0000000e+00   0.0000000e+00   0.0000000e+00   0.0000000e+00   0.0000000e+00   5.0532155e-16   1.0000000e+00   0.0000000e+00
   1.0000000e+00   1.5416509e-01   0.0000000e+00   0.0000000e+00   0.0000000e+00   0.0000000e+00   0.0000000e+00   0.0000000e+00   0.0000000e+00   0.0000000e+00   5.9445691e-17   1.4683641e-17   1.0000000e+00
   5.0260876e-01   1.0000000e+00   2.5991796e-02   2.7769240e-04   1.2499512e-03   1.1799780e-04   6.0880503e-02   3.5261923e-03   4.7283318e-02   0.0000000e+00   4.3405976e-17   7.0887339e-01   7.1470702e-01
