   0.0000000e+00   4.9910712e-01   2.4762876e-02   3.0795044e-02   7.6980399e-03   1.9607811e-02   3.8366501e-02   9.8359937e-03   3.1426726e-03   4.0140400e-04   7.1063567e-01   7.0864508e-01   0.0000000e+00
   0.0000000e+00   0.0000000e+00   0.0000000e+00   0.0000000e+00   0.0000000e+00   0.0000000e+00   0.0000000e+00   0.0000000e+00   2.8157187e-12   0.0000000e+00   1.0000000e+00   0.0000000e+00   0.0000000e+00
   0.0000000e+00   0.0000000e+00   0.0000000e+00   0.0000000e+00   0.0000000e+00   0.0000000e+00   0.0000000e+00   0.0000000e+00   2.8157187e-12   0.0000000e+00   1.0000000e+00   0.0000000e+00   0.0000000e+00
   0.0000000e+00   0.0000000e+00   0.0000000e+00   0.0000000e+00   0.0000000e+00   0.0000000e+00   0.0000000e+00   0.0000000e+00   2.8157187e-12   0.0000000e+00   1.0000000e+00   0.0000000e+00   0.0000000e+00
   0.0000000e+00   0.0000000e+00   0.0000000e+00   0.0000000e+00   0.0000000e+00   0.0000000e+00   0.0000000e+00   0.0000000e+00   2.8157187e-12   0.0000000e+00   1.0000000e+00   0.0000000e+00   0.0000000e+00
   0.0000000e+00   0.0000000e+00   0.0000000e+00   0.0000000e+00   0.0000000e+00   0.0000000e+00   0.0000000e+00   0.0000000e+00   2.8864351e-12   0.0000000e+00   1.0000000e+00   0.0000000e+00   0.0000000e+00
   0.0000000e+00   0.0000000e+00   0.0000000e+00   0.0000000e+00   0.0000000e+00   0.0000000e+00   0.0000000e+00   0.0000000e+00   3.0495724e-12   0.0000000e+00   1.0000000e+00   0.0000000e+00   0.0000000e+00
   0.0000000e+00   0.0000000e+00   0.0000000e+00   0.0000000e+00   0.0000000e+00   0.0000000e+00   0.0000000e+00   0.0000000e+00   3.0495724e-12   0.0000000e+00   1.0000000e+00   0.0000000e+00   0.0000000e+00
   0.0000000e+00   0.0000000e+00   0.0000000e+00   0.0000000e+00   0.0000000e+00   0.0000000e+00   0.0000000e+00   0.0000000e+00   3.0495724e-12   0.0000000e+00   1.0000000e+00   0.0000000e+00   0.0000000e+00
   0.0000000e+00   0.0000000e+00   0.0000000e+00   0.0000000e+00   0.0000000e+00   0.0000000e+00   0.0000000e+00   0.0000000e+00   3.0495724e-12   0.0000000e+00   1.0000000e+00   0.0000000e+00   0.0000000e+00
   0.0000000e+00   0.0000000e+00   0.0000000e+00   0.0000000e+00   0.0000000e+00   0.0000000e+00   0.0000000e+00   0.0000000e+00   3.0495724e-12   0.0000000e+00   1.0000000e+00   0.0000000e+00   0.0000000e+00
   0.0000000e+00   0.0000000e+00   0.0000000e+00   0.0000000e+00   0.0000000e+00   0.0000000e+00   0.0000000e+00   0.0000000e+00   2.9546668e-12   0.0000000e+00   1.0000000e+00   0.0000000e+00   0.0000000e+00
   0.0000000e+00   0.0000000e+00   0.0000000e+00   0.0000000e+00   0.0000000e+00   0.0000000e+00   0.0000000e+00   0.0000000e+00   2.9546668e-12   0.0000000e+00   1.0000000e+00   0.0000000e+00   0.0000000e+00
   0.0000000e+00   0.0000000e+00   0.0000000e+00   0.0000000e+00   0.0000000e+00   0.0000000e+00   0.0000000e+00   0.0000000e+00   2.9546668e-12   0.0000000e+00   1.0000000e+00   0.0000000e+00   0.0000000e+00
   0.0000000e+00   0.0000000e+00   0.0000000e+00   0.0000000e+00   0.0000000e+00   0.0000000e+00   0.0000000e+00   0.0000000e+00   2.9607010e-12   0.0000000e+00   1.0000000e+00   0.0000000e+00   0.0000000e+00
   0.0000000e+00   0.0000000e+00   0.0000000e+00   0.0000000e+00   0.0000000e+00   0.0000000e+00   0.0000000e+00   0.0000000e+00   2.9607010e-12   0.0000000e+00   1.0000000e+00   0.0000000e+00   0.0000000e+00
   0.0000000e+00   0.0000000e+00   0.0000000e+00   0.0000000e+00   0.0000000e+00   0.0000000e+00   0.0000000e+00   0.0000000e+00   2.9607010e-12   0.0000000e+00   1.0000000e+00   0.0000000e+00   0.0000000e+00
   0.0000000e+00   0.0000000e+00   0.0000000e+00   0.0000000e+00   0.0000000e+00   0.0000000e+00   0.0000000e+00   0.0000000e+00   2.9607010e-12   0.0000000e+00   1.0000000e+00   0.0000000e+00   0.0000000e+00
   0.0000000e+00   0.0000000e+00   0.0000000e+00   0.0000000e+00   0.0000000e+00   0.0000000e+00   0.0000000e+00   0.0000000e+00   2.9607010e-12   0.0000000e+00   1.0000000e+00   0.0000000e+00   0.0000000e+00
   0.0000000e+00   0.0000000e+00   0.0000000e+00   0.0000000e+00   0.0000000e+00   0.0000000e+00   0.0000000e+00   0.0000000e+00   2.9607010e-12   0.0000000e+00   1.0000000e+00   0.0000000e+00   0.0000000e+00
   0.0000000e+00   0.0000000e+00   0.0000000e+00   0.0000000e+00   0.0000000e+00   0.0000000e+00   0.0000000e+00   0.0000000e+00   2.9607010e-12   0.0000000e+00   1.0000000e+00   0.0000000e+00   0.0000000e+00
   0.0000000e+00   0.0000000e+00   0.0000000e+00   0.0000000e+00   0.0000000e+00   0.0000000e+00   0.0000000e+00   0.0000000e+00   2.9448327e-12   0.0000000e+00   1.0000000e+00   0.0000000e+00   0.0000000e+00
   1.9228359e-02   5.0020876e-01   4.2868557e-02   1.9541102e-03   1.3751901e-04   1.1777129e-03   0.0000000e+00   2.1287896e-02   1.5556924e-02   3.1759123e-03   7.0835291e-01   7.0881763e-01   3.0276198e-02
   2.6608815e-02   2.0454814e-01   3.4527114e-05   1.2312238e-03   0.0000000e+00   1.6502590e-03   3.5960400e-03   2.0831301e-03   2.7139904e-04   1.4088343e-04   9.4801639e-01   3.1553460e-01   4.1785763e-02
   2.5500907e-02   1.5573090e-01   7.2243222e-05   1.2141162e-03   1.2830253e-05   1.5172593e-03   3.5848587e-03   2.1039466e-03   2.0531312e-04   1.0735547e-04   9.6947124e-01   2.4199996e-01   4.0046866e-02
   3.1521149e-02   1.2484395e-01   4.2443166e-04   1.2964483e-03   1.2014681e-04   1.3885064e-03   2.8789119e-03   1.2911712e-03   4.5833588e-04   0.0000000e+00   9.7964471e-01   1.9461382e-01   4.9493769e-02
   3.3873962e-02   1.0423828e-01   2.7485175e-05   2.5112548e-04   0.0000000e+00   4.6562393e-04   2.5213157e-03   3.2872980e-03   2.5797233e-04   2.2509688e-04   9.8524596e-01   1.6277862e-01   5.3184925e-02
   3.5320086e-02   9.0256554e-02   5.0886818e-05   6.2787190e-04   0.0000000e+00   8.1191213e-04   3.0414050e-03   2.7850053e-03   3.9495914e-04   1.5067867e-04   9.8846161e-01   1.4108536e-01   5.5453214e-02
   3.7743221e-02   7.8824669e-02   3.9386316e-05   5.3208553e-04   0.0000000e+00   9.3936909e-04   3.3539493e-03   2.1542027e-03   3.6428545e-04   1.5352353e-04   9.9061795e-01   1.2328651e-01   5.9253207e-02
   3.9900215e-02   7.0238411e-02   0.0000000e+00   3.1978771e-04   1.8480537e-04   3.4624899e-04   2.0239968e-03   2.4594152e-03   0.0000000e+00   4.5990189e-04   9.9197881e-01   1.0989151e-01   6.2634751e-02
   4.4901337e-02   6.2993970e-02   0.0000000e+00   1.6064396e-03   1.3001034e-04   1.8498769e-04   7.9917659e-03   2.9767035e-03   8.4967762e-04   2.8340846e-04   9.9270987e-01   9.8551189e-02   7.0477761e-02
   4.8268779e-02   5.7142567e-02   1.3273500e-06   0.0000000e+00   9.8296642e-05   0.0000000e+00   4.4090644e-03   2.4556892e-03   1.4767986e-04   4.2400307e-04   9.9313841e-01   8.9383619e-02   7.5749741e-02
   5.7255257e-02   4.7370738e-02   1.0954109e-05   8.8091098e-03   4.1893178e-04   0.0000000e+00   4.0621581e-03   2.4869952e-03   0.0000000e+00   1.3726292e-04   9.9330230e-01   7.4048122e-02   8.9824178e-02
   6.8942250e-02   4.1236671e-02   2.1558840e-03   1.1777386e-02   3.3551658e-04   3.8287161e-04   4.9255215e-03   1.6834639e-03   0.0000000e+00   1.9531722e-04   9.9222645e-01   6.4360924e-02   1.0810114e-01
   7.8843898e-02   3.3593522e-02   1.3040822e-03   3.8852787e-03   0.0000000e+00   4.5450559e-05   5.7651023e-04   0.0000000e+00   0.0000000e+00   0.0000000e+00   9.9097637e-01   5.2341008e-02   1.2353346e-01
   1.0444385e-01   3.3289902e-02   1.2525331e-03   9.2536533e-03   1.0686032e-03   1.2285073e-02   1.0833985e-03   0.0000000e+00   6.1042172e-03   6.8236188e-03   9.8554324e-01   5.1582713e-02   1.6337800e-01
   1.2522623e-01   3.1775839e-02   0.0000000e+00   8.4995255e-03   8.8928440e-04   6.6027210e-03   4.9247928e-03   0.0000000e+00   9.0928363e-03   9.5051425e-03   9.7980197e-01   4.8945874e-02   1.9550020e-01
   1.5578173e-01   3.0314189e-02   0.0000000e+00   7.5818039e-03   1.8983154e-03   5.7928012e-03   5.3674288e-03   4.0953250e-03   1.2074011e-02   1.0670403e-02   9.6949750e-01   4.6199890e-02   2.4236347e-01
   2.0406849e-01   2.8438352e-02   1.4943698e-04   9.1356918e-03   1.0877515e-03   5.4438532e-03   6.5394219e-03   0.0000000e+00   1.1426344e-02   1.3220282e-02   9.4855390e-01   4.2400924e-02   3.1523433e-01
   2.9483692e-01   2.7305802e-02   0.0000000e+00   1.4309520e-02   7.3533340e-04   2.4929299e-03   5.6304481e-03   3.7511566e-04   9.7737777e-03   1.3063265e-02   8.9429172e-01   3.8381370e-02   4.4697708e-01
   5.0008339e-01   8.4415023e-03   1.7303726e-04   5.6093260e-04   1.1556173e-02   1.4419991e-02   6.7748622e-03   0.0000000e+00   2.8182496e-04   1.2757528e-02   7.0734121e-01   9.3798099e-03   7.0758876e-01
   1.0000000e+00   6.0610545e-01   0.0000000e+00   0.0000000e+00   0.0000000e+00   0.0000000e+00   0.0000000e+00   0.0000000e+00   0.0000000e+00   0.0000000e+00   3.5514728e-17   4.9880894e-17   1.0000000e+00
   0.0000000e+00   1.0000000e+00   0.0000000e+00   0.0000000e+00   0.0000000e+00   0.0000000e+00   0.0000000e+00   0.0000000e+00   7.9911797e-13   0.0000000e+00   2.8327694e-16   1.0000000e+00   0.0000000e+00
   2.2412053e-02   7.0475963e-01   2.9493427e-02   2.0564967e-03   1.2954085e-03   1.7741770e-03   3.3052081e-03   1.0536249e-03   1.6892312e-02   1.6461261e-03   4.4756624e-01   8.9487546e-01   3.5238998e-02
   3.8305299e-02   4.9994372e-01   4.1649665e-02   1.6350388e-03   6.8650539e-04   2.2448467e-03   0.0000000e+00   1.2663242e-02   1.6194508e-02   4.0114238e-03   7.0742952e-01   7.0730445e-01   6.0264709e-02
   4.8650227e-02   3.7407565e-01   8.3877534e-03   3.8403000e-03   3.7958651e-03   5.0485152e-04   1.3565645e-02   2.3708577e-03   0.0000000e+00   6.4824909e-04   8.3008688e-01   5.5290464e-01   7.6367366e-02
   5.9740513e-02   2.9516070e-01   7.2694266e-03   1.8452882e-03   1.2399410e-03   2.0080423e-03   7.4462074e-04   3.8766458e-03   3.9768295e-03   1.3145399e-03   8.9058105e-01   4.4527909e-01   9.3711410e-02
   6.4181801e-02   2.4240642e-01   6.4500904e-04   2.3479766e-03   3.6650183e-05   2.1260607e-03   2.6200294e-04   4.0394437e-04   3.1306507e-04   0.0000000e+00   9.2367428e-01   3.6975340e-01   1.0064693e-01
   7.0643731e-02   2.0465336e-01   6.8609086e-04   2.4763034e-03   4.5991265e-05   1.1388389e-03   2.6315565e-04   4.0337453e-04   3.2721447e-04   0.0000000e+00   9.4294471e-01   3.1401967e-01   1.1074023e-01
   7.1785782e-02   1.7700852e-01   1.0322831e-02   4.0897613e-03   9.1826417e-05   1.5078531e-02   8.0048367e-04   2.1242706e-03   0.0000000e+00   0.0000000e+00   9.5582717e-01   2.7282953e-01   1.1256207e-01
   8.1125128e-02   1.5572092e-01   6.3375356e-03   3.7451794e-03   5.8627604e-04   2.0066242e-03   3.4167263e-02   1.1559859e-02   8.6412442e-03   0.0000000e+00   9.6374615e-01   2.4055481e-01   1.2726872e-01
   9.3948521e-02   1.2485093e-01   1.4035345e-02   2.4609880e-03   6.4173690e-04   2.5104287e-02   0.0000000e+00   2.1619919e-05   4.0180656e-03   1.2543816e-03   9.7099600e-01   1.9290677e-01   1.4716412e-01
   1.0330837e-01   1.1262912e-01   1.3072795e-02   1.1652962e-03   5.5530185e-04   9.9151504e-03   8.7083506e-04   4.2451399e-03   2.8388300e-03   5.4366028e-04   9.7174752e-01   1.7373548e-01   1.6161328e-01
   1.1249384e-01   1.0489496e-01   1.3145347e-02   1.2257251e-03   8.4286838e-04   9.9155727e-03   0.0000000e+00   4.2616519e-03   3.6428502e-03   5.1915937e-04   9.7139172e-01   1.6151921e-01   1.7584038e-01
   1.3696068e-01   9.0326544e-02   0.0000000e+00   0.0000000e+00   5.0594122e-04   8.2549376e-03   2.2465343e-02   0.0000000e+00   4.0789388e-03   7.1105016e-05   9.6770034e-01   1.3823061e-01   2.1360750e-01
   1.5462051e-01   8.2283166e-02   0.0000000e+00   1.8916730e-02   7.4975253e-04   1.4591560e-02   1.7665736e-02   5.2115309e-03   0.0000000e+00   1.0609953e-02   9.6353846e-01   1.2523559e-01   2.4074255e-01
   1.7594092e-01   7.6632068e-02   1.2980169e-02   1.0611529e-02   4.8015667e-04   1.6485208e-02   3.9482568e-02   2.4017857e-03   7.2355846e-03   0.0000000e+00   9.5716408e-01   1.1577680e-01   2.7345479e-01
   2.4043991e-01   7.0157666e-02   0.0000000e+00   0.0000000e+00   3.6038532e-03   1.2905394e-02   9.4452402e-05   1.3419265e-03   6.5340021e-03   0.0000000e+00   9.2409016e-01   1.0225216e-01   3.6884956e-01
   2.9435806e-01   4.4294020e-02   0.0000000e+00   1.9044269e-02   1.1565113e-03   4.1159811e-03   5.5863838e-03   1.9221023e-04   7.6510729e-03   1.5755106e-02   8.9347138e-01   6.2265462e-02   4.4639708e-01
   3.7298459e-01   5.3612390e-02   0.0000000e+00   3.1360595e-02   3.2773725e-03   4.4555977e-03   4.6915359e-03   1.2144617e-04   7.1861556e-03   1.5726153e-02   8.3137985e-01   7.0179927e-02   5.5367339e-01
   5.0008339e-01   8.4415023e-03   1.7303726e-04   5.6093260e-04   1.1556173e-02   1.4419991e-02   6.7748622e-03   0.0000000e+00   2.8182496e-04   1.2757528e-02   7.0734121e-01   9.3798099e-03   7.0758876e-01
   7.0461949e-01   4.7766770e-02   0.0000000e+00   2.0414968e-02   1.8652917e-02   1.0639990e-02   0.0000000e+00   3.8919701e-03   7.2293361e-03   0.0000000e+00   4.4667596e-01   3.3577967e-02   8.9512270e-01
   1.0000000e+00   6.0610545e-01   0.0000000e+00   0.0000000e+00   0.0000000e+00   0.0000000e+00   0.0000000e+00   0.0000000e+00   0.0000000e+00   0.0000000e+00   3.5514728e-17   4.9880894e-17   1.0000000e+00
   0.0000000e+00   1.0000000e+00   0.0000000e+00   0.0000000e+00   0.0000000e+00   0.0000000e+00   0.0000000e+00   0.0000000e+00   7.9911797e-13   0.0000000e+00   2.8327694e-16   1.0000000e+00   0.0000000e+00
   2.4903823e-02   7.9546424e-01   2.9813137e-03   1.7911582e-02   2.2315796e-03   6.2338773e-04   7.8926177e-03   1.0071552e-02   1.7815431e-02   4.6440375e-03   3.1580790e-01   9.4889912e-01   3.9141622e-02
   5.0420688e-02   6.2578154e-01   3.5712110e-02   9.8739298e-03   2.4682117e-03   6.5052004e-04   6.7851648e-03   0.0000000e+00   1.1546789e-02   4.0130300e-03   5.5368129e-01   8.3084885e-01   7.9242454e-02
   6.4422714e-02   4.9885650e-01   7.9131584e-03   2.7214671e-03   3.5968898e-03   5.6452514e-04   9.1493748e-03   2.7792757e-03   4.5719433e-04   4.5243059e-04   7.0487523e-01   7.0234757e-01   1.0104003e-01
   9.5681272e-02   2.9454444e-01   1.1328831e-02   4.2377067e-03   8.2472995e-04   9.3163477e-04   1.3099482e-03   8.9861329e-03   8.8432312e-03   1.1689731e-03   8.8505049e-01   4.4144349e-01   1.4977699e-01
   1.1477211e-01   2.5816707e-01   7.5306265e-03   0.0000000e+00   5.6578889e-03   1.4240229e-02   5.7405792e-03   1.5725468e-02   3.2049887e-03   6.9885651e-03   9.0457194e-01   3.8835496e-01   1.7942172e-01
   1.2438566e-01   2.2747986e-01   8.5451257e-03   0.0000000e+00   0.0000000e+00   1.6251031e-02   5.9345336e-03   1.1414526e-02   5.2919060e-03   3.8545109e-03   9.1951218e-01   3.4330115e-01   1.9424968e-01
   1.3578937e-01   2.0414762e-01   2.1282779e-02   9.3366740e-04   9.6418289e-06   8.9843779e-03   7.1471144e-03   1.5873460e-03   5.0444916e-03   1.0737164e-03   9.2808671e-01   3.0825283e-01   2.1181390e-01
   1.4747356e-01   1.8521870e-01   1.7356503e-02   9.5773994e-04   0.0000000e+00   8.9109879e-03   7.1744826e-03   1.0690090e-03   5.0337316e-03   9.4301205e-04   9.3281495e-01   2.7931997e-01   2.2969037e-01
   1.5998753e-01   1.6825538e-01   3.8631516e-03   7.4528920e-04   0.0000000e+00   1.2179698e-02   1.6955657e-02   3.9375330e-04   3.9621687e-03   8.4605241e-04   9.3539314e-01   2.5314142e-01   2.4878726e-01
   1.8009433e-01   1.5206447e-01   3.5758956e-02   2.1698678e-02   3.2331632e-03   3.4107425e-03   2.5733102e-02   4.3373499e-03   8.0676861e-03   1.4770060e-04   9.3533766e-01   2.2776521e-01   2.7983617e-01
   1.9872037e-01   1.4117534e-01   0.0000000e+00   5.1050770e-02   4.0865432e-03   3.8810265e-02   2.3725134e-02   2.7830149e-03   3.1044683e-04   2.1909867e-02   9.3318029e-01   2.1040019e-01   3.0869548e-01
   2.2286945e-01   1.3125217e-01   4.2161000e-03   2.6604563e-02   1.3873820e-03   3.4604902e-02   2.2877556e-02   1.1455256e-03   4.7857269e-03   2.8814078e-02   9.2248784e-01   1.9293108e-01   3.4410811e-01
   2.5386217e-01   1.1967839e-01   6.6016852e-03   3.2840140e-03   1.8582013e-04   1.6231070e-02   2.3626448e-02   4.6439711e-03   3.8245726e-03   1.1169056e-03   9.0613202e-01   1.7237955e-01   3.8863593e-01
   2.9087547e-01   1.1600624e-01   6.1584425e-03   0.0000000e+00   2.1679291e-04   0.0000000e+00   2.2553159e-02   4.5014727e-03   4.6678611e-03   0.0000000e+00   8.8308304e-01   1.6272237e-01   4.4143341e-01
   3.4066806e-01   1.1018143e-01   7.1262513e-03   0.0000000e+00   5.7029343e-04   4.5629815e-03   1.3783922e-02   2.9208689e-03   4.4884657e-03   0.0000000e+00   8.4760236e-01   1.4817922e-01   5.1009258e-01
   4.0584265e-01   9.6880799e-02   7.1214182e-03   0.0000000e+00   1.2145446e-03   4.5974631e-03   1.4483105e-02   2.1165434e-03   5.1074433e-03   0.0000000e+00   7.9455056e-01   1.2185685e-01   5.9537192e-01
   6.2518203e-01   4.7663841e-02   1.5831294e-10   1.7746657e-02   2.1125694e-02   1.8887896e-02   9.4943337e-04   7.8648458e-03   4.6212460e-03   3.7715592e-03   5.5445029e-01   4.1589536e-02   8.3263997e-01
   0.0000000e+00   1.0000000e+00   0.0000000e+00   0.0000000e+00   0.0000000e+00   0.0000000e+00   0.0000000e+00   0.0000000e+00   7.9911797e-13   0.0000000e+00   2.8327694e-16   1.0000000e+00   0.0000000e+00
   2.5625642e-02   8.4457973e-01   4.9659603e-03   1.1513735e-02   2.8077516e-03   6.5273502e-04   9.5772103e-03   7.6878610e-03   2.0436676e-02   3.7697928e-03   2.4170061e-01   9.7028656e-01   4.0271905e-02
   5.9107668e-02   7.0568862e-01   3.1751664e-02   1.0837276e-02   1.9666637e-03   7.9616713e-04   7.0262466e-03   0.0000000e+00   1.3090575e-02   3.7712684e-03   4.4469594e-01   8.9238914e-01   9.2839330e-02
   8.3345870e-02   5.9008639e-01   3.5384055e-02   4.6849775e-02   8.3299427e-04   0.0000000e+00   4.6506644e-04   0.0000000e+00   8.0440333e-03   2.2156677e-04   5.9726501e-01   7.9570718e-01   1.3100427e-01
   1.2253292e-01   4.2798324e-01   2.4916636e-02   1.8904037e-02   2.0946332e-02   0.0000000e+00   3.2337036e-02   7.7725576e-03   4.9068141e-03   5.7714963e-03   7.6994090e-01   6.1284446e-01   1.9178166e-01
   1.3211656e-01   3.7205096e-01   0.0000000e+00   9.2054070e-03   0.0000000e+00   1.9545354e-02   2.3454462e-02   0.0000000e+00   1.9310974e-02   1.4495765e-03   8.1727453e-01   5.4062609e-01   2.0632857e-01
   1.5389594e-01   3.2958380e-01   4.4085967e-03   9.4783533e-03   4.4337443e-05   3.0711356e-02   1.7235735e-02   0.0000000e+00   2.3146796e-02   1.3933833e-03   8.4528097e-01   4.8140762e-01   2.3984339e-01
   1.7080217e-01   2.9545401e-01   8.6219748e-03   8.5076340e-03   0.0000000e+00   3.4118508e-02   2.2184613e-02   2.4080306e-03   2.0675527e-02   8.0154476e-04   8.6416267e-01   4.3256805e-01   2.6568120e-01
   1.8785020e-01   2.6469041e-01   1.1519451e-03   6.8313460e-03   6.7654732e-05   2.4648620e-02   9.1395413e-03   3.4303473e-03   2.1831993e-02   1.0018980e-03   8.7634159e-01   3.8691722e-01   2.9116830e-01
   2.0531449e-01   2.4127404e-01   2.2158775e-03   7.2433786e-03   0.0000000e+00   2.3900314e-02   7.5487588e-03   3.1755644e-03   2.2389676e-02   2.7647313e-04   8.8219496e-01   3.5132957e-01   3.1732493e-01
   2.2819746e-01   2.2013662e-01   3.1457196e-02   4.7606401e-04   5.9700280e-04   2.5076954e-02   3.4270174e-04   1.1238109e-02   1.6005889e-02   0.0000000e+00   8.8277477e-01   3.1803249e-01   3.5152699e-01
   2.5384902e-01   2.0535949e-01   4.1872073e-02   8.3217217e-04   6.7456588e-05   3.9414112e-02   1.3208447e-03   5.1334087e-03   1.7616020e-02   3.0850587e-03   8.7721154e-01   2.9321049e-01   3.8968145e-01
   2.8342969e-01   1.9014810e-01   1.4908528e-02   0.0000000e+00   1.8440452e-03   4.5310288e-02   3.3822760e-03   7.4691160e-03   9.1011484e-03   4.3331824e-04   8.6465576e-01   2.6622304e-01   4.3169372e-01
   3.1986976e-01   1.7683747e-01   4.9359091e-02   1.3780778e-03   3.5343709e-04   4.4548013e-02   2.0015890e-03   2.2572487e-03   8.7584849e-03   1.1020375e-02   8.4671298e-01   2.4143815e-01   4.8380414e-01
   3.6461275e-01   1.5980908e-01   3.2926443e-02   0.0000000e+00   3.4669397e-04   4.4434743e-02   3.9278781e-03   1.2411010e-04   3.9848229e-03   1.4878293e-02   8.1677832e-01   2.0945195e-01   5.4372496e-01
   4.2011329e-01   1.5451178e-01   2.5104598e-02   2.1283502e-03   4.1472099e-05   4.7643958e-02   2.3347074e-04   5.0678059e-04   2.1110356e-03   1.3669679e-02   7.6926509e-01   1.9046022e-01   6.1494586e-01
   4.9271951e-01   1.4023275e-01   7.8020437e-03   1.7526957e-02   2.0680107e-02   1.1894849e-02   1.8588614e-03   1.0808899e-02   1.5091673e-02   1.2155236e-02   6.9886688e-01   1.5648355e-01   6.9997577e-01
   5.8377222e-01   1.3288504e-01   8.9850511e-03   1.8374711e-02   1.7394791e-02   1.3318242e-02   1.2446775e-03   9.6079487e-03   1.8294217e-02   1.3924183e-02   5.9591715e-01   1.2622758e-01   7.9497996e-01
   7.0217391e-01   1.3164975e-01   1.3046435e-03   1.9152502e-02   1.6980667e-02   1.5506646e-02   1.2716838e-04   7.5842309e-03   8.8821619e-03   2.7080320e-03   4.4179691e-01   9.2686370e-02   8.9348082e-01
   8.4415308e-01   0.0000000e+00   2.0748133e-04   1.9481053e-02   1.6429184e-02   1.4689113e-02   5.0670688e-03   7.0989608e-03   1.0504117e-02   8.0850473e-04   2.4262099e-01   0.0000000e+00   9.7120583e-01
   1.0000000e+00   6.0305502e-01   0.0000000e+00   0.0000000e+00   0.0000000e+00   0.0000000e+00   0.0000000e+00   0.0000000e+00   0.0000000e+00   0.0000000e+00   3.5753329e-17   4.9710149e-17   1.0000000e+00
   0.0000000e+00   1.0000000e+00   0.0000000e+00   0.0000000e+00   0.0000000e+00   0.0000000e+00   0.0000000e+00   0.0000000e+00   7.9911797e-13   0.0000000e+00   2.8327694e-16   1.0000000e+00   0.0000000e+00
   2.7531287e-02   8.7503912e-01   2.7785189e-03   1.8670877e-02   3.0559027e-03   1.0385111e-03   1.3500222e-02   7.4816216e-03   1.6282681e-02   9.5045834e-03   1.9503484e-01   9.8082137e-01   4.3274087e-02
   1.2216012e-01   5.7183297e-01   2.9752955e-02   4.2176287e-02   1.7451896e-02   7.4365700e-03   4.0554004e-03   9.4329150e-04   7.3015623e-03   0.0000000e+00   6.1345101e-01   7.7024647e-01   1.9130341e-01
   1.3521095e-01   5.0054545e-01   2.7457586e-04   0.0000000e+00   0.0000000e+00   1.9227031e-02   2.6239435e-02   1.0279879e-03   1.7756081e-02   6.5420162e-03   6.9160460e-01   6.9279073e-01   2.1109447e-01
   1.6545642e-01   4.4228620e-01   1.3238608e-03   4.2062628e-02   3.5776524e-02   7.6909009e-03   4.9231888e-03   2.9961806e-03   3.0533859e-02   5.2351071e-02   7.4747995e-01   6.2290409e-01   2.5873398e-01
   1.8830573e-01   3.9311176e-01   6.3586052e-03   5.5347638e-02   1.3505921e-02   2.0881584e-02   8.5964375e-03   4.0089215e-03   3.4347070e-02   4.5088009e-02   7.8540022e-01   5.5774357e-01   2.9354330e-01
   2.1548854e-01   3.5400402e-01   3.0982165e-02   1.2597810e-02   1.1253185e-02   5.9817026e-02   0.0000000e+00   4.4678651e-02   2.6975646e-02   1.0506674e-02   8.0727847e-01   5.0171206e-01   3.3460462e-01
   2.4001882e-01   3.2239502e-01   4.5142061e-02   1.2109425e-02   8.3447303e-03   6.1121834e-02   8.2756532e-03   5.8262785e-02   2.8767355e-02   1.4194650e-02   8.2159157e-01   4.5570721e-01   3.7201102e-01
   2.6908314e-01   2.8209334e-01   3.1112126e-02   0.0000000e+00   6.4489946e-04   2.1955134e-02   0.0000000e+00   1.1088847e-02   1.3474894e-02   1.9703280e-04   8.2536240e-01   3.9170614e-01   4.1092122e-01
   2.9819659e-01   2.7103617e-01   8.8775485e-02   6.6358565e-03   4.9074684e-04   6.1894859e-02   1.3823499e-02   9.3816158e-03   5.9980562e-03   5.4297871e-03   8.2247004e-01   3.7297222e-01   4.5692777e-01
   3.3241802e-01   2.5081231e-01   5.2882630e-02   6.4927242e-02   1.0081823e-03   4.0777270e-02   1.3146841e-02   1.2164952e-04   7.3203157e-03   1.0035039e-02   8.0754814e-01   3.3570523e-01   5.0324466e-01
   3.7284656e-01   2.3360970e-01   5.3000230e-02   1.1258485e-02   3.1744696e-03   6.3808434e-02   2.3103877e-02   2.3170601e-03   9.7512082e-03   2.4198916e-02   7.8427148e-01   3.0144431e-01   5.5730767e-01
   4.2295004e-01   2.1789163e-01   4.6250367e-02   0.0000000e+00   2.3314606e-04   4.7379023e-02   1.5745522e-02   0.0000000e+00   2.7324043e-02   1.0690975e-02   7.4571425e-01   2.6568718e-01   6.1994858e-01
   4.8623292e-01   1.9132091e-01   4.3090305e-02   0.0000000e+00   7.0436544e-03   1.3782991e-02   3.3554507e-03   1.3846008e-02   1.9309274e-02   1.1685943e-03   6.9170621e-01   2.1436866e-01   6.9350041e-01
   5.5798042e-01   1.8334312e-01   4.2322586e-02   1.2754392e-02   1.3405198e-02   1.6507234e-02   0.0000000e+00   6.8513918e-03   1.6817651e-02   2.1655754e-03   6.1519385e-01   1.8223901e-01   7.7059330e-01
   6.4628011e-01   1.7624911e-01   3.4453699e-09   2.3245105e-02   2.0749733e-02   5.6354161e-03   3.0006324e-03   1.4496411e-02   1.3168815e-02   1.0823206e-02   5.0815339e-01   1.4439102e-01   8.5085742e-01
   7.5058139e-01   1.6799592e-01   6.4940813e-03   2.3441241e-03   1.1676585e-02   2.1392749e-02   4.9828023e-03   0.0000000e+00   8.7615691e-05   1.0685321e-02   3.6890930e-01   9.9674990e-02   9.2495015e-01
   1.0000000e+00   6.0305502e-01   0.0000000e+00   0.0000000e+00   0.0000000e+00   0.0000000e+00   0.0000000e+00   0.0000000e+00   0.0000000e+00   0.0000000e+00   3.5753329e-17   4.9710149e-17   1.0000000e+00
   0.0000000e+00   1.0000000e+00   0.0000000e+00   0.0000000e+00   0.0000000e+00   0.0000000e+00   0.0000000e+00   0.0000000e+00   7.9911797e-13   0.0000000e+00   2.8327694e-16   1.0000000e+00   0.0000000e+00
   2.4781201e-02   8.9580040e-01   6.0984174e-03   2.9480136e-03   2.5672160e-03   8.4594802e-04   0.0000000e+00   1.1533042e-02   1.9354351e-02   9.2283505e-03   1.6292825e-01   9.8652433e-01   3.8941528e-02
   6.9799452e-02   7.9524982e-01   1.3095074e-02   0.0000000e+00   1.5251591e-02   0.0000000e+00   4.7387182e-03   8.7977077e-03   2.6019960e-02   2.7889431e-03   3.1458016e-01   9.4414871e-01   1.0955126e-01
   8.3894521e-02   7.0569129e-01   2.6009642e-02   9.5910821e-03   6.5236351e-05   6.4243360e-03   7.3630064e-03   0.0000000e+00   1.4067997e-02   4.2344450e-03   4.4261728e-01   8.8822714e-01   1.3154200e-01
   1.3715338e-01   6.2599573e-01   2.4788964e-03   1.2529714e-02   3.1647174e-02   3.1456004e-02   4.1165351e-02   1.8789710e-02   7.3300800e-03   3.7333334e-03   5.4376744e-01   8.1656741e-01   2.1469001e-01
   1.7098739e-01   5.5934514e-01   2.2940881e-03   0.0000000e+00   5.6614345e-02   2.9560747e-02   4.8861115e-02   2.6685135e-02   1.1438840e-02   5.3030357e-03   6.1985253e-01   7.4770565e-01   2.6731729e-01
   2.3066616e-01   4.5136409e-01   4.7936705e-02   6.3113383e-02   4.2917111e-03   7.0300604e-02   1.7735853e-02   9.4579896e-03   3.8839506e-02   5.4229485e-04   7.1906900e-01   6.1681249e-01   3.5911621e-01
   2.6207770e-01   4.0512714e-01   3.2872266e-02   4.2899208e-02   5.3999934e-02   4.2829933e-02   3.8442907e-02   3.4571151e-02   0.0000000e+00   3.0764911e-02   7.4538624e-01   5.5078094e-01   4.0465892e-01
   2.9321165e-01   3.7490694e-01   4.7927495e-02   7.9750986e-02   3.5013353e-04   6.9959577e-02   5.3102177e-02   7.3254602e-03   8.2242453e-03   4.5771802e-03   7.5720166e-01   5.0578588e-01   4.5180376e-01
   3.3144447e-01   3.4533968e-01   0.0000000e+00   6.8016313e-02   2.5463001e-03   2.6016219e-02   9.9566278e-03   0.0000000e+00   0.0000000e+00   3.2968375e-02   7.4779398e-01   4.5075240e-01   5.0065938e-01
   3.7095911e-01   3.1599439e-01   5.0523405e-03   8.0712428e-02   0.0000000e+00   2.8197829e-02   1.0267889e-02   0.0000000e+00   0.0000000e+00   1.8219978e-02   7.3992111e-01   4.0073325e-01   5.5455848e-01
   4.1678581e-01   2.9161874e-01   5.5540689e-02   1.9292744e-03   1.0103301e-02   3.9641757e-02   1.4638223e-02   5.5836021e-05   4.6280670e-02   2.5053671e-02   7.1697212e-01   3.5350442e-01   6.1362645e-01
   4.6809749e-01   2.7417140e-01   6.9012482e-02   2.7719774e-02   9.8601247e-03   6.0054722e-02   1.6490792e-02   4.1201206e-03   3.9207405e-02   1.7612378e-02   6.8158128e-01   3.1313826e-01   6.7842698e-01
   5.3281361e-01   2.5596936e-01   3.6567477e-02   1.0207862e-04   2.2551149e-03   3.3259743e-02   1.1157612e-02   2.4537705e-03   3.4911372e-02   1.4021519e-02   6.1878786e-01   2.6313468e-01   7.4556455e-01
   6.8900702e-01   2.2054391e-01   7.3535827e-03   0.0000000e+00   2.2421872e-02   0.0000000e+00   6.6554983e-03   1.2221007e-02   2.1912905e-02   7.4871925e-03   4.4199460e-01   1.5955456e-01   8.8417089e-01
   7.8415640e-01   2.1349817e-01   4.2783233e-03   4.8714757e-03   1.7053178e-02   1.3032662e-02   3.6079927e-03   1.6056248e-02   2.0354104e-02   6.1771986e-03   3.1444481e-01   1.0959257e-01   9.4422845e-01
   8.9184289e-01   1.6009375e-01   6.4699552e-03   2.6397935e-03   1.6344101e-02   1.7046974e-02   3.9646234e-03   0.0000000e+00   0.0000000e+00   1.0801026e-02   1.6387965e-01   4.2102867e-02   9.8633120e-01
   1.0000000e+00   6.0305502e-01   0.0000000e+00   0.0000000e+00   0.0000000e+00   0.0000000e+00   0.0000000e+00   0.0000000e+00   0.0000000e+00   0.0000000e+00   3.5753329e-17   4.9710149e-17   1.0000000e+00
   0.0000000e+00   1.0000000e+00   0.0000000e+00   0.0000000e+00   0.0000000e+00   0.0000000e+00   0.0000000e+00   0.0000000e+00   7.9911797e-13   0.0000000e+00   2.8327694e-16   1.0000000e+00   0.0000000e+00
   3.6362730e-02   9.1074583e-01   3.4624810e-03   5.9224890e-03   2.3870242e-03   8.6121540e-04   3.1607256e-04   1.3115105e-02   2.0263981e-02   1.0049005e-02   1.3961624e-01   9.8930203e-01   5.7129476e-02
   7.3925126e-02   8.2292392e-01   1.4444658e-02   5.2057949e-04   1.5831938e-03   5.3213971e-04   6.6168650e-05   6.2874876e-03   1.5093637e-02   3.0803092e-02   2.7311794e-01   9.5645303e-01   1.1602596e-01
   1.5385664e-01   6.7013460e-01   7.1368686e-03   4.8378987e-03   3.9014296e-02   2.4657951e-02   6.1437795e-02   2.4151857e-02   2.2509306e-02   5.1535284e-03   4.8429341e-01   8.4947400e-01   2.4102986e-01
   1.9336255e-01   6.0899139e-01   9.7780381e-03   0.0000000e+00   4.6386116e-02   6.1321040e-06   2.8683084e-02   3.1093093e-02   7.7951630e-05   1.4846692e-02   5.5226263e-01   7.8314986e-01   3.0035785e-01
   2.3021975e-01   5.4902928e-01   6.9697665e-04   1.1639205e-02   6.9199667e-02   2.3999090e-02   3.5506754e-02   2.8997681e-02   7.0319310e-03   1.4017876e-02   6.1330255e-01   7.1587179e-01   3.5657435e-01
   2.6745079e-01   4.9771175e-01   2.9383574e-02   3.8145394e-02   4.5997017e-02   3.5551589e-02   3.8588499e-02   2.8596736e-02   0.0000000e+00   2.7430320e-02   6.5361009e-01   6.4892827e-01   4.1143334e-01
   3.0937528e-01   4.5896039e-01   3.4279676e-02   4.6646355e-02   2.2196656e-02   1.5805392e-02   2.0164374e-02   1.5773517e-03   5.4589344e-02   0.0000000e+00   6.6919059e-01   5.8803148e-01   4.7055717e-01
   3.5034046e-01   4.2002429e-01   5.7086313e-02   7.1952764e-02   3.7977287e-03   7.7620230e-02   2.2709238e-02   8.3900517e-03   2.7916377e-02   5.3480174e-03   6.8416476e-01   5.3073439e-01   5.3125345e-01
   3.9563860e-01   3.8655544e-01   3.4409922e-03   3.6170207e-02   0.0000000e+00   0.0000000e+00   3.6732663e-02   0.0000000e+00   4.1204897e-02   4.9447799e-02   6.7224432e-01   4.6704781e-01   5.8619537e-01
   4.4721275e-01   3.5967098e-01   1.2837775e-03   4.6185140e-02   2.6648008e-04   0.0000000e+00   2.6806610e-02   1.1074998e-02   5.1491800e-02   4.4096819e-02   6.4951906e-01   4.1172660e-01   6.5100497e-01
   5.0226550e-01   3.3666015e-01   9.5360121e-04   8.4013222e-02   0.0000000e+00   2.5156226e-02   0.0000000e+00   2.0643752e-02   1.9957324e-02   1.8693986e-02   6.1373350e-01   3.5862847e-01   7.1591004e-01
   5.6716111e-01   3.1211172e-01   3.3242462e-02   9.7512110e-03   1.8953920e-02   4.3673680e-02   1.3568942e-03   3.6752198e-02   7.7667133e-03   1.7770114e-02   5.5754092e-01   2.9757477e-01   7.8167466e-01
   6.4003368e-01   2.9388747e-01   0.0000000e+00   7.2808589e-05   1.1770615e-02   6.1120137e-03   4.8200890e-03   7.9543542e-03   1.4211139e-02   5.2366225e-03   4.7993472e-01   2.3876258e-01   8.4477152e-01
   7.2106730e-01   2.6686236e-01   5.4143991e-03   7.9822750e-04   1.6438838e-02   0.0000000e+00   6.1283560e-03   1.0327235e-02   2.3067601e-02   5.1225101e-03   3.8791792e-01   1.7285508e-01   9.0644764e-01
   8.1172503e-01   2.4988450e-01   0.0000000e+00   6.4448213e-03   2.1564446e-02   1.1558509e-02   2.8593140e-03   1.3124110e-02   1.8306444e-02   5.3107445e-03   2.6960314e-01   1.1161598e-01   9.5771877e-01
   9.0685271e-01   1.8406081e-01   6.4886852e-03   3.0992339e-03   1.1632795e-02   1.5400055e-02   2.9479021e-03   5.6697755e-03   6.9118557e-03   1.0612536e-02   1.3983008e-01   4.1593421e-02   9.8993373e-01
   1.0000000e+00   6.5478417e-01   0.0000000e+00   0.0000000e+00   0.0000000e+00   0.0000000e+00   0.0000000e+00   0.0000000e+00   0.0000000e+00   0.0000000e+00   1.0629282e-15   1.7641641e-15   1.0000000e+00
   0.0000000e+00   1.0000000e+00   0.0000000e+00   0.0000000e+00   0.0000000e+00   0.0000000e+00   0.0000000e+00   0.0000000e+00   8.0586218e-13   0.0000000e+00   5.0532155e-16   1.0000000e+00   0.0000000e+00
   3.6308166e-02   9.2090027e-01   4.4431834e-03   0.0000000e+00   1.7982329e-03   6.2547084e-04   2.6991884e-03   1.3713439e-02   2.0374994e-02   6.1498717e-03   1.2381172e-01   9.9134297e-01   5.7040106e-02
   8.0101731e-02   8.4422372e-01   1.3215914e-02   0.0000000e+00   6.7916528e-03   3.1370655e-04   1.7670987e-03   8.0996665e-03   2.5223902e-02   5.3029137e-03   2.4057244e-01   9.6346018e-01   1.2561149e-01
   1.2035807e-01   7.7266417e-01   3.8055305e-02   1.1060070e-05   1.8785183e-02   1.1357884e-02   5.2930724e-02   1.4377595e-02   4.2395730e-03   1.6184540e-04   3.4503023e-01   9.2478190e-01   1.8886526e-01
   1.7004202e-01   7.0679526e-01   0.0000000e+00   1.8129605e-02   5.1370009e-02   1.5519806e-02   4.0239411e-02   3.5069997e-02   6.0315932e-03   3.3413603e-02   4.3178495e-01   8.7026647e-01   2.6583981e-01
   2.1691837e-01   6.4820682e-01   9.6568407e-03   0.0000000e+00   4.4742233e-02   0.0000000e+00   3.3252462e-02   3.0446862e-02   0.0000000e+00   1.6915332e-02   4.9690514e-01   8.0577214e-01   3.3565459e-01
   2.6198319e-01   5.9070913e-01   1.6758725e-02   1.4124534e-02   6.4990183e-02   4.9449822e-02   1.9415975e-02   3.4014448e-02   0.0000000e+00   1.5168353e-02   5.5437390e-01   7.4007217e-01   4.0357034e-01
   3.0750621e-01   5.4205870e-01   5.4677001e-02   7.4748630e-02   4.6470665e-03   6.2560553e-02   2.0986113e-02   1.5552794e-02   4.3714718e-02   5.0032587e-03   5.9232991e-01   6.7626243e-01   4.7149197e-01
   3.5826973e-01   4.9888125e-01   4.4161900e-02   6.5996172e-02   4.1352686e-03   8.0014597e-02   2.4054369e-02   8.3578411e-03   2.4726945e-02   5.3451776e-03   6.0750332e-01   6.0537190e-01   5.4100673e-01
   4.0925915e-01   4.6148995e-01   1.5445504e-02   8.0970415e-03   0.0000000e+00   4.3689135e-02   7.1895278e-02   8.8149064e-05   1.0783784e-01   2.3723171e-03   6.1052903e-01   5.4079849e-01   6.1088935e-01
   4.6472741e-01   4.2991533e-01   9.8806067e-03   6.3652269e-03   0.0000000e+00   3.7509394e-02   4.7617558e-02   2.6366822e-02   9.5271351e-02   9.6352256e-03   5.8957781e-01   4.7221216e-01   6.7598458e-01
   5.2417508e-01   3.9927007e-01   0.0000000e+00   5.4581522e-02   0.0000000e+00   2.6091752e-02   9.0061425e-04   2.0076185e-02   2.0900847e-02   1.5927575e-02   5.5300514e-01   4.0081381e-01   7.3692933e-01
   5.9154710e-01   3.6996786e-01   3.6407946e-03   5.5358786e-02   4.7045747e-03   7.6357364e-03   0.0000000e+00   2.6020651e-02   1.2804624e-02   2.2490825e-02   5.0248007e-01   3.3003140e-01   8.0475069e-01
   6.6293878e-01   3.4934102e-01   2.3252361e-03   3.0735215e-02   1.6417064e-02   0.0000000e+00   0.0000000e+00   2.3499205e-02   1.5852728e-02   8.5671602e-05   4.3178140e-01   2.6398158e-01   8.6482880e-01
   7.4297785e-01   3.2464709e-01   1.0494011e-02   6.9751732e-03   2.1680745e-02   8.9269788e-03   3.0113303e-03   2.1353794e-02   2.0420049e-02   1.3842839e-02   3.4347805e-01   1.9210691e-01   9.2124117e-01
   8.2522414e-01   3.0782489e-01   5.7681269e-03   2.6590606e-03   1.5975135e-02   5.7373127e-03   3.7743428e-03   2.3399455e-02   2.1286178e-02   1.1016886e-02   2.4037384e-01   1.2622178e-01   9.6396061e-01
   9.1239619e-01   2.9147368e-01   3.5938006e-03   9.5172609e-03   2.1381388e-04   8.7309577e-03   6.5904662e-03   8.7504629e-03   8.5109013e-03   4.9319209e-03   1.2309468e-01   6.0657197e-02   9.9093977e-01
   1.0000000e+00   6.5478417e-01   0.0000000e+00   0.0000000e+00   0.0000000e+00   0.0000000e+00   0.0000000e+00   0.0000000e+00   0.0000000e+00   0.0000000e+00   1.0629282e-15   1.7641641e-15   1.0000000e+00
   0.0000000e+00   1.0000000e+00   0.0000000e+00   0.0000000e+00   0.0000000e+00   0.0000000e+00   0.0000000e+00   0.0000000e+00   8.0586218e-13   0.0000000e+00   5.0532155e-16   1.0000000e+00   0.0000000e+00
   3.8480783e-02   9.2970394e-01   3.0472169e-03   0.0000000e+00   1.7523625e-03   8.5520256e-04   2.1233837e-03   3.7889008e-03   1.9989647e-02   9.0288466e-03   1.1005172e-01   9.9260367e-01   6.0439664e-02
   8.7264636e-02   8.6279548e-01   4.2587981e-03   0.0000000e+00   2.3570736e-03   7.5256299e-06   5.7121433e-03   9.6260301e-03   4.8880066e-03   0.0000000e+00   2.1188642e-01   9.6786947e-01   1.3666973e-01
   1.3587473e-01   7.9552276e-01   3.8257711e-02   2.9060393e-04   3.0294322e-03   5.2750707e-05   3.7932545e-02   1.0672298e-02   0.0000000e+00   4.4847844e-04   3.0946827e-01   9.3013595e-01   2.1245574e-01
   1.8841017e-01   7.3359618e-01   7.8108691e-03   7.5421877e-04   2.6456141e-02   3.9585781e-02   5.1305927e-02   1.5538099e-02   5.9246923e-03   3.7277696e-03   3.9073381e-01   8.7857857e-01   2.9318406e-01
   2.3728920e-01   6.7671103e-01   1.3269129e-02   7.2506760e-03   4.0943321e-02   0.0000000e+00   3.9119433e-02   2.1832413e-02   0.0000000e+00   1.0111043e-02   4.5470271e-01   8.1707350e-01   3.6562396e-01
   2.9558057e-01   6.2708918e-01   0.0000000e+00   2.5952472e-02   4.0663315e-02   8.1267690e-02   8.9569232e-02   4.4510732e-02   5.6079549e-02   4.3415003e-02   5.0615955e-01   7.6292940e-01   4.5852565e-01
   3.5058065e-01   5.7937746e-01   4.8009835e-02   0.0000000e+00   4.5694764e-02   5.1979937e-02   0.0000000e+00   2.3967118e-02   5.3479992e-02   0.0000000e+00   5.2846146e-01   6.7991449e-01   5.2878581e-01
   4.7111011e-01   4.9604836e-01   4.3467958e-02   2.7213330e-02   0.0000000e+00   6.2152273e-02   5.7303430e-02   4.8364992e-03   6.6231011e-02   1.7550274e-02   5.3301408e-01   5.2643775e-01   6.8407493e-01
   5.3527261e-01   4.6539772e-01   2.3065860e-02   1.6789765e-02   1.1499744e-02   2.7074297e-02   6.8720689e-03   1.1213448e-02   3.6587105e-03   3.0019602e-02   4.9783836e-01   4.4646207e-01   7.4724139e-01
   6.0422965e-01   4.3497278e-01   1.1917894e-02   2.2901006e-02   1.0336268e-03   7.5624291e-03   7.4715348e-03   0.0000000e+00   3.5189520e-02   2.4384992e-03   4.5257687e-01   3.6842332e-01   8.1455029e-01
   8.3710404e-01   3.5461260e-01   3.8110689e-02   2.2070821e-02   7.0637788e-03   8.9277560e-03   5.9479685e-03   1.7718944e-02   5.7135333e-03   5.5735921e-03   2.1536702e-01   1.3413310e-01   9.6984324e-01
   9.2009843e-01   3.1720571e-01   3.3434308e-03   9.9833920e-03   2.6420062e-03   8.3321877e-03   5.9343281e-03   6.8139216e-03   1.0099927e-02   4.8946678e-03   1.1000299e-01   5.9847405e-02   9.9252583e-01
   1.0000000e+00   6.5478417e-01   0.0000000e+00   0.0000000e+00   0.0000000e+00   0.0000000e+00   0.0000000e+00   0.0000000e+00   0.0000000e+00   0.0000000e+00   1.0629282e-15   1.7641641e-15   1.0000000e+00
   0.0000000e+00   1.0000000e+00   0.0000000e+00   0.0000000e+00   0.0000000e+00   0.0000000e+00   0.0000000e+00   0.0000000e+00   8.0586218e-13   0.0000000e+00   5.0532155e-16   1.0000000e+00   0.0000000e+00
   9.5142688e-02   8.7479727e-01   2.6494325e-03   3.5972143e-05   1.0776101e-03   2.6763933e-04   1.3550630e-02   8.0796102e-03   2.5711488e-03   6.5908659e-06   1.9327548e-01   9.7004693e-01   1.4893335e-01
   1.4870627e-01   8.1702429e-01   1.0450640e-03   1.9094928e-04   9.7948995e-04   3.2484911e-03   1.5522440e-02   5.3970122e-03   3.0591559e-03   5.0351953e-04   2.7585873e-01   9.3320820e-01   2.3153651e-01
   2.0619897e-01   7.5782838e-01   3.4576299e-02   9.5710503e-03   8.7564503e-03   2.7064346e-03   1.6675732e-02   2.1686632e-02   1.6720569e-02   6.5057945e-05   3.5283212e-01   8.8234662e-01   3.1902648e-01
   2.6842293e-01   7.0651724e-01   2.7568275e-02   0.0000000e+00   1.9615386e-02   3.9846866e-02   3.4589137e-02   1.6215179e-02   7.2944375e-03   3.8304676e-03   4.0761478e-01   8.2065095e-01   4.1099865e-01
   3.3021368e-01   6.5675260e-01   4.9038491e-02   3.7346402e-02   2.0849035e-02   5.8676346e-02   1.7702758e-02   3.9823866e-02   4.1511155e-02   0.0000000e+00   4.5093051e-01   7.5368083e-01   5.0135199e-01
   3.9408043e-01   6.1202705e-01   1.6168092e-02   2.2932398e-02   3.9156004e-02   4.8388555e-02   2.5653858e-02   2.9121929e-02   6.7896395e-02   7.3999005e-03   4.7123763e-01   6.7506215e-01   5.8652298e-01
   4.6574241e-01   5.7423052e-01   8.4035356e-02   8.7601736e-02   6.3863267e-02   1.1847257e-02   0.0000000e+00   3.0860107e-02   3.4564581e-02   2.4062727e-04   4.7111950e-01   5.9612879e-01   6.8214820e-01
   6.0832503e-01   5.0058298e-01   4.2155651e-05   0.0000000e+00   1.2741863e-02   6.0057772e-04   7.7747146e-03   2.2718485e-02   2.9716901e-02   6.4981029e-03   4.0841564e-01   4.0916432e-01   8.1799341e-01
   6.8542560e-01   4.7025810e-01   1.1833068e-02   5.4262714e-04   1.6987523e-02   1.8590745e-03   5.6092791e-03   8.7968179e-03   2.1440974e-02   1.0137403e-02   3.5104089e-01   3.1968288e-01   8.8135221e-01
   7.6286962e-01   4.4213320e-01   1.1102850e-02   4.6139277e-03   1.6946227e-02   5.2406610e-03   7.5101733e-03   7.8144852e-04   1.8445740e-02   8.8789872e-03   2.7989537e-01   2.3313373e-01   9.3229755e-01
   9.2300870e-01   3.8567695e-01   3.5507423e-03   1.0573437e-02   1.3865546e-03   8.5731986e-03   5.9957138e-03   6.9681061e-03   1.2217283e-02   4.4232278e-03   9.9217814e-02   6.8729666e-02   9.9314580e-01
   1.0000000e+00   6.5478417e-01   0.0000000e+00   0.0000000e+00   0.0000000e+00   0.0000000e+00   0.0000000e+00   0.0000000e+00   0.0000000e+00   0.0000000e+00   1.0629282e-15   1.7641641e-15   1.0000000e+00
   4.7317637e-02   9.4232980e-01   1.5918169e-02   1.3359273e-03   3.0611911e-04   5.8910445e-04   1.2279638e-03   7.6072233e-03   1.7769697e-02   5.0178219e-04   9.0271449e-02   9.9377677e-01   7.4304812e-02
   1.0329109e-01   8.8647870e-01   2.0645057e-03   3.6513530e-05   1.1082039e-03   5.3848858e-05   1.2826689e-02   8.3757497e-03   4.3104992e-03   4.3011023e-04   1.7509107e-01   9.7146946e-01   1.6158017e-01
   1.5927712e-01   8.3043233e-01   6.0448131e-02   5.0324404e-04   9.5463364e-03   8.9469225e-03   0.0000000e+00   3.3554055e-02   0.0000000e+00   1.3517566e-04   2.5628533e-01   9.3932723e-01   2.4881579e-01
   2.2844218e-01   7.7812505e-01   1.2172734e-02   0.0000000e+00   2.8897753e-03   0.0000000e+00   3.9787531e-02   2.4299896e-02   4.2968971e-05   8.8434613e-04   3.2050088e-01   8.8206575e-01   3.5200329e-01
   2.9725806e-01   7.3031508e-01   2.7339971e-02   3.4183645e-03   1.9572792e-02   4.0115417e-02   4.1947450e-02   1.4598898e-02   1.9907960e-02   3.1431301e-03   3.6894357e-01   8.1819889e-01   4.5245816e-01
   3.7102902e-01   6.8183695e-01   6.1737281e-02   2.9152032e-02   2.7312762e-02   4.4633819e-02   1.4786593e-02   3.8385540e-02   6.1569820e-02   9.2819739e-03   4.0530129e-01   7.4230593e-01   5.5751065e-01
   4.4491858e-01   6.4003195e-01   3.6866350e-02   3.8183439e-02   0.0000000e+00   3.1668606e-02   2.9641802e-02   4.0355887e-02   6.1080330e-02   2.6447190e-02   4.1459056e-01   6.5336266e-01   6.5027888e-01
   5.1955211e-01   6.0001412e-01   3.9449497e-02   1.6612263e-02   2.2757743e-02   8.0834339e-03   6.8104715e-03   4.8851778e-02   3.3969245e-02   6.9519205e-02   4.0701860e-01   5.6023918e-01   7.3638014e-01
   6.0522770e-01   5.6672619e-01   4.7812478e-03   6.0361204e-02   8.6846384e-03   1.4767805e-02   7.7981013e-03   2.2347351e-02   1.6933319e-02   4.7656917e-03   3.6743579e-01   4.5383217e-01   8.1774668e-01
   6.8479319e-01   5.3061249e-01   6.2701845e-03   3.2896233e-03   3.4718509e-02   9.8082205e-03   1.0771906e-02   1.9955035e-02   1.5238957e-02   1.0374538e-02   3.2014304e-01   3.5251335e-01   8.8184990e-01
   7.6830374e-01   5.0056121e-01   2.4313753e-02   2.1998437e-02   1.3324451e-02   3.1419071e-02   1.2646524e-03   3.2402420e-03   7.3941093e-03   1.7887941e-04   2.5206410e-01   2.5250890e-01   9.3665439e-01
   8.4718426e-01   4.7520568e-01   3.4190529e-03   2.6311064e-02   0.0000000e+00   1.1013436e-02   7.5402757e-03   1.5920249e-02   2.0609298e-02   3.0515713e-03   1.7480243e-01   1.6169046e-01   9.7285252e-01
   9.2522474e-01   4.4308863e-01   7.9238264e-04   8.6679734e-03   8.9476584e-04   1.1732420e-02   3.7955597e-03   1.4239570e-02   1.6723482e-02   2.6375641e-03   8.9995096e-02   7.5188824e-02   9.9382296e-01
   1.0000000e+00   7.2356116e-01   0.0000000e+00   0.0000000e+00   0.0000000e+00   0.0000000e+00   0.0000000e+00   0.0000000e+00   6.9386884e-14   0.0000000e+00   8.6651097e-16   1.8684887e-15   1.0000000e+00
   1.1282367e-01   8.9537557e-01   4.1146719e-03   1.0980838e-02   0.0000000e+00   5.3445050e-03   7.1802425e-03   0.0000000e+00   4.9816524e-03   4.0649473e-04   1.6108142e-01   9.7130965e-01   1.7633953e-01
   1.8010073e-01   8.4472900e-01   5.1516232e-02   6.6825878e-04   8.7881306e-03   9.8906236e-03   1.2807242e-03   1.8612710e-02   0.0000000e+00   4.7617996e-04   2.3262578e-01   9.3479086e-01   2.8003008e-01
   2.5193552e-01   7.9620946e-01   1.7717975e-02   0.0000000e+00   9.1506700e-03   1.2352179e-04   1.9326755e-02   6.4729361e-03   0.0000000e+00   5.6912181e-05   2.9058971e-01   8.7654993e-01   3.8580398e-01
   3.3248886e-01   7.4977772e-01   2.0307477e-02   3.0751437e-03   0.0000000e+00   1.9238107e-02   4.1932266e-02   1.4768359e-02   3.6676215e-02   8.7650517e-03   3.3333762e-01   8.0395414e-01   5.0094114e-01
   4.1677896e-01   7.0626332e-01   0.0000000e+00   4.9506903e-02   7.2098806e-02   1.2505257e-02   1.8020479e-02   3.3472123e-02   2.4133884e-02   2.7807876e-03   3.5663050e-01   7.1728604e-01   6.1489346e-01
   5.0344244e-01   6.6400180e-01   5.2428469e-02   7.7396526e-03   3.2396473e-02   0.0000000e+00   1.2380544e-03   3.5485971e-02   2.4746987e-02   6.2287170e-02   3.5758689e-01   6.1341435e-01   7.1775271e-01
   6.7874600e-01   5.9090583e-01   5.5224288e-03   1.0271020e-02   3.4445821e-02   7.2254144e-03   1.2272387e-03   1.5926688e-02   1.2081911e-02   8.4510535e-03   2.9027530e-01   3.8775826e-01   8.7697305e-01
   7.6412577e-01   5.5866467e-01   3.9756967e-02   1.6749935e-02   1.7575445e-02   2.8519078e-02   9.2643358e-04   2.6499983e-04   1.1066783e-02   6.5192493e-04   2.3210932e-01   2.7937675e-01   9.3503905e-01
   8.4739765e-01   5.2469268e-01   4.9164869e-03   3.2285114e-02   2.0173363e-02   2.5489187e-02   2.8184120e-03   1.3925858e-02   2.0277053e-02   1.6696068e-03   1.6168545e-01   1.7474103e-01   9.7406820e-01
   1.0000000e+00   7.2356116e-01   0.0000000e+00   0.0000000e+00   0.0000000e+00   0.0000000e+00   0.0000000e+00   0.0000000e+00   6.9386884e-14   0.0000000e+00   8.6651097e-16   1.8684887e-15   1.0000000e+00
   0.0000000e+00   1.0000000e+00   0.0000000e+00   0.0000000e+00   0.0000000e+00   0.0000000e+00   0.0000000e+00   0.0000000e+00   0.0000000e+00   0.0000000e+00   7.2736615e-16   1.0000000e+00   0.0000000e+00
   5.7381502e-02   9.5231217e-01   3.4267784e-03   5.2417890e-03   8.1613837e-04   6.8537971e-03   1.1164807e-02   1.7504006e-04   2.5239407e-03   1.2720762e-02   7.4562347e-02   9.9352485e-01   9.0046837e-02
   1.2307029e-01   9.0321909e-01   1.3236900e-02   8.5170187e-03   0.0000000e+00   5.8481457e-03   4.3395950e-03   0.0000000e+00   6.6624238e-03   3.9066797e-04   1.4866855e-01   9.7038868e-01   1.9218283e-01
   1.9983232e-01   8.5616952e-01   1.6105452e-02   1.4238594e-04   1.2417432e-02   4.8956980e-03   1.0812218e-02   8.2938735e-05   7.0905449e-03   4.5723319e-03   2.1319890e-01   9.2754615e-01   3.0895967e-01
   2.8430442e-01   8.1458760e-01   5.2168315e-02   4.3970459e-05   3.4998177e-02   2.0860654e-02   4.9400002e-04   2.5846828e-03   3.4149981e-02   3.2797447e-03   2.6042547e-01   8.6875301e-01   4.3429104e-01
   3.7523670e-01   7.6740229e-01   6.0436017e-02   8.3682373e-03   0.0000000e+00   4.4422764e-02   2.9302153e-03   4.9954159e-02   4.2243679e-02   1.0286217e-02   2.9999789e-01   7.8422859e-01   5.6148830e-01
   6.6479884e-01   6.5362169e-01   1.5362075e-02   1.6889313e-02   3.0820789e-03   6.9187067e-03   2.2684294e-02   8.9688352e-03   2.7376733e-02   1.3454640e-03   2.6063465e-01   4.3079922e-01   8.6621889e-01
   8.4339229e-01   5.8375722e-01   2.7089518e-08   0.0000000e+00   2.7993091e-02   3.2812249e-03   3.2379067e-03   9.1155033e-03   7.0167020e-03   0.0000000e+00   1.4825889e-01   1.9348135e-01   9.7080355e-01
   9.2469352e-01   5.5221171e-01   0.0000000e+00   6.7450634e-04   4.8689358e-04   8.5376066e-03   0.0000000e+00   0.0000000e+00   3.5080805e-03   9.3446007e-03   7.6345907e-02   9.0020989e-02   9.9318376e-01
   1.0000000e+00   7.2356116e-01   0.0000000e+00   0.0000000e+00   0.0000000e+00   0.0000000e+00   0.0000000e+00   0.0000000e+00   6.9386884e-14   0.0000000e+00   8.6651097e-16   1.8684887e-15   1.0000000e+00
   6.2855697e-02   9.5881332e-01   2.4101664e-03   4.3146736e-03   5.5050355e-04   1.2030911e-03   8.2129407e-04   8.8186596e-04   3.1092747e-03   0.0000000e+00   6.4338297e-02   9.9308498e-01   9.8576838e-02
   1.3721803e-01   9.1091852e-01   1.6176663e-02   0.0000000e+00   1.2752173e-02   5.9859164e-03   1.2281593e-02   0.0000000e+00   3.6387152e-03   5.2637041e-03   1.3633419e-01   9.6794340e-01   2.1401593e-01
   2.2205328e-01   8.6723559e-01   2.8257733e-02   3.3210660e-04   1.7128421e-02   3.8882987e-03   6.8798889e-03   0.0000000e+00   7.0593035e-03   5.1381896e-03   1.9480982e-01   9.2055259e-01   3.4219137e-01
   3.1976097e-01   8.2426546e-01   1.9508772e-02   5.3524716e-02   3.1655846e-02   5.1761124e-02   3.7288844e-03   3.2327227e-02   2.7226555e-02   4.5193058e-04   2.4097217e-01   8.5066463e-01   4.8562613e-01
   4.2249502e-01   7.8146434e-01   9.2742567e-03   8.0267957e-02   6.9617443e-02   7.2922159e-03   3.6082943e-02   3.8977981e-02   5.8479987e-02   1.2996631e-02   2.6986387e-01   7.5502030e-01   6.2698778e-01
   5.3184627e-01   7.4418140e-01   1.2656497e-02   2.7522651e-03   4.6032706e-02   5.2301566e-03   2.5024781e-02   0.0000000e+00   7.2630056e-03   3.4572578e-02   2.6348180e-01   6.2001184e-01   7.4468582e-01
   6.4015592e-01   7.0273771e-01   3.7005010e-02   2.5462902e-02   2.9138830e-04   0.0000000e+00   1.1278042e-03   3.1444157e-02   3.2883043e-02   9.3668213e-03   2.4211891e-01   4.8027991e-01   8.4798632e-01
   7.4201327e-01   6.7073834e-01   2.9157940e-02   2.3172514e-02   4.9126514e-04   2.8912864e-03   1.0216601e-04   3.5564409e-02   3.0148089e-02   1.5608270e-02   1.9567739e-01   3.4398537e-01   9.2251027e-01
   8.3628540e-01   6.3574572e-01   0.0000000e+00   7.0501221e-03   6.0283195e-04   1.8842100e-02   6.4587989e-03   1.3461722e-02   1.3316677e-02   2.1974208e-04   1.3782359e-01   2.1400071e-01   9.6789453e-01
   9.2261857e-01   6.0650082e-01   0.0000000e+00   2.6790629e-04   0.0000000e+00   8.3366058e-04   2.0213346e-05   4.1426745e-03   1.5553832e-03   8.9834928e-03   7.0271485e-02   9.8827051e-02   9.9272214e-01
   1.0000000e+00   7.2356116e-01   0.0000000e+00   0.0000000e+00   0.0000000e+00   0.0000000e+00   0.0000000e+00   0.0000000e+00   6.9386884e-14   0.0000000e+00   8.6651097e-16   1.8684887e-15   1.0000000e+00
   0.0000000e+00   1.0000000e+00   0.0000000e+00   0.0000000e+00   0.0000000e+00   0.0000000e+00   0.0000000e+00   0.0000000e+00   0.0000000e+00   0.0000000e+00   5.0532155e-16   1.0000000e+00   0.0000000e+00
   1.5440391e-01   9.1626575e-01   1.6113268e-02   0.0000000e+00   9.5876602e-03   6.0411423e-03   1.1637365e-02   0.0000000e+00   8.9495490e-03   8.2202474e-03   1.2739744e-01   9.6299293e-01   2.4032742e-01
   2.5292015e-01   8.7540735e-01   3.6618323e-02   1.2289571e-05   4.5913827e-03   3.7680057e-04   5.3762300e-03   0.0000000e+00   1.4389353e-02   4.3641490e-03   1.7960685e-01   9.0597393e-01   3.8754288e-01
   3.6503934e-01   8.3789438e-01   2.2133484e-02   6.3368254e-02   4.7767707e-02   3.1796847e-02   2.0207018e-03   2.5929975e-02   2.7314451e-02   1.0711765e-03   2.1355589e-01   8.2046971e-01   5.4749627e-01
   4.8337521e-01   7.9690005e-01   5.1770349e-02   1.9251461e-02   1.6393178e-02   1.3161443e-03   4.3816170e-04   1.2472208e-02   3.1883747e-02   8.8612064e-03   2.2853552e-01   6.9187831e-01   6.9154973e-01
   6.0429409e-01   7.5803944e-01   0.0000000e+00   2.6786320e-03   2.8999355e-02   1.1580814e-02   1.9523286e-02   1.1526689e-03   1.0619482e-02   3.5765177e-02   2.1662634e-01   5.4225074e-01   8.1520432e-01
   8.2519673e-01   6.9062754e-01   7.3427438e-04   0.0000000e+00   3.2497449e-03   5.9854915e-03   1.1070579e-02   1.5546702e-02   2.6093769e-02   8.0008173e-04   1.2677801e-01   2.4001380e-01   9.6359085e-01
   9.1824770e-01   6.5898037e-01   1.9582322e-06   1.9498664e-04   6.3918488e-04   1.6394905e-04   6.0688190e-04   6.8795738e-04   4.1185964e-05   1.2034611e-02   6.5375669e-02   1.1014122e-01   9.9191091e-01
   0.0000000e+00   1.0000000e+00   0.0000000e+00   0.0000000e+00   0.0000000e+00   0.0000000e+00   0.0000000e+00   0.0000000e+00   0.0000000e+00   0.0000000e+00   5.0532155e-16   1.0000000e+00   0.0000000e+00
   7.8255571e-02   9.6039141e-01   2.8875543e-03   3.7707600e-03   3.5820331e-04   1.2222890e-03   7.8595301e-04   8.9408764e-04   3.4631803e-03   0.0000000e+00   6.1710055e-02   9.9057139e-01   1.2261884e-01
   2.9001039e-01   8.8359694e-01   1.3031036e-02   6.3184939e-03   9.4129733e-03   9.1970017e-03   1.1056665e-02   8.2116977e-04   1.1149791e-04   1.0972875e-04   1.6336819e-01   8.8349736e-01   4.4017638e-01
   4.1971614e-01   8.4555628e-01   3.6917339e-02   3.8851652e-02   0.0000000e+00   0.0000000e+00   1.6216573e-02   0.0000000e+00   2.0093464e-02   1.9130484e-02   1.9062365e-01   7.7027819e-01   6.1494672e-01
   5.5700276e-01   8.1216357e-01   9.6073424e-03   1.2020862e-03   2.0994754e-02   1.8519819e-03   1.2197187e-02   8.1139886e-04   1.9390667e-02   4.4174789e-02   1.8697155e-01   6.1519204e-01   7.6981756e-01
   6.8851127e-01   7.7448075e-01   3.1649157e-02   3.1447553e-02   1.6631596e-02   0.0000000e+00   6.3534387e-04   1.5869674e-02   3.4772866e-02   1.3059535e-02   1.6366865e-01   4.4253142e-01   8.8611065e-01
   8.0871495e-01   7.4238576e-01   0.0000000e+00   6.8817450e-03   2.8132987e-05   2.4222787e-03   7.0504383e-03   2.2287833e-02   2.3697630e-02   2.0354495e-03   1.1666052e-01   2.7238261e-01   9.5631073e-01
   9.1407039e-01   7.3210879e-01   8.9738409e-07   2.1985335e-03   0.0000000e+00   0.0000000e+00   0.0000000e+00   7.4432264e-04   5.8494225e-04   1.3575798e-02   5.4980723e-02   1.2285222e-01   9.9109261e-01
   1.0000000e+00   7.2356116e-01   0.0000000e+00   0.0000000e+00   0.0000000e+00   0.0000000e+00   0.0000000e+00   0.0000000e+00   6.9386884e-14   0.0000000e+00   8.6651097e-16   1.8684887e-15   1.0000000e+00
   0.0000000e+00   1.0000000e+00   0.0000000e+00   0.0000000e+00   0.0000000e+00   0.0000000e+00   0.0000000e+00   0.0000000e+00   0.0000000e+00   0.0000000e+00   5.0532155e-16   1.0000000e+00   0.0000000e+00
   9.0132378e-02   9.6433391e-01   4.1351002e-03   2.9692707e-03   9.2133478e-05   6.7389309e-04   3.0972520e-04   8.1263455e-04   0.0000000e+00   0.0000000e+00   5.5436102e-02   9.8846791e-01   1.4111092e-01
   2.0356654e-01   9.3043577e-01   3.9410509e-03   4.9289726e-04   8.9226533e-03   6.7607709e-03   1.1864432e-02   0.0000000e+00   1.1842762e-04   4.2775362e-03   1.0355709e-01   9.4393181e-01   3.1443459e-01
   3.3957227e-01   8.8909590e-01   1.1989918e-02   5.2079146e-03   9.4571271e-03   1.4293446e-02   1.2048228e-02   8.2650683e-04   0.0000000e+00   1.3841480e-04   1.4934100e-01   8.4856834e-01   5.0877340e-01
   4.9442377e-01   8.7869534e-01   1.6055970e-02   1.8019231e-02   2.6110537e-02   6.2585000e-03   1.2777294e-02   0.0000000e+00   5.4162612e-03   7.8716396e-03   1.3530012e-01   7.0145496e-01   7.0197806e-01
   6.4483663e-01   8.2198481e-01   4.6283514e-03   0.0000000e+00   2.4935678e-02   4.7005113e-03   1.6328659e-02   0.0000000e+00   6.8266905e-03   3.5809464e-02   1.4644162e-01   5.0998475e-01   8.5029243e-01
   9.0323294e-01   7.5914793e-01   1.1514804e-03   0.0000000e+00   9.6872592e-06   0.0000000e+00   1.2406413e-05   9.7795470e-04   3.0419679e-04   1.8010883e-02   5.5946862e-02   1.4075494e-01   9.8879302e-01
   1.0000000e+00   7.1237057e-01   0.0000000e+00   0.0000000e+00   0.0000000e+00   0.0000000e+00   0.0000000e+00   0.0000000e+00   6.2773741e-14   0.0000000e+00   8.9921997e-16   1.8529692e-15   1.0000000e+00
   0.0000000e+00   1.0000000e+00   0.0000000e+00   0.0000000e+00   0.0000000e+00   0.0000000e+00   0.0000000e+00   0.0000000e+00   0.0000000e+00   0.0000000e+00   5.0532155e-16   1.0000000e+00   0.0000000e+00
   1.0229332e-01   9.6546565e-01   0.0000000e+00   0.0000000e+00   4.4245870e-03   2.2160790e-03   1.6245861e-03   4.6230844e-04   5.7596135e-04   2.2419736e-04   5.3522869e-02   9.8569370e-01   1.5999586e-01
   2.4058081e-01   9.3029879e-01   5.4330102e-03   8.7336416e-04   8.9019764e-03   6.4696249e-03   1.1688755e-02   2.6974371e-04   1.1474170e-04   4.2633260e-03   1.0158900e-01   9.2415803e-01   3.6908568e-01
   5.8474364e-01   8.7147558e-01   1.4641288e-02   1.6170003e-02   2.5513539e-02   6.5219775e-03   1.3614159e-02   3.3579096e-05   5.2776344e-03   1.3052758e-02   1.2190336e-01   5.9559779e-01   7.9593406e-01
   7.5406847e-01   8.8092694e-01   8.0520083e-03   0.0000000e+00   8.0828732e-05   0.0000000e+00   0.0000000e+00   4.2142951e-03   4.5468170e-03   2.3438795e-04   7.0068210e-02   3.7023839e-01   9.2640199e-01
   8.9077027e-01   8.1762603e-01   1.9752497e-03   0.0000000e+00   0.0000000e+00   0.0000000e+00   1.2479796e-04   0.0000000e+00   3.2523553e-05   4.8753343e-03   4.8246523e-02   1.6378348e-01   9.8534391e-01
   1.0000000e+00   7.1237057e-01   0.0000000e+00   0.0000000e+00   0.0000000e+00   0.0000000e+00   0.0000000e+00   0.0000000e+00   6.2773741e-14   0.0000000e+00   8.9921997e-16   1.8529692e-15   1.0000000e+00
   0.0000000e+00   1.0000000e+00   0.0000000e+00   0.0000000e+00   0.0000000e+00   0.0000000e+00   0.0000000e+00   0.0000000e+00   0.0000000e+00   0.0000000e+00   5.0532155e-16   1.0000000e+00   0.0000000e+00
   2.9363166e-01   9.3509107e-01   5.1206509e-03   1.8943510e-03   9.0265576e-03   6.1400898e-03   1.2854887e-02   0.0000000e+00   1.1263344e-04   3.8902893e-03   9.1176274e-02   8.9114613e-01   4.4520147e-01
   4.9734663e-01   9.1703426e-01   2.5801802e-02   1.3917073e-02   9.2923876e-03   5.7073468e-03   5.4770168e-04   6.8991795e-03   0.0000000e+00   6.8989398e-03   9.2372419e-02   7.0478264e-01   7.0490964e-01
   7.0055830e-01   8.7631580e-01   2.8457332e-03   0.0000000e+00   0.0000000e+00   0.0000000e+00   1.3605698e-05   4.3590698e-03   4.6708019e-03   6.1773366e-04   8.7502082e-02   4.4470437e-01   8.9144826e-01
   8.7353110e-01   8.8335967e-01   2.7167922e-03   0.0000000e+00   3.4466635e-04   0.0000000e+00   0.0000000e+00   2.8119582e-03   3.9313913e-03   5.2076797e-04   3.5957786e-02   1.9405565e-01   9.8036305e-01
   0.0000000e+00   1.0000000e+00   0.0000000e+00   0.0000000e+00   0.0000000e+00   0.0000000e+00   0.0000000e+00   0.0000000e+00   0.0000000e+00   0.0000000e+00   5.0532155e-16   1.0000000e+00   0.0000000e+00
   1.5525862e-01   9.8783022e-01   0.0000000e+00   0.0000000e+00   7.9293087e-03   1.0995456e-04   0.0000000e+00   1.0321318e-03   1.5220719e-03   0.0000000e+00   1.8550667e-02   9.7029545e-01   2.4148530e-01
   3.7424544e-01   9.7370944e-01   1.6931801e-02   1.3586750e-02   2.1098763e-03   6.1187171e-03   0.0000000e+00   6.7178425e-03   2.0055818e-02   5.0470305e-03   3.4388579e-02   8.3223784e-01   5.5513116e-01
   8.4234682e-01   8.9629368e-01   2.0559151e-02   1.7351981e-02   1.0840967e-02   5.4688084e-03   5.0736101e-05   6.1296771e-03   0.0000000e+00   9.5706381e-03   3.9793432e-02   2.4211446e-01   9.7046320e-01
   1.0000000e+00   7.1237057e-01   0.0000000e+00   0.0000000e+00   0.0000000e+00   0.0000000e+00   0.0000000e+00   0.0000000e+00   6.2773741e-14   0.0000000e+00   8.9921997e-16   1.8529692e-15   1.0000000e+00
   0.0000000e+00   1.0000000e+00   0.0000000e+00   0.0000000e+00   0.0000000e+00   0.0000000e+00   0.0000000e+00   0.0000000e+00   0.0000000e+00   0.0000000e+00   6.1232340e-17   1.0000000e+00   0.0000000e+00
   2.0419257e-01   9.8567472e-01   0.0000000e+00   0.0000000e+00   5.3012866e-03   1.1095664e-04   0.0000000e+00   1.0965554e-03   1.5777435e-03   0.0000000e+00   2.1353383e-02   9.4879075e-01   3.1528362e-01
   7.9532959e-01   9.5149660e-01   1.8700002e-03   2.5667703e-04   2.3601352e-02   1.5230221e-02   1.5149736e-02   4.5567876e-04   4.0905904e-03   3.4949919e-04   2.4076339e-02   3.1539655e-01   9.4974980e-01
   0.0000000e+00   1.0000000e+00   0.0000000e+00   0.0000000e+00   0.0000000e+00   0.0000000e+00   0.0000000e+00   0.0000000e+00   0.0000000e+00   0.0000000e+00   6.1232340e-17   1.0000000e+00   0.0000000e+00
   2.9468661e-01   9.7549310e-01   1.7161440e-02   1.8251770e-02   8.8424245e-03   8.8459120e-03   0.0000000e+00   1.3693072e-02   1.2884534e-02   8.7792896e-03   3.4477595e-02   8.9518771e-01   4.4708061e-01
   7.0447545e-01   9.5228754e-01   5.1958190e-03   0.0000000e+00   5.5192012e-04   9.7976368e-03   5.6761153e-03   4.7812011e-03   2.0417937e-02   4.6208581e-03   3.3544005e-02   4.4673401e-01   8.9472741e-01
   1.0000000e+00   7.7835725e-01   0.0000000e+00   0.0000000e+00   0.0000000e+00   0.0000000e+00   0.0000000e+00   0.0000000e+00   6.6264571e-14   0.0000000e+00   2.0890311e-17   5.7558617e-17   1.0000000e+00
   4.9938968e-01   9.8945079e-01   8.7746445e-03   1.4825749e-02   1.3562042e-03   1.3983834e-02   1.7630222e-02   6.2793478e-03   1.5430738e-02   6.6747701e-03   1.1741139e-02   7.0848482e-01   7.0722477e-01
   1.0000000e+00   7.7835725e-01   0.0000000e+00   0.0000000e+00   0.0000000e+00   0.0000000e+00   0.0000000e+00   0.0000000e+00   6.6264571e-14   0.0000000e+00   2.0890311e-17   5.7558617e-17   1.0000000e+00
   0.0000000e+00   1.0000000e+00   0.0000000e+00   0.0000000e+00   0.0000000e+00   0.0000000e+00   0.0000000e+00   0.0000000e+00   0.0000000e+00   0.0000000e+00   6.1232340e-17   1.0000000e+00   0.0000000e+00
   1.0000000e+00   1.0000000e+00   0.0000000e+00   0.0000000e+00   0.0000000e+00   0.0000000e+00   0.0000000e+00   0.0000000e+00   0.0000000e+00   0.0000000e+00   3.7493995e-33   6.1232340e-17   1.0000000e+00
   5.0005570e-01   1.0000000e+00   1.1257922e-02   1.9628014e-02   2.6160254e-03   1.1204296e-02   3.4487835e-03   6.0947113e-03   3.4771500e-02   9.2181470e-03   4.3380059e-17   7.0845013e-01   7.0857411e-01
