   6.5488290e-03   0.0000000e+00   0.0000000e+00   0.0000000e+00   0.0000000e+00   0.0000000e+00   0.0000000e+00   0.0000000e+00   0.0000000e+00   0.0000000e+00   9.9999661e-01   6.7892255e-06
   2.1690877e-02   0.0000000e+00   0.0000000e+00   0.0000000e+00   0.0000000e+00   0.0000000e+00   0.0000000e+00   0.0000000e+00   0.0000000e+00   0.0000000e+00   9.9637941e-01   7.2280639e-03
   2.4617918e-02   0.0000000e+00   0.0000000e+00   0.0000000e+00   0.0000000e+00   0.0000000e+00   0.0000000e+00   0.0000000e+00   0.0000000e+00   0.0000000e+00   9.9271631e-01   1.4514337e-02
   2.6563881e-02   0.0000000e+00   0.0000000e+00   0.0000000e+00   0.0000000e+00   0.0000000e+00   0.0000000e+00   0.0000000e+00   0.0000000e+00   0.0000000e+00   9.8899476e-01   2.1889367e-02
   2.8063489e-02   0.0000000e+00   0.0000000e+00   0.0000000e+00   0.0000000e+00   0.0000000e+00   0.0000000e+00   0.0000000e+00   0.0000000e+00   0.0000000e+00   9.8523528e-01   2.9311436e-02
   2.9305939e-02   0.0000000e+00   0.0000000e+00   0.0000000e+00   0.0000000e+00   0.0000000e+00   0.0000000e+00   0.0000000e+00   0.0000000e+00   0.0000000e+00   9.8143345e-01   3.6788382e-02
   3.0389677e-02   0.0000000e+00   0.0000000e+00   0.0000000e+00   0.0000000e+00   0.0000000e+00   0.0000000e+00   0.0000000e+00   0.0000000e+00   0.0000000e+00   9.7754717e-01   4.4401532e-02
   3.1352473e-02   0.0000000e+00   0.0000000e+00   0.0000000e+00   0.0000000e+00   0.0000000e+00   0.0000000e+00   0.0000000e+00   0.0000000e+00   0.0000000e+00   9.7360717e-01   5.2089085e-02
   3.2227819e-02   0.0000000e+00   0.0000000e+00   0.0000000e+00   0.0000000e+00   0.0000000e+00   0.0000000e+00   0.0000000e+00   0.0000000e+00   0.0000000e+00   9.6959680e-01   5.9882037e-02
   3.3025565e-02   0.0000000e+00   0.0000000e+00   0.0000000e+00   0.0000000e+00   0.0000000e+00   0.0000000e+00   0.0000000e+00   0.0000000e+00   0.0000000e+00   9.6556448e-01   6.7685243e-02
   3.3763823e-02   0.0000000e+00   0.0000000e+00   0.0000000e+00   0.0000000e+00   0.0000000e+00   0.0000000e+00   0.0000000e+00   0.0000000e+00   0.0000000e+00   9.6149520e-01   7.5526984e-02
   3.4470080e-02   0.0000000e+00   0.0000000e+00   0.0000000e+00   0.0000000e+00   0.0000000e+00   0.0000000e+00   0.0000000e+00   0.0000000e+00   0.0000000e+00   9.5728480e-01   8.3605810e-02
   3.5128579e-02   0.0000000e+00   0.0000000e+00   0.0000000e+00   0.0000000e+00   0.0000000e+00   0.0000000e+00   0.0000000e+00   0.0000000e+00   0.0000000e+00   9.5306847e-01   9.1660483e-02
   3.5755779e-02   0.0000000e+00   0.0000000e+00   0.0000000e+00   0.0000000e+00   0.0000000e+00   0.0000000e+00   0.0000000e+00   0.0000000e+00   0.0000000e+00   9.4878283e-01   9.9811138e-02
   3.6354119e-02   0.0000000e+00   0.0000000e+00   0.0000000e+00   0.0000000e+00   0.0000000e+00   0.0000000e+00   0.0000000e+00   0.0000000e+00   0.0000000e+00   9.4444180e-01   1.0802969e-01
   3.6927757e-02   0.0000000e+00   0.0000000e+00   0.0000000e+00   0.0000000e+00   0.0000000e+00   0.0000000e+00   0.0000000e+00   0.0000000e+00   0.0000000e+00   9.4004234e-01   1.1632040e-01
   3.7482010e-02   0.0000000e+00   0.0000000e+00   0.0000000e+00   0.0000000e+00   0.0000000e+00   0.0000000e+00   0.0000000e+00   0.0000000e+00   0.0000000e+00   9.3556548e-01   1.2471724e-01
   3.8016275e-02   0.0000000e+00   0.0000000e+00   0.0000000e+00   0.0000000e+00   0.0000000e+00   0.0000000e+00   0.0000000e+00   0.0000000e+00   0.0000000e+00   9.3103548e-01   1.3317293e-01
   3.8534429e-02   0.0000000e+00   0.0000000e+00   0.0000000e+00   0.0000000e+00   0.0000000e+00   0.0000000e+00   0.0000000e+00   0.0000000e+00   0.0000000e+00   9.2643729e-01   1.4171394e-01
   3.9038684e-02   0.0000000e+00   0.0000000e+00   0.0000000e+00   0.0000000e+00   0.0000000e+00   0.0000000e+00   0.0000000e+00   0.0000000e+00   0.0000000e+00   9.2176583e-01   1.5034775e-01
   3.9527797e-02   0.0000000e+00   0.0000000e+00   0.0000000e+00   0.0000000e+00   0.0000000e+00   0.0000000e+00   0.0000000e+00   0.0000000e+00   0.0000000e+00   9.1704682e-01   1.5902513e-01
   4.0004433e-02   0.0000000e+00   0.0000000e+00   0.0000000e+00   0.0000000e+00   0.0000000e+00   0.0000000e+00   0.0000000e+00   0.0000000e+00   0.0000000e+00   9.1226819e-01   1.6776675e-01
   4.0471935e-02   0.0000000e+00   0.0000000e+00   4.1072307e-21   0.0000000e+00   0.0000000e+00   0.0000000e+00   0.0000000e+00   0.0000000e+00   0.0000000e+00   9.0740684e-01   1.7668868e-01
   4.0923722e-02   0.0000000e+00   0.0000000e+00   1.2515634e-20   0.0000000e+00   0.0000000e+00   0.0000000e+00   0.0000000e+00   0.0000000e+00   0.0000000e+00   9.0254351e-01   1.8551493e-01
   4.1380115e-02   0.0000000e+00   0.0000000e+00   1.6362792e-20   0.0000000e+00   1.4194327e-19   0.0000000e+00   0.0000000e+00   0.0000000e+00   0.0000000e+00   8.9746447e-01   1.9474465e-01
   4.1822036e-02   0.0000000e+00   0.0000000e+00   1.6611712e-20   0.0000000e+00   0.0000000e+00   0.0000000e+00   0.0000000e+00   0.0000000e+00   0.0000000e+00   8.9238650e-01   2.0375231e-01
   4.2251362e-02   0.0000000e+00   0.0000000e+00   1.4346444e-20   0.0000000e+00   0.0000000e+00   0.0000000e+00   0.0000000e+00   0.0000000e+00   0.0000000e+00   8.8730194e-01   2.1279691e-01
   4.2679203e-02   0.0000000e+00   0.0000000e+00   1.0769002e-20   0.0000000e+00   1.8422244e-24   0.0000000e+00   0.0000000e+00   0.0000000e+00   0.0000000e+00   8.8208621e-01   2.2201803e-01
   4.3103942e-02   0.0000000e+00   0.0000000e+00   1.3141431e-20   0.0000000e+00   3.2500864e-22   0.0000000e+00   0.0000000e+00   0.0000000e+00   0.0000000e+00   8.7676125e-01   2.3138871e-01
   4.3535440e-02   0.0000000e+00   0.0000000e+00   1.3488817e-20   0.0000000e+00   0.0000000e+00   0.0000000e+00   0.0000000e+00   4.1772211e-21   0.0000000e+00   8.7120150e-01   2.4111332e-01
   4.3953316e-02   0.0000000e+00   0.0000000e+00   3.7472958e-21   0.0000000e+00   7.4407990e-23   0.0000000e+00   0.0000000e+00   0.0000000e+00   0.0000000e+00   8.6567334e-01   2.5068113e-01
   4.4364884e-02   0.0000000e+00   0.0000000e+00   0.0000000e+00   0.0000000e+00   0.0000000e+00   0.0000000e+00   0.0000000e+00   0.0000000e+00   0.0000000e+00   8.6009053e-01   2.6024428e-01
   4.4753832e-02   0.0000000e+00   0.0000000e+00   3.7382995e-21   0.0000000e+00   5.8866595e-23   0.0000000e+00   0.0000000e+00   0.0000000e+00   0.0000000e+00   8.5468907e-01   2.6957718e-01
   4.5169809e-02   0.0000000e+00   0.0000000e+00   1.0566350e-20   0.0000000e+00   0.0000000e+00   0.0000000e+00   0.0000000e+00   0.0000000e+00   0.0000000e+00   8.4877799e-01   2.7966657e-01
   4.5569169e-02   0.0000000e+00   0.0000000e+00   4.0074976e-19   0.0000000e+00   0.0000000e+00   0.0000000e+00   0.0000000e+00   0.0000000e+00   0.0000000e+00   8.4297330e-01   2.8961965e-01
   4.5962913e-02   0.0000000e+00   0.0000000e+00   0.0000000e+00   0.0000000e+00   9.5108147e-20   0.0000000e+00   0.0000000e+00   0.0000000e+00   0.0000000e+00   8.3712673e-01   2.9937404e-01
   4.6362143e-02   0.0000000e+00   0.0000000e+00   0.0000000e+00   0.0000000e+00   1.1241209e-22   0.0000000e+00   0.0000000e+00   0.0000000e+00   0.0000000e+00   8.3107460e-01   3.0934361e-01
   4.6757565e-02   0.0000000e+00   0.0000000e+00   0.0000000e+00   0.0000000e+00   1.1223362e-22   0.0000000e+00   0.0000000e+00   0.0000000e+00   0.0000000e+00   8.2495830e-01   3.1947223e-01
   4.7131191e-02   0.0000000e+00   0.0000000e+00   1.2524819e-20   0.0000000e+00   2.3246904e-20   0.0000000e+00   3.2572687e-18   1.1899188e-17   0.0000000e+00   8.1906890e-01   3.2966811e-01
   4.7536233e-02   0.0000000e+00   0.0000000e+00   1.9346652e-20   0.0000000e+00   4.3892377e-20   0.0000000e+00   0.0000000e+00   3.5758112e-19   0.0000000e+00   8.1256487e-01   3.3995805e-01
   4.7929344e-02   0.0000000e+00   0.0000000e+00   3.5442384e-21   0.0000000e+00   0.0000000e+00   0.0000000e+00   0.0000000e+00   0.0000000e+00   0.0000000e+00   8.0613531e-01   3.5021201e-01
   4.8298753e-02   0.0000000e+00   0.0000000e+00   0.0000000e+00   0.0000000e+00   1.8565344e-21   0.0000000e+00   6.2141373e-17   0.0000000e+00   0.0000000e+00   7.9998991e-01   3.6077261e-01
   4.8709124e-02   0.0000000e+00   0.0000000e+00   0.0000000e+00   0.0000000e+00   0.0000000e+00   0.0000000e+00   0.0000000e+00   0.0000000e+00   0.0000000e+00   7.9304759e-01   3.7107551e-01
   4.9069856e-02   0.0000000e+00   0.0000000e+00   0.0000000e+00   0.0000000e+00   0.0000000e+00   0.0000000e+00   0.0000000e+00   0.0000000e+00   0.0000000e+00   7.8684649e-01   3.8087260e-01
   4.9474357e-02   0.0000000e+00   0.0000000e+00   4.7045080e-21   0.0000000e+00   2.8004415e-20   0.0000000e+00   0.0000000e+00   3.7067563e-20   0.0000000e+00   7.7978563e-01   3.9207018e-01
   4.9844107e-02   0.0000000e+00   0.0000000e+00   0.0000000e+00   0.0000000e+00   0.0000000e+00   0.0000000e+00   1.2085020e-16   1.1426004e-19   0.0000000e+00   7.7323429e-01   4.0297930e-01
   5.0234516e-02   0.0000000e+00   0.0000000e+00   0.0000000e+00   0.0000000e+00   0.0000000e+00   0.0000000e+00   0.0000000e+00   0.0000000e+00   0.0000000e+00   7.6621874e-01   4.1290884e-01
   5.0612443e-02   0.0000000e+00   0.0000000e+00   9.8283904e-20   0.0000000e+00   0.0000000e+00   0.0000000e+00   0.0000000e+00   0.0000000e+00   0.0000000e+00   7.5933394e-01   4.2355702e-01
   5.0975464e-02   0.0000000e+00   0.0000000e+00   7.3553993e-22   0.0000000e+00   8.7837520e-18   0.0000000e+00   4.4023967e-16   3.0988274e-15   0.0000000e+00   7.5263644e-01   4.3552400e-01
   5.1395624e-02   0.0000000e+00   0.0000000e+00   0.0000000e+00   0.0000000e+00   0.0000000e+00   0.0000000e+00   0.0000000e+00   0.0000000e+00   0.0000000e+00   7.4478495e-01   4.4529538e-01
   5.1791001e-02   0.0000000e+00   0.0000000e+00   2.3917929e-22   0.0000000e+00   0.0000000e+00   0.0000000e+00   1.5769682e-19   0.0000000e+00   0.0000000e+00   7.3730209e-01   4.5654551e-01
   5.2178419e-02   0.0000000e+00   0.0000000e+00   1.2542913e-19   3.3461944e-19   1.5727655e-21   0.0000000e+00   1.1797528e-17   0.0000000e+00   0.0000000e+00   7.2988438e-01   4.6774001e-01
   5.2542842e-02   0.0000000e+00   0.0000000e+00   1.5544162e-19   4.1847386e-19   1.5727728e-21   0.0000000e+00   0.0000000e+00   0.0000000e+00   0.0000000e+00   7.2283274e-01   4.7773071e-01
   5.2929610e-02   0.0000000e+00   0.0000000e+00   8.6991575e-19   1.0055672e-17   2.2159370e-18   0.0000000e+00   1.5334114e-17   2.5537378e-15   0.0000000e+00   7.1527332e-01   4.9015397e-01
   5.3313034e-02   0.0000000e+00   0.0000000e+00   4.2179445e-19   1.1963302e-17   2.0688960e-19   0.0000000e+00   0.0000000e+00   4.9197935e-15   0.0000000e+00   7.0770614e-01   5.0121779e-01
   5.3711468e-02   0.0000000e+00   0.0000000e+00   5.5545213e-19   6.5196198e-19   2.4427678e-20   0.0000000e+00   6.7573640e-18   3.9528634e-15   0.0000000e+00   6.9976952e-01   5.1226366e-01
   5.4100058e-02   0.0000000e+00   0.0000000e+00   2.7642034e-21   1.4335881e-19   1.6743261e-19   0.0000000e+00   4.5987637e-19   6.7135284e-15   0.0000000e+00   6.9196108e-01   5.2338841e-01
   5.4501459e-02   0.0000000e+00   0.0000000e+00   4.6972061e-19   9.4766389e-19   3.2264690e-20   0.0000000e+00   0.0000000e+00   4.9747562e-15   0.0000000e+00   6.8382917e-01   5.3440222e-01
   5.4899296e-02   0.0000000e+00   0.0000000e+00   2.2364564e-18   8.0389308e-19   9.3300277e-20   0.0000000e+00   7.9844458e-19   5.3849901e-15   0.0000000e+00   6.7570771e-01   5.4546884e-01
   5.5297978e-02   0.0000000e+00   0.0000000e+00   1.1367510e-21   0.0000000e+00   1.5897982e-19   0.0000000e+00   0.0000000e+00   6.7152730e-15   0.0000000e+00   6.6751202e-01   5.5657698e-01
   5.5698076e-02   1.6286917e-15   2.0832622e-15   0.0000000e+00   0.0000000e+00   3.0623248e-20   0.0000000e+00   1.9377682e-16   7.0948301e-15   0.0000000e+00   6.5923468e-01   5.6782255e-01
   5.6508858e-02   0.0000000e+00   0.0000000e+00   1.1355340e-22   0.0000000e+00   2.4451799e-18   0.0000000e+00   4.0448805e-17   6.6473315e-15   0.0000000e+00   6.4232012e-01   5.8952315e-01
   5.6923268e-02   0.0000000e+00   0.0000000e+00   1.4715428e-21   0.0000000e+00   0.0000000e+00   0.0000000e+00   1.0860450e-17   6.7748797e-15   0.0000000e+00   6.3361290e-01   6.0062388e-01
   5.7362271e-02   0.0000000e+00   0.0000000e+00   9.7655743e-21   1.8363353e-18   0.0000000e+00   0.0000000e+00   1.0651538e-17   6.7012276e-15   0.0000000e+00   6.2435200e-01   6.1225091e-01
   5.7733227e-02   0.0000000e+00   0.0000000e+00   1.2640096e-20   2.2258981e-19   0.0000000e+00   0.0000000e+00   8.1631761e-18   6.6272738e-15   0.0000000e+00   6.1650212e-01   6.2197101e-01
   5.8185026e-02   0.0000000e+00   0.0000000e+00   0.0000000e+00   7.0993132e-19   0.0000000e+00   0.0000000e+00   8.8861051e-18   5.9102737e-15   0.0000000e+00   6.0691806e-01   6.3362193e-01
   5.8598678e-02   0.0000000e+00   0.0000000e+00   8.9612040e-21   1.2638238e-18   0.0000000e+00   0.0000000e+00   8.7514937e-18   6.6985076e-15   0.0000000e+00   5.9812714e-01   6.4426225e-01
   5.9021842e-02   0.0000000e+00   9.7972943e-17   0.0000000e+00   0.0000000e+00   4.9399882e-17   0.0000000e+00   7.5313738e-15   6.7198855e-15   0.0000000e+00   5.8912500e-01   6.5535528e-01
   5.9461463e-02   0.0000000e+00   0.0000000e+00   0.0000000e+00   0.0000000e+00   1.0385219e-16   0.0000000e+00   8.2792292e-15   6.6317895e-15   0.0000000e+00   5.7977041e-01   6.6629547e-01
   5.9882883e-02   0.0000000e+00   0.0000000e+00   1.2579481e-20   1.4239564e-19   0.0000000e+00   0.0000000e+00   0.0000000e+00   1.0903740e-14   0.0000000e+00   5.7080806e-01   6.7640344e-01
   6.0309297e-02   1.7382889e-14   2.8107336e-14   1.0545876e-21   1.2736757e-16   0.0000000e+00   0.0000000e+00   3.4838376e-14   6.6043945e-15   0.0000000e+00   5.6175168e-01   6.8814575e-01
   6.0755957e-02   0.0000000e+00   0.0000000e+00   0.0000000e+00   0.0000000e+00   0.0000000e+00   0.0000000e+00   3.4632649e-14   6.5710831e-15   0.0000000e+00   5.5228643e-01   6.9803318e-01
   6.1207179e-02   0.0000000e+00   0.0000000e+00   5.4214824e-21   0.0000000e+00   6.9823621e-22   0.0000000e+00   3.3270809e-14   6.5797393e-15   0.0000000e+00   5.4275499e-01   7.0842096e-01
   6.1651673e-02   0.0000000e+00   1.4955591e-14   1.9010610e-21   6.5262403e-19   2.5509926e-14   0.0000000e+00   5.6124931e-14   1.0223284e-14   0.0000000e+00   5.3340429e-01   7.1929312e-01
   6.2106575e-02   0.0000000e+00   1.5971184e-14   1.7964747e-21   6.3004073e-19   1.7924015e-14   0.0000000e+00   5.8874638e-14   9.5908268e-15   0.0000000e+00   5.2388321e-01   7.2928978e-01
   6.2576943e-02   5.0049937e-16   0.0000000e+00   2.0188021e-21   0.0000000e+00   1.5911718e-14   0.0000000e+00   4.2429779e-14   5.9809405e-15   0.0000000e+00   5.1409989e-01   7.3901434e-01
   6.3103860e-02   4.4283992e-16   0.0000000e+00   2.7223889e-21   0.0000000e+00   1.8787052e-14   0.0000000e+00   3.8488723e-14   6.0764508e-15   0.0000000e+00   5.0322708e-01   7.5003353e-01
   6.3521839e-02   2.2089088e-16   2.7523206e-14   1.0622134e-21   0.0000000e+00   5.2541843e-16   0.0000000e+00   5.6288972e-14   6.2943959e-15   0.0000000e+00   4.9467652e-01   7.5884401e-01
   6.3983281e-02   1.2387478e-13   1.5193829e-13   4.4056641e-21   2.9091530e-17   4.8631322e-14   0.0000000e+00   3.5001622e-14   2.8354464e-15   0.0000000e+00   4.8532263e-01   7.6943903e-01
   6.4478960e-02   1.1649552e-13   1.1736577e-13   4.5941349e-21   0.0000000e+00   1.6195982e-15   0.0000000e+00   8.3178037e-15   2.0600113e-18   0.0000000e+00   4.7538578e-01   7.7848175e-01
   6.4985154e-02   1.1165771e-13   6.3042430e-14   5.5970650e-21   0.0000000e+00   1.7727574e-15   0.0000000e+00   7.0480125e-15   0.0000000e+00   0.0000000e+00   4.6536900e-01   7.8756672e-01
   6.5495382e-02   0.0000000e+00   1.1370335e-13   6.3401386e-21   3.2575281e-18   3.7524557e-16   0.0000000e+00   0.0000000e+00   1.5955249e-16   0.0000000e+00   4.5541909e-01   7.9623903e-01
   6.6006275e-02   0.0000000e+00   1.6918260e-13   2.5238722e-20   0.0000000e+00   0.0000000e+00   0.0000000e+00   7.9813473e-15   8.3309048e-16   0.0000000e+00   4.4561671e-01   8.0546879e-01
   6.6529012e-02   8.1937163e-15   1.5395654e-13   4.1168665e-21   0.0000000e+00   0.0000000e+00   0.0000000e+00   6.7375231e-16   6.3734362e-16   0.0000000e+00   4.3576677e-01   8.1403662e-01
   6.7066445e-02   0.0000000e+00   1.2846853e-13   3.6236282e-21   1.4910882e-17   0.0000000e+00   0.0000000e+00   6.9941121e-16   6.5729173e-16   0.0000000e+00   4.2584374e-01   8.2234012e-01
   6.7614740e-02   3.9322278e-18   1.1185861e-13   2.8308576e-21   2.6671419e-19   0.0000000e+00   0.0000000e+00   2.6540864e-16   1.2092194e-15   0.0000000e+00   4.1594816e-01   8.3052210e-01
   6.8180828e-02   4.2455567e-16   1.3186773e-13   8.0893160e-21   1.9137866e-19   0.0000000e+00   0.0000000e+00   1.2656681e-15   1.5487790e-15   0.0000000e+00   4.0598929e-01   8.3884062e-01
   6.8775213e-02   1.3469222e-16   1.2427947e-13   1.5992184e-20   6.6786879e-18   0.0000000e+00   0.0000000e+00   1.0341932e-15   1.5369111e-15   0.0000000e+00   3.9583244e-01   8.4690308e-01
   6.9367604e-02   3.3706098e-16   1.2213690e-13   2.2929079e-20   8.1088557e-18   0.0000000e+00   0.0000000e+00   9.4988404e-16   1.9993789e-15   0.0000000e+00   3.8603365e-01   8.5452974e-01
   6.9970457e-02   3.6851679e-16   1.2278212e-13   1.8221464e-20   7.7664719e-18   0.0000000e+00   0.0000000e+00   1.0290234e-15   1.5478347e-15   0.0000000e+00   3.7641257e-01   8.6184481e-01
   7.0618824e-02   1.2313406e-14   1.2750617e-13   1.1724154e-20   0.0000000e+00   0.0000000e+00   0.0000000e+00   1.2221944e-15   1.8627744e-15   0.0000000e+00   3.6648109e-01   8.6931413e-01
   7.1281252e-02   1.2426735e-14   1.7572325e-13   1.0655445e-20   0.0000000e+00   0.0000000e+00   0.0000000e+00   1.7706999e-16   1.9040747e-15   0.0000000e+00   3.5680202e-01   8.7655934e-01
   7.2012212e-02   2.0648017e-14   1.9231267e-13   0.0000000e+00   0.0000000e+00   2.2754941e-18   0.0000000e+00   2.8372083e-16   1.8554454e-15   0.0000000e+00   3.4669734e-01   8.8376350e-01
   7.2724073e-02   0.0000000e+00   1.7412289e-13   1.6540083e-20   1.4891454e-17   6.7380821e-17   0.0000000e+00   8.3100680e-15   2.6808436e-15   0.0000000e+00   3.3746403e-01   8.8991361e-01
   7.3518497e-02   4.5794114e-15   1.8384340e-13   3.2151683e-20   8.5116935e-18   3.6867008e-19   0.0000000e+00   3.1918203e-16   1.8310078e-15   0.0000000e+00   3.2789858e-01   8.9628362e-01
   7.4396002e-02   3.0436437e-15   1.7740780e-13   2.8253275e-20   7.2341370e-18   2.4292317e-17   0.0000000e+00   0.0000000e+00   1.9234882e-15   0.0000000e+00   3.1827634e-01   9.0243880e-01
   7.5365040e-02   0.0000000e+00   1.6607863e-13   4.3307447e-20   2.4433136e-17   0.0000000e+00   0.0000000e+00   0.0000000e+00   1.6061582e-15   0.0000000e+00   3.0884779e-01   9.0825440e-01
   7.6582662e-02   0.0000000e+00   1.5983078e-13   4.1539914e-20   2.5178384e-17   2.3162739e-19   0.0000000e+00   0.0000000e+00   1.6557388e-15   0.0000000e+00   2.9885308e-01   9.1427415e-01
   7.8091281e-02   0.0000000e+00   1.7292261e-13   3.1668203e-20   7.9969407e-18   0.0000000e+00   0.0000000e+00   0.0000000e+00   1.5827990e-15   0.0000000e+00   2.8944106e-01   9.1986274e-01
   8.1543625e-02   4.3903251e-12   0.0000000e+00   2.2299803e-22   2.4435750e-16   9.7651092e-13   0.0000000e+00   0.0000000e+00   1.0369750e-16   0.0000000e+00   2.8078097e-01   9.2968962e-01
