   6.8909390e-01   0.0000000e+00   7.9902878e-01   3.9930132e-01   3.9999581e-01   9.9973253e-01   1.6855337e-04   6.2765979e-04   3.9958724e-01   4.9986378e-01   0.0000000e+00   6.0829859e+01   2.7445278e+01   1.0000000e+00             Inf
   0.0000000e+00   4.5183852e-01   7.9982858e-01   4.0002300e-01   4.0005003e-01   9.9971233e-01   2.2431482e-04   2.7204676e-04   4.0003186e-01   4.9996635e-01   0.0000000e+00   0.0000000e+00   8.7956936e+01   1.0000000e+00             Inf
   1.0000000e+00   0.0000000e+00   7.9985748e-01   4.0003213e-01   4.0007632e-01   9.9977456e-01   3.0624916e-04   2.4669256e-04   4.0005608e-01   4.9993771e-01   0.0000000e+00   8.7957651e+01   0.0000000e+00   1.0000000e+00             Inf
   1.0000000e+00   1.0000000e+00   7.9986594e-01   4.0003846e-01   4.0003315e-01   9.9967808e-01   2.5251070e-04   2.4289687e-04   4.0010030e-01   4.9996950e-01   8.7957724e+01   0.0000000e+00   0.0000000e+00   1.0000000e+00             Inf
   1.0000000e+00   6.2417435e-01   7.9959605e-01   4.0021675e-01   4.0006791e-01   9.9984515e-01   2.2903248e-04   0.0000000e+00   3.9923903e-01   5.0043860e-01   5.5025176e+01   3.3131564e+01   0.0000000e+00   1.0000000e+00   2.4699232e-02
   9.1872445e-01   2.1742830e-01   8.0021985e-01   3.9935845e-01   4.0000550e-01   9.9983651e-01   5.9228918e-04   1.6381589e-04   3.9889262e-01   4.9953533e-01   1.7660789e+01   6.3565018e+01   7.1856937e+00   1.0000000e+00   2.2413349e-02
   6.9375342e-01   8.6101416e-01   7.9994895e-01   4.0027344e-01   4.0002402e-01   1.0000000e+00   2.1761293e-04   0.0000000e+00   3.9996057e-01   4.9983470e-01   5.2565452e+01   8.4851725e+00   2.6949841e+01   1.0000000e+00   2.0947623e-02
   1.1537822e-01   1.7875879e-01   8.0067358e-01   4.0031249e-01   4.0104657e-01   9.9981129e-01   8.9338277e-04   2.4309928e-04   4.0083910e-01   5.0017126e-01   1.8255103e+00   8.3866325e+00   7.8297999e+01   1.0000000e+00   2.0235777e-02
   7.7299824e-01   7.7530953e-01   7.9784270e-01   4.0086797e-01   3.9936865e-01   9.9976954e-01   3.1937496e-04   8.6359066e-04   3.9833886e-01   4.9979624e-01   5.3718468e+01   1.5568012e+01   2.0346945e+01   1.0000000e+00   2.0230242e-02
   7.6154365e-01   9.2382496e-01   7.9984664e-01   4.0063591e-01   4.0176832e-01   9.9959621e-01   8.1565306e-05   0.0000000e+00   4.0012836e-01   4.9944661e-01   6.2396530e+01   5.1449767e+00   2.1148756e+01   1.0000000e+00   1.9853547e-02
   8.3838364e-01   3.9792782e-02   8.0025386e-01   3.9996624e-01   3.9999388e-01   9.9961513e-01   3.5931162e-04   9.0497383e-04   4.0081086e-01   5.0025777e-01   2.9427364e+00   7.1008776e+01   1.4255734e+01   1.0000000e+00   1.8978848e-02
   8.9210718e-01   6.0242293e-02   8.0026969e-01   3.9997529e-01   3.9987952e-01   9.9963750e-01   4.1668997e-04   7.2956601e-04   4.0042986e-01   5.0020902e-01   4.7340454e+00   7.3849375e+01   9.5039998e+00   1.0000000e+00   1.8907520e-02
   1.8322770e-01   7.7904221e-01   7.9790653e-01   3.9986758e-01   3.9976056e-01   1.0000000e+00   0.0000000e+00   1.4514713e-03   3.9835516e-01   5.0044598e-01   1.2795054e+01   3.6290290e+00   7.3213469e+01   1.0000000e+00   1.8757465e-02
   4.3364447e-01   9.1496372e-01   7.9806949e-01   3.9979532e-01   4.0004493e-01   9.9998304e-01   1.2109244e-05   7.4177371e-04   3.9896386e-01   4.9999352e-01   3.5270971e+01   3.2780668e+00   5.0346453e+01   1.0000000e+00   1.8439766e-02
   5.8907818e-01   5.5537321e-01   7.9850730e-01   4.0025451e-01   4.0204219e-01   9.9974117e-01   1.4121759e-04   0.0000000e+00   4.0046196e-01   4.9955723e-01   2.9178694e+01   2.3360200e+01   3.6649427e+01   1.0000000e+00   1.8101634e-02
   9.1023013e-01   7.2266195e-01   7.9989875e-01   4.0097271e-01   4.0009083e-01   9.9897786e-01   1.0069781e-03   1.9324487e-03   3.9961590e-01   4.9983473e-01   5.8511761e+01   2.2455227e+01   7.9852288e+00   1.0000000e+00   1.7443327e-02
   6.6208411e-01   8.6051795e-01   7.9958274e-01   4.0048849e-01   4.0152915e-01   9.9969125e-01   2.1098075e-04   2.7724074e-05   3.9986447e-01   4.9784132e-01   5.0920548e+01   8.2537527e+00   3.0201505e+01   1.0000000e+00   1.7397026e-02
   9.4495655e-01   4.7349420e-01   7.9997545e-01   3.9972015e-01   3.9977826e-01   9.9977949e-01   2.3323199e-04   1.6035411e-04   3.9950046e-01   4.9903038e-01   3.9482584e+01   4.3902987e+01   4.8571855e+00   1.0000000e+00   1.7111950e-02
   1.2340393e-01   0.0000000e+00   7.9967974e-01   3.9937117e-01   3.9999127e-01   9.9955243e-01   2.9319019e-04   9.5692483e-04   4.0035348e-01   4.9995399e-01   0.0000000e+00   1.0881447e+01   7.7296024e+01   1.0000000e+00   1.6842250e-02
   1.0000000e+00   6.7467719e-01   7.9943223e-01   3.9879692e-01   4.0002818e-01   9.9966415e-01   2.8077409e-04   6.4168079e-04   4.0098300e-01   5.0015241e-01   5.9714318e+01   2.8793666e+01   0.0000000e+00   1.0000000e+00   1.6687288e-02
   3.7950821e-01   4.0162144e-01   8.0027359e-01   4.0139526e-01   4.0031832e-01   9.9891568e-01   4.8459970e-04   7.4181435e-04   3.9914297e-01   5.0071356e-01   1.3537813e+01   2.0170081e+01   5.5112039e+01   1.0000000e+00   1.6530592e-02
   9.1549698e-01   1.8834218e-01   8.0025440e-01   3.9933307e-01   4.0000441e-01   9.9984176e-01   5.0127325e-04   1.6187939e-04   3.9928883e-01   4.9937222e-01   1.5225044e+01   6.5612099e+01   7.4615026e+00   1.0000000e+00   1.6319223e-02
   9.2199621e-01   1.0937924e-01   7.9986278e-01   3.9982885e-01   3.9998803e-01   9.9973692e-01   3.7992183e-04   2.7779609e-04   3.9805450e-01   5.0010585e-01   8.9509988e+00   7.2883531e+01   6.9234594e+00   1.0000000e+00   1.6292006e-02
   1.0000000e+00   1.7894848e-02   8.0038461e-01   4.0002417e-01   3.9993416e-01   9.9960681e-01   4.8247874e-04   7.5493794e-04   4.0084485e-01   5.0029152e-01   1.5786994e+00   8.6642188e+01   0.0000000e+00   1.0000000e+00   1.6283811e-02
   2.4701360e-01   6.9764091e-01   7.9885092e-01   4.0023903e-01   4.0059785e-01   9.9989925e-01   1.7142856e-04   1.1576000e-04   3.9943128e-01   4.9973499e-01   1.5219490e+01   6.5961603e+00   6.6501958e+01   1.0000000e+00   1.6215657e-02
   8.1673299e-01   7.9275106e-01   7.9903332e-01   4.0101033e-01   3.9985415e-01   9.9921036e-01   4.3190965e-04   5.7646819e-05   4.0021265e-01   5.0093045e-01   5.7315775e+01   1.4984065e+01   1.6223387e+01   1.0000000e+00   1.6168925e-02
   7.4502745e-01   1.1497861e-01   8.0050777e-01   4.0027095e-01   3.9983945e-01   9.9972644e-01   6.3184975e-04   2.8511136e-05   4.0084158e-01   4.9957080e-01   7.5604217e+00   5.8194608e+01   2.2503503e+01   1.0000000e+00   1.6111203e-02
   7.3824616e-02   4.0324084e-01   7.9999169e-01   4.0024140e-01   3.9920120e-01   9.9932076e-01   0.0000000e+00   7.2883369e-04   4.0098074e-01   5.0086522e-01   2.6352034e+00   3.8998575e+00   8.1986375e+01   1.0000000e+00   1.6040470e-02
   9.1353792e-01   0.0000000e+00   8.0038160e-01   4.0042525e-01   4.0001602e-01   9.9952431e-01   3.8119651e-04   6.2166084e-04   4.0035287e-01   5.0026134e-01   0.0000000e+00   8.0493152e+01   7.6182991e+00   1.0000000e+00   1.5924786e-02
   8.1243398e-01   6.7509251e-01   7.9913945e-01   4.0098450e-01   3.9977875e-01   9.9941226e-01   3.3347512e-04   6.0289355e-05   4.0018221e-01   5.0130258e-01   4.8600249e+01   2.3390254e+01   1.6620393e+01   1.0000000e+00   1.5905418e-02
   1.8898437e-02   7.1656132e-02   7.9989074e-01   4.0017064e-01   3.9994728e-01   9.9980260e-01   7.8304428e-05   5.0714445e-04   3.9972352e-01   5.0060441e-01   1.1926872e-01   1.5451906e+00   8.6409457e+01   1.0000000e+00   1.5761456e-02
   8.5230296e-01   9.7047371e-01   7.9944657e-01   4.0066458e-01   3.9971927e-01   1.0000000e+00   2.1714795e-04   4.2891927e-04   4.0031131e-01   5.0013613e-01   7.2887356e+01   2.2175700e+00   1.3015061e+01   1.0000000e+00   1.5705727e-02
   9.6572616e-01   4.7772951e-01   7.9897938e-01   4.0040396e-01   4.0171094e-01   9.9942563e-01   0.0000000e+00   3.6642531e-04   3.9992706e-01   4.9943649e-01   4.0956734e+01   4.4775323e+01   3.0426500e+00   1.0000000e+00   1.5611686e-02
   9.2852764e-01   9.5052252e-02   8.0038396e-01   4.0010058e-01   4.0071283e-01   9.9983051e-01   1.1296090e-03   8.2159750e-04   4.0066524e-01   5.0034082e-01   7.8033013e+00   7.4291559e+01   6.3191583e+00   1.0000000e+00   1.5539147e-02
   5.2246689e-02   1.5165645e-01   7.9983684e-01   3.9987300e-01   3.9999342e-01   9.9955447e-01   0.0000000e+00   9.5726295e-04   3.9982365e-01   5.0051115e-01   6.9840076e-01   3.9067496e+00   8.3537284e+01   1.0000000e+00   1.5515282e-02
   8.9941522e-01   4.8984368e-01   7.9964937e-01   4.0004691e-01   3.9909110e-01   9.9979732e-01   2.4075757e-04   1.5481310e-04   3.9976171e-01   5.0027326e-01   3.8849368e+01   4.0460358e+01   8.8694863e+00   1.0000000e+00   1.5512933e-02
   3.7410449e-01   0.0000000e+00   7.9916382e-01   4.0109223e-01   3.9823365e-01   9.9911072e-01   1.5578678e-04   3.4351564e-05   4.0134477e-01   5.0035866e-01   0.0000000e+00   3.3430384e+01   5.5930703e+01   1.0000000e+00   1.5445355e-02
   4.7297531e-01   3.0957242e-01   7.9905354e-01   4.0046272e-01   3.9866453e-01   9.9909361e-01   1.4951977e-04   0.0000000e+00   4.0148241e-01   5.0102491e-01   1.3061298e+01   2.9130117e+01   4.7012852e+01   1.0000000e+00   1.5343234e-02
   7.7351381e-01   7.4512435e-01   7.9799289e-01   4.0016673e-01   3.9735607e-01   9.9915559e-01   2.0356771e-05   1.0626558e-04   3.9932360e-01   5.0001690e-01   5.2020560e+01   1.7794042e+01   2.0441836e+01   1.0000000e+00   1.5325229e-02
   9.2527544e-01   0.0000000e+00   7.9992377e-01   3.9972003e-01   3.9992207e-01   9.9976395e-01   2.8885364e-04   3.2667918e-04   4.0023731e-01   4.9998539e-01   0.0000000e+00   8.1415196e+01   6.5750309e+00   1.0000000e+00   1.5319806e-02
   6.4662710e-01   8.6363098e-01   7.9979864e-01   4.0056959e-01   4.0123631e-01   9.9963174e-01   2.4920863e-04   2.6315730e-04   4.0019583e-01   4.9914980e-01   4.9387185e+01   7.7983327e+00   3.1251106e+01   1.0000000e+00   1.5236983e-02
   5.1711638e-01   8.0161099e-01   7.9780758e-01   3.9993648e-01   3.9980222e-01   9.9997052e-01   7.4719117e-06   1.6764011e-03   3.9921469e-01   5.0034059e-01   3.7047750e+01   9.1688696e+00   4.3157111e+01   1.0000000e+00   1.5135444e-02
   8.6001810e-01   7.4737723e-02   7.9982643e-01   3.9976671e-01   3.9996803e-01   9.9969308e-01   3.6365533e-04   2.6000671e-04   3.9836185e-01   5.0011258e-01   5.6910801e+00   7.0456277e+01   1.2394218e+01   1.0000000e+00   1.5109448e-02
   9.8061748e-01   5.4030602e-01   7.9953065e-01   4.0009547e-01   4.0009783e-01   9.9974039e-01   2.3952629e-04   6.7183248e-05   3.9981075e-01   5.0027032e-01   4.6630308e+01   3.9673205e+01   1.7058428e+00   1.0000000e+00   1.5103756e-02
   8.2400901e-01   1.9211868e-01   8.0089181e-01   4.0028321e-01   4.0095059e-01   1.0000000e+00   6.4476343e-04   2.2444291e-04   3.9935303e-01   4.9997050e-01   1.4007206e+01   5.8901926e+01   1.5571857e+01   1.0000000e+00   1.5061179e-02
   4.1298793e-01   3.7937063e-01   7.9965200e-01   3.9947310e-01   4.0000265e-01   9.9953364e-01   2.9990162e-04   1.0059828e-03   4.0031425e-01   4.9995567e-01   1.3813332e+01   2.2597847e+01   5.1754057e+01   1.0000000e+00   1.4865889e-02
   7.8063100e-01   6.4425146e-01   7.9946833e-01   4.0074644e-01   3.9986030e-01   9.9951298e-01   4.2520611e-04   0.0000000e+00   4.0016728e-01   5.0106614e-01   4.4429975e+01   2.4533741e+01   1.9379837e+01   1.0000000e+00   1.4845134e-02
   9.5500321e-01   3.3985094e-01   7.9959455e-01   4.0002778e-01   4.0026088e-01   1.0000000e+00   2.1624174e-04   8.0248986e-04   4.0058439e-01   4.9985680e-01   2.8596960e+01   5.5548635e+01   3.9646798e+00   1.0000000e+00   1.4678973e-02
   1.0000000e+00   6.6851659e-02   7.9940719e-01   3.9958639e-01   4.0010867e-01   9.9992635e-01   2.9965715e-04   5.6035946e-05   3.9985258e-01   5.0000375e-01   5.8869421e+00   8.2172833e+01   0.0000000e+00   1.0000000e+00   1.4492507e-02
   9.5223841e-01   6.2879006e-01   7.9896416e-01   4.0043782e-01   4.0196334e-01   9.9943851e-01   0.0000000e+00   4.0037451e-04   4.0007690e-01   4.9982333e-01   5.3231589e+01   3.1425584e+01   4.2461645e+00   1.0000000e+00   1.4468742e-02
   3.6907406e-01   2.8371298e-01   7.9967043e-01   3.9661987e-01   3.9901493e-01   9.9951023e-01   4.1709608e-05   7.3463403e-04   3.9994689e-01   4.9986192e-01   9.4827988e+00   2.3941117e+01   5.7137626e+01   1.0000000e+00   1.4417842e-02
   9.9119236e-01   1.0000000e+00   8.0066832e-01   3.9991133e-01   4.0035408e-01   9.9970539e-01   8.5608686e-05   2.8132450e-04   4.0013264e-01   4.9996245e-01   8.7342347e+01   0.0000000e+00   7.7611574e-01   1.0000000e+00   1.4375655e-02
   5.9431582e-01   8.0255584e-02   8.0031032e-01   3.9996558e-01   4.0040605e-01   9.9978139e-01   3.2158382e-04   1.4655157e-04   4.0017575e-01   5.0011449e-01   4.1989531e+00   4.8120809e+01   3.5713839e+01   1.0000000e+00   1.4350302e-02
   1.0681073e-02   4.8590168e-02   7.9994572e-01   4.0007088e-01   3.9994755e-01   9.9984410e-01   2.6083241e-04   5.0863619e-04   3.9964806e-01   5.0057855e-01   4.5709396e-02   8.9500345e-01   8.7132165e+01   1.0000000e+00   1.4182362e-02
   4.0361859e-02   3.1053215e-01   7.9976182e-01   4.0024906e-01   4.0003628e-01   9.9984121e-01   9.7684057e-05   5.2584840e-04   3.9939271e-01   5.0069437e-01   1.1050564e+00   2.4535329e+00   8.4608542e+01   1.0000000e+00   1.4159262e-02
   9.7699915e-01   4.8247876e-01   7.9997691e-01   3.9982664e-01   3.9986304e-01   9.9974438e-01   3.3009530e-04   0.0000000e+00   3.9948694e-01   4.9984742e-01   4.1508548e+01   4.4523319e+01   2.0253917e+00   1.0000000e+00   1.4157856e-02
   9.6232151e-01   2.6370891e-01   8.0008425e-01   3.9993737e-01   4.0097481e-01   9.9989544e-01   3.3695278e-04   3.6792230e-04   3.9928990e-01   4.9909479e-01   2.2439227e+01   6.2651666e+01   3.3316274e+00   1.0000000e+00   1.4148251e-02
   5.9040087e-01   0.0000000e+00   8.0015924e-01   4.0030828e-01   4.0123809e-01   9.9963397e-01   2.6575535e-04   1.6772094e-04   4.0039547e-01   5.0016292e-01   0.0000000e+00   5.2131931e+01   3.6167279e+01   1.0000000e+00   1.4046375e-02
   2.1797916e-01   0.0000000e+00   8.0031475e-01   4.0007374e-01   3.9987989e-01   9.9987043e-01   9.0190654e-04   1.9592807e-04   4.0025695e-01   5.0020105e-01   0.0000000e+00   1.9205695e+01   6.8902247e+01   1.0000000e+00   1.3948353e-02
   5.6958671e-02   6.0629542e-01   7.9925520e-01   3.9972979e-01   4.0130238e-01   9.9976680e-01   5.4273092e-04   1.0746957e-03   3.9972664e-01   4.9998211e-01   3.0571224e+00   1.9851759e+00   8.3483263e+01   1.0000000e+00   1.3918456e-02
   9.7469072e-01   4.0110674e-01   8.0010298e-01   4.0011061e-01   4.0000687e-01   9.9994182e-01   1.7916030e-04   1.3665418e-04   4.0010884e-01   4.9995409e-01   3.4397092e+01   5.1358366e+01   2.2267665e+00   1.0000000e+00   1.3914878e-02
   6.9556381e-01   3.3452707e-01   8.0008875e-01   4.0010960e-01   4.0004813e-01   9.9980882e-01   8.2462401e-04   1.5842876e-04   3.9904441e-01   4.9989913e-01   2.0531415e+01   4.0843035e+01   2.6862530e+01   1.0000000e+00   1.3698238e-02
   9.4291048e-01   4.5025853e-02   8.0069435e-01   3.9998361e-01   3.9991595e-01   9.9980081e-01   9.3067354e-04   8.9735327e-04   4.0077747e-01   5.0037300e-01   3.7533377e+00   7.9606275e+01   5.0470964e+00   1.0000000e+00   1.3688009e-02
   3.6950861e-01   5.9438684e-02   7.9930005e-01   4.0090035e-01   3.9778200e-01   9.9902884e-01   1.3026769e-05   6.5452587e-04   4.0011839e-01   5.0005473e-01   1.9617249e+00   3.1042453e+01   5.6314926e+01   1.0000000e+00   1.3628407e-02
   1.9364865e-01   3.6612955e-01   7.9971981e-01   3.9917792e-01   3.9901350e-01   9.9961870e-01   4.3414130e-06   7.4318084e-04   4.0022165e-01   4.9962416e-01   6.2689151e+00   1.0853208e+01   7.1296374e+01   1.0000000e+00   1.3627228e-02
   2.0405914e-01   2.1397478e-01   8.0020281e-01   4.0032804e-01   3.9988780e-01   9.9999806e-01   4.3448129e-04   5.5063100e-04   4.0039097e-01   5.0041679e-01   3.8465296e+00   1.4130026e+01   7.0118276e+01   1.0000000e+00   1.3593430e-02
   3.9518012e-01   2.7279702e-01   7.9824595e-01   4.0102555e-01   3.9904095e-01   9.9922842e-01   3.3579529e-04   8.9449725e-05   4.0220981e-01   5.0053631e-01   9.6901580e+00   2.5831337e+01   5.4365351e+01   1.0000000e+00   1.3532956e-02
   5.3017966e-01   1.9724140e-01   7.9898901e-01   4.0110627e-01   3.9897181e-01   9.9936429e-01   2.0142202e-04   0.0000000e+00   4.0210098e-01   5.0045082e-01   9.3554045e+00   3.8075837e+01   4.2031340e+01   1.0000000e+00   1.3479660e-02
   7.0768290e-01   7.9256104e-01   7.9865504e-01   4.0083414e-01   3.9940324e-01   9.9976916e-01   3.1891836e-04   9.1287811e-04   3.9810702e-01   4.9977260e-01   5.0077274e+01   1.3106849e+01   2.6098978e+01   1.0000000e+00   1.3449219e-02
   8.0871229e-01   2.6185332e-01   7.9977591e-01   4.0083116e-01   4.0187647e-01   9.9978957e-01   7.4618044e-04   4.5221841e-04   3.9849884e-01   5.0038179e-01   1.8909472e+01   5.3304513e+01   1.7081041e+01   1.0000000e+00   1.3449014e-02
   6.0015877e-01   7.9248005e-01   7.9931035e-01   4.0031838e-01   4.0153585e-01   9.9969529e-01   6.3544759e-05   1.5121712e-04   4.0031196e-01   4.9896044e-01   4.2186471e+01   1.1047009e+01   3.5465514e+01   1.0000000e+00   1.3417082e-02
   8.2845388e-01   8.3916836e-02   7.9966500e-01   3.9978457e-01   4.0040862e-01   1.0000000e+00   1.5144278e-04   1.1220133e-03   4.0031159e-01   4.9958225e-01   6.1327074e+00   6.6948068e+01   1.5132675e+01   1.0000000e+00   1.3361852e-02
   9.5264317e-01   5.5983729e-02   7.9981661e-01   3.9996838e-01   3.9956886e-01   9.9968210e-01   3.0994965e-04   1.7098965e-04   4.0034559e-01   4.9990342e-01   4.6946020e+00   7.9161942e+01   4.1685914e+00   1.0000000e+00   1.3328796e-02
   1.0000000e+00   2.7862958e-01   7.9983783e-01   3.9989785e-01   3.9994776e-01   9.9974724e-01   3.9036480e-04   2.6358034e-04   3.9762242e-01   5.0010442e-01   2.4834517e+01   6.4296426e+01   0.0000000e+00   1.0000000e+00   1.3327612e-02
   9.7574280e-01   4.2638766e-01   8.0027336e-01   4.0005829e-01   4.0021337e-01   9.9990471e-01   1.8003998e-04   1.3331901e-04   4.0017601e-01   4.9988172e-01   3.6616754e+01   4.9259921e+01   2.1349149e+00   1.0000000e+00   1.3327436e-02
   7.5398137e-01   4.5388773e-01   8.0060661e-01   4.0062893e-01   4.0204555e-01   9.9998124e-01   1.9629624e-04   1.2956932e-05   4.0275372e-01   5.0072987e-01   3.0966989e+01   3.7259108e+01   2.2261678e+01   1.0000000e+00   1.3322666e-02
   8.6724763e-01   1.9653442e-01   8.0052956e-01   3.9927667e-01   3.9997397e-01   9.9984459e-01   5.9617794e-04   1.6526615e-04   3.9925762e-01   4.9933475e-01   1.5068155e+01   6.1601139e+01   1.1736014e+01   1.0000000e+00   1.3311967e-02
   7.6623512e-01   1.5013996e-01   7.9630620e-01   4.0002995e-01   4.0188146e-01   9.9956708e-01   2.8488862e-04   1.3394029e-04   3.9898227e-01   4.9975191e-01   1.0506783e+01   5.9473139e+01   2.1349645e+01   1.0000000e+00   1.3290789e-02
   1.0000000e+00   7.7009867e-01   7.9918741e-01   3.9890542e-01   3.9988368e-01   9.9959173e-01   2.8219235e-04   5.3105433e-04   4.0092063e-01   5.0021233e-01   6.8142219e+01   2.0342831e+01   0.0000000e+00   1.0000000e+00   1.3284332e-02
   1.8033838e-01   5.1610447e-01   7.9973130e-01   3.9948727e-01   3.9881230e-01   9.9962869e-01   1.0275718e-06   7.7053034e-04   4.0031113e-01   4.9979235e-01   8.2290048e+00   7.7154506e+00   7.2469644e+01   1.0000000e+00   1.3251664e-02
   6.6717415e-01   6.0048140e-03   7.9939051e-01   3.9942900e-01   3.9991643e-01   9.9966285e-01   1.9403471e-04   7.0600865e-04   3.9954944e-01   4.9961613e-01   3.5334555e-01   5.8490366e+01   2.9354717e+01   1.0000000e+00   1.3246113e-02
   9.7989948e-01   9.8774107e-01   7.9969558e-01   4.0051470e-01   4.0000154e-01   9.9980813e-01   2.4592378e-04   3.6049300e-04   4.0038420e-01   4.9972551e-01   8.5216080e+01   1.0576235e+00   1.7697183e+00   1.0000000e+00   1.3238458e-02
   8.0633514e-01   6.6939780e-01   7.9916355e-01   4.0110203e-01   3.9974477e-01   9.9948083e-01   3.6817612e-04   5.9932693e-05   4.0045581e-01   5.0167098e-01   4.7980500e+01   2.3696610e+01   1.7215345e+01   1.0000000e+00   1.3202707e-02
   9.8090572e-01   7.7857946e-01   8.0014541e-01   4.0102163e-01   4.0002417e-01   9.9808529e-01   8.4696341e-04   2.3987165e-03   3.9999735e-01   4.9957843e-01   6.8517474e+01   1.9485713e+01   1.7130669e+00   1.0000000e+00   1.3171614e-02
   6.7981740e-01   0.0000000e+00   7.9913421e-01   3.9961217e-01   4.0001593e-01   9.9985720e-01   0.0000000e+00   6.8740117e-04   3.9940049e-01   4.9998831e-01   0.0000000e+00   5.9980662e+01   2.8249887e+01   1.0000000e+00   1.3052804e-02
   7.5934921e-02   1.1503145e-01   7.9946982e-01   4.0084075e-01   3.9776576e-01   9.9897898e-01   6.8908003e-05   1.4095093e-05   4.0073879e-01   5.0032230e-01   7.8077170e-01   6.0066912e+00   8.2597800e+01   1.0000000e+00   1.2992585e-02
   8.1591008e-01   2.8797090e-01   7.9949591e-01   4.0138680e-01   4.0116617e-01   9.9980052e-01   7.7959609e-04   1.5129971e-03   3.9906338e-01   5.0056478e-01   2.0958814e+01   5.1822199e+01   1.6421234e+01   1.0000000e+00   1.2978390e-02
   6.0401528e-01   6.7629551e-02   8.0055847e-01   3.9997896e-01   4.0038406e-01   9.9977791e-01   1.0942960e-04   1.3068776e-04   4.0000981e-01   4.9996917e-01   3.5982630e+00   4.9607222e+01   3.4880837e+01   1.0000000e+00   1.2975395e-02
   8.0590443e-01   2.8566454e-01   7.9992409e-01   4.0009763e-01   4.0006065e-01   9.9977197e-01   7.8369904e-04   1.8121003e-04   3.9966415e-01   4.9983924e-01   2.0270460e+01   5.0688503e+01   1.7089893e+01   1.0000000e+00   1.2940695e-02
   5.4505470e-01   4.4929893e-01   7.9933609e-01   4.0064842e-01   4.0241098e-01   9.9994905e-01   6.9142767e-04   0.0000000e+00   3.9910232e-01   4.9927491e-01   2.1921888e+01   2.6869433e+01   4.0725053e+01   1.0000000e+00   1.2909189e-02
   3.1594132e-01   7.1642712e-01   8.0013762e-01   3.9925855e-01   3.9976811e-01   9.9991901e-01   6.7362031e-04   5.9296995e-05   4.0060601e-01   5.0090570e-01   2.0005441e+01   7.9184615e+00   6.0459291e+01   1.0000000e+00   1.2870260e-02
   5.1096035e-01   1.4553857e-01   7.9549148e-01   4.0207065e-01   3.9939041e-01   9.9951067e-01   4.1997277e-04   0.0000000e+00   4.0185344e-01   5.0083064e-01   6.9437681e+00   4.0767076e+01   4.5664002e+01   1.0000000e+00   1.2863070e-02
   9.2488056e-01   8.5569416e-02   7.9982752e-01   3.9977835e-01   3.9994550e-01   9.9974818e-01   3.7545885e-04   2.6363741e-04   3.9816142e-01   5.0010461e-01   7.0184351e+00   7.5001934e+01   6.6617509e+00   1.0000000e+00   1.2825445e-02
   1.0000000e+00   8.3604550e-01   7.9916251e-01   3.9901353e-01   3.9977949e-01   9.9967972e-01   2.9444004e-04   4.6171364e-04   4.0094532e-01   5.0013203e-01   7.3945636e+01   1.4501268e+01   0.0000000e+00   1.0000000e+00   1.2734993e-02
   8.4591991e-01   3.9826717e-01   7.9999851e-01   4.0106230e-01   4.0004707e-01   9.9939795e-01   1.2554949e-03   1.9704371e-03   4.0030775e-01   4.9792490e-01   3.0263387e+01   4.5724265e+01   1.3840771e+01   1.0000000e+00   1.2701858e-02
   4.0796926e-01   0.0000000e+00   7.9914787e-01   4.0090078e-01   3.9835236e-01   9.9918388e-01   1.0457377e-04   3.5360019e-04   4.0063914e-01   5.0029408e-01   0.0000000e+00   3.6276191e+01   5.2642742e+01   1.0000000e+00   1.2684277e-02
   9.8869653e-01   6.5414492e-01   7.9967913e-01   4.0004643e-01   3.9980048e-01   9.9993545e-01   2.2018178e-04   1.2556537e-04   4.0030563e-01   4.9976062e-01   5.6919609e+01   3.0094151e+01   9.9480249e-01   1.0000000e+00   1.2615091e-02
   2.4050813e-01   7.3652006e-01   7.9874397e-01   4.0021620e-01   4.0054454e-01   9.9990826e-01   1.7687992e-04   6.6795253e-05   3.9927292e-01   4.9970849e-01   1.5659005e+01   5.6017939e+00   6.7138703e+01   1.0000000e+00   1.2594449e-02
   9.2947611e-01   9.8701879e-01   8.0057746e-01   4.0004464e-01   4.0030220e-01   9.9973977e-01   1.4772740e-04   2.9700624e-04   4.0019137e-01   4.9995939e-01   8.0805806e+01   1.0627529e+00   6.2117673e+00   1.0000000e+00   1.2579004e-02
   9.8147980e-01   3.4181736e-01   7.9983787e-01   3.9962070e-01   3.9967026e-01   9.9974218e-01   5.4220893e-04   3.5990222e-04   4.0015364e-01   4.9982676e-01   2.9538883e+01   5.6878268e+01   1.6306627e+00   1.0000000e+00   1.2564294e-02
   8.9112121e-01   0.0000000e+00   7.9927033e-01   3.9975161e-01   4.0079270e-01   9.9973511e-01   5.0278516e-04   0.0000000e+00   4.0004228e-01   5.0025314e-01   0.0000000e+00   7.8584320e+01   9.6015729e+00   1.0000000e+00   1.2539658e-02
   6.4163224e-01   7.8665907e-01   7.9959065e-01   3.9993416e-01   4.0133109e-01   9.9969257e-01   1.9434593e-04   9.3104397e-06   3.9982242e-01   4.9941973e-01   4.4612008e+01   1.2098719e+01   3.1674370e+01   1.0000000e+00   1.2535467e-02
   9.7022691e-01   1.0000000e+00   8.0144249e-01   3.9949597e-01   4.0059892e-01   9.9968144e-01   1.0708673e-04   3.1619904e-04   4.0045903e-01   4.9997717e-01   8.5978312e+01   0.0000000e+00   2.6383934e+00   1.0000000e+00   1.2529230e-02
   5.1054638e-01   7.0420558e-01   7.9769750e-01   4.0002076e-01   3.9996218e-01   1.0000000e+00   0.0000000e+00   1.5120076e-03   3.9933584e-01   5.0033435e-01   3.2116839e+01   1.3490353e+01   4.3722973e+01   1.0000000e+00   1.2504567e-02
   1.2594414e-01   1.1778234e-01   8.0034553e-01   4.0007384e-01   3.9986965e-01   9.9985944e-01   7.0310161e-04   1.7006667e-04   4.0026751e-01   5.0024375e-01   1.3065226e+00   9.7861642e+00   7.6983558e+01   1.0000000e+00   1.2474868e-02
   6.2117690e-01   1.0551214e-01   8.0025107e-01   3.9975134e-01   4.0054923e-01   9.9978009e-01   2.5141512e-04   0.0000000e+00   4.0046950e-01   5.0005042e-01   5.7744092e+00   4.8953029e+01   3.3375385e+01   1.0000000e+00   1.2447106e-02
   1.0462120e-01   7.3459034e-01   7.9945786e-01   4.0006913e-01   4.0082608e-01   9.9970639e-01   9.8383383e-05   3.1051349e-04   3.9998652e-01   5.0006921e-01   6.7717561e+00   2.4466555e+00   7.8893857e+01   1.0000000e+00   1.2430036e-02
   5.8510654e-01   6.9409619e-01   8.0019361e-01   4.0083485e-01   3.9762498e-01   9.9995412e-01   9.1740299e-05   5.1899432e-04   3.9585729e-01   5.0005747e-01   3.7664718e+01   1.6599689e+01   3.8478372e+01   1.0000000e+00   1.2387910e-02
   7.7247143e-01   3.9629541e-01   8.0031494e-01   3.9955944e-01   4.0124714e-01   9.9990153e-01   6.1526467e-04   0.0000000e+00   4.0111254e-01   5.0004957e-01   2.7121486e+01   4.1316063e+01   2.0158024e+01   1.0000000e+00   1.2359469e-02
   8.3194726e-01   3.6316466e-01   8.0086910e-01   4.0019817e-01   4.0121808e-01   1.0000000e+00   3.4671037e-04   1.8867816e-04   3.9967366e-01   5.0003339e-01   2.6732379e+01   4.6877150e+01   1.4869071e+01   1.0000000e+00   1.2318948e-02
   3.9252335e-01   3.9476243e-01   7.9946493e-01   3.9923246e-01   3.9906504e-01   9.9960063e-01   0.0000000e+00   7.8068829e-04   4.0021584e-01   4.9963299e-01   1.3699856e+01   2.1004197e+01   5.3708655e+01   1.0000000e+00   1.2313101e-02
   3.3546254e-01   4.1239223e-01   7.9990635e-01   4.0138086e-01   4.0038157e-01   9.9904370e-01   5.7301214e-04   5.3037934e-04   3.9908977e-01   5.0068312e-01   1.2275771e+01   1.7491450e+01   5.8967637e+01   1.0000000e+00   1.2242384e-02
   6.2312899e-01   3.8190427e-01   7.9935521e-01   4.0065011e-01   4.0250769e-01   1.0000000e+00   8.2109521e-04   2.1027332e-07   3.9922183e-01   4.9902049e-01   2.1341326e+01   3.4540024e+01   3.3797273e+01   1.0000000e+00   1.2221632e-02
   3.8177304e-01   2.9683401e-01   8.0029459e-01   4.0180729e-01   4.0027282e-01   9.9895145e-01   5.1074251e-04   9.5478352e-04   3.9940414e-01   5.0073830e-01   1.0090197e+01   2.3902527e+01   5.5046367e+01   1.0000000e+00   1.2093814e-02
   6.6243598e-01   5.9877966e-01   7.9402047e-01   3.9983663e-01   3.9737952e-01   9.9930051e-01   9.5517634e-05   7.6330559e-06   3.9988944e-01   5.0009959e-01   3.8101985e+01   2.5530746e+01   3.2425957e+01   1.0000000e+00   1.2068116e-02
   9.7172112e-01   2.7987687e-01   7.9877332e-01   4.0034804e-01   3.9981409e-01   9.9966992e-01   2.1089667e-03   6.9137708e-05   3.9963338e-01   4.9957666e-01   2.4196197e+01   6.2256811e+01   2.5159421e+00   1.0000000e+00   1.2019894e-02
   7.7775862e-01   4.4172650e-01   7.9832199e-01   4.0046348e-01   3.9922659e-01   9.9976782e-01   4.0615836e-04   6.1228889e-04   3.9839304e-01   4.9978750e-01   3.0633022e+01   3.8715369e+01   1.9816023e+01   1.0000000e+00   1.2007193e-02
   9.4068139e-01   9.1685814e-01   7.9942463e-01   4.0074186e-01   3.9984580e-01   9.9992615e-01   1.8518184e-04   0.0000000e+00   4.0048460e-01   5.0075252e-01   7.6124238e+01   6.9030424e+00   5.2356334e+00   1.0000000e+00   1.1978614e-02
   1.0000000e+00   7.1724613e-01   7.9978002e-01   4.0109584e-01   3.9996089e-01   9.9896046e-01   8.9056883e-04   2.4918170e-03   3.9953539e-01   4.9959887e-01   6.4156080e+01   2.5291708e+01   0.0000000e+00   1.0000000e+00   1.1955958e-02
   7.2350007e-01   9.3477008e-01   7.9996644e-01   3.9609426e-01   4.0058633e-01   9.9971463e-01   2.3755277e-04   1.4752332e-04   4.0010358e-01   4.9972992e-01   6.1617610e+01   4.2997865e+00   2.5191643e+01   1.0000000e+00   1.1890422e-02
   7.0374426e-01   7.2239367e-01   8.0038776e-01   4.0107466e-01   4.0029568e-01   9.9975096e-01   1.4384112e-04   2.6131686e-04   4.0021316e-01   4.9999702e-01   4.4859449e+01   1.7238893e+01   2.6141585e+01   1.0000000e+00   1.1837974e-02
   7.5671574e-01   4.6621759e-01   8.0060583e-01   4.0073520e-01   4.0114780e-01   1.0000000e+00   1.9542182e-04   2.0539482e-05   4.0204145e-01   5.0062932e-01   3.1498627e+01   3.6063447e+01   2.1721221e+01   1.0000000e+00   1.1821740e-02
   8.7742131e-02   8.6447335e-01   7.9930538e-01   4.0003184e-01   4.0003272e-01   9.9970274e-01   7.0458298e-05   0.0000000e+00   4.0013658e-01   5.0003166e-01   6.6775594e+00   1.0468654e+00   8.0311103e+01   1.0000000e+00   1.1755205e-02
   2.3042292e-01   7.1272151e-01   7.9853160e-01   4.0020113e-01   4.0054100e-01   9.9990220e-01   1.2143872e-04   0.0000000e+00   3.9922649e-01   4.9980568e-01   1.4536145e+01   5.8591212e+00   6.8117050e+01   1.0000000e+00   1.1751923e-02
   7.3056845e-01   9.2024697e-01   7.9979816e-01   3.9684081e-01   4.0061848e-01   9.9970688e-01   1.5856925e-04   1.6873623e-04   4.0030959e-01   4.9979903e-01   6.0556464e+01   5.2481144e+00   2.4268540e+01   1.0000000e+00   1.1746077e-02
   4.4311173e-01   4.3852817e-01   7.9910992e-01   4.0077933e-01   4.0207676e-01   9.9989843e-01   6.4653109e-04   4.6751470e-04   3.9931859e-01   4.9966964e-01   1.7323248e+01   2.2179910e+01   4.9646272e+01   1.0000000e+00   1.1670509e-02
   6.9396747e-01   7.8927017e-01   7.9976471e-01   3.9623122e-01   4.0031393e-01   9.9968987e-01   2.1615007e-04   2.8394851e-04   4.0039585e-01   4.9967552e-01   4.9779892e+01   1.3290897e+01   2.7813570e+01   1.0000000e+00   1.1653498e-02
   9.9165628e-01   8.1242086e-01   8.0085196e-01   3.9945825e-01   3.9952965e-01   9.9995542e-01   2.1975482e-05   0.0000000e+00   4.0076205e-01   4.9992659e-01   7.1227346e+01   1.6445620e+01   7.3767398e-01   1.0000000e+00   1.1639801e-02
   3.1416254e-01   8.0766258e-03   7.9927539e-01   4.0082564e-01   3.9790254e-01   9.9904132e-01   1.0093210e-04   5.0977376e-05   4.0013327e-01   5.0032833e-01   2.2629020e-01   2.7791623e+01   6.1164946e+01   1.0000000e+00   1.1621086e-02
   4.6307211e-01   5.4338648e-01   7.9965098e-01   4.0056447e-01   3.9875822e-01   9.9918016e-01   1.5458871e-04   1.1229492e-04   4.0095600e-01   5.0090784e-01   2.2329204e+01   1.8763471e+01   4.7646582e+01   1.0000000e+00   1.1598167e-02
   6.0832048e-01   8.2044103e-01   7.9957661e-01   4.0042958e-01   4.0098186e-01   9.9969388e-01   1.7207562e-04   0.0000000e+00   3.9981321e-01   4.9923099e-01   4.4075967e+01   9.6463184e+00   3.4590186e+01   1.0000000e+00   1.1542248e-02
   5.5049863e-01   2.7050037e-01   7.9967881e-01   3.9923677e-01   3.9991500e-01   9.9927246e-01   2.6253000e-04   7.5809142e-04   4.0024561e-01   4.9986180e-01   1.3134178e+01   3.5420943e+01   3.9646954e+01   1.0000000e+00   1.1502981e-02
   5.6224383e-01   5.5264191e-01   7.9866280e-01   4.0035562e-01   4.0274827e-01   9.9973792e-01   1.9608786e-04   0.0000000e+00   4.0095532e-01   4.9954377e-01   2.7934016e+01   2.2612306e+01   3.9354748e+01   1.0000000e+00   1.1494475e-02
   2.0431756e-01   3.2941514e-01   7.9973421e-01   3.9951775e-01   3.9828693e-01   9.9964941e-01   0.0000000e+00   1.0936964e-03   4.0018506e-01   4.9968909e-01   5.9770454e+00   1.2167371e+01   7.0660562e+01   1.0000000e+00   1.1442405e-02
   2.5935123e-01   4.6033438e-01   8.0139747e-01   4.0056329e-01   4.0012263e-01   9.9996616e-01   1.1380397e-03   3.4285384e-05   4.0134672e-01   5.0011290e-01   1.0624394e+01   1.2455338e+01   6.5910524e+01   1.0000000e+00   1.1424937e-02
   8.1098386e-01   5.9863040e-01   7.9934685e-01   4.0073366e-01   3.9984150e-01   9.9948685e-01   3.6355451e-04   4.9205025e-05   4.0018321e-01   5.0087304e-01   4.2860194e+01   2.8736895e+01   1.6687146e+01   1.0000000e+00   1.1405695e-02
   1.4245639e-01   6.6590901e-01   7.9846048e-01   4.0001569e-01   3.9970205e-01   9.9979195e-01   4.4029968e-04   7.4017250e-04   3.9972676e-01   5.0005355e-01   8.3892566e+00   4.2089460e+00   7.5837300e+01   1.0000000e+00   1.1384063e-02
   4.8361791e-01   2.2260310e-01   7.9901134e-01   4.0087065e-01   3.9895541e-01   9.9926236e-01   2.0996278e-04   0.0000000e+00   4.0216291e-01   5.0035396e-01   9.6273119e+00   3.3621465e+01   4.6178798e+01   1.0000000e+00   1.1382250e-02
   9.2366371e-01   6.8475700e-01   7.9983196e-01   4.0015086e-01   4.0003095e-01   9.9991879e-01   4.5180654e-05   3.4213791e-04   3.9929851e-01   5.0015657e-01   5.5715969e+01   2.5650076e+01   6.7245056e+00   1.0000000e+00   1.1351232e-02
   1.4737901e-01   0.0000000e+00   7.9942367e-01   4.0083947e-01   3.9749382e-01   9.9899448e-01   7.3155408e-05   1.8472775e-05   4.0056458e-01   5.0058651e-01   0.0000000e+00   1.3212818e+01   7.6439145e+01   1.0000000e+00   1.1331565e-02
   6.6545338e-01   8.0541442e-01   7.9913471e-01   4.0030300e-01   4.0152344e-01   9.9968970e-01   2.6793576e-05   9.4054462e-05   4.0029775e-01   4.9882184e-01   4.7593151e+01   1.1498355e+01   2.9707360e+01   1.0000000e+00   1.1325725e-02
   1.0000000e+00   8.0911531e-01   7.9981492e-01   3.9817126e-01   3.9992021e-01   1.0000000e+00   0.0000000e+00   2.6950091e-04   4.0070450e-01   5.0023221e-01   7.1830660e+01   1.6946130e+01   0.0000000e+00   1.0000000e+00   1.1303704e-02
   5.6258388e-01   7.9903356e-01   7.9916696e-01   4.0047033e-01   4.0178573e-01   9.9969290e-01   3.9446484e-05   1.4554800e-04   4.0033275e-01   4.9892951e-01   3.9976143e+01   1.0054475e+01   3.8899443e+01   1.0000000e+00   1.1296967e-02
   3.4282449e-01   5.2231613e-01   7.9974154e-01   4.0141735e-01   4.0062646e-01   9.9911691e-01   4.8134744e-04   5.0108738e-04   3.9924183e-01   5.0050558e-01   1.5877975e+01   1.4521192e+01   5.8273516e+01   1.0000000e+00   1.1286409e-02
   7.4832176e-01   3.2408373e-01   7.9879836e-01   4.0020352e-01   3.9951367e-01   9.9979015e-01   2.8524136e-04   7.9838124e-04   3.9757168e-01   4.9980247e-01   2.1708673e+01   4.5276095e+01   2.2528556e+01   1.0000000e+00   1.1231149e-02
   9.9979278e-01   7.8517571e-01   7.9994693e-01   4.0018195e-01   3.9995464e-01   9.9966689e-01   6.4098815e-04   2.8067541e-04   4.0001071e-01   4.9997280e-01   6.9076957e+01   1.8899474e+01   1.8234610e-02   1.0000000e+00   1.1210018e-02
   5.0556367e-01   0.0000000e+00   7.9876124e-01   4.0112106e-01   3.9815667e-01   9.9889789e-01   7.6414668e-05   3.6020237e-05   4.0065502e-01   5.0039155e-01   0.0000000e+00   4.5188833e+01   4.4194237e+01   1.0000000e+00   1.1197499e-02
   2.3584655e-01   8.0527733e-01   7.9897965e-01   4.0021707e-01   4.0054640e-01   9.9988322e-01   1.6947190e-04   3.4135298e-05   3.9895482e-01   4.9973431e-01   1.6793725e+01   4.0608605e+00   6.7569795e+01   1.0000000e+00   1.1197237e-02
   4.9347071e-01   1.4242629e-01   7.9588522e-01   4.0174757e-01   3.9939422e-01   9.9948344e-01   4.3067552e-04   3.2981435e-05   4.0148433e-01   5.0076201e-01   6.4830492e+00   3.9035577e+01   4.6723173e+01   1.0000000e+00   1.1181872e-02
   3.2592430e-01   3.7336627e-01   8.0011909e-01   4.0140157e-01   4.0033324e-01   9.9904691e-01   5.9324119e-04   5.3710785e-04   3.9853821e-01   5.0073003e-01   1.0835022e+01   1.8184799e+01   6.0018709e+01   1.0000000e+00   1.1161572e-02
   7.9971226e-01   2.6112222e-01   7.9970604e-01   4.0119037e-01   4.0191776e-01   9.9980330e-01   8.1375434e-04   4.8817580e-04   3.9902102e-01   5.0050527e-01   1.8634756e+01   5.2729359e+01   1.7873125e+01   1.0000000e+00   1.1032279e-02
   5.4704561e-01   4.8909520e-01   7.9825979e-01   4.0052235e-01   4.0156825e-01   1.0000000e+00   8.9067050e-05   0.0000000e+00   4.0060289e-01   4.9938509e-01   2.3844045e+01   2.4907292e+01   4.0366162e+01   1.0000000e+00   1.1006698e-02
   8.1097675e-01   7.7411400e-02   7.9965016e-01   3.9964841e-01   4.0049716e-01   9.9993859e-01   8.7679938e-05   1.1239469e-03   4.0061291e-01   4.9947664e-01   5.5442408e+00   6.6076229e+01   1.6693369e+01   1.0000000e+00   1.0998381e-02
   7.9523032e-02   1.1083592e-01   8.0030784e-01   4.0016809e-01   4.0022600e-01   9.9996288e-01   1.0371518e-03   9.9313508e-05   4.0086481e-01   5.0011067e-01   7.7805643e-01   6.2418380e+00   8.1255090e+01   1.0000000e+00   1.0973849e-02
   6.3799750e-01   8.1597319e-01   7.9959401e-01   4.0038342e-01   4.0136268e-01   9.9969079e-01   1.9431855e-04   0.0000000e+00   3.9981947e-01   4.9934634e-01   4.6040464e+01   1.0383527e+01   3.2015213e+01   1.0000000e+00   1.0955909e-02
   1.6413399e-01   2.6677593e-01   7.9966023e-01   3.9932502e-01   3.9887921e-01   9.9969608e-01   1.6649199e-05   7.0994536e-04   4.0022229e-01   4.9943660e-01   3.8733557e+00   1.0645779e+01   7.3939901e+01   1.0000000e+00   1.0913307e-02
   3.7004539e-01   1.0636598e-01   7.9956430e-01   4.0264374e-01   4.0012233e-01   9.9952702e-01   1.1675490e-04   4.6398275e-04   3.9997741e-01   5.0013749e-01   3.5158318e+00   2.9538270e+01   5.6270351e+01   1.0000000e+00   1.0879047e-02
   5.7304817e-01   4.4894445e-01   7.9950670e-01   4.0057457e-01   4.0276571e-01   1.0000000e+00   8.1128079e-04   1.8210725e-06   3.9929251e-01   4.9943568e-01   2.3089235e+01   2.8340814e+01   3.8318164e+01   1.0000000e+00   1.0847236e-02
   6.5131102e-01   0.0000000e+00   8.0046013e-01   4.0021415e-01   4.0058987e-01   9.9982479e-01   2.7191116e-04   1.3442249e-04   4.0027900e-01   5.0019486e-01   0.0000000e+00   5.7389927e+01   3.0724546e+01   1.0000000e+00   1.0846052e-02
   2.7365165e-01   4.2060033e-01   7.9990437e-01   4.0019649e-01   4.0005017e-01   9.9971286e-01   2.6830376e-04   2.8404011e-04   4.0007840e-01   5.0020119e-01   1.0125097e+01   1.3947869e+01   6.3896415e+01   1.0000000e+00   1.0826196e-02
   7.9335423e-01   7.0015479e-01   7.9990094e-01   4.0069898e-01   3.9984122e-01   9.9970289e-01   3.3888174e-04   2.7416853e-05   4.0016152e-01   5.0094603e-01   4.9014285e+01   2.0990642e+01   1.8234254e+01   1.0000000e+00   1.0813216e-02
   8.6913023e-01   0.0000000e+00   7.9986982e-01   4.0009605e-01   4.0071771e-01   9.9965738e-01   9.1629669e-04   1.7972912e-04   3.9855487e-01   4.9958994e-01   0.0000000e+00   7.7012353e+01   1.1596178e+01   1.0000000e+00   1.0781518e-02
   4.5649682e-01   7.0929748e-01   7.9689684e-01   4.0007647e-01   4.0066443e-01   9.9991982e-01   1.5966942e-04   8.4826467e-05   3.9933989e-01   4.9970712e-01   2.9100655e+01   1.1926778e+01   4.8847089e+01   1.0000000e+00   1.0776586e-02
   2.7007735e-01   6.2949837e-01   7.9819367e-01   3.9986698e-01   3.9961368e-01   9.9995333e-01   0.0000000e+00   1.3536348e-03   3.9868624e-01   5.0041945e-01   1.5165592e+01   8.9259587e+00   6.5110858e+01   1.0000000e+00   1.0747468e-02
   9.9958243e-01   3.0286736e-01   7.9987659e-01   3.9993164e-01   3.9975358e-01   9.9971465e-01   4.8235836e-04   3.6556280e-04   4.0017388e-01   4.9987101e-01   2.6639892e+01   6.1319048e+01   3.6744266e-02   1.0000000e+00   1.0643550e-02
   3.1060298e-01   2.8062169e-01   7.9967555e-01   3.9538858e-01   3.9911578e-01   9.9948414e-01   2.9281496e-05   9.9091369e-04   4.0002803e-01   4.9986557e-01   8.0652814e+00   2.0675482e+01   6.3791392e+01   1.0000000e+00   1.0596648e-02
   5.2735257e-01   9.9261799e-01   7.9977219e-01   3.9622625e-01   4.0032195e-01   9.9961567e-01   1.7069876e-04   2.6374542e-04   4.0036025e-01   4.9964812e-01   4.7579932e+01   3.5384779e-01   4.2961349e+01   1.0000000e+00   1.0582050e-02
   3.9794548e-01   4.1987853e-01   7.9975585e-01   4.0248562e-01   4.0109990e-01   9.9901783e-01   5.1374638e-04   5.7390235e-04   3.9887061e-01   5.0053027e-01   1.5006655e+01   2.0733812e+01   5.4072005e+01   1.0000000e+00   1.0494956e-02
   9.5074986e-02   5.5034316e-01   7.9923316e-01   4.0005658e-01   3.9972849e-01   9.9978529e-01   3.6127141e-04   7.4603012e-04   3.9979463e-01   5.0001502e-01   4.6104991e+00   3.7669996e+00   7.9737147e+01   1.0000000e+00   1.0475024e-02
   9.8263456e-02   7.5701119e-02   7.9995292e-01   4.0017018e-01   3.9995322e-01   9.9981482e-01   1.2931904e-04   4.8942201e-04   3.9975585e-01   5.0063839e-01   6.5516249e-01   7.9994320e+00   7.9420819e+01   1.0000000e+00   1.0462098e-02
   9.0181904e-01   1.0000000e+00   8.0062365e-01   3.9988238e-01   4.0095053e-01   9.9979184e-01   8.5009994e-05   3.2505274e-04   3.9996074e-01   4.9999848e-01   7.9584443e+01   0.0000000e+00   8.6643516e+00   1.0000000e+00   1.0458557e-02
   6.0398516e-01   4.0273953e-01   7.9878468e-01   4.0069417e-01   4.0163749e-01   9.9990524e-01   4.8463995e-04   4.7626181e-04   3.9916296e-01   4.9971604e-01   2.1638097e+01   3.2089176e+01   3.5227352e+01   1.0000000e+00   1.0440969e-02
   3.6148077e-01   4.8875984e-01   7.9965048e-01   4.0083056e-01   4.0205624e-01   9.9991206e-01   1.0168942e-03   3.9572848e-04   3.9946622e-01   4.9965738e-01   1.5740560e+01   1.6464541e+01   5.6887055e+01   1.0000000e+00   1.0439360e-02
   7.9932175e-01   1.8560347e-01   7.9964765e-01   3.9986740e-01   4.0040954e-01   9.9998221e-01   2.6281421e-04   1.0623556e-03   4.0033398e-01   4.9980004e-01   1.3079127e+01   5.7388991e+01   1.7691772e+01   1.0000000e+00   1.0423038e-02
   6.2966669e-01   5.0102177e-01   7.9878046e-01   4.0060886e-01   4.0200511e-01   9.9990501e-01   5.5683102e-04   4.8738368e-04   3.9916528e-01   4.9971874e-01   2.8140581e+01   2.8025803e+01   3.3033799e+01   1.0000000e+00   1.0398820e-02
   1.0000000e+00   3.2732626e-01   8.0000306e-01   3.9998648e-01   3.9970605e-01   9.9966943e-01   5.1359232e-04   3.2224592e-04   4.0020903e-01   4.9993924e-01   2.8806723e+01   5.9199426e+01   0.0000000e+00   1.0000000e+00   1.0355925e-02
   5.7575349e-01   1.6720619e-01   8.0018968e-01   4.0065595e-01   3.9981504e-01   1.0000000e+00   7.6912025e-04   4.2782786e-04   4.0051569e-01   5.0018639e-01   8.4893474e+00   4.2282381e+01   3.7411374e+01   1.0000000e+00   1.0311209e-02
   4.5454838e-01   2.7392676e-01   7.9975262e-01   4.0046467e-01   3.9887084e-01   9.9870118e-01   3.0635518e-05   7.2221982e-05   4.0094323e-01   5.0094978e-01   1.1060957e+01   2.9318294e+01   4.8454529e+01   1.0000000e+00   1.0247582e-02
   9.5030780e-01   9.7001081e-01   8.0072087e-01   4.0017024e-01   4.0018711e-01   9.9980092e-01   2.1138584e-04   2.1208396e-04   4.0053577e-01   4.9994888e-01   8.1267697e+01   2.5125002e+00   4.3809201e+00   1.0000000e+00   1.0218898e-02
   8.5033284e-01   9.9055811e-01   7.9898237e-01   4.0042971e-01   3.9854713e-01   9.9997230e-01   2.5765631e-04   4.5778478e-04   3.9863937e-01   5.0067595e-01   7.5032501e+01   7.1520151e-01   1.3332360e+01   1.0000000e+00   1.0215953e-02
   8.2131831e-01   9.6151509e-01   7.9879342e-01   4.0071372e-01   3.9982192e-01   9.9929564e-01   8.5002954e-04   1.3466373e-04   3.9908482e-01   5.0099779e-01   7.0099904e+01   2.8057686e+00   1.5860974e+01   1.0000000e+00   1.0152254e-02
   9.7299859e-01   1.9410636e-01   7.9970584e-01   4.0001910e-01   3.9956345e-01   9.9973597e-01   5.7318143e-04   2.2596780e-04   4.0012198e-01   4.9991043e-01   1.6625802e+01   6.9027253e+01   2.3769335e+00   1.0000000e+00   1.0129821e-02
   3.5078388e-01   3.1814085e-01   8.0037248e-01   4.0140007e-01   4.0030809e-01   9.9891237e-01   3.2194950e-04   9.8166346e-04   3.9912516e-01   5.0065971e-01   9.9189893e+00   2.1258991e+01   5.7702901e+01   1.0000000e+00   1.0104896e-02
   9.5841316e-01   3.2775066e-01   7.9966492e-01   3.9949469e-01   3.9961610e-01   9.9973596e-01   5.3827616e-04   2.2783015e-04   4.0011492e-01   4.9977633e-01   2.7670185e+01   5.6754313e+01   3.6632933e+00   1.0000000e+00   1.0099662e-02
   5.2029665e-01   0.0000000e+00   7.9853628e-01   3.9851696e-01   4.0003673e-01   9.9974021e-01   2.8002573e-04   6.5901610e-04   3.9962329e-01   4.9980189e-01   0.0000000e+00   4.6221202e+01   4.2615045e+01   1.0000000e+00   1.0078096e-02
   6.5770412e-01   9.8730628e-01   7.9915794e-01   4.0036687e-01   4.0205286e-01   9.9975939e-01   1.0984995e-04   1.5253906e-04   3.9958747e-01   4.9968086e-01   5.7746446e+01   7.4244131e-01   3.0439987e+01   1.0000000e+00   1.0067723e-02
   4.4779529e-01   6.0811916e-01   7.9873554e-01   4.0036660e-01   4.0269997e-01   9.9976981e-01   2.1555490e-04   2.6834675e-06   4.0072188e-01   4.9963312e-01   2.4434913e+01   1.5746213e+01   4.9549888e+01   1.0000000e+00   1.0061067e-02
   7.2644608e-01   4.7769015e-01   7.9813273e-01   4.0049739e-01   3.9925500e-01   1.0000000e+00   3.5802129e-04   7.6657530e-04   3.9723722e-01   4.9978619e-01   3.1348054e+01   3.4276188e+01   2.4711771e+01   1.0000000e+00   9.9933690e-03
   8.7670303e-01   8.5728442e-01   7.9934361e-01   3.9966445e-01   3.9939805e-01   9.9998175e-01   1.9063121e-06   3.0163628e-04   4.0017758e-01   5.0006043e-01   6.6250225e+01   1.1028941e+01   1.0868318e+01   1.0000000e+00   9.9887788e-03
   8.7942762e-01   8.5084043e-01   7.9934005e-01   4.0070305e-01   3.9942472e-01   1.0000000e+00   0.0000000e+00   3.3678592e-04   4.0012111e-01   5.0011373e-01   6.5994794e+01   1.1569449e+01   1.0634310e+01   1.0000000e+00   9.9357987e-03
   3.2569381e-01   6.4134901e-01   7.9925457e-01   4.0003946e-01   4.0004327e-01   9.9970821e-01   8.9626314e-05   0.0000000e+00   4.0016418e-01   5.0006183e-01   1.8391572e+01   1.0284814e+01   5.9370684e+01   1.0000000e+00   9.9216401e-03
   9.5154038e-01   3.5895871e-01   7.9969365e-01   4.0039537e-01   3.9982670e-01   1.0000000e+00   1.7987179e-04   1.3778898e-04   4.0005149e-01   4.9995212e-01   3.0061306e+01   5.3684555e+01   4.2649716e+00   1.0000000e+00   9.8740088e-03
   9.1890888e-01   3.2363767e-01   7.9948761e-01   3.9989105e-01   3.9958220e-01   9.9983320e-01   5.4364302e-04   8.1842741e-04   4.0085576e-01   5.0055562e-01   2.6259885e+01   5.4879880e+01   7.1603552e+00   1.0000000e+00   9.8715321e-03
   6.4968784e-01   4.2934002e-02   8.0054945e-01   4.0003765e-01   4.0052477e-01   9.9980394e-01   2.7578554e-04   2.3162028e-04   4.0020101e-01   5.0020674e-01   2.4577489e+00   5.4787064e+01   3.0866445e+01   1.0000000e+00   9.8661344e-03
   7.2299497e-01   5.2321491e-01   7.9907197e-01   4.0046875e-01   4.0179921e-01   9.9985600e-01   1.1338172e-04   1.8563280e-04   3.9981281e-01   4.9984072e-01   3.3567148e+01   3.0588416e+01   2.4580273e+01   1.0000000e+00   9.8660196e-03
   8.4586511e-01   4.4730454e-02   8.0023667e-01   3.9995973e-01   4.0001103e-01   9.9963292e-01   3.9750781e-04   9.2214057e-04   4.0085453e-01   5.0024673e-01   3.3379741e+00   7.1286221e+01   1.3598139e+01   1.0000000e+00   9.8145414e-03
   7.4983409e-01   1.1502277e-01   8.0058792e-01   4.0052553e-01   3.9987921e-01   9.9989874e-01   7.9773423e-04   0.0000000e+00   4.0072622e-01   4.9972687e-01   7.6152648e+00   5.8591322e+01   2.2088394e+01   1.0000000e+00   9.7648154e-03
   1.4030306e-01   7.3074577e-01   7.9933454e-01   3.9982140e-01   3.9944372e-01   9.9884397e-01   3.5397456e-05   1.2874334e-04   3.9902273e-01   4.9946491e-01   9.0765723e+00   3.3443991e+00   7.6108611e+01   1.0000000e+00   9.7463793e-03
   3.9153257e-01   1.2911152e-01   8.0142861e-01   4.0018727e-01   4.0052423e-01   1.0000000e+00   1.4358349e-03   6.1710329e-04   3.9872113e-01   4.9992372e-01   4.5072513e+00   3.0402503e+01   5.4252060e+01   1.0000000e+00   9.7142841e-03
   6.7336309e-01   7.5437802e-01   7.9821680e-01   4.0000463e-01   3.9996726e-01   9.9942340e-01   1.4864631e-04   0.0000000e+00   3.9960620e-01   5.0012459e-01   4.4985940e+01   1.4647213e+01   2.8927022e+01   1.0000000e+00   9.7058161e-03
   9.6174544e-01   1.0248327e-02   8.0064383e-01   3.9995129e-01   3.9958570e-01   9.9975936e-01   1.1488148e-03   1.0671300e-03   4.0059073e-01   5.0063416e-01   8.7279086e-01   8.4291438e+01   3.3875074e+00   1.0000000e+00   9.7056209e-03
   7.8827321e-01   8.8166481e-01   7.9963992e-01   4.0046922e-01   4.0027404e-01   9.9986034e-01   0.0000000e+00   1.7799553e-05   3.9989072e-01   5.0059872e-01   6.1236467e+01   8.2190295e+00   1.8655448e+01   1.0000000e+00   9.7000411e-03
   8.1896707e-01   4.6039009e-01   8.0071784e-01   4.0069786e-01   4.0112386e-01   1.0000000e+00   1.9000224e-04   2.1425689e-05   4.0141966e-01   5.0097658e-01   3.3556053e+01   3.9330079e+01   1.6111502e+01   1.0000000e+00   9.6890369e-03
   9.1957545e-01   8.6009615e-01   7.9980539e-01   4.0037697e-01   4.0047825e-01   9.9996608e-01   0.0000000e+00   2.3520963e-05   4.0059903e-01   5.0083756e-01   6.9794164e+01   1.1352769e+01   7.0969766e+00   1.0000000e+00   9.6659947e-03
   3.0298733e-01   4.0293007e-01   7.9980457e-01   4.0178400e-01   4.0076212e-01   9.9905439e-01   5.1739285e-04   5.4623987e-04   3.9902918e-01   5.0054306e-01   1.0870074e+01   1.6107496e+01   6.2061037e+01   1.0000000e+00   9.6618330e-03
   3.9702686e-01   3.9769236e-01   8.0064045e-01   3.9919440e-01   3.9974818e-01   9.9955385e-01   2.5104871e-04   9.1000077e-04   4.0040682e-01   5.0000616e-01   1.3951614e+01   2.1129810e+01   5.3278904e+01   1.0000000e+00   9.6573442e-03
   6.9887825e-01   3.9653900e-01   8.0026163e-01   4.0063827e-01   3.9938138e-01   9.9952575e-01   2.4643248e-03   1.9009988e-03   4.0130465e-01   4.9764588e-01   2.5234978e+01   3.8403096e+01   2.7419380e+01   1.0000000e+00   9.6500449e-03
   8.8755664e-01   6.6027184e-01   7.9965335e-01   4.0023186e-01   3.9965888e-01   9.9994017e-01   1.1781604e-04   1.4051516e-04   3.9939781e-01   4.9977128e-01   5.1633948e+01   2.6567097e+01   9.9071857e+00   1.0000000e+00   9.5933378e-03
   1.0000000e+00   9.3078831e-01   8.0044957e-01   3.9990123e-01   4.0074007e-01   9.9973997e-01   2.3734532e-05   2.8211248e-04   4.0010457e-01   4.9997644e-01   8.2036804e+01   6.1001045e+00   0.0000000e+00   1.0000000e+00   9.5910331e-03
   6.3639806e-01   8.1395325e-01   7.9957731e-01   4.0047028e-01   4.0145491e-01   9.9971569e-01   1.9645993e-04   2.8178200e-05   3.9977221e-01   4.9887572e-01   4.5930919e+01   1.0498513e+01   3.2240593e+01   1.0000000e+00   9.5501643e-03
   8.9428239e-01   1.4491100e-01   7.9979899e-01   3.9976469e-01   3.9954996e-01   9.9975898e-01   3.1831588e-04   2.5245410e-04   4.0008268e-01   4.9994417e-01   1.1407118e+01   6.7310981e+01   9.3056614e+00   1.0000000e+00   9.5448303e-03
   2.4660697e-01   7.4221477e-01   7.9871987e-01   4.0009867e-01   4.0057851e-01   9.9983970e-01   1.4217893e-04   6.7151915e-05   3.9899932e-01   4.9934008e-01   1.6212871e+01   5.6310368e+00   6.6733910e+01   1.0000000e+00   9.5416902e-03
   7.9890498e-01   7.1158901e-01   7.9750049e-01   4.0069842e-01   3.9947176e-01   9.9981737e-01   3.6648268e-04   6.9526606e-04   3.9823234e-01   4.9950627e-01   5.1126431e+01   2.0721827e+01   1.8085163e+01   1.0000000e+00   9.5396940e-03
   9.6721871e-01   4.0875319e-01   7.9984281e-01   4.0016852e-01   3.9998313e-01   9.9988866e-01   1.9406066e-04   2.8633596e-04   4.0001206e-01   4.9983026e-01   3.4779450e+01   5.0307226e+01   2.8837854e+00   1.0000000e+00   9.5362778e-03
   8.6323281e-01   5.5201116e-01   7.9960219e-01   4.0009584e-01   4.0008807e-01   9.9973317e-01   2.5078631e-04   6.0766989e-05   3.9981508e-01   5.0027732e-01   4.1934228e+01   3.4032040e+01   1.2035795e+01   1.0000000e+00   9.5231548e-03
   6.1609034e-01   0.0000000e+00   8.0012545e-01   4.0056271e-01   3.9970490e-01   9.9998424e-01   9.2860989e-04   4.3509503e-04   4.0072201e-01   5.0029545e-01   0.0000000e+00   5.4376429e+01   3.3884051e+01   1.0000000e+00   9.5169020e-03
   9.6721146e-01   7.6972567e-01   7.9977588e-01   4.0102775e-01   3.9996098e-01   9.9897495e-01   9.3061304e-04   2.2849779e-03   3.9975646e-01   4.9955411e-01   6.6426971e+01   1.9872569e+01   2.9255611e+00   1.0000000e+00   9.4686618e-03
   7.7133289e-02   1.0638222e-01   7.9948544e-01   4.0084594e-01   3.9775685e-01   9.9898496e-01   7.3012631e-05   1.2261768e-05   4.0076342e-01   5.0032066e-01   7.3355958e-01   6.1619494e+00   8.2501806e+01   1.0000000e+00   9.4684139e-03
   9.7907032e-01   2.4670349e-01   8.0101007e-01   4.0033485e-01   4.0053116e-01   1.0000000e+00   5.6293805e-04   1.9937316e-04   3.9954080e-01   4.9976461e-01   2.1346955e+01   6.5181837e+01   1.8497341e+00   1.0000000e+00   9.4367306e-03
   9.3586478e-01   1.0000000e+00   7.9923075e-01   4.0064030e-01   4.0000039e-01   9.9997424e-01   9.5219098e-05   3.1454693e-04   4.0017988e-01   5.0011494e-01   8.2470409e+01   0.0000000e+00   5.6517329e+00   1.0000000e+00   9.4329842e-03
   5.6194499e-01   5.1315526e-01   7.9917965e-01   4.0031364e-01   4.0144858e-01   9.9967353e-01   1.1841713e-04   9.1830599e-06   3.9988618e-01   4.9981333e-01   2.5512263e+01   2.4204197e+01   3.8755651e+01   1.0000000e+00   9.3592634e-03
   9.5658950e-01   3.4551767e-01   7.9967729e-01   3.9963904e-01   3.9956298e-01   9.9971273e-01   9.0196440e-04   0.0000000e+00   4.0009171e-01   4.9975787e-01   2.9135217e+01   5.5188161e+01   3.8266363e+00   1.0000000e+00   9.3310550e-03
   9.0796861e-01   4.0378608e-01   7.9914414e-01   4.0019170e-01   3.9993297e-01   9.9990445e-01   1.8345996e-04   1.9974259e-04   3.9906238e-01   4.9995189e-01   3.2358390e+01   4.7779068e+01   8.1227053e+00   1.0000000e+00   9.3176025e-03
   1.5433366e-01   8.5295013e-01   7.9928435e-01   4.0002875e-01   4.0004458e-01   9.9969430e-01   7.1656479e-05   2.9268755e-06   4.0013264e-01   5.0001738e-01   1.1589438e+01   1.9980364e+00   7.4452131e+01   1.0000000e+00   9.3129080e-03
   9.7341616e-01   1.8112034e-01   7.9966014e-01   4.0003372e-01   3.9955747e-01   9.9973169e-01   5.6996515e-04   2.2747761e-04   4.0011523e-01   4.9991205e-01   1.5520760e+01   7.0172325e+01   2.3402642e+00   1.0000000e+00   9.3108453e-03
   5.3879443e-01   4.9468225e-01   7.9723135e-01   4.0028968e-01   4.0149422e-01   9.9998670e-01   1.5263610e-04   0.0000000e+00   4.0052965e-01   4.9938694e-01   2.3953902e+01   2.4468902e+01   4.1449699e+01   1.0000000e+00   9.3003611e-03
   9.7269949e-01   9.8596455e-01   7.9975583e-01   3.9996754e-01   3.9991782e-01   9.9971040e-01   2.2383897e-04   2.6132363e-04   4.0004687e-01   5.0005718e-01   8.4361216e+01   1.2009025e+00   2.4014504e+00   1.0000000e+00   9.2987466e-03
   8.1914668e-01   4.9788495e-01   7.9957399e-01   4.0036348e-01   3.9985796e-01   9.9956849e-01   1.2383721e-03   1.2185389e-05   4.0010914e-01   5.0133431e-01   3.6117896e+01   3.6424759e+01   1.6016154e+01   1.0000000e+00   9.2839228e-03
   9.6365433e-01   0.0000000e+00   8.0080303e-01   3.9984507e-01   3.9994431e-01   1.0000000e+00   9.4096162e-04   1.1367821e-03   4.0012867e-01   5.0065580e-01   0.0000000e+00   8.5276503e+01   3.2163316e+00   1.0000000e+00   9.2834881e-03
   7.9101056e-01   1.2555609e-01   7.9965742e-01   4.0002214e-01   4.0041439e-01   9.9998121e-01   2.6675710e-04   9.9319970e-04   4.0031573e-01   4.9971156e-01   8.7536006e+00   6.0965043e+01   1.8420058e+01   1.0000000e+00   9.2817926e-03
   2.7534956e-01   6.4836163e-01   7.9800026e-01   3.9986456e-01   3.9975891e-01   9.9999806e-01   0.0000000e+00   1.1060563e-03   3.9841026e-01   5.0039718e-01   1.5957329e+01   8.6544433e+00   6.4771962e+01   1.0000000e+00   9.2803919e-03
   9.6067995e-01   3.3423815e-01   7.9967752e-01   3.9959148e-01   3.9961714e-01   9.9973684e-01   6.1405962e-04   2.3020444e-04   4.0011942e-01   4.9982177e-01   2.8280033e+01   5.6330394e+01   3.4630533e+00   1.0000000e+00   9.2591295e-03
   9.9979021e-01   1.2991837e-01   7.9901323e-01   3.9983013e-01   3.9993366e-01   9.9984959e-01   2.9885143e-04   1.8434072e-04   4.0034060e-01   4.9999641e-01   1.1446769e+01   7.6660624e+01   1.8487811e-02   1.0000000e+00   9.2583956e-03
   8.0285747e-02   0.0000000e+00   8.0021618e-01   4.0028313e-01   4.0028437e-01   9.9983111e-01   9.5266099e-04   2.3538486e-04   4.0085853e-01   5.0011217e-01   0.0000000e+00   7.0838974e+00   8.1149663e+01   1.0000000e+00   9.2394824e-03
   6.3447192e-01   0.0000000e+00   7.9860604e-01   3.9867123e-01   3.9973368e-01   9.9974147e-01   5.5038205e-05   6.3501145e-04   3.9963011e-01   4.9983677e-01   0.0000000e+00   5.6298291e+01   3.2434226e+01   1.0000000e+00   9.2324924e-03
   4.7889223e-01   8.1073491e-01   7.9887716e-01   4.0025053e-01   4.0152716e-01   9.9968627e-01   4.3436275e-05   1.4479739e-04   4.0072020e-01   4.9892083e-01   3.4519831e+01   8.0586130e+00   4.6331839e+01   1.0000000e+00   9.2301690e-03
   4.8794486e-01   2.7143368e-01   7.9992544e-01   4.0100192e-01   3.9997352e-01   1.0000000e+00   5.5299773e-04   4.1269908e-04   4.0042012e-01   5.0031656e-01   1.1684155e+01   3.1361920e+01   4.5173062e+01   1.0000000e+00   9.2166064e-03
   2.5869545e-01   5.5491220e-01   7.9924221e-01   4.0005413e-01   3.9973713e-01   9.9981648e-01   3.5411611e-04   7.2842505e-04   3.9977523e-01   5.0001312e-01   1.2648536e+01   1.0145225e+01   6.5316646e+01   1.0000000e+00   9.2147211e-03
   9.0276525e-01   7.7543963e-01   7.9898733e-01   3.9738291e-01   3.9956255e-01   9.9963863e-01   2.8801432e-04   9.0829176e-04   4.0072472e-01   5.0010542e-01   6.2815207e+01   1.8190721e+01   8.7249605e+00   1.0000000e+00   9.1854362e-03
   7.8860606e-01   2.8975573e-01   7.9977477e-01   4.0106592e-01   4.0199818e-01   9.9977713e-01   7.6320048e-04   5.0160903e-04   3.9906132e-01   5.0043960e-01   2.0383315e+01   4.9963232e+01   1.8857113e+01   1.0000000e+00   9.1843661e-03
   8.5979501e-01   4.8409033e-01   8.0009147e-01   4.0154385e-01   4.0003873e-01   9.9935792e-01   1.8173618e-03   1.5332000e-03   4.0018879e-01   4.9773427e-01   3.7567509e+01   4.0036829e+01   1.2654778e+01   1.0000000e+00   9.1727198e-03
   4.4953862e-01   5.7573646e-01   7.9933085e-01   4.0097655e-01   4.0125822e-01   9.9986036e-01   7.2077593e-04   3.0606530e-04   3.9936039e-01   4.9938694e-01   2.2951891e+01   1.6913381e+01   4.8815145e+01   1.0000000e+00   9.1704486e-03
   8.8393327e-01   1.0000000e+00   7.9915092e-01   4.0009721e-01   3.9928752e-01   9.9969920e-01   2.4400712e-05   3.9113844e-04   4.0001478e-01   5.0033377e-01   7.7966558e+01   0.0000000e+00   1.0237564e+01   1.0000000e+00   9.1547033e-03
   5.0037489e-01   2.6737377e-01   7.9945093e-01   4.0045319e-01   3.9873141e-01   9.9914045e-01   2.1063594e-04   0.0000000e+00   4.0101380e-01   5.0093772e-01   1.1880963e+01   3.2554820e+01   4.4369199e+01   1.0000000e+00   9.1490366e-03
   1.0000000e+00   5.9586137e-02   8.0001335e-01   3.9957529e-01   3.9976510e-01   9.9979736e-01   3.4760714e-04   6.5918178e-05   4.0000528e-01   5.0000839e-01   5.2454673e+00   8.2786206e+01   0.0000000e+00   1.0000000e+00   9.1413012e-03
   2.8998065e-01   5.6814532e-01   7.9992731e-01   4.0124462e-01   4.0036267e-01   9.9853775e-01   5.4949138e-04   1.0092977e-03   3.9922686e-01   5.0072958e-01   1.4648929e+01   1.1134842e+01   6.3131715e+01   1.0000000e+00   9.1339852e-03
   3.3765619e-01   4.1449949e-01   7.9990171e-01   4.0144131e-01   4.0028687e-01   9.9904404e-01   5.7574147e-04   5.2903666e-04   3.9908923e-01   5.0065731e-01   1.2421311e+01   1.7545700e+01   5.8783059e+01   1.0000000e+00   9.1170532e-03
   5.4433724e-01   8.3177216e-01   7.9722557e-01   3.9992610e-01   3.9979668e-01   9.9998879e-01   2.0749311e-05   2.2411271e-03   3.9893969e-01   5.0036764e-01   4.0928836e+01   8.2779518e+00   4.1190827e+01   1.0000000e+00   9.0981697e-03
   8.8168320e-01   6.7824655e-02   7.9975930e-01   3.9970351e-01   3.9992880e-01   9.9962237e-01   4.8570952e-04   2.4450515e-04   4.0014922e-01   5.0007879e-01   5.2624548e+00   7.2326658e+01   1.0412012e+01   1.0000000e+00   9.0947413e-03
   2.8668231e-01   4.2060419e-01   7.9990471e-01   4.0036499e-01   4.0004426e-01   9.9967807e-01   2.7829402e-04   2.1641417e-04   4.0019458e-01   5.0021224e-01   1.0609865e+01   1.4615430e+01   6.2765119e+01   1.0000000e+00   9.0406188e-03
   5.9577724e-01   3.7099110e-01   7.9975400e-01   4.0161372e-01   4.0012885e-01   9.9951583e-01   1.2064118e-04   4.9967213e-04   3.9995562e-01   5.0009986e-01   1.9554515e+01   3.3154336e+01   3.5761885e+01   1.0000000e+00   9.0188456e-03
   9.4787496e-01   0.0000000e+00   8.0014793e-01   3.9985379e-01   4.0003486e-01   1.0000000e+00   2.7129104e-04   8.8334831e-05   3.9994750e-01   5.0000373e-01   0.0000000e+00   8.3414509e+01   4.5870867e+00   1.0000000e+00   9.0147681e-03
   8.4142591e-01   8.0162554e-01   7.9851049e-01   4.0107733e-01   4.0005240e-01   9.9968937e-01   6.4164690e-04   1.2569542e-04   4.0064994e-01   4.9935563e-01   5.9831358e+01   1.4806182e+01   1.4066099e+01   1.0000000e+00   9.0109069e-03
   8.5677863e-01   5.1203114e-01   7.9895149e-01   4.0038319e-01   4.0103059e-01   9.9965048e-01   0.0000000e+00   1.1567779e-04   4.0020839e-01   4.9950919e-01   3.8779425e+01   3.6957033e+01   1.2660306e+01   1.0000000e+00   9.0073484e-03
   8.5403201e-01   4.3946143e-01   8.0007193e-01   4.0146675e-01   4.0004235e-01   9.9948610e-01   1.8091646e-03   1.5134680e-03   4.0017927e-01   4.9772985e-01   3.3847764e+01   4.3173247e+01   1.3164146e+01   1.0000000e+00   8.9976393e-03
   6.1648897e-01   4.0750574e-01   7.9934301e-01   3.9992119e-01   4.0105056e-01   9.9969258e-01   1.7659691e-04   3.3484343e-05   4.0189969e-01   4.9972531e-01   2.2335607e+01   3.2474927e+01   3.4097033e+01   1.0000000e+00   8.9816357e-03
   9.9918862e-01   1.7664083e-01   8.0054420e-01   3.9955287e-01   4.0026298e-01   9.9984838e-01   4.9728346e-04   1.6263000e-04   3.9890138e-01   4.9938090e-01   1.5613204e+01   7.2776350e+01   7.1775769e-02   1.0000000e+00   8.9748140e-03
   9.0356958e-01   9.3224712e-01   8.0141838e-01   3.9994305e-01   4.0040219e-01   9.9980449e-01   2.4857530e-04   3.2815980e-04   4.0069955e-01   4.9995125e-01   7.4594096e+01   5.4212712e+00   8.5393705e+00   1.0000000e+00   8.9513036e-03
   8.4545281e-01   3.8230309e-01   8.0040963e-01   3.9923386e-01   4.0106503e-01   9.9988978e-01   5.2184259e-04   0.0000000e+00   4.0120657e-01   5.0003956e-01   2.8652765e+01   4.6295008e+01   1.3700312e+01   1.0000000e+00   8.9290114e-03
   2.1141156e-01   0.0000000e+00   8.0032742e-01   4.0018986e-01   3.9979504e-01   9.9987187e-01   9.1023653e-04   1.1755851e-04   4.0036829e-01   5.0026086e-01   0.0000000e+00   1.8634524e+01   6.9508831e+01   1.0000000e+00   8.9280975e-03
   1.9199218e-01   9.5910587e-01   7.9975540e-01   3.9572141e-01   4.0047157e-01   9.9979559e-01   1.5567530e-04   1.9466281e-04   4.0032709e-01   4.9982652e-01   1.6885053e+01   7.1994098e-01   7.4091416e+01   1.0000000e+00   8.9267753e-03
   1.0000000e+00   6.4045803e-01   7.9962964e-01   4.0020966e-01   3.9979842e-01   9.9993769e-01   2.4075716e-04   1.3922624e-04   4.0026557e-01   4.9980306e-01   5.6366391e+01   3.1643109e+01   0.0000000e+00   1.0000000e+00   8.9255447e-03
   8.6380270e-01   8.0350445e-01   8.0025476e-01   3.9996460e-01   3.9974336e-01   9.9971367e-01   1.6477505e-04   2.4960622e-04   4.0044397e-01   5.0003259e-01   6.1106724e+01   1.4943538e+01   1.1990979e+01   1.0000000e+00   8.9126821e-03
   9.5611641e-01   3.7911817e-01   7.9954321e-01   3.9880828e-01   4.0003688e-01   9.9976042e-01   2.1760895e-04   3.2713438e-05   3.9985936e-01   5.0041976e-01   3.2018294e+01   5.2436359e+01   3.8762781e+00   1.0000000e+00   8.8889532e-03
   8.4181094e-02   8.1006190e-01   7.9913676e-01   4.0026966e-01   4.0072127e-01   9.9969000e-01   2.6263846e-04   2.4889447e-04   4.0017455e-01   4.9980451e-01   6.0121630e+00   1.4096933e+00   8.0743502e+01   1.0000000e+00   8.8580083e-03
   7.6860061e-01   5.2082638e-01   8.0000087e-01   3.9907898e-01   3.9798107e-01   9.9988099e-01   3.8197079e-04   1.6902752e-04   3.9951384e-01   4.9982642e-01   3.5652522e+01   3.2801235e+01   2.0609088e+01   1.0000000e+00   8.8341115e-03
   7.4002324e-01   1.0000000e+00   7.9997687e-01   3.9650271e-01   4.0046787e-01   9.9970668e-01   2.0409521e-04   1.9950242e-04   4.0028249e-01   4.9974672e-01   6.6968058e+01   0.0000000e+00   2.3526476e+01   1.0000000e+00   8.8109912e-03
   1.8881206e-01   4.2457158e-01   7.9973481e-01   4.0162973e-01   4.0106517e-01   9.9905313e-01   7.4238038e-04   5.7024453e-04   3.9902235e-01   5.0050818e-01   7.1406693e+00   9.6778595e+00   7.2256972e+01   1.0000000e+00   8.8002417e-03
   4.5985504e-01   2.9242000e-01   7.9884752e-01   4.0048556e-01   3.9909908e-01   9.9910008e-01   1.5415019e-04   0.0000000e+00   4.0095870e-01   5.0107839e-01   1.1948971e+01   2.8913388e+01   4.7996859e+01   1.0000000e+00   8.7435052e-03
   9.9611075e-01   3.1812421e-01   7.9967696e-01   3.9994650e-01   3.9977254e-01   9.9975233e-01   5.2287826e-04   3.0046994e-04   4.0007580e-01   4.9993045e-01   2.7884478e+01   5.9768321e+01   3.4223485e-01   1.0000000e+00   8.7319543e-03
   8.7314709e-01   8.2809958e-01   7.9974522e-01   3.9985866e-01   3.9928289e-01   9.9977996e-01   2.6056875e-04   3.9606951e-04   4.0049835e-01   5.0035290e-01   6.3737202e+01   1.3230838e+01   1.1182102e+01   1.0000000e+00   8.7279436e-03
   4.4444750e-01   2.5149967e-01   7.9890023e-01   3.9925052e-01   3.9998955e-01   9.9985914e-01   1.9337011e-04   6.3684279e-04   4.0044464e-01   5.0012791e-01   9.8730041e+00   2.9383525e+01   4.9070054e+01   1.0000000e+00   8.7254470e-03
   9.4542579e-01   4.8871835e-01   7.9946389e-01   3.9980675e-01   3.9983913e-01   9.9975326e-01   3.1644016e-04   0.0000000e+00   3.9932722e-01   4.9996899e-01   4.0716806e+01   4.2596632e+01   4.8092250e+00   1.0000000e+00   8.7227830e-03
   9.1753527e-01   9.2270748e-01   7.9967116e-01   4.0000639e-01   3.9969701e-01   9.9977623e-01   2.8264878e-04   4.1578293e-04   3.9997596e-01   5.0045107e-01   7.4531096e+01   6.2432532e+00   7.2597048e+00   1.0000000e+00   8.7178512e-03
   2.9398767e-01   5.1303683e-01   7.9917210e-01   4.0038757e-01   4.0170710e-01   9.9966558e-01   1.4453081e-04   9.1725782e-06   3.9986870e-01   4.9981103e-01   1.3369096e+01   1.2689649e+01   6.2580161e+01   1.0000000e+00   8.7116052e-03
   9.5477427e-01   2.8709852e-02   8.0005297e-01   3.9973555e-01   4.0003801e-01   1.0000000e+00   2.7358875e-04   1.7055448e-04   4.0025551e-01   5.0001806e-01   2.4123788e+00   8.1613788e+01   3.9801503e+00   1.0000000e+00   8.6479392e-03
   7.2670647e-01   8.8061394e-01   8.0001306e-01   4.0073261e-01   4.0010698e-01   9.9949950e-01   2.3158292e-04   2.4884795e-04   3.9989270e-01   4.9985459e-01   5.6363441e+01   7.6412706e+00   2.4070342e+01   1.0000000e+00   8.6202058e-03
   4.9857345e-01   4.2859872e-01   7.9875077e-01   4.0121500e-01   3.9892284e-01   9.9933472e-01   2.3185922e-04   1.4702241e-06   4.0304512e-01   5.0042055e-01   1.9351298e+01   2.5798856e+01   4.5408527e+01   1.0000000e+00   8.6108954e-03
   1.3752544e-01   8.4182909e-01   7.9906889e-01   4.0001893e-01   4.0003324e-01   9.9970376e-01   8.2082812e-05   0.0000000e+00   4.0013413e-01   5.0003191e-01   1.0199183e+01   1.9163202e+00   7.5980948e+01   1.0000000e+00   8.6061732e-03
   2.7047311e-01   9.2993049e-01   7.9939078e-01   4.0009768e-01   4.0004776e-01   9.9964311e-01   1.2060859e-04   0.0000000e+00   4.0024486e-01   5.0007373e-01   2.2140016e+01   1.6682323e+00   6.4216208e+01   1.0000000e+00   8.5768680e-03
   7.0241062e-01   7.4457269e-01   7.9768500e-01   4.0029022e-01   3.9737015e-01   9.9910898e-01   1.4347147e-04   9.8950676e-05   3.9931236e-01   4.9993420e-01   4.7331755e+01   1.6237264e+01   2.6932203e+01   1.0000000e+00   8.5468241e-03
   8.8837358e-01   9.8297557e-01   8.0066775e-01   4.0142149e-01   3.9947997e-01   1.0000000e+00   1.4285681e-05   3.4967130e-04   4.0052564e-01   4.9954674e-01   7.7400203e+01   1.3405159e+00   9.8939731e+00   1.0000000e+00   8.5433952e-03
   4.5247869e-01   1.2635843e-01   8.0001264e-01   4.0028363e-01   4.0318546e-01   9.9950277e-01   0.0000000e+00   6.6759014e-04   4.0149673e-01   5.0056435e-01   5.1708618e+00   3.5751314e+01   4.9517832e+01   1.0000000e+00   8.5362355e-03
   8.5809052e-01   9.7771479e-02   7.9955388e-01   3.9974744e-01   3.9994426e-01   9.9980266e-01   3.0930839e-04   9.7422962e-05   4.0018641e-01   4.9992264e-01   7.3832757e+00   6.8132363e+01   1.2488642e+01   1.0000000e+00   8.5320276e-03
   8.1133486e-01   1.0941626e-01   8.0066097e-01   3.9967314e-01   3.9928841e-01   1.0000000e+00   8.3423846e-04   8.6579172e-04   4.0186425e-01   5.0000913e-01   7.9036143e+00   6.4330752e+01   1.6797142e+01   1.0000000e+00   8.5317943e-03
   5.7880337e-01   2.0559739e-02   8.0006249e-01   4.0040945e-01   4.0131746e-01   9.9963323e-01   2.6532635e-04   1.8158369e-04   4.0039178e-01   5.0012277e-01   1.0512114e+00   5.0078397e+01   3.7207141e+01   1.0000000e+00   8.5285803e-03
   9.1933291e-01   8.1012616e-01   7.9986153e-01   4.0016718e-01   4.0016164e-01   9.9995065e-01   0.0000000e+00   3.2080418e-04   3.9958104e-01   5.0030449e-01   6.5573567e+01   1.5368847e+01   7.1023114e+00   1.0000000e+00   8.5194774e-03
   8.7099496e-01   3.8300515e-01   8.0044078e-01   4.0068579e-01   4.0003717e-01   9.9935576e-01   2.2015794e-03   1.8105705e-03   4.0139729e-01   4.9829958e-01   3.0120385e+01   4.8521861e+01   1.1647881e+01   1.0000000e+00   8.5107356e-03
   5.5800724e-01   5.0683437e-01   8.0067795e-01   4.0075281e-01   4.0117388e-01   1.0000000e+00   1.5934762e-04   3.9253054e-05   4.0202861e-01   5.0093693e-01   2.5285745e+01   2.4603817e+01   3.9517095e+01   1.0000000e+00   8.4765512e-03
   1.0000000e+00   2.3053445e-02   8.0004619e-01   3.9988965e-01   4.0078056e-01   9.9976198e-01   3.2803688e-04   3.4504650e-04   3.9904907e-01   4.9931897e-01   2.0371515e+00   8.6329318e+01   0.0000000e+00   1.0000000e+00   8.4711939e-03
   8.6244052e-01   0.0000000e+00   7.9950561e-01   4.0032695e-01   4.0039043e-01   9.9986533e-01   8.3880826e-04   1.6722555e-04   3.9997682e-01   5.0006433e-01   0.0000000e+00   7.5973088e+01   1.2117727e+01   1.0000000e+00   8.4692140e-03
   8.0170139e-01   8.2407828e-01   8.0013166e-01   4.0020291e-01   3.9998261e-01   9.9972871e-01   1.6607289e-04   2.4658654e-04   4.0070532e-01   4.9999204e-01   5.8180471e+01   1.2420190e+01   1.7462877e+01   1.0000000e+00   8.4614277e-03
   7.4177560e-01   4.8224561e-01   7.9835473e-01   4.0047160e-01   3.9930888e-01   9.9977038e-01   2.8591193e-04   6.2929463e-04   3.9763355e-01   4.9980349e-01   3.2097035e+01   3.4460409e+01   2.3169751e+01   1.0000000e+00   8.4560317e-03
   1.0000000e+00   8.3769191e-01   7.9977903e-01   4.0083155e-01   3.9932086e-01   9.9966179e-01   2.5296301e-04   2.2673130e-04   4.0077920e-01   4.9988865e-01   7.3960891e+01   1.4330389e+01   0.0000000e+00   1.0000000e+00   8.4539529e-03
   1.1957924e-01   1.0289459e-01   7.9954663e-01   4.0087721e-01   3.9759313e-01   9.9912354e-01   0.0000000e+00   1.1848174e-05   4.0070007e-01   5.0027112e-01   1.1011882e+00   9.6009115e+00   7.8795872e+01   1.0000000e+00   8.4501300e-03
   5.5133990e-01   1.6602516e-01   7.9906724e-01   4.0050212e-01   3.9832130e-01   9.9912546e-01   1.4711706e-04   1.6429787e-05   4.0124386e-01   5.0159866e-01   8.1999600e+00   4.1189903e+01   4.0191651e+01   1.0000000e+00   8.4481707e-03
   8.8286021e-01   2.0451173e-01   8.0049989e-01   3.9932367e-01   3.9997171e-01   9.9984622e-01   4.9300976e-04   1.7573702e-04   3.9930868e-01   4.9939242e-01   1.5950527e+01   6.2042687e+01   1.0348308e+01   1.0000000e+00   8.4023111e-03
   9.0911597e-01   5.7117016e-01   7.9999946e-01   3.9973834e-01   4.0008836e-01   9.9975591e-01   3.6505462e-04   1.5060336e-04   3.9971798e-01   5.0029227e-01   4.5706973e+01   3.4316418e+01   7.9999127e+00   1.0000000e+00   8.3714266e-03
   9.1899328e-01   1.4277801e-01   7.9976919e-01   3.9973968e-01   3.9977955e-01   9.9975903e-01   3.3616104e-04   2.4271448e-04   4.0008288e-01   5.0009200e-01   1.1545881e+01   6.9320081e+01   7.1281108e+00   1.0000000e+00   8.3642850e-03
   9.2307616e-01   3.9025964e-02   8.0016886e-01   4.0040453e-01   4.0006435e-01   9.9952110e-01   3.6096746e-04   6.1493233e-04   4.0090443e-01   5.0021443e-01   3.1770313e+00   7.8231112e+01   6.7840848e+00   1.0000000e+00   8.3294178e-03
