   9.1034608e-01   0.0000000e+00   9.9957348e-01   4.0013432e-01   3.0043390e-01   6.9888126e-01   4.9907207e-01   5.0055157e-01   9.9943810e-01   9.9977769e-01   0.0000000e+00   7.7780031e+01   7.6600374e+00   1.0000000e+00             Inf
   1.0000000e+00   1.0000000e+00   9.9954155e-01   4.0024807e-01   3.0026417e-01   7.0012151e-01   5.0007450e-01   5.0018383e-01   9.9927918e-01   9.9986122e-01   8.5042053e+01   0.0000000e+00   0.0000000e+00   1.0000000e+00             Inf
   0.0000000e+00   3.8667940e-01   9.9981034e-01   3.9994469e-01   3.0008128e-01   6.9989571e-01   5.0004227e-01   4.9997694e-01   9.9955267e-01   9.9985639e-01   0.0000000e+00   0.0000000e+00   8.4970832e+01   1.0000000e+00             Inf
   1.0000000e+00   0.0000000e+00   1.0000000e+00   4.0020576e-01   3.0000086e-01   6.9997314e-01   5.0025693e-01   4.9994783e-01   9.9972352e-01   9.9977839e-01   0.0000000e+00   8.4991840e+01   0.0000000e+00   1.0000000e+00             Inf
   8.7625809e-01   1.3489089e-01   9.9947891e-01   4.0034984e-01   3.0175882e-01   6.9877693e-01   4.9873253e-01   5.0088222e-01   1.0000000e+00   9.9920131e-01   1.0203178e+01   6.5437048e+01   1.0681631e+01   1.0000000e+00   2.8476309e-02
   9.5469307e-01   7.3847853e-01   9.9959972e-01   3.9995943e-01   3.0017924e-01   7.0034511e-01   4.9985069e-01   5.0014737e-01   9.9948073e-01   1.0000000e+00   5.9954408e+01   2.1231985e+01   3.8528679e+00   1.0000000e+00   2.4000426e-02
   1.0000000e+00   6.6038811e-02   9.9959596e-01   4.0066623e-01   3.0059729e-01   7.0067027e-01   4.9976248e-01   5.0088297e-01   9.9965933e-01   9.9951577e-01   5.6383966e+00   7.9741648e+01   0.0000000e+00   1.0000000e+00   2.3506445e-02
   9.0755579e-01   1.2461967e-02   9.9959393e-01   4.0010020e-01   3.0037741e-01   6.9843516e-01   4.9893473e-01   5.0051292e-01   9.9952562e-01   9.9955837e-01   9.6918104e-01   7.6801931e+01   7.9218148e+00   1.0000000e+00   2.3029236e-02
   9.6155398e-01   3.0942552e-02   9.9964862e-01   4.0056620e-01   3.0072792e-01   6.9875054e-01   4.9918241e-01   5.0060936e-01   9.9933864e-01   9.9988380e-01   2.5465984e+00   7.9754256e+01   3.2906530e+00   1.0000000e+00   2.2141792e-02
   7.1190595e-01   1.0207423e-01   9.9939176e-01   4.0002718e-01   2.9990538e-01   6.9893187e-01   4.9849908e-01   5.0091833e-01   9.9933085e-01   9.9924766e-01   6.2398647e+00   5.4890791e+01   2.4738349e+01   1.0000000e+00   2.1693978e-02
   9.9746537e-01   2.4519404e-01   9.9997544e-01   4.0030576e-01   3.0102887e-01   7.0004896e-01   4.9944554e-01   4.9987891e-01   9.9965933e-01   9.9990479e-01   2.0843697e+01   6.4165290e+01   2.1601362e-01   1.0000000e+00   2.0703871e-02
   8.4311495e-01   3.9441315e-02   9.9930645e-01   3.9857218e-01   2.9960817e-01   6.9798352e-01   4.9962117e-01   4.9839426e-01   9.9940447e-01   9.9971138e-01   2.8850465e+00   7.0262781e+01   1.3611193e+01   1.0000000e+00   2.0225560e-02
   2.3871817e-02   1.5836156e-01   9.9967828e-01   4.0006007e-01   3.0056244e-01   6.9980623e-01   4.9967974e-01   5.0021666e-01   9.9943397e-01   9.9953661e-01   3.2155772e-01   1.7089712e+00   8.3029143e+01   1.0000000e+00   2.0196947e-02
   8.5546732e-01   6.9230677e-01   1.0000000e+00   4.0037191e-01   2.9866250e-01   6.9896928e-01   4.9938311e-01   5.0072152e-01   9.9952613e-01   9.9842361e-01   5.0993905e+01   2.2664056e+01   1.2444639e+01   1.0000000e+00   1.9577246e-02
   9.9542245e-01   1.0604919e-01   9.9974727e-01   4.0018096e-01   3.0057266e-01   6.9905738e-01   4.9933623e-01   4.9909270e-01   9.9947445e-01   9.9994517e-01   9.0168745e+00   7.6008520e+01   3.9099795e-01   1.0000000e+00   1.9356470e-02
   9.6690525e-01   1.6165842e-01   9.9987386e-01   3.9945382e-01   3.0070757e-01   6.9979095e-01   4.9971412e-01   5.0021892e-01   9.9988768e-01   9.9895309e-01   1.3326811e+01   6.9111277e+01   2.8216493e+00   1.0000000e+00   1.9108095e-02
   8.4595533e-01   2.3065894e-01   9.9964716e-01   4.0040722e-01   3.0183169e-01   7.0067684e-01   4.9982932e-01   4.9978567e-01   9.9982477e-01   9.9940156e-01   1.6729088e+01   5.5798288e+01   1.3206910e+01   1.0000000e+00   1.9083236e-02
   5.3397156e-01   9.2303364e-01   9.9960175e-01   3.9975149e-01   3.0020407e-01   7.0066259e-01   4.9959092e-01   4.9830544e-01   9.9922272e-01   9.9932017e-01   4.2281852e+01   3.5256357e+00   3.9978894e+01   1.0000000e+00   1.8990684e-02
   7.3616441e-01   9.0604124e-01   9.9999922e-01   4.0075610e-01   2.9713714e-01   6.9885026e-01   4.9883081e-01   5.0085574e-01   9.9926822e-01   9.9844760e-01   5.8568036e+01   6.0736526e+00   2.3167077e+01   1.0000000e+00   1.8984699e-02
   1.8332722e-01   3.9362457e-01   9.9987006e-01   4.0061229e-01   3.0087006e-01   7.0073456e-01   5.0139545e-01   5.0045927e-01   9.9939629e-01   9.9966537e-01   6.1863803e+00   9.5300683e+00   7.0012495e+01   1.0000000e+00   1.8852045e-02
   7.8658099e-01   7.8906002e-01   9.9904749e-01   3.9989564e-01   3.0033257e-01   6.9836623e-01   4.9955648e-01   5.0152565e-01   9.9955366e-01   9.9994541e-01   5.3405276e+01   1.4276871e+01   1.8363852e+01   1.0000000e+00   1.8497758e-02
   7.9816258e-01   7.4959090e-01   9.9996421e-01   4.0025325e-01   2.9952205e-01   6.9777794e-01   4.9834972e-01   4.9994726e-01   1.0000000e+00   9.9758042e-01   5.2292872e+01   1.7469010e+01   1.7641216e+01   1.0000000e+00   1.8466552e-02
   9.5794135e-01   1.0000000e+00   9.9948444e-01   3.9991388e-01   3.0022521e-01   6.9935767e-01   4.9984649e-01   4.9995774e-01   9.9942407e-01   9.9940816e-01   8.1505296e+01   0.0000000e+00   3.5785097e+00   1.0000000e+00   1.8087248e-02
   9.6370455e-01   1.7679262e-01   9.9991358e-01   3.9940633e-01   3.0082658e-01   6.9979927e-01   4.9935625e-01   5.0036151e-01   9.9989134e-01   9.9881246e-01   1.4556029e+01   6.7777887e+01   3.1008945e+00   1.0000000e+00   1.7987054e-02
   9.6793430e-01   8.0637569e-03   9.9957468e-01   4.0012063e-01   3.0046562e-01   6.9876981e-01   4.9891566e-01   5.0054934e-01   9.9945447e-01   9.9977809e-01   6.6774016e-01   8.2139835e+01   2.7432471e+00   1.0000000e+00   1.7945913e-02
   1.0000000e+00   5.8391849e-02   9.9932436e-01   4.0018427e-01   3.0121676e-01   6.9900279e-01   4.9900833e-01   5.0061737e-01   9.9996191e-01   9.9832783e-01   5.0261366e+00   8.1049860e+01   0.0000000e+00   1.0000000e+00   1.7940447e-02
   9.1184096e-01   2.4911437e-01   9.9982130e-01   4.0084455e-01   3.0000392e-01   6.9982873e-01   4.9865864e-01   5.0064964e-01   9.9896440e-01   1.0000000e+00   1.9457398e+01   5.8648889e+01   7.5515092e+00   1.0000000e+00   1.7918577e-02
   7.5196232e-01   9.4119846e-01   9.9941783e-01   4.0016911e-01   2.9976059e-01   7.0232985e-01   5.0008629e-01   4.9958184e-01   9.9952692e-01   9.9986353e-01   6.1020495e+01   3.8122663e+00   2.1385337e+01   1.0000000e+00   1.7727287e-02
   6.6711370e-01   1.0000000e+00   9.9999184e-01   4.0031139e-01   2.9879218e-01   6.9908609e-01   4.9805400e-01   4.9984908e-01   9.9926510e-01   9.9967627e-01   5.7538342e+01   0.0000000e+00   2.8711336e+01   1.0000000e+00   1.7633785e-02
   5.0198003e-01   9.4629777e-01   9.9970332e-01   4.0001159e-01   3.0028752e-01   7.0014769e-01   4.9957067e-01   4.9612130e-01   9.9929652e-01   9.9985298e-01   4.1807856e+01   2.3725883e+00   4.3831911e+01   1.0000000e+00   1.7457708e-02
   9.7670582e-01   9.4696854e-01   9.9944225e-01   3.9984670e-01   2.9981819e-01   7.0049938e-01   4.9976428e-01   4.9990782e-01   9.9941441e-01   9.9998317e-01   7.8725135e+01   4.4087090e+00   1.9827205e+00   1.0000000e+00   1.7349324e-02
   9.2587761e-01   7.8914322e-02   1.0000000e+00   4.0066809e-01   2.9997951e-01   6.9987352e-01   4.9845952e-01   5.0069720e-01   9.9901247e-01   1.0000000e+00   6.2639972e+00   7.3113194e+01   6.3546485e+00   1.0000000e+00   1.7288041e-02
   1.0000000e+00   2.8198724e-01   9.9992158e-01   3.9973124e-01   3.0062018e-01   6.9978979e-01   4.9968162e-01   5.0033151e-01   1.0000000e+00   9.9890049e-01   2.4035155e+01   6.1199747e+01   0.0000000e+00   1.0000000e+00   1.7019321e-02
   9.4229077e-01   1.0000000e+00   9.9954743e-01   4.0024711e-01   3.0026319e-01   7.0011203e-01   5.0007805e-01   5.0018660e-01   9.9918082e-01   9.9989828e-01   8.0154032e+01   0.0000000e+00   4.9089174e+00   1.0000000e+00   1.6885232e-02
   9.3444349e-01   2.4178713e-01   9.9984772e-01   4.0075030e-01   2.9968200e-01   6.9984491e-01   4.9866081e-01   5.0065053e-01   9.9908280e-01   9.9994454e-01   1.9345517e+01   6.0665014e+01   5.6131921e+00   1.0000000e+00   1.6837739e-02
   1.6855842e-01   3.8062131e-01   9.9939316e-01   3.9988074e-01   3.0131297e-01   7.0046029e-01   4.9941315e-01   5.0063418e-01   1.0000000e+00   1.0000000e+00   5.4862289e+00   8.9276485e+00   7.1098772e+01   1.0000000e+00   1.6529176e-02
   4.1408807e-02   3.7011054e-01   9.9995352e-01   4.0008670e-01   3.0181823e-01   6.9991484e-01   4.9964498e-01   4.9971596e-01   9.9943764e-01   9.9922485e-01   1.3128291e+00   2.2342980e+00   8.2114050e+01   1.0000000e+00   1.6280796e-02
   6.7381674e-01   1.9640001e-01   9.9876341e-01   3.9964564e-01   3.0018261e-01   6.9966500e-01   4.9921079e-01   4.9691760e-01   9.9930959e-01   9.9937233e-01   1.1546690e+01   4.7245007e+01   2.8460063e+01   1.0000000e+00   1.6266011e-02
   1.0000000e+00   9.5114892e-01   9.9934419e-01   3.9987487e-01   3.0015293e-01   7.0038252e-01   4.9984000e-01   4.9985273e-01   9.9938430e-01   9.9980147e-01   8.0922037e+01   4.1561615e+00   0.0000000e+00   1.0000000e+00   1.6261797e-02
   9.2853559e-01   3.1470952e-01   9.9995020e-01   4.0037630e-01   3.0030715e-01   6.9928412e-01   4.9883523e-01   4.9996536e-01   9.9918316e-01   9.9966772e-01   2.4955952e+01   5.4342419e+01   6.1031712e+00   1.0000000e+00   1.5984305e-02
   1.5672018e-01   4.3623343e-01   9.9966113e-01   4.0052725e-01   3.0135432e-01   7.0037649e-01   5.0069442e-01   5.0026153e-01   9.9959943e-01   9.9988998e-01   5.8436873e+00   7.5520933e+00   7.2080005e+01   1.0000000e+00   1.5737054e-02
   9.7866339e-01   1.0472419e-01   9.9949488e-01   4.0062040e-01   3.0052758e-01   6.9946936e-01   4.9894312e-01   5.0086224e-01   9.9881015e-01   9.9998345e-01   8.7790550e+00   7.5051194e+01   1.8276493e+00   1.0000000e+00   1.5580277e-02
   9.1610586e-01   6.1694798e-02   9.9932445e-01   4.0012503e-01   3.0093906e-01   6.9888947e-01   4.9913710e-01   5.0042411e-01   9.9946588e-01   9.9986649e-01   4.8343134e+00   7.3524213e+01   7.1758316e+00   1.0000000e+00   1.5550692e-02
   8.6667940e-01   7.8244017e-02   9.9942631e-01   4.0037794e-01   2.9953982e-01   7.0054908e-01   4.9901325e-01   5.0070573e-01   9.9933709e-01   9.9993705e-01   5.7963087e+00   6.8283588e+01   1.1395651e+01   1.0000000e+00   1.5526558e-02
   9.1708205e-01   8.9271802e-02   9.9954482e-01   4.0024680e-01   3.0048914e-01   6.9903480e-01   4.9917149e-01   5.0075584e-01   9.9938561e-01   9.9997934e-01   6.9945223e+00   7.1356336e+01   7.0840912e+00   1.0000000e+00   1.5522172e-02
   1.0000000e+00   3.9358948e-01   9.9939300e-01   3.9893016e-01   3.0032074e-01   6.9893686e-01   4.9878892e-01   5.0122387e-01   9.9899576e-01   9.9933907e-01   3.3908341e+01   5.2243202e+01   0.0000000e+00   1.0000000e+00   1.5509302e-02
   5.4169036e-01   5.4256613e-01   1.0000000e+00   4.0115375e-01   2.9983073e-01   6.9893284e-01   4.9899850e-01   5.0104173e-01   9.9913532e-01   9.9797203e-01   2.5427302e+01   2.1437588e+01   3.9651123e+01   1.0000000e+00   1.5473111e-02
   9.0760149e-01   6.8839578e-01   1.0000000e+00   4.0064275e-01   3.0035798e-01   6.9884482e-01   5.0177908e-01   4.9907069e-01   9.9752439e-01   9.9960404e-01   5.4383890e+01   2.4617015e+01   8.0426998e+00   1.0000000e+00   1.5427490e-02
   9.5584852e-01   9.4420104e-02   1.0000000e+00   3.9998781e-01   2.9990936e-01   7.0011477e-01   4.9820226e-01   5.0088127e-01   9.9897236e-01   1.0000000e+00   7.7534336e+00   7.4362910e+01   3.7930257e+00   1.0000000e+00   1.5208801e-02
   4.4587827e-01   3.1416518e-01   9.9946478e-01   3.9949137e-01   3.0244019e-01   6.9859437e-01   5.0004603e-01   4.9801356e-01   9.9943271e-01   9.9934276e-01   1.2226019e+01   2.6689876e+01   4.8363297e+01   1.0000000e+00   1.5175137e-02
   8.1916632e-01   9.5359183e-02   9.9950951e-01   4.0064259e-01   3.0008899e-01   7.0015258e-01   4.9979019e-01   5.0037336e-01   9.9884593e-01   9.9916182e-01   6.6643436e+00   6.3222408e+01   1.5427732e+01   1.0000000e+00   1.5171478e-02
   8.5321365e-01   7.1966678e-01   9.9994405e-01   4.0049564e-01   2.9959899e-01   6.9729173e-01   4.9794017e-01   4.9957336e-01   9.9983775e-01   9.9813721e-01   5.3898331e+01   2.0995123e+01   1.2884624e+01   1.0000000e+00   1.5151736e-02
   7.8556524e-02   3.8401978e-01   9.9940071e-01   3.9906336e-01   3.0118030e-01   7.0081669e-01   4.9945912e-01   5.0088394e-01   9.9992259e-01   9.9991305e-01   2.5881507e+00   4.1514780e+00   7.9053738e+01   1.0000000e+00   1.5032042e-02
   9.9165408e-01   1.0000000e+00   9.9964116e-01   4.0017055e-01   3.0027774e-01   7.0000744e-01   4.9999994e-01   4.9999298e-01   9.9919439e-01   9.9962359e-01   8.4324556e+01   0.0000000e+00   7.0968942e-01   1.0000000e+00   1.5012365e-02
   9.7409118e-01   9.8435163e-01   9.9975871e-01   3.9971348e-01   2.9915838e-01   6.9929434e-01   4.9896129e-01   5.0103545e-01   9.9976097e-01   9.9798511e-01   8.2714276e+01   1.3149202e+00   2.2350035e+00   1.0000000e+00   1.4953394e-02
   1.0000000e+00   2.2039922e-01   9.9986479e-01   3.9932403e-01   3.0063806e-01   6.9970779e-01   4.9971612e-01   5.0020917e-01   9.9984902e-01   9.9921132e-01   1.8780612e+01   6.6431178e+01   0.0000000e+00   1.0000000e+00   1.4878550e-02
   8.2641434e-01   7.0860664e-01   9.9898364e-01   3.9994959e-01   3.0004124e-01   6.9859222e-01   4.9945254e-01   5.0159761e-01   9.9939743e-01   1.0000000e+00   5.0368626e+01   2.0712597e+01   1.4930381e+01   1.0000000e+00   1.4834094e-02
   9.7464260e-01   2.1548624e-02   1.0000000e+00   4.0032202e-01   2.9993360e-01   7.0040021e-01   4.9969673e-01   4.9994405e-01   9.9995476e-01   9.9917588e-01   1.7879505e+00   8.1184889e+01   2.1587149e+00   1.0000000e+00   1.4824189e-02
   1.7849804e-01   1.0000000e+00   9.9969732e-01   4.0010050e-01   3.0035284e-01   7.0018509e-01   4.9954884e-01   4.9553649e-01   9.9932940e-01   9.9982232e-01   1.5881287e+01   0.0000000e+00   7.3090485e+01   1.0000000e+00   1.4718276e-02
   5.8729306e-01   8.0706537e-01   9.9979911e-01   3.9956426e-01   3.0183883e-01   7.0256185e-01   4.9976500e-01   5.0140178e-01   9.9955201e-01   9.9997018e-01   4.1432908e+01   9.9048270e+00   3.6076434e+01   1.0000000e+00   1.4663550e-02
   2.6147815e-01   4.1730430e-01   9.9969996e-01   4.0081065e-01   3.0113659e-01   7.0087173e-01   5.0047344e-01   5.0061402e-01   9.9962172e-01   9.9966543e-01   9.3396246e+00   1.3041224e+01   6.3212725e+01   1.0000000e+00   1.4615465e-02
   9.8693715e-01   2.0234057e-01   9.9954984e-01   4.0014469e-01   3.0070343e-01   6.9920448e-01   4.9952434e-01   5.0057655e-01   9.9943923e-01   9.9991395e-01   1.7027829e+01   6.7126470e+01   1.1138451e+00   1.0000000e+00   1.4501823e-02
   8.4181911e-01   0.0000000e+00   9.9929412e-01   4.0040480e-01   2.9952750e-01   7.0043507e-01   4.9901536e-01   5.0079424e-01   9.9932148e-01   1.0000000e+00   0.0000000e+00   7.1982988e+01   1.3525866e+01   1.0000000e+00   1.4414660e-02
   1.0000000e+00   3.2324108e-01   9.9923474e-01   3.9954552e-01   3.0275581e-01   6.9905555e-01   5.0008329e-01   4.9719812e-01   9.9948451e-01   9.9933144e-01   2.8504472e+01   5.9678848e+01   0.0000000e+00   1.0000000e+00   1.4377196e-02
   5.8579303e-01   4.2910677e-01   9.9935791e-01   4.0051007e-01   3.0053112e-01   7.0084185e-01   4.9930294e-01   5.0068000e-01   9.9959950e-01   9.9974443e-01   2.1475018e+01   2.8570843e+01   3.5386805e+01   1.0000000e+00   1.4256505e-02
   8.2779969e-01   7.8265038e-01   9.9928509e-01   3.9968167e-01   3.0056109e-01   6.9921197e-01   5.0015024e-01   5.0008548e-01   9.9936511e-01   9.9943148e-01   5.5209296e+01   1.5332158e+01   1.4674154e+01   1.0000000e+00   1.4143567e-02
   3.8445535e-01   9.7793651e-01   9.9957570e-01   3.9998727e-01   3.0020799e-01   7.0010428e-01   4.9961345e-01   4.9788023e-01   9.9931687e-01   9.9985839e-01   3.2307052e+01   7.2888819e-01   5.2893260e+01   1.0000000e+00   1.4129312e-02
   9.5792305e-01   2.9387392e-01   9.9870802e-01   3.9991943e-01   3.0102941e-01   6.9912060e-01   5.0068340e-01   4.9988397e-01   9.9993576e-01   9.9902512e-01   2.4116317e+01   5.7947165e+01   3.6046542e+00   1.0000000e+00   1.4085087e-02
   8.7811699e-02   3.8603947e-01   9.9982739e-01   3.9996556e-01   3.0119350e-01   6.9974090e-01   4.9971321e-01   4.9988140e-01   9.9938485e-01   9.9951445e-01   2.8900785e+00   4.5964059e+00   7.7769632e+01   1.0000000e+00   1.4080524e-02
   6.4261563e-01   3.0557653e-01   9.9865105e-01   3.9889712e-01   2.9847773e-01   6.9804272e-01   4.9828892e-01   4.9886060e-01   9.9916707e-01   9.9986165e-01   1.7193915e+01   3.9073218e+01   3.1292414e+01   1.0000000e+00   1.4053700e-02
   8.9199641e-01   4.7907798e-01   9.9981498e-01   3.9981335e-01   2.9977420e-01   7.0133415e-01   5.0006515e-01   5.0000701e-01   9.9991794e-01   9.9950626e-01   3.6501061e+01   3.9689168e+01   9.2251698e+00   1.0000000e+00   1.4028791e-02
   9.8713892e-01   2.1631225e-01   1.0000000e+00   4.0026811e-01   3.0087886e-01   6.9977981e-01   4.9974046e-01   5.0000877e-01   9.9966452e-01   9.9894856e-01   1.8201757e+01   6.5943994e+01   1.0963047e+00   1.0000000e+00   1.4006941e-02
   9.5079131e-01   9.1985125e-01   9.9931886e-01   3.9971363e-01   3.0035701e-01   7.0016300e-01   4.9961098e-01   5.0016688e-01   9.9947329e-01   9.9997701e-01   7.4430277e+01   6.4852811e+00   4.1878257e+00   1.0000000e+00   1.3995145e-02
   8.6577959e-01   1.7546046e-01   9.9739475e-01   4.0022026e-01   3.0246874e-01   6.9939027e-01   5.0101739e-01   5.0083565e-01   9.9982505e-01   9.9849285e-01   1.3347117e+01   6.2721967e+01   1.1792867e+01   1.0000000e+00   1.3957957e-02
   7.7778179e-01   8.9651332e-02   9.9947447e-01   4.0052388e-01   3.0010571e-01   7.0020524e-01   4.9958190e-01   5.0064364e-01   9.9849700e-01   1.0000000e+00   5.9598948e+00   6.0518702e+01   1.8993444e+01   1.0000000e+00   1.3908703e-02
   1.0000000e+00   1.8460836e-02   9.9953078e-01   4.0018651e-01   3.0057950e-01   6.9888335e-01   4.9942937e-01   5.0054333e-01   9.9942738e-01   9.9992407e-01   1.5759636e+00   8.3791981e+01   0.0000000e+00   1.0000000e+00   1.3887950e-02
   9.9064710e-01   1.4796827e-01   9.9995920e-01   4.0017388e-01   3.0195183e-01   7.0034137e-01   4.9960265e-01   5.0003668e-01   9.9945704e-01   9.9899682e-01   1.2583167e+01   7.2456461e+01   8.0287609e-01   1.0000000e+00   1.3865121e-02
   9.6843725e-01   8.3952130e-01   1.0000000e+00   4.0004192e-01   2.9948558e-01   6.9964016e-01   4.9954439e-01   5.0210570e-01   9.9965299e-01   9.9892926e-01   7.0007240e+01   1.3382234e+01   2.7177821e+00   1.0000000e+00   1.3801422e-02
   9.8787830e-01   2.4985306e-02   9.9991283e-01   3.9959092e-01   2.9974476e-01   7.0044550e-01   4.9843411e-01   5.0065342e-01   9.9873001e-01   1.0000000e+00   2.1195710e+00   8.2713132e+01   1.0409345e+00   1.0000000e+00   1.3732909e-02
   6.2490460e-01   2.5133977e-01   9.9893412e-01   3.9981632e-01   3.0020330e-01   6.9965231e-01   4.9937794e-01   4.9803163e-01   9.9930880e-01   9.9937302e-01   1.3510402e+01   4.0243138e+01   3.2265254e+01   1.0000000e+00   1.3718617e-02
   9.4534052e-01   5.3648802e-01   1.0000000e+00   4.0285457e-01   2.9994094e-01   6.9970677e-01   5.0043355e-01   4.9896740e-01   9.9907246e-01   1.0000000e+00   4.4062859e+01   3.8069187e+01   4.7488652e+00   1.0000000e+00   1.3690755e-02
   8.6771175e-01   1.0000000e+00   9.9938433e-01   3.9994905e-01   3.0054966e-01   6.9922684e-01   5.0020931e-01   4.9995742e-01   9.9935200e-01   9.9952741e-01   7.3897428e+01   0.0000000e+00   1.1266139e+01   1.0000000e+00   1.3588729e-02
   6.3105494e-01   0.0000000e+00   9.9871742e-01   3.9898457e-01   2.9787572e-01   6.9794844e-01   4.9677199e-01   4.9815138e-01   9.9937523e-01   9.9987200e-01   0.0000000e+00   5.6714923e+01   3.3158271e+01   1.0000000e+00   1.3510532e-02
   6.8566281e-01   4.7320312e-01   9.9943507e-01   4.0028376e-01   3.0035244e-01   7.0133837e-01   5.0011521e-01   4.9952789e-01   9.9988330e-01   9.9908918e-01   2.7755622e+01   3.0899153e+01   2.6889860e+01   1.0000000e+00   1.3457197e-02
   8.6829716e-01   7.1964686e-02   9.9920927e-01   3.9997958e-01   3.0010335e-01   6.9889197e-01   4.9909446e-01   5.0043344e-01   9.9944252e-01   9.9982710e-01   5.3385001e+00   6.8843719e+01   1.1251918e+01   1.0000000e+00   1.3437347e-02
   6.9415765e-01   7.6608814e-01   9.9957528e-01   3.9912713e-01   3.0243073e-01   7.0257394e-01   5.0014979e-01   5.0206266e-01   9.9949054e-01   9.9986523e-01   4.7047563e+01   1.4365166e+01   2.7058137e+01   1.0000000e+00   1.3434042e-02
   8.6581320e-01   8.3871867e-01   9.9985341e-01   4.0056535e-01   2.9891612e-01   6.9871432e-01   4.9980901e-01   5.0139223e-01   1.0000000e+00   9.9851081e-01   6.2647016e+01   1.2046702e+01   1.1576297e+01   1.0000000e+00   1.3375187e-02
   6.9072448e-01   1.2397923e-01   9.9890556e-01   3.9978757e-01   3.0000178e-01   6.9977922e-01   4.9927870e-01   4.9578796e-01   9.9931029e-01   9.9933805e-01   7.6020583e+00   5.3715135e+01   2.7455096e+01   1.0000000e+00   1.3346930e-02
   8.8566557e-01   4.2931886e-01   9.9935205e-01   4.0033334e-01   3.0047906e-01   6.9939890e-01   4.9884618e-01   5.0102807e-01   9.9898848e-01   9.9956807e-01   3.2575626e+01   4.3301836e+01   9.7953528e+00   1.0000000e+00   1.3260118e-02
   5.4198566e-01   3.5619959e-01   9.9937877e-01   3.9846698e-01   2.9941978e-01   6.9956298e-01   4.9972814e-01   5.0016283e-01   9.9958305e-01   9.9999537e-01   1.6531393e+01   2.9879085e+01   3.9219975e+01   1.0000000e+00   1.3242801e-02
   3.3603943e-01   1.0000000e+00   9.9957030e-01   4.0003739e-01   3.0020876e-01   6.9990284e-01   4.9928083e-01   4.9832985e-01   9.9962764e-01   9.9985386e-01   2.8772876e+01   0.0000000e+00   5.6850634e+01   1.0000000e+00   1.3227108e-02
   8.4362064e-01   5.8720244e-01   9.9985014e-01   4.0052715e-01   2.9863324e-01   6.9870918e-01   4.9945374e-01   5.0195156e-01   9.9966900e-01   9.9904278e-01   4.2908617e+01   3.0164336e+01   1.3545308e+01   1.0000000e+00   1.3209715e-02
   8.0422723e-01   7.3168645e-01   9.9999381e-01   4.0014229e-01   2.9965110e-01   6.9719847e-01   4.9812198e-01   4.9965630e-01   1.0000000e+00   9.9738345e-01   5.1947074e+01   1.9049285e+01   1.7282620e+01   1.0000000e+00   1.3197702e-02
   5.2355263e-01   4.7579642e-01   9.9792556e-01   3.9988234e-01   3.0150630e-01   6.9999333e-01   4.9863003e-01   5.0085981e-01   9.9787921e-01   9.9874218e-01   2.1774556e+01   2.3989882e+01   4.1646904e+01   1.0000000e+00   1.3195513e-02
   9.9492443e-01   3.6842748e-01   9.9978729e-01   4.0016914e-01   2.9941322e-01   7.0032080e-01   5.0045784e-01   4.9999419e-01   9.9997737e-01   9.9952497e-01   3.1212681e+01   5.3505975e+01   4.3218938e-01   1.0000000e+00   1.3072541e-02
   4.9200516e-01   8.1166423e-02   9.9993253e-01   4.0040043e-01   3.0085026e-01   7.0189903e-01   5.0480401e-01   5.0065057e-01   9.9989575e-01   9.9925802e-01   3.6159323e+00   4.0933675e+01   4.5997425e+01   1.0000000e+00   1.3062808e-02
   1.0000000e+00   8.4545113e-01   1.0000000e+00   4.0011113e-01   2.9964379e-01   6.9922668e-01   4.9941802e-01   5.0111554e-01   9.9981010e-01   9.9835599e-01   7.2536535e+01   1.3259714e+01   0.0000000e+00   1.0000000e+00   1.2898181e-02
   8.8350239e-01   8.4736209e-01   9.9949476e-01   4.0161088e-01   2.9758870e-01   6.9841630e-01   4.9915311e-01   5.0058925e-01   9.9880370e-01   9.9866243e-01   6.5690919e+01   1.1833105e+01   1.0222229e+01   1.0000000e+00   1.2878449e-02
   9.9871635e-01   9.8156659e-01   9.9943967e-01   3.9981895e-01   3.0021047e-01   7.0021996e-01   4.9985850e-01   5.0017755e-01   9.9947733e-01   9.9987359e-01   8.3362449e+01   1.5655122e+00   1.0915808e-01   1.0000000e+00   1.2785988e-02
   9.0485036e-01   8.7690674e-01   9.9949218e-01   4.0083518e-01   2.9915684e-01   6.9859237e-01   4.9899593e-01   5.0071757e-01   9.9829319e-01   9.9895601e-01   6.8591937e+01   9.6283962e+00   8.2252677e+00   1.0000000e+00   1.2781937e-02
   1.0000000e+00   1.6744074e-02   9.9955030e-01   4.0020584e-01   3.0125019e-01   6.9852331e-01   4.9944408e-01   5.0074892e-01   9.9948525e-01   9.9994066e-01   1.4365810e+00   8.4359807e+01   0.0000000e+00   1.0000000e+00   1.2720572e-02
   1.0000000e+00   1.2687029e-01   9.9999333e-01   3.9997984e-01   2.9994327e-01   7.0008930e-01   4.9743850e-01   5.0037472e-01   9.9894310e-01   1.0000000e+00   1.0967105e+01   7.5476345e+01   0.0000000e+00   1.0000000e+00   1.2702750e-02
   2.2709451e-01   1.0471122e-01   9.9991171e-01   4.0036824e-01   3.0091368e-01   6.9993091e-01   4.9982747e-01   4.9963020e-01   9.9910201e-01   9.9962273e-01   2.0267433e+00   1.7328808e+01   6.5875710e+01   1.0000000e+00   1.2686548e-02
   8.1544436e-02   4.3530222e-01   9.9989845e-01   4.0019766e-01   3.0093000e-01   6.9942536e-01   5.0034011e-01   5.0006765e-01   9.9955628e-01   9.9965238e-01   3.0235466e+00   3.9223094e+00   7.8232929e+01   1.0000000e+00   1.2666722e-02
   7.8481179e-01   4.9329800e-01   9.9998053e-01   4.0031183e-01   3.0003448e-01   6.9981042e-01   5.0024812e-01   4.9929806e-01   9.9848389e-01   9.9995022e-01   3.3068634e+01   3.3967182e+01   1.8380608e+01   1.0000000e+00   1.2635133e-02
   9.4820778e-01   5.9648005e-01   9.9852532e-01   3.9961409e-01   3.0008951e-01   6.9884213e-01   4.9995447e-01   5.0088345e-01   9.9941097e-01   9.9998883e-01   4.8469793e+01   3.2789913e+01   4.4385007e+00   1.0000000e+00   1.2560066e-02
   9.3375544e-01   1.0000000e+00   9.9958532e-01   4.0013629e-01   3.0023371e-01   7.0007179e-01   5.0021271e-01   4.9958280e-01   9.9921604e-01   9.9992009e-01   7.9442323e+01   0.0000000e+00   5.6359745e+00   1.0000000e+00   1.2284024e-02
   9.0039508e-01   8.8253708e-01   9.9950030e-01   4.0096348e-01   2.9763075e-01   6.9846596e-01   4.9912970e-01   5.0061661e-01   9.9842750e-01   9.9874036e-01   6.9538451e+01   9.2553504e+00   8.7164515e+00   1.0000000e+00   1.2255074e-02
   7.7587626e-01   2.3796301e-01   9.9839306e-01   3.9956058e-01   3.0011916e-01   6.9970519e-01   4.9844829e-01   4.9793923e-01   9.9921258e-01   9.9930668e-01   1.6022387e+01   5.1309033e+01   1.9449711e+01   1.0000000e+00   1.2244932e-02
   1.0000000e+00   7.2999561e-01   9.9999481e-01   4.0016835e-01   2.9938582e-01   6.9730411e-01   4.9801794e-01   4.9953107e-01   9.9999397e-01   9.9779024e-01   6.4228203e+01   2.3756166e+01   0.0000000e+00   1.0000000e+00   1.2241607e-02
   7.1478914e-01   4.7297801e-01   9.9973148e-01   4.0038535e-01   3.0036034e-01   6.9890369e-01   4.9909203e-01   5.0058881e-01   9.9927435e-01   9.9953314e-01   2.8896556e+01   3.2198368e+01   2.4377729e+01   1.0000000e+00   1.2238547e-02
   8.4694522e-01   1.6336713e-01   9.9888870e-01   4.0137791e-01   3.0228294e-01   6.9894477e-01   5.0074315e-01   5.0105421e-01   1.0000000e+00   9.9889819e-01   1.2044723e+01   6.1683221e+01   1.3323665e+01   1.0000000e+00   1.2197975e-02
   5.7231870e-01   9.3499752e-01   9.9889887e-01   3.9891468e-01   2.9989343e-01   6.9839945e-01   4.9866293e-01   5.0180909e-01   9.9921813e-01   1.0000000e+00   4.6486924e+01   3.2318431e+00   3.7153752e+01   1.0000000e+00   1.2186445e-02
   1.0947937e-01   5.8666647e-01   1.0000000e+00   3.9998954e-01   2.9933990e-01   7.0210020e-01   4.9950995e-01   5.0116893e-01   9.9960390e-01   9.9945276e-01   5.5479702e+00   3.9088004e+00   7.6922702e+01   1.0000000e+00   1.2109525e-02
   9.8341684e-01   8.2791843e-01   9.9994175e-01   3.9976267e-01   2.9952384e-01   7.0063072e-01   4.9938571e-01   5.0201152e-01   9.9981254e-01   9.9810497e-01   7.0474517e+01   1.4648020e+01   1.4354043e+00   1.0000000e+00   1.2109238e-02
   9.8629260e-01   7.3814927e-01   9.9959814e-01   3.9991488e-01   3.0033784e-01   7.0033473e-01   4.9988509e-01   5.0034803e-01   9.9948508e-01   1.0000000e+00   6.1931266e+01   2.1969468e+01   1.1660440e+00   1.0000000e+00   1.2074351e-02
   6.0821084e-01   8.3929906e-02   9.9992187e-01   4.0057044e-01   3.0073743e-01   6.9918132e-01   4.9908853e-01   5.0009679e-01   9.9954299e-01   9.9925325e-01   4.3604705e+00   4.7593245e+01   3.3466853e+01   1.0000000e+00   1.2060353e-02
   8.1290539e-01   2.8627472e-01   9.9951925e-01   4.0075610e-01   3.0015662e-01   7.0152284e-01   4.9970589e-01   5.0033485e-01   9.9881981e-01   1.0000000e+00   1.9968889e+01   4.9785400e+01   1.6054330e+01   1.0000000e+00   1.2032462e-02
   4.3507713e-01   9.4580815e-01   1.0000000e+00   4.0078244e-01   3.0008608e-01   7.0186630e-01   4.9963474e-01   4.9705401e-01   9.9932122e-01   9.9954007e-01   3.6055315e+01   2.0658570e+00   4.9498170e+01   1.0000000e+00   1.2028810e-02
   9.6538272e-01   1.0000000e+00   9.9928342e-01   3.9962552e-01   3.0036531e-01   6.9984585e-01   4.9961116e-01   5.0010161e-01   9.9948620e-01   9.9997768e-01   8.2159575e+01   0.0000000e+00   2.9461277e+00   1.0000000e+00   1.2025583e-02
   9.8497449e-01   3.5782419e-01   9.9994391e-01   4.0033363e-01   3.0031280e-01   6.9928006e-01   4.9877201e-01   4.9999363e-01   9.9927806e-01   9.9963313e-01   3.0102193e+01   5.4023457e+01   1.2833132e+00   1.0000000e+00   1.1967173e-02
   1.0000000e+00   9.3281629e-02   9.9956051e-01   4.0025089e-01   3.0071043e-01   6.9920369e-01   4.9946838e-01   5.0066457e-01   9.9943623e-01   9.9994541e-01   7.9579248e+00   7.7352815e+01   0.0000000e+00   1.0000000e+00   1.1927505e-02
   8.6091150e-01   4.7947106e-01   9.9913208e-01   4.0036386e-01   3.0025023e-01   6.9888952e-01   4.9873544e-01   5.0097822e-01   9.9879886e-01   9.9955621e-01   3.5476954e+01   3.8514903e+01   1.1954094e+01   1.0000000e+00   1.1846370e-02
   9.7784784e-01   2.6534398e-01   9.9962565e-01   4.0043000e-01   3.0057011e-01   6.9852004e-01   4.9837641e-01   5.0083570e-01   9.9874646e-01   1.0000000e+00   2.2385548e+01   6.1978711e+01   1.9111878e+00   1.0000000e+00   1.1845350e-02
   1.0000000e+00   6.6192025e-01   9.9984811e-01   4.0016833e-01   2.9957574e-01   7.0009250e-01   5.0028698e-01   5.0033194e-01   9.9994887e-01   9.9953780e-01   5.6315444e+01   2.8763452e+01   0.0000000e+00   1.0000000e+00   1.1814177e-02
   9.1896988e-01   8.5490634e-01   9.9954648e-01   4.0074371e-01   2.9935099e-01   6.9858488e-01   4.9899606e-01   5.0075827e-01   9.9848956e-01   9.9891772e-01   6.7778207e+01   1.1503234e+01   6.9906371e+00   1.0000000e+00   1.1790330e-02
   2.7125281e-01   4.5209333e-01   9.9997091e-01   4.0020542e-01   3.0024285e-01   7.0163786e-01   4.9995017e-01   5.0087081e-01   9.9955199e-01   9.9996710e-01   1.0514460e+01   1.2742818e+01   6.2482950e+01   1.0000000e+00   1.1764311e-02
   1.1715447e-01   1.7589257e-01   9.9995667e-01   4.0035819e-01   3.0086874e-01   7.0024821e-01   4.9983951e-01   4.9964766e-01   9.9916621e-01   1.0000000e+00   1.7563843e+00   8.2291669e+00   7.5248507e+01   1.0000000e+00   1.1738264e-02
   6.7255002e-01   4.3040411e-01   9.9897801e-01   4.0002544e-01   3.0174525e-01   6.9996013e-01   5.0141915e-01   5.0029285e-01   9.9996706e-01   9.9892451e-01   2.4942211e+01   3.3008469e+01   2.8214926e+01   1.0000000e+00   1.1657327e-02
   8.8226163e-01   7.9151290e-01   9.9969617e-01   4.0002883e-01   3.0009668e-01   7.0035156e-01   5.0035109e-01   5.0013082e-01   9.9947851e-01   9.9994613e-01   5.9391086e+01   1.5643807e+01   1.0013454e+01   1.0000000e+00   1.1616810e-02
   8.1388448e-01   6.5656001e-01   1.0000000e+00   4.0038267e-01   2.9783117e-01   6.9852279e-01   4.9963418e-01   5.0076464e-01   9.9952669e-01   9.9839428e-01   4.6433073e+01   2.4288677e+01   1.6172339e+01   1.0000000e+00   1.1546308e-02
   9.5070257e-01   8.8786160e-01   9.9926211e-01   3.9980304e-01   3.0037870e-01   7.0031558e-01   4.9960544e-01   5.0044891e-01   9.9947658e-01   9.9997696e-01   7.1883651e+01   9.0790246e+00   4.1982128e+00   1.0000000e+00   1.1515504e-02
   7.7090844e-01   7.2933478e-01   9.9895288e-01   4.0003962e-01   3.0004297e-01   6.9825155e-01   4.9996263e-01   5.0141232e-01   9.9950506e-01   9.9998938e-01   4.8373156e+01   1.7951880e+01   1.9709872e+01   1.0000000e+00   1.1507305e-02
   9.5019576e-01   8.4606100e-01   9.9967689e-01   3.9986480e-01   2.9906465e-01   6.9962962e-01   4.9958705e-01   5.0179348e-01   9.9961868e-01   9.9893370e-01   6.9132369e+01   1.2578488e+01   4.2828511e+00   1.0000000e+00   1.1500969e-02
   8.3975392e-01   7.7957598e-01   9.9978183e-01   4.0114404e-01   2.9924392e-01   6.9864768e-01   4.9867642e-01   5.0156560e-01   9.9905204e-01   9.9876801e-01   5.6798617e+01   1.6059730e+01   1.3903197e+01   1.0000000e+00   1.1456512e-02
   1.0000000e+00   4.3649200e-01   9.9934463e-01   4.0021340e-01   3.0052145e-01   6.9956120e-01   4.9903092e-01   5.0102797e-01   9.9928853e-01   9.9963506e-01   3.7315681e+01   4.8174273e+01   0.0000000e+00   1.0000000e+00   1.1415480e-02
   3.7710010e-01   2.3750741e-01   9.9933387e-01   3.9926519e-01   3.0091475e-01   7.0049347e-01   4.9942032e-01   5.0061293e-01   1.0000000e+00   1.0000000e+00   7.6558743e+00   2.4578381e+01   5.3245051e+01   1.0000000e+00   1.1399671e-02
   6.0316767e-01   5.4770344e-01   9.9974592e-01   4.0046737e-01   2.9918619e-01   6.9880239e-01   4.9956852e-01   5.0041010e-01   1.0000000e+00   9.9906698e-01   2.8268061e+01   2.3343922e+01   3.3956235e+01   1.0000000e+00   1.1388798e-02
   3.6924980e-01   2.2970600e-01   1.0000000e+00   4.0034191e-01   3.0168582e-01   6.9976926e-01   4.9975949e-01   4.9995176e-01   9.9927932e-01   9.9958035e-01   7.2559196e+00   2.4331935e+01   5.3958176e+01   1.0000000e+00   1.1370603e-02
   7.0549000e-01   4.8738878e-01   9.9945411e-01   4.0040066e-01   3.0024828e-01   6.9937143e-01   4.9937972e-01   5.0057861e-01   9.9936689e-01   9.9945985e-01   2.9311174e+01   3.0828031e+01   2.5105384e+01   1.0000000e+00   1.1317624e-02
   5.0968954e-01   9.4544166e-01   1.0000000e+00   4.0080603e-01   3.0025764e-01   7.0147258e-01   4.9961828e-01   4.9627168e-01   9.9929598e-01   9.9980498e-01   4.2588109e+01   2.4576204e+00   4.3333030e+01   1.0000000e+00   1.1297701e-02
   8.0600431e-01   4.8940062e-01   9.9942105e-01   4.0070486e-01   3.0039940e-01   6.9934013e-01   4.9947198e-01   5.0053066e-01   9.9927614e-01   9.9957450e-01   3.3648283e+01   3.5105785e+01   1.6548289e+01   1.0000000e+00   1.1289495e-02
   9.4043817e-01   5.4516494e-01   9.9997908e-01   4.0043121e-01   2.9995458e-01   6.9979458e-01   5.0051043e-01   4.9926727e-01   9.9898029e-01   1.0000000e+00   4.3727257e+01   3.6481967e+01   5.0799816e+00   1.0000000e+00   1.1248516e-02
   6.9960836e-02   5.5004298e-01   9.9922778e-01   4.0102550e-01   3.0041577e-01   7.0100933e-01   4.9883596e-01   5.0045975e-01   1.0000000e+00   9.9961481e-01   3.3011958e+00   2.7005094e+00   7.9784938e+01   1.0000000e+00   1.1235099e-02
   9.6982359e-01   4.3225659e-01   9.9981117e-01   4.0016353e-01   2.9951469e-01   7.0032712e-01   5.0053811e-01   4.9999922e-01   9.9998309e-01   9.9955889e-01   3.5691836e+01   4.6879111e+01   2.5692250e+00   1.0000000e+00   1.1178933e-02
   5.6506457e-01   9.1222769e-01   9.9895994e-01   3.9877176e-01   2.9990089e-01   6.9888488e-01   4.9876919e-01   5.0170138e-01   9.9925970e-01   9.9999404e-01   4.4609818e+01   4.2922473e+00   3.7640372e+01   1.0000000e+00   1.1157600e-02
   4.5664099e-01   0.0000000e+00   9.9992338e-01   4.0026213e-01   3.0111768e-01   7.0189068e-01   5.0336096e-01   5.0033069e-01   1.0000000e+00   9.9929355e-01   0.0000000e+00   4.0301582e+01   4.7955019e+01   1.0000000e+00   1.1112561e-02
   4.9786728e-01   8.7188799e-01   9.9969712e-01   3.9999364e-01   3.0015995e-01   7.0011880e-01   4.9958536e-01   4.9501827e-01   9.9929623e-01   9.9975273e-01   3.9026065e+01   5.7343464e+00   4.5143893e+01   1.0000000e+00   1.1089796e-02
   6.6141101e-01   4.2239554e-01   9.9869849e-01   4.0007622e-01   3.0208254e-01   6.9987052e-01   5.0117408e-01   5.0061590e-01   1.0000000e+00   9.9680999e-01   2.4586570e+01   3.3620887e+01   2.9797514e+01   1.0000000e+00   1.1072652e-02
   9.0783119e-01   4.7657916e-01   9.9973477e-01   4.0082721e-01   3.0106122e-01   7.0044801e-01   4.9971830e-01   4.9980050e-01   1.0000000e+00   9.9971036e-01   3.6928922e+01   4.0558565e+01   7.8670236e+00   1.0000000e+00   1.0961734e-02
   7.3809432e-01   1.5777763e-01   9.9987318e-01   3.9950130e-01   3.0070750e-01   6.9978956e-01   4.9973462e-01   5.0030094e-01   1.0000000e+00   9.9884672e-01   9.9335305e+00   5.3025526e+01   2.2340417e+01   1.0000000e+00   1.0928067e-02
   9.1333215e-01   9.8520226e-01   9.9960284e-01   3.9995574e-01   3.0054284e-01   6.9922195e-01   5.0010833e-01   5.0012479e-01   9.9936722e-01   9.9952515e-01   7.6606648e+01   1.1506317e+00   7.3785380e+00   1.0000000e+00   1.0878091e-02
   5.9752404e-02   4.3547654e-01   9.9987981e-01   4.0016486e-01   3.0126673e-01   6.9937024e-01   5.0023309e-01   5.0005976e-01   9.9955675e-01   9.9966062e-01   2.2197488e+00   2.8775380e+00   8.0209520e+01   1.0000000e+00   1.0872989e-02
   2.3162525e-01   9.5833532e-02   1.0000000e+00   4.0234372e-01   3.0111436e-01   6.9868654e-01   4.9934704e-01   4.9835324e-01   9.9913722e-01   9.9981456e-01   1.9354584e+00   1.8260587e+01   6.6996716e+01   1.0000000e+00   1.0870385e-02
   7.2942145e-01   1.0000000e+00   9.9991609e-01   4.0046827e-01   2.9937411e-01   6.9807755e-01   4.9788617e-01   4.9995662e-01   1.0000000e+00   9.9808795e-01   6.3600378e+01   0.0000000e+00   2.3592531e+01   1.0000000e+00   1.0841143e-02
   9.8368542e-01   1.0000000e+00   9.9944053e-01   3.9998119e-01   3.0006349e-01   7.0076485e-01   4.9983508e-01   5.0004349e-01   9.9938491e-01   9.9982955e-01   8.3768983e+01   0.0000000e+00   1.3893220e+00   1.0000000e+00   1.0838129e-02
   5.0616917e-01   5.5924088e-01   9.9990003e-01   4.0059252e-01   3.0117853e-01   6.9902305e-01   4.9972527e-01   5.0055013e-01   9.9962024e-01   9.9995449e-01   2.4198813e+01   1.9072010e+01   4.2216057e+01   1.0000000e+00   1.0802833e-02
   6.3946869e-01   2.3472394e-01   9.9933089e-01   3.9991221e-01   3.0001831e-01   6.9939183e-01   4.9781506e-01   5.0094421e-01   9.9912446e-01   9.9963893e-01   1.2945046e+01   4.2205044e+01   3.1093523e+01   1.0000000e+00   1.0769093e-02
   6.3479553e-01   3.1747816e-01   9.9838530e-01   3.9841855e-01   2.9907622e-01   6.9824010e-01   4.9835641e-01   4.9899394e-01   9.9931194e-01   9.9946974e-01   1.7610879e+01   3.7860272e+01   3.1913130e+01   1.0000000e+00   1.0729649e-02
   6.4712595e-01   6.3696281e-01   9.9994554e-01   4.0029058e-01   3.0254922e-01   6.9825977e-01   4.9963859e-01   5.0045038e-01   9.9945412e-01   9.9963030e-01   3.5767295e+01   2.0385584e+01   3.0619841e+01   1.0000000e+00   1.0719006e-02
   7.0078941e-01   4.4584791e-01   9.9874134e-01   3.9944703e-01   3.0264365e-01   6.9795150e-01   5.0004647e-01   4.9747995e-01   9.9942257e-01   9.9926895e-01   2.7672616e+01   3.4394774e+01   2.6500430e+01   1.0000000e+00   1.0716363e-02
   8.7989621e-01   8.0828254e-01   9.9962935e-01   3.9997430e-01   2.9911355e-01   6.9962885e-01   4.9957026e-01   5.0187691e-01   9.9992056e-01   9.9857142e-01   6.1290405e+01   1.4537541e+01   1.0350338e+01   1.0000000e+00   1.0714201e-02
   7.6697280e-01   5.5804544e-01   9.9992860e-01   4.0042120e-01   2.9960343e-01   6.9770643e-01   4.9786403e-01   4.9989255e-01   9.9999890e-01   9.9788811e-01   3.7486008e+01   2.9687748e+01   2.0409214e+01   1.0000000e+00   1.0678050e-02
   9.8746274e-01   1.3203345e-02   9.9996284e-01   4.0025852e-01   3.0115573e-01   7.0013078e-01   4.9957969e-01   5.0008711e-01   9.9973620e-01   9.9926697e-01   1.1119582e+00   8.3105961e+01   1.0692677e+00   1.0000000e+00   1.0672516e-02
   7.2976601e-01   0.0000000e+00   9.9928748e-01   4.0098931e-01   2.9985424e-01   6.9906551e-01   4.9945333e-01   5.0073430e-01   9.9925291e-01   9.9959510e-01   0.0000000e+00   6.2424453e+01   2.3115915e+01   1.0000000e+00   1.0603944e-02
   1.1681085e-01   3.8888617e-01   9.9975212e-01   4.0057380e-01   3.0095618e-01   7.0026064e-01   5.0115772e-01   5.0030715e-01   9.9939452e-01   9.9966865e-01   3.8835066e+00   6.1027230e+00   7.5504369e+01   1.0000000e+00   1.0595081e-02
   8.3028004e-01   9.5918235e-01   9.9933787e-01   4.0016412e-01   2.9964665e-01   7.0173190e-01   4.9984952e-01   4.9948150e-01   9.9939336e-01   9.9976102e-01   6.8313693e+01   2.9070640e+00   1.4558443e+01   1.0000000e+00   1.0592982e-02
   9.7101800e-01   2.3606820e-01   9.9988005e-01   3.9947177e-01   3.0083514e-01   6.9981985e-01   4.9969944e-01   5.0132195e-01   9.9988797e-01   9.9905334e-01   1.9620946e+01   6.3494638e+01   2.4807528e+00   1.0000000e+00   1.0571949e-02
   8.2295119e-01   6.2891306e-01   9.9990740e-01   4.0036471e-01   2.9996833e-01   6.9929475e-01   4.9849282e-01   5.0049040e-01   9.9893843e-01   9.9959510e-01   4.4348497e+01   2.6167605e+01   1.5170757e+01   1.0000000e+00   1.0556788e-02
   9.1526578e-01   2.8168248e-01   9.9993960e-01   4.0033247e-01   3.0027510e-01   6.9928251e-01   4.9891712e-01   4.9994907e-01   9.9928499e-01   9.9963781e-01   2.2001333e+01   5.6105524e+01   7.2310397e+00   1.0000000e+00   1.0550702e-02
   2.5898208e-03   4.0338749e-01   1.0000000e+00   3.9992681e-01   3.0027320e-01   6.9968830e-01   5.0054138e-01   5.0000225e-01   9.9945665e-01   9.9987734e-01   8.8868145e-02   1.3143652e-01   8.4845298e+01   1.0000000e+00   1.0530928e-02
   6.7467579e-01   4.2485686e-01   9.9895029e-01   4.0029264e-01   3.0164465e-01   6.9917654e-01   5.0097042e-01   5.0054460e-01   1.0000000e+00   9.9900252e-01   2.4660750e+01   3.3384094e+01   2.7988840e+01   1.0000000e+00   1.0519401e-02
   5.7110943e-02   4.2895127e-01   9.9973916e-01   3.9996735e-01   3.0133894e-01   7.0125415e-01   4.9951327e-01   4.9985110e-01   9.9935821e-01   9.9995073e-01   2.0997813e+00   2.7953699e+00   8.0817865e+01   1.0000000e+00   1.0459504e-02
   5.2697425e-01   3.2641560e-01   9.9928584e-01   4.0096303e-01   2.9996778e-01   7.0037513e-01   4.9904560e-01   5.0048381e-01   9.9968697e-01   9.9979118e-01   1.4696631e+01   3.0327660e+01   4.0414972e+01   1.0000000e+00   1.0401302e-02
   3.0902936e-01   8.9146947e-01   9.9956327e-01   4.0008216e-01   2.9949919e-01   7.0030752e-01   4.9931165e-01   4.9796551e-01   9.9962723e-01   9.9985771e-01   2.3687767e+01   2.8838296e+00   5.9412457e+01   1.0000000e+00   1.0392292e-02
   6.9165719e-01   5.3088769e-01   9.9997130e-01   4.0055347e-01   3.0203159e-01   6.9926235e-01   4.9912705e-01   5.0053327e-01   9.9925406e-01   9.9975265e-01   3.1610352e+01   2.7932094e+01   2.6544198e+01   1.0000000e+00   1.0338330e-02
   3.1932412e-01   8.1677257e-01   9.9971349e-01   3.9991105e-01   3.0009832e-01   7.0014953e-01   4.9960742e-01   4.9741369e-01   9.9901399e-01   9.9978959e-01   2.2541964e+01   5.0568621e+00   5.8830054e+01   1.0000000e+00   1.0304379e-02
   3.4664558e-01   2.5082371e-01   9.9936408e-01   3.9916781e-01   3.0092686e-01   7.0056802e-01   4.9938550e-01   5.0062562e-01   9.9994346e-01   1.0000000e+00   7.4370443e+00   2.2213440e+01   5.5884962e+01   1.0000000e+00   1.0301629e-02
   8.4798690e-01   1.1403113e-01   9.9957897e-01   4.0052422e-01   3.0060572e-01   6.9976336e-01   5.0005211e-01   5.0027470e-01   9.9981354e-01   9.9946533e-01   8.2282437e+00   6.3929631e+01   1.2935273e+01   1.0000000e+00   1.0290732e-02
   5.0799843e-01   1.2973478e-01   9.9941942e-01   3.9898144e-01   2.9969401e-01   6.9958822e-01   4.9942926e-01   5.0019470e-01   9.9955415e-01   1.0000000e+00   5.6248604e+00   3.7731751e+01   4.1991311e+01   1.0000000e+00   1.0218885e-02
   7.3568510e-01   4.9251415e-01   9.9963090e-01   4.0041714e-01   3.0028103e-01   6.9938251e-01   4.9943074e-01   5.0057356e-01   9.9926090e-01   9.9953211e-01   3.0881953e+01   3.1820719e+01   2.2527643e+01   1.0000000e+00   1.0207519e-02
   9.3534738e-01   1.0000000e+00   9.9959584e-01   4.0015987e-01   3.0024683e-01   7.0010956e-01   5.0025366e-01   4.9963324e-01   9.9927096e-01   9.9992298e-01   7.9567561e+01   0.0000000e+00   5.4998293e+00   1.0000000e+00   1.0191263e-02
   6.7939556e-02   4.0082286e-01   9.9974122e-01   4.0062690e-01   3.0124388e-01   7.0037572e-01   5.0047056e-01   5.0072722e-01   9.9960063e-01   9.9990661e-01   2.3278518e+00   3.4798304e+00   7.9675392e+01   1.0000000e+00   1.0187755e-02
   8.0317476e-01   7.8619701e-01   9.9973208e-01   4.0006302e-01   2.9904119e-01   6.9942081e-01   4.9940858e-01   5.0083749e-01   9.9982840e-01   9.9810655e-01   5.4282220e+01   1.4761823e+01   1.6919867e+01   1.0000000e+00   1.0141442e-02
   4.0262976e-01   4.3856033e-01   9.9932128e-01   3.9894146e-01   3.0201443e-01   6.9754617e-01   4.9991213e-01   4.9816241e-01   9.9954340e-01   9.9952848e-01   1.5491812e+01   1.9832432e+01   5.2409569e+01   1.0000000e+00   1.0140713e-02
   4.2279101e-01   1.3297004e-01   9.9942015e-01   3.9889343e-01   2.9968489e-01   6.9974190e-01   4.9951547e-01   4.9950798e-01   9.9955527e-01   1.0000000e+00   4.8008424e+00   3.1303849e+01   4.9291380e+01   1.0000000e+00   1.0140028e-02
   9.7545036e-01   1.5288626e-01   9.9988808e-01   3.9960985e-01   3.0074268e-01   6.9967925e-01   4.9969366e-01   5.0018575e-01   9.9989857e-01   9.9787897e-01   1.2796819e+01   7.0904746e+01   2.1065584e+00   1.0000000e+00   1.0134362e-02
   7.0269786e-01   6.2741241e-01   9.9995991e-01   3.9988731e-01   2.9733302e-01   6.9785970e-01   5.0096403e-01   4.9912291e-01   9.9987032e-01   9.9995755e-01   3.8642692e+01   2.2947885e+01   2.6058156e+01   1.0000000e+00   1.0117833e-02
   7.5735714e-01   3.2231362e-01   9.9958488e-01   4.0074598e-01   3.0054376e-01   7.0230826e-01   5.0019974e-01   5.0033191e-01   9.9988482e-01   9.9947997e-01   2.1063705e+01   4.4287877e+01   2.0937407e+01   1.0000000e+00   1.0113157e-02
   7.2598395e-01   1.7467161e-01   9.9754830e-01   4.0024941e-01   3.0220024e-01   6.9942725e-01   5.0103688e-01   5.0073431e-01   9.9979081e-01   9.9852760e-01   1.1088456e+01   5.2393275e+01   2.3960603e+01   1.0000000e+00   1.0103147e-02
   6.5711783e-01   7.8438595e-01   9.9957707e-01   3.9944380e-01   3.0266686e-01   7.0262419e-01   5.0016848e-01   5.0178934e-01   9.9953303e-01   9.9989822e-01   4.5588728e+01   1.2531548e+01   3.0326991e+01   1.0000000e+00   1.0092883e-02
   5.8363728e-01   8.0000345e-01   1.0000000e+00   4.0060284e-01   2.9919453e-01   6.9925215e-01   4.9865645e-01   5.0034760e-01   9.9937731e-01   9.9923830e-01   4.0029930e+01   1.0007267e+01   3.5696184e+01   1.0000000e+00   1.0065424e-02
   4.1669040e-01   1.2842261e-02   9.9940492e-01   3.9894733e-01   2.9922190e-01   6.9978198e-01   4.9953452e-01   5.0017385e-01   9.9956203e-01   1.0000000e+00   4.5723413e-01   3.5146633e+01   4.9840547e+01   1.0000000e+00   1.0057945e-02
   9.0243034e-01   3.8581726e-01   9.9927389e-01   4.0044396e-01   2.9974089e-01   7.0303111e-01   4.9918129e-01   5.0120794e-01   9.9929630e-01   9.9993803e-01   3.0450447e+01   4.8474087e+01   8.5332235e+00   1.0000000e+00   1.0047855e-02
   5.4147650e-01   2.9836540e-01   9.9927108e-01   4.0135504e-01   2.9974322e-01   7.0063593e-01   4.9892346e-01   4.9934945e-01   9.9965442e-01   9.9959259e-01   1.3859941e+01   3.2592970e+01   3.9336429e+01   1.0000000e+00   9.9986719e-03
   6.7598829e-01   2.2615299e-01   9.9914314e-01   4.0038378e-01   2.9958973e-01   7.0105868e-01   4.9890775e-01   5.0140940e-01   9.9931160e-01   9.9997473e-01   1.3154107e+01   4.5010531e+01   2.7879216e+01   1.0000000e+00   9.9767859e-03
   9.2918061e-01   2.7831704e-01   9.9994113e-01   4.0033362e-01   3.0022759e-01   6.9927668e-01   4.9875970e-01   4.9999357e-01   9.9928299e-01   9.9964024e-01   2.2087262e+01   5.7272817e+01   6.0485896e+00   1.0000000e+00   9.9760432e-03
   7.0615321e-01   6.3862851e-01   1.0000000e+00   3.9950945e-01   2.9777028e-01   6.9785264e-01   5.0102574e-01   4.9919037e-01   1.0000000e+00   9.9995180e-01   3.9361956e+01   2.2273182e+01   2.5647816e+01   1.0000000e+00   9.9527405e-03
   7.1293931e-01   1.8851106e-01   9.9846461e-01   3.9980658e-01   3.0021792e-01   6.9963051e-01   4.9841107e-01   4.9773008e-01   9.9921257e-01   9.9940147e-01   1.1679687e+01   5.0277880e+01   2.4946838e+01   1.0000000e+00   9.8533302e-03
   1.4023734e-01   9.6936545e-01   9.9961675e-01   3.9991463e-01   3.0010610e-01   7.0046700e-01   4.9968617e-01   4.9836920e-01   9.9927789e-01   9.9978493e-01   1.1638766e+01   3.6781624e-01   7.3609576e+01   1.0000000e+00   9.8434736e-03
   9.2861461e-01   5.4792390e-01   9.9997029e-01   4.0043887e-01   3.0005314e-01   6.9968240e-01   5.0044210e-01   4.9979771e-01   9.9892769e-01   9.9984088e-01   4.3344340e+01   3.5762156e+01   6.0811539e+00   1.0000000e+00   9.8302334e-03
   8.2971430e-01   9.8773708e-01   9.9972080e-01   4.0102752e-01   2.9923219e-01   6.9892467e-01   4.9891982e-01   5.0186850e-01   9.9882529e-01   9.9868387e-01   7.1129500e+01   8.8308422e-01   1.4779441e+01   1.0000000e+00   9.8191823e-03
   1.0000000e+00   2.1107382e-02   9.9947755e-01   4.0010260e-01   3.0057208e-01   6.9956121e-01   4.9942921e-01   5.0051397e-01   9.9945195e-01   9.9992290e-01   1.7978924e+00   8.3380479e+01   0.0000000e+00   1.0000000e+00   9.8061308e-03
   9.5171945e-01   9.6516158e-01   9.9941949e-01   4.0015923e-01   3.0035722e-01   6.9944111e-01   5.0023557e-01   4.9994652e-01   9.9929466e-01   9.9952601e-01   7.8166729e+01   2.8215017e+00   4.1085178e+00   1.0000000e+00   9.8052811e-03
   3.5188170e-01   9.8136706e-01   9.9924783e-01   3.9997662e-01   3.0003908e-01   7.0053234e-01   4.9964935e-01   4.9866135e-01   9.9934870e-01   9.9976787e-01   2.9524296e+01   5.6056951e-01   5.5412238e+01   1.0000000e+00   9.7856659e-03
   3.4221462e-01   4.8339915e-01   9.9926279e-01   4.0075136e-01   3.0118234e-01   7.0026545e-01   4.9894385e-01   5.0040103e-01   9.9965966e-01   9.9968794e-01   1.4162484e+01   1.5135217e+01   5.6314366e+01   1.0000000e+00   9.7661539e-03
   1.1087915e-01   4.7636392e-01   9.9965345e-01   4.0044105e-01   3.0153369e-01   7.0016014e-01   5.0052415e-01   5.0054440e-01   9.9965773e-01   9.9989064e-01   4.5173870e+00   4.9656716e+00   7.6043015e+01   1.0000000e+00   9.7639819e-03
   8.6507408e-01   5.0278293e-01   9.9979988e-01   4.0035736e-01   2.9870726e-01   6.9864939e-01   4.9954160e-01   5.0252374e-01   9.9981622e-01   9.9898860e-01   3.7874707e+01   3.7455430e+01   1.1749269e+01   1.0000000e+00   9.7584861e-03
   2.3186665e-01   1.5217712e-01   9.9995314e-01   4.0026324e-01   3.0145111e-01   7.0122174e-01   5.0301518e-01   5.0046169e-01   9.9996487e-01   9.9928166e-01   3.0896852e+00   1.7213532e+01   6.7260981e+01   1.0000000e+00   9.7171112e-03
   9.8229226e-01   8.4050534e-01   9.9946359e-01   4.0103766e-01   2.9915967e-01   6.9884691e-01   4.9896942e-01   5.0033621e-01   9.9835077e-01   9.9872754e-01   7.1317645e+01   1.3533268e+01   1.5296033e+00   1.0000000e+00   9.7079888e-03
   9.0321930e-01   1.0000000e+00   9.9970733e-01   3.9982188e-01   2.9885612e-01   6.9964159e-01   4.9959702e-01   5.0155511e-01   9.9961552e-01   9.9859881e-01   7.7731035e+01   0.0000000e+00   8.3289450e+00   1.0000000e+00   9.6971698e-03
   4.0368693e-01   7.9507778e-01   9.9948957e-01   3.9986415e-01   3.0021982e-01   7.0057334e-01   5.0005353e-01   4.9794015e-01   9.9931133e-01   9.9993251e-01   2.7587257e+01   7.1103002e+00   5.1254090e+01   1.0000000e+00   9.6782102e-03
   8.1830912e-01   6.8346422e-01   9.9872896e-01   4.0006430e-01   3.0028578e-01   6.9854254e-01   5.0035222e-01   4.9974332e-01   9.9954819e-01   9.9983669e-01   4.7862776e+01   2.2166898e+01   1.5548834e+01   1.0000000e+00   9.6570351e-03
   6.3366578e-01   6.2640892e-01   9.9995734e-01   3.9991449e-01   2.9744854e-01   6.9799896e-01   5.0106655e-01   4.9862678e-01   9.9993351e-01   1.0000000e+00   3.4805113e+01   2.0757814e+01   3.2121983e+01   1.0000000e+00   9.6516465e-03
   3.7084793e-02   4.7198981e-01   9.9981127e-01   3.9991503e-01   2.9974724e-01   6.9981708e-01   4.9970291e-01   4.9999722e-01   9.9950186e-01   9.9983489e-01   1.4881388e+00   1.6647657e+00   8.1865894e+01   1.0000000e+00   9.6261583e-03
   3.2752841e-01   4.5119644e-01   9.9899238e-01   3.9957427e-01   3.0186774e-01   6.9802100e-01   4.9982028e-01   4.9925593e-01   9.9900010e-01   9.9881078e-01   1.2830834e+01   1.5606523e+01   5.8386736e+01   1.0000000e+00   9.6089771e-03
   7.4119016e-01   7.1076737e-01   1.0000000e+00   4.0025134e-01   2.9960617e-01   6.9734790e-01   4.9820449e-01   4.9981672e-01   9.9995569e-01   9.9783926e-01   4.6189343e+01   1.8795833e+01   2.2691617e+01   1.0000000e+00   9.6028776e-03
   5.0415894e-01   9.1972736e-01   9.9970824e-01   4.0002507e-01   3.0029675e-01   7.0043269e-01   4.9958293e-01   4.9580309e-01   9.9938884e-01   9.9981754e-01   4.1055426e+01   3.5832654e+00   4.3902220e+01   1.0000000e+00   9.5746889e-03
   8.1746871e-01   7.8282697e-01   9.9990565e-01   4.0004663e-01   2.9900102e-01   6.9941010e-01   4.9947432e-01   5.0088466e-01   9.9957960e-01   9.9770081e-01   5.5218936e+01   1.5318920e+01   1.5750285e+01   1.0000000e+00   9.5601792e-03
   2.8222536e-01   3.1514581e-01   9.9988900e-01   4.0048285e-01   3.0110596e-01   7.0016682e-01   5.0052957e-01   5.0048163e-01   9.9936892e-01   9.9972032e-01   7.5904392e+00   1.6495044e+01   6.1255833e+01   1.0000000e+00   9.5548887e-03
   5.1448982e-01   1.0000000e+00   9.9970551e-01   3.9953537e-01   3.0036966e-01   7.0038833e-01   4.9959505e-01   4.9639951e-01   9.9932134e-01   9.9987982e-01   4.5117011e+01   0.0000000e+00   4.2575707e+01   1.0000000e+00   9.5358618e-03
   2.3912393e-01   4.6125014e-01   9.9986727e-01   4.0101827e-01   3.0094895e-01   7.0026267e-01   5.0076509e-01   5.0046616e-01   9.9956339e-01   9.9969086e-01   9.4279817e+00   1.1012081e+01   6.5038888e+01   1.0000000e+00   9.5244838e-03
   2.2556364e-01   3.6724353e-01   9.9935560e-01   3.9898188e-01   3.0084756e-01   7.0077823e-01   4.9943069e-01   5.0074921e-01   1.0000000e+00   9.9994342e-01   7.0967126e+00   1.2227556e+01   6.6346757e+01   1.0000000e+00   9.5156196e-03
   6.5269810e-01   3.4400561e-01   9.9875434e-01   3.9829893e-01   2.9973905e-01   6.9850861e-01   4.9864693e-01   4.9863371e-01   9.9917460e-01   9.9986666e-01   1.9525689e+01   3.7234109e+01   3.0201996e+01   1.0000000e+00   9.4939873e-03
   8.7503101e-01   4.5747067e-01   9.9918638e-01   4.0027240e-01   3.0044438e-01   6.9888204e-01   4.9873557e-01   5.0101893e-01   9.9899523e-01   9.9951792e-01   3.4385401e+01   4.0778765e+01   1.0734693e+01   1.0000000e+00   9.4922980e-03
   8.4056154e-01   4.1972353e-01   9.9934707e-01   4.0045326e-01   2.9972218e-01   7.0312940e-01   4.9962834e-01   5.0184856e-01   9.9911085e-01   9.9988064e-01   3.1007620e+01   4.2868676e+01   1.4012922e+01   1.0000000e+00   9.4843447e-03
   8.3275326e-01   4.0281250e-01   9.9982324e-01   4.0032867e-01   3.0145652e-01   7.0046397e-01   4.9987543e-01   4.9964511e-01   9.9999034e-01   9.9960687e-01   2.8661272e+01   4.2491614e+01   1.4290053e+01   1.0000000e+00   9.4627671e-03
   7.6865970e-03   2.1906379e-01   9.9963703e-01   4.0050992e-01   3.0069416e-01   6.9988385e-01   5.0010695e-01   4.9972896e-01   9.9909273e-01   9.9980824e-01   1.4341885e-01   5.1127104e-01   8.4518227e+01   1.0000000e+00   9.4452402e-03
   3.0040743e-01   1.5034571e-01   9.9943723e-01   3.9882741e-01   3.0091516e-01   7.0048654e-01   4.9971197e-01   5.0062129e-01   9.9984635e-01   9.9997554e-01   3.8650226e+00   2.1842546e+01   5.9868107e+01   1.0000000e+00   9.4290603e-03
   1.0000000e+00   8.6043115e-01   9.9881899e-01   3.9985683e-01   3.0048330e-01   7.0012769e-01   4.9999868e-01   4.9996295e-01   9.9942074e-01   9.9944478e-01   7.3320112e+01   1.1893111e+01   0.0000000e+00   1.0000000e+00   9.4208764e-03
   8.6855786e-01   2.2333171e-01   9.9967358e-01   4.0031297e-01   3.0150977e-01   7.0069302e-01   4.9983148e-01   4.9978656e-01   9.9994317e-01   9.9934610e-01   1.6593154e+01   5.7705092e+01   1.1243834e+01   1.0000000e+00   9.3883612e-03
   3.0074528e-01   6.9147886e-01   1.0000000e+00   4.0052642e-01   2.9858144e-01   7.0069339e-01   4.9962061e-01   5.0200843e-01   9.9978658e-01   9.9910742e-01   1.7988552e+01   8.0260566e+00   6.0485862e+01   1.0000000e+00   9.3564173e-03
   7.6068887e-01   7.4335736e-01   9.9999865e-01   4.0048763e-01   3.0012861e-01   6.9783399e-01   4.9736628e-01   4.9965853e-01   9.9996826e-01   9.9792947e-01   4.9703649e+01   1.7160085e+01   2.1035191e+01   1.0000000e+00   9.3420715e-03
   4.6784342e-01   3.0832736e-01   9.9858974e-01   3.9958861e-01   3.0218766e-01   6.9843685e-01   4.9997908e-01   4.9768550e-01   9.9938899e-01   9.9997806e-01   1.2641350e+01   2.8358417e+01   4.6635893e+01   1.0000000e+00   9.3175922e-03
   3.0741391e-01   8.6669850e-01   9.9960181e-01   3.9989350e-01   3.0025536e-01   7.0073811e-01   4.9964487e-01   4.9830651e-01   9.9937477e-01   9.9973787e-01   2.2841064e+01   3.5130418e+00   5.9374306e+01   1.0000000e+00   9.3076285e-03
   5.5502125e-01   8.1763076e-01   9.9974722e-01   3.9959656e-01   3.0280399e-01   7.0178082e-01   4.9978596e-01   5.0142702e-01   9.9954197e-01   9.9993510e-01   3.9735823e+01   8.8629152e+00   3.8963204e+01   1.0000000e+00   9.2970575e-03
   9.3142802e-01   6.7582981e-01   9.9959741e-01   3.9995435e-01   3.0017854e-01   7.0033437e-01   4.9979560e-01   4.9945883e-01   9.9947006e-01   9.9998227e-01   5.3565877e+01   2.5693540e+01   5.8351000e+00   1.0000000e+00   9.2908878e-03
   1.0000000e+00   8.9198611e-01   9.9946777e-01   4.0027431e-01   3.0027691e-01   6.9992890e-01   5.0048613e-01   5.0012532e-01   9.9976983e-01   9.9988755e-01   7.5856978e+01   9.1858011e+00   0.0000000e+00   1.0000000e+00   9.2874136e-03
   7.6660910e-01   2.0991110e-01   9.9958996e-01   4.0075514e-01   3.0066260e-01   7.0070767e-01   4.9974065e-01   5.0029815e-01   9.9969222e-01   9.9948511e-01   1.3725926e+01   5.1663308e+01   1.9907476e+01   1.0000000e+00   9.2865078e-03
   8.0549565e-01   9.0576893e-01   9.9930193e-01   3.9997124e-01   2.9986530e-01   7.0275448e-01   5.0019993e-01   4.9939539e-01   9.9938997e-01   9.9978345e-01   6.3271130e+01   6.5823697e+00   1.6867638e+01   1.0000000e+00   9.2857032e-03
   4.3188309e-01   2.9335150e-01   9.9941442e-01   3.9907461e-01   3.0091185e-01   7.0049331e-01   4.9939707e-01   5.0072665e-01   1.0000000e+00   9.9995148e-01   1.0840391e+01   2.6113199e+01   4.8610283e+01   1.0000000e+00   9.2751893e-03
   8.8202699e-01   1.1448466e-01   9.9958249e-01   4.0052147e-01   3.0068222e-01   6.9956973e-01   5.0002108e-01   5.0031806e-01   9.9982099e-01   9.9946594e-01   8.5964379e+00   6.6491683e+01   1.0043198e+01   1.0000000e+00   9.2708552e-03
   9.7853009e-01   2.9601729e-01   9.9876608e-01   3.9968377e-01   3.0134820e-01   6.9918620e-01   5.0078352e-01   4.9987725e-01   1.0000000e+00   9.9914065e-01   2.4850185e+01   5.9098237e+01   1.8419108e+00   1.0000000e+00   9.2432605e-03
   7.7494851e-01   7.4047427e-01   1.0000000e+00   4.0061995e-01   2.9819874e-01   6.9835729e-01   4.9892929e-01   4.9928447e-01   9.9906934e-01   9.9824026e-01   4.9970625e+01   1.7513996e+01   1.9598095e+01   1.0000000e+00   9.1877016e-03
   8.9693046e-01   7.9760329e-01   9.9873651e-01   3.9999185e-01   3.0026652e-01   6.9780131e-01   4.9978625e-01   5.0094432e-01   9.9954477e-01   1.0000000e+00   6.1694239e+01   1.5655290e+01   8.8885152e+00   1.0000000e+00   9.1626273e-03
   7.0195681e-01   9.1972686e-01   9.9935783e-01   4.0049355e-01   2.9925185e-01   6.9857389e-01   4.9907057e-01   5.0228114e-01   9.9973882e-01   9.9940367e-01   5.5996630e+01   4.8873481e+00   2.5850672e+01   1.0000000e+00   9.1622854e-03
   8.7050518e-01   7.6169491e-01   9.9984470e-01   4.0062541e-01   2.9993094e-01   6.9724940e-01   4.9799698e-01   4.9960533e-01   9.9983767e-01   9.9702303e-01   5.8811116e+01   1.8399740e+01   1.1485751e+01   1.0000000e+00   9.1588859e-03
   8.4418849e-01   3.5330144e-01   9.9906158e-01   4.0050198e-01   2.9975267e-01   7.0290665e-01   4.9915206e-01   5.0215780e-01   9.9914376e-01   9.9990692e-01   2.6256262e+01   4.8060622e+01   1.3716636e+01   1.0000000e+00   9.1584134e-03
   9.5563220e-01   9.0981206e-02   9.9999593e-01   4.0007287e-01   2.9978893e-01   7.0010793e-01   4.9852253e-01   5.0070266e-01   9.9894183e-01   1.0000000e+00   7.4482435e+00   7.4417493e+01   3.8008373e+00   1.0000000e+00   9.1575670e-03
   6.0718025e-01   8.7219514e-01   9.9974628e-01   3.9967358e-01   3.0302932e-01   7.0191201e-01   4.9972426e-01   5.0172560e-01   9.9935255e-01   9.9993554e-01   4.6662924e+01   6.8376310e+00   3.4612579e+01   1.0000000e+00   9.1552616e-03
   4.1517038e-01   9.4181091e-01   9.9960431e-01   3.9990800e-01   3.0020780e-01   7.0073646e-01   4.9968150e-01   4.9806379e-01   9.9930782e-01   9.9973968e-01   3.3589445e+01   2.0752991e+00   5.0239130e+01   1.0000000e+00   9.1452891e-03
   7.7911446e-01   3.1709981e-01   9.9855515e-01   3.9976796e-01   3.0036190e-01   6.9938927e-01   4.9802341e-01   4.9549611e-01   1.0000000e+00   9.9913928e-01   2.2273102e+01   4.7966934e+01   1.9913644e+01   1.0000000e+00   9.1263096e-03
   3.2808903e-01   4.0001403e-01   9.9938284e-01   4.0094538e-01   3.0075248e-01   7.0025892e-01   4.9861758e-01   4.9975509e-01   1.0000000e+00   9.9967424e-01   1.1241218e+01   1.6860841e+01   5.7551699e+01   1.0000000e+00   9.1240636e-03
   2.0048475e-01   5.7855606e-01   9.9983809e-01   3.9999089e-01   2.9964542e-01   7.0239148e-01   4.9966030e-01   5.0113169e-01   9.9967655e-01   9.9953575e-01   1.0034589e+01   7.3096061e+00   6.9167100e+01   1.0000000e+00   9.1155263e-03
   9.2257802e-01   6.3811654e-01   9.9887541e-01   3.9971744e-01   2.9996796e-01   6.9775452e-01   4.9994597e-01   5.0100306e-01   9.9958766e-01   1.0000000e+00   5.0779963e+01   2.8797920e+01   6.6781097e+00   1.0000000e+00   9.1059449e-03
   6.0373628e-02   2.2430872e-01   9.9962551e-01   4.0065389e-01   3.0070248e-01   6.9980973e-01   4.9992622e-01   5.0002696e-01   9.9911353e-01   9.9984412e-01   1.1536362e+00   3.9894372e+00   8.0044344e+01   1.0000000e+00   9.1012145e-03
   7.8187274e-01   5.1663847e-01   9.9950999e-01   4.0078263e-01   2.9986810e-01   7.0013091e-01   4.9976599e-01   5.0012210e-01   9.9890318e-01   9.9917104e-01   3.4462770e+01   3.2243006e+01   1.8609612e+01   1.0000000e+00   9.0846034e-03
   4.5472055e-01   3.5501996e-01   9.9938429e-01   4.0073883e-01   2.9975918e-01   7.0051639e-01   4.9946970e-01   5.0054116e-01   9.9967223e-01   9.9979191e-01   1.3768819e+01   2.5014407e+01   4.6507018e+01   1.0000000e+00   9.0724645e-03
   1.9998157e-01   6.1995866e-01   9.9958935e-01   3.9930163e-01   3.0069264e-01   7.0059237e-01   4.9955250e-01   5.0058789e-01   1.0000000e+00   9.9999695e-01   1.0584200e+01   6.4882289e+00   6.8297583e+01   1.0000000e+00   9.0674819e-03
   9.5529403e-03   4.4951038e-01   9.9962624e-01   4.0051667e-01   3.0068759e-01   6.9982722e-01   4.9997218e-01   5.0037915e-01   9.9903844e-01   9.9984571e-01   3.6586823e-01   4.4805788e-01   8.4387707e+01   1.0000000e+00   9.0649670e-03
   1.0711507e-01   4.2956829e-01   9.9989462e-01   4.0013662e-01   3.0134077e-01   6.9928777e-01   5.0020631e-01   5.0005031e-01   9.9951370e-01   9.9966067e-01   3.9277474e+00   5.2157287e+00   7.6217774e+01   1.0000000e+00   9.0584394e-03
   7.3024481e-01   5.1048270e-01   9.9963111e-01   4.0068927e-01   3.0067575e-01   6.9942239e-01   4.9948382e-01   5.0050090e-01   9.9930773e-01   9.9958025e-01   3.1796533e+01   3.0490657e+01   2.3009124e+01   1.0000000e+00   9.0519110e-03
   6.9461017e-01   2.4714290e-01   9.9952964e-01   4.0084258e-01   3.0143781e-01   7.0099968e-01   4.9947645e-01   5.0017522e-01   9.9968825e-01   9.9956713e-01   1.4720473e+01   4.4842125e+01   2.6187080e+01   1.0000000e+00   9.0334858e-03
   7.8987747e-01   9.1469909e-01   9.9991745e-01   4.0059729e-01   2.9739809e-01   6.9880705e-01   4.9894277e-01   5.0095321e-01   9.9930459e-01   9.9874046e-01   6.3100354e+01   5.8844681e+00   1.8351284e+01   1.0000000e+00   9.0257778e-03
   8.8839977e-01   7.1983314e-01   9.9992108e-01   4.0049643e-01   2.9964269e-01   6.9906853e-01   4.9762257e-01   4.9994245e-01   9.9983792e-01   9.9814719e-01   5.5509441e+01   2.1604876e+01   9.6870529e+00   1.0000000e+00   9.0253330e-03
   7.7986917e-02   3.6283439e-01   9.9876043e-01   3.9906852e-01   3.0113802e-01   7.0081089e-01   4.9946785e-01   5.0083111e-01   1.0000000e+00   9.9994722e-01   2.4314834e+00   4.2698754e+00   7.9227911e+01   1.0000000e+00   9.0242489e-03
   8.8948704e-01   3.6092205e-01   9.9941907e-01   4.0031264e-01   3.0061672e-01   6.9978351e-01   4.9879849e-01   5.0051049e-01   9.9901198e-01   9.9948029e-01   2.7449932e+01   4.8605083e+01   9.4493392e+00   1.0000000e+00   9.0098890e-03
   1.0000000e+00   8.9388820e-01   9.9890208e-01   3.9985126e-01   3.0048956e-01   7.0008005e-01   5.0001518e-01   4.9996039e-01   9.9942335e-01   9.9931085e-01   7.6160127e+01   9.0408264e+00   0.0000000e+00   1.0000000e+00   8.9913604e-03
   1.0000000e+00   4.6771417e-01   9.9990958e-01   4.0037088e-01   3.0057269e-01   6.9892904e-01   4.9850488e-01   5.0099913e-01   9.9845218e-01   9.9974845e-01   4.0308225e+01   4.5873096e+01   0.0000000e+00   1.0000000e+00   8.9888485e-03
   7.7240856e-01   2.3397198e-01   9.9954003e-01   4.0083162e-01   3.0085980e-01   7.0205814e-01   4.9972881e-01   5.0028697e-01   9.9969459e-01   9.9947889e-01   1.5571941e+01   5.0982783e+01   1.9610458e+01   1.0000000e+00   8.9740787e-03
   6.1315790e-01   5.1568584e-01   9.9944803e-01   4.0015294e-01   3.0019647e-01   7.0141533e-01   5.0018539e-01   4.9966289e-01   9.9979155e-01   9.9869393e-01   2.7092160e+01   2.5444012e+01   3.3145138e+01   1.0000000e+00   8.9609331e-03
   4.9118098e-01   5.4807751e-01   9.9987309e-01   3.9937356e-01   3.0243958e-01   7.0131953e-01   5.0021074e-01   5.0166202e-01   9.9954537e-01   9.9967725e-01   2.3445066e+01   1.9331851e+01   4.4313012e+01   1.0000000e+00   8.9235853e-03
   2.5666140e-01   2.2597220e-01   1.0000000e+00   4.0029353e-01   3.0023455e-01   7.0195502e-01   4.9994999e-01   5.0093607e-01   9.9953909e-01   9.9996644e-01   4.9884913e+00   1.7087195e+01   6.3935245e+01   1.0000000e+00   8.8888711e-03
   3.3085494e-01   7.0274849e-01   9.9975703e-01   3.9909917e-01   3.0212423e-01   7.0083522e-01   4.9981333e-01   5.0161863e-01   9.9960995e-01   9.9991894e-01   2.0146732e+01   8.5217496e+00   5.7981219e+01   1.0000000e+00   8.8708345e-03
   4.6301600e-01   7.2379974e-01   9.9964879e-01   3.9915244e-01   3.0200886e-01   7.0148693e-01   4.9982554e-01   5.0257362e-01   9.9958161e-01   9.9994134e-01   2.9376972e+01   1.1210183e+01   4.7071057e+01   1.0000000e+00   8.8636264e-03
   9.3831797e-01   9.1382314e-01   9.9927212e-01   3.9972737e-01   3.0068085e-01   7.0017461e-01   4.9960622e-01   5.0015358e-01   9.9947826e-01   9.9995895e-01   7.3023028e+01   6.8863382e+00   5.2529865e+00   1.0000000e+00   8.8536478e-03
   6.5032304e-01   1.3962610e-01   9.9922953e-01   3.9833525e-01   2.9936183e-01   6.9768407e-01   4.9933968e-01   4.9823277e-01   9.9940514e-01   9.9972178e-01   7.9352922e+00   4.8897151e+01   3.0558653e+01   1.0000000e+00   8.8503338e-03
   7.9253323e-01   7.2824492e-01   9.9904678e-01   3.9989887e-01   3.0006368e-01   6.9830960e-01   4.9952956e-01   5.0155714e-01   9.9950558e-01   1.0000000e+00   4.9695381e+01   1.8544547e+01   1.7863626e+01   1.0000000e+00   8.8360822e-03
   7.9179767e-01   9.3881315e-01   1.0000000e+00   4.0001048e-01   2.9918508e-01   6.9745472e-01   4.9879706e-01   5.0015188e-01   9.9890752e-01   9.9861452e-01   6.4667979e+01   4.2147154e+00   1.8112629e+01   1.0000000e+00   8.8253057e-03
   8.2821528e-01   8.8236592e-01   9.9984779e-01   4.0018093e-01   2.9854388e-01   7.0290400e-01   5.0008103e-01   4.9954317e-01   9.9950903e-01   9.9979191e-01   6.3779381e+01   8.5028540e+00   1.4992458e+01   1.0000000e+00   8.8241523e-03
   9.3393464e-01   8.2996764e-01   9.9937435e-01   3.9928164e-01   3.0061439e-01   7.0012287e-01   4.9964173e-01   5.0005335e-01   9.9918420e-01   1.0000000e+00   6.6091615e+01   1.3539941e+01   5.6330359e+00   1.0000000e+00   8.8015585e-03
   6.9548430e-01   6.6758587e-01   1.0000000e+00   4.0003554e-01   2.9800549e-01   6.9749053e-01   5.0091434e-01   4.9900624e-01   9.9963473e-01   9.9995629e-01   4.0556461e+01   2.0194466e+01   2.6599610e+01   1.0000000e+00   8.7931318e-03
   5.7329352e-01   4.9977893e-01   9.9983006e-01   3.9834876e-01   3.0304710e-01   7.0167382e-01   4.9951356e-01   5.0218787e-01   9.9962163e-01   9.9974418e-01   2.5458467e+01   2.5480989e+01   3.7914603e+01   1.0000000e+00   8.7817303e-03
   8.1143110e-01   2.6871616e-01   9.9955487e-01   4.0065875e-01   3.0014988e-01   7.0017158e-01   4.9994951e-01   5.0075309e-01   9.9882784e-01   1.0000000e+00   1.8608965e+01   5.0642415e+01   1.6093365e+01   1.0000000e+00   8.7785213e-03
   4.6783859e-01   7.9829381e-01   1.0000000e+00   3.9916214e-01   3.0217253e-01   7.0127086e-01   4.9978509e-01   5.0267956e-01   9.9955542e-01   9.9983032e-01   3.2781883e+01   8.2830514e+00   4.6710926e+01   1.0000000e+00   8.7577754e-03
   7.4772739e-01   3.5791727e-01   9.9892832e-01   3.9988642e-01   3.0194105e-01   6.9926530e-01   5.0028745e-01   5.0109314e-01   9.9979028e-01   9.9856105e-01   2.3115213e+01   4.1467344e+01   2.1789238e+01   1.0000000e+00   8.7532734e-03
   4.8772366e-01   7.4571616e-01   9.9975746e-01   3.9918306e-01   3.0175343e-01   7.0350190e-01   4.9961915e-01   5.0124638e-01   9.9944129e-01   9.9979839e-01   3.2207055e+01   1.0982374e+01   4.5363645e+01   1.0000000e+00   8.7498420e-03
   5.8668275e-01   4.0619037e-01   9.9941524e-01   4.0092773e-01   3.0078249e-01   7.0074973e-01   4.9910542e-01   4.9988944e-01   9.9951512e-01   9.9968957e-01   2.0383967e+01   2.9799319e+01   3.5354061e+01   1.0000000e+00   8.7270625e-03
   1.8599052e-01   1.9818830e-01   9.9988030e-01   4.0063731e-01   3.0112769e-01   6.9995235e-01   4.9979330e-01   4.9994832e-01   9.9919852e-01   9.9951723e-01   3.1448528e+00   1.2723151e+01   6.9448194e+01   1.0000000e+00   8.7226364e-03
   4.7979737e-02   3.2262163e-01   1.0000000e+00   4.0063405e-01   3.0106148e-01   7.0024419e-01   5.0075573e-01   5.0080130e-01   9.9942018e-01   9.9972660e-01   1.3235361e+00   2.7789045e+00   8.1401167e+01   1.0000000e+00   8.6671145e-03
   6.0110011e-01   3.1482336e-01   9.9752636e-01   3.9986185e-01   3.0132863e-01   6.9965937e-01   4.9896516e-01   4.9787709e-01   9.9916916e-01   9.9844073e-01   1.6605263e+01   3.6139435e+01   3.5002247e+01   1.0000000e+00   8.6491166e-03
   6.9585947e-01   6.5395680e-01   9.9995723e-01   4.0029657e-01   3.0230799e-01   6.9800922e-01   4.9973505e-01   5.0043332e-01   9.9949368e-01   9.9949671e-01   3.9462090e+01   2.0881483e+01   2.6374472e+01   1.0000000e+00   8.6253790e-03
   1.9112963e-02   3.5750440e-01   9.9974292e-01   4.0002975e-01   3.0123316e-01   6.9990978e-01   4.9969648e-01   4.9988737e-01   9.9938448e-01   9.9948632e-01   5.8265041e-01   1.0471209e+00   8.3640698e+01   1.0000000e+00   8.6030319e-03
   7.9085973e-01   2.8316495e-02   9.9985415e-01   4.0224028e-01   3.0065308e-01   6.9866983e-01   4.9972030e-01   5.0174432e-01   9.9969016e-01   9.9929460e-01   1.9465174e+00   6.6794950e+01   1.8178457e+01   1.0000000e+00   8.6017775e-03
   2.0979392e-01   3.6818018e-01   9.9998544e-01   4.0055225e-01   3.0102340e-01   7.0017327e-01   5.0102996e-01   5.0046508e-01   9.9936670e-01   9.9966644e-01   6.6028817e+00   1.1330951e+01   6.7549257e+01   1.0000000e+00   8.5910807e-03
   4.9019477e-01   4.2483166e-01   9.9837528e-01   3.9989770e-01   3.0163072e-01   6.9993875e-01   4.9863531e-01   5.0086176e-01   9.9745339e-01   9.9877671e-01   1.8228343e+01   2.4678870e+01   4.4623736e+01   1.0000000e+00   8.5849953e-03
   5.7564427e-01   9.0877859e-01   9.9884074e-01   3.9902551e-01   2.9989915e-01   6.9880494e-01   4.9872023e-01   5.0221467e-01   9.9926344e-01   1.0000000e+00   4.5470913e+01   4.5642810e+00   3.6885144e+01   1.0000000e+00   8.5760450e-03
   2.9719235e-01   6.3091732e-01   9.9944153e-01   3.9959194e-01   3.0102084e-01   7.0036212e-01   4.9990096e-01   5.0063067e-01   9.9999212e-01   9.9963788e-01   1.5998098e+01   9.3587873e+00   5.9964576e+01   1.0000000e+00   8.5721495e-03
   7.9606463e-01   2.5516906e-01   9.9901201e-01   3.9979870e-01   3.0141719e-01   6.9929765e-01   5.0060480e-01   4.9992880e-01   9.9989312e-01   9.9920013e-01   1.7393320e+01   5.0770586e+01   1.7462189e+01   1.0000000e+00   8.5539263e-03
   6.8742045e-01   5.0343005e-01   9.9999463e-01   4.0052687e-01   3.0160762e-01   6.9930975e-01   4.9944199e-01   5.0063914e-01   9.9963694e-01   9.9977988e-01   2.9649498e+01   2.9245472e+01   2.6780354e+01   1.0000000e+00   8.5405547e-03
