   1.0000000e+00   4.9978284e-01   8.0091418e-01   1.0000000e+00   7.9840034e-01   2.9978319e-01   5.0147894e-01   2.9935785e-01   2.9973243e-01   6.0203003e-01   2.9519050e+01   2.9544702e+01   0.0000000e+00
   1.0000000e+00   1.0000000e+00   7.9975620e-01   1.0000000e+00   7.9967259e-01   2.9995384e-01   4.9990674e-01   2.9996218e-01   3.0016240e-01   5.9995386e-01   5.7002626e+01   0.0000000e+00   0.0000000e+00
   1.0000000e+00   1.0000000e+00   7.9975620e-01   1.0000000e+00   7.9967259e-01   2.9995384e-01   4.9990674e-01   2.9996218e-01   3.0016240e-01   5.9995386e-01   5.7002626e+01   6.3285628e-15   0.0000000e+00
   1.0000000e+00   1.0000000e+00   7.9975620e-01   1.0000000e+00   7.9967259e-01   2.9995384e-01   4.9990674e-01   2.9996218e-01   3.0016240e-01   5.9995386e-01   5.7002626e+01   6.3285628e-15   0.0000000e+00
   1.0000000e+00   1.0000000e+00   7.9975620e-01   1.0000000e+00   7.9967259e-01   2.9995384e-01   4.9990674e-01   2.9996218e-01   3.0016240e-01   5.9995386e-01   5.7002626e+01   6.3285628e-15   0.0000000e+00
   1.0000000e+00   1.0000000e+00   7.9968444e-01   1.0000000e+00   7.9970762e-01   2.9984131e-01   4.9993707e-01   2.9998347e-01   3.0013834e-01   6.0000095e-01   5.7011156e+01   0.0000000e+00   0.0000000e+00
   1.0000000e+00   1.0000000e+00   8.0009371e-01   1.0000000e+00   7.9978096e-01   2.9996871e-01   5.0007584e-01   2.9992110e-01   3.0002641e-01   6.0005823e-01   5.7011572e+01   1.2659112e-14   0.0000000e+00
   1.0000000e+00   1.0000000e+00   8.0009371e-01   1.0000000e+00   7.9978096e-01   2.9996871e-01   5.0007584e-01   2.9992110e-01   3.0002641e-01   6.0005823e-01   5.7011572e+01   1.2659112e-14   0.0000000e+00
   1.0000000e+00   1.0000000e+00   8.0008765e-01   1.0000000e+00   7.9980860e-01   2.9997771e-01   5.0001798e-01   2.9993313e-01   3.0001979e-01   6.0000462e-01   5.7006520e+01   0.0000000e+00   0.0000000e+00
   1.0000000e+00   1.0000000e+00   8.0008765e-01   1.0000000e+00   7.9980860e-01   2.9997771e-01   5.0001798e-01   2.9993313e-01   3.0001979e-01   6.0000462e-01   5.7006520e+01   0.0000000e+00   0.0000000e+00
   1.0000000e+00   1.0000000e+00   8.0008765e-01   1.0000000e+00   7.9980860e-01   2.9997771e-01   5.0001798e-01   2.9993313e-01   3.0001979e-01   6.0000462e-01   5.7006520e+01   0.0000000e+00   0.0000000e+00
   1.0000000e+00   1.0000000e+00   8.0008765e-01   1.0000000e+00   7.9980860e-01   2.9997771e-01   5.0001798e-01   2.9993313e-01   3.0001979e-01   6.0000462e-01   5.7006520e+01   0.0000000e+00   0.0000000e+00
   1.0000000e+00   1.0000000e+00   8.0008765e-01   1.0000000e+00   7.9980860e-01   2.9997771e-01   5.0001798e-01   2.9993313e-01   3.0001979e-01   6.0000462e-01   5.7006520e+01   0.0000000e+00   0.0000000e+00
   1.0000000e+00   1.0000000e+00   8.0008765e-01   1.0000000e+00   7.9980860e-01   2.9997771e-01   5.0001798e-01   2.9993313e-01   3.0001979e-01   6.0000462e-01   5.7006520e+01   0.0000000e+00   0.0000000e+00
   1.0000000e+00   1.0000000e+00   8.0008765e-01   1.0000000e+00   7.9980860e-01   2.9997771e-01   5.0001798e-01   2.9993313e-01   3.0001979e-01   6.0000462e-01   5.7006520e+01   0.0000000e+00   0.0000000e+00
   1.0000000e+00   1.0000000e+00   7.9998929e-01   1.0000000e+00   7.9979446e-01   3.0008995e-01   5.0003603e-01   2.9992922e-01   3.0003649e-01   6.0004842e-01   5.6997703e+01   0.0000000e+00   0.0000000e+00
   1.0000000e+00   1.0000000e+00   7.9998929e-01   1.0000000e+00   7.9979446e-01   3.0008995e-01   5.0003603e-01   2.9992922e-01   3.0003649e-01   6.0004842e-01   5.6997703e+01   0.0000000e+00   0.0000000e+00
   1.0000000e+00   1.0000000e+00   7.9998929e-01   1.0000000e+00   7.9979446e-01   3.0008995e-01   5.0003603e-01   2.9992922e-01   3.0003649e-01   6.0004842e-01   5.6997703e+01   0.0000000e+00   0.0000000e+00
   1.0000000e+00   1.0000000e+00   7.9998929e-01   1.0000000e+00   7.9979446e-01   3.0008995e-01   5.0003603e-01   2.9992922e-01   3.0003649e-01   6.0004842e-01   5.6997703e+01   0.0000000e+00   0.0000000e+00
   1.0000000e+00   0.0000000e+00   7.9984107e-01   1.0000000e+00   7.9978206e-01   3.0008497e-01   5.0005882e-01   3.0007801e-01   3.0010657e-01   5.9993851e-01   0.0000000e+00   5.6986045e+01   0.0000000e+00
   9.8245854e-01   4.9927087e-01   8.0027939e-01   1.0000000e+00   7.9934495e-01   3.0018859e-01   5.0068676e-01   2.9963011e-01   3.0120879e-01   5.9998483e-01   2.8180877e+01   2.8263187e+01   1.0077896e+00
   9.7111350e-01   6.6702182e-01   8.0091824e-01   1.0000000e+00   7.9923124e-01   2.9999508e-01   5.0039806e-01   2.9975805e-01   3.0106818e-01   6.0166344e-01   3.7638800e+01   1.8789339e+01   1.6784974e+00
   9.6870725e-01   7.4967451e-01   8.0066833e-01   1.0000000e+00   7.9899274e-01   2.9980720e-01   5.0018730e-01   2.9978076e-01   3.0085828e-01   6.0084938e-01   4.1814712e+01   1.3962444e+01   1.8018038e+00
   9.6267122e-01   8.0026629e-01   8.0080591e-01   1.0000000e+00   7.9921659e-01   2.9978980e-01   5.0046531e-01   2.9980898e-01   3.0096330e-01   6.0031060e-01   4.4294110e+01   1.1055104e+01   2.1462351e+00
   9.5942995e-01   8.3379829e-01   8.0095998e-01   1.0000000e+00   7.9908663e-01   2.9990772e-01   5.0033328e-01   2.9991540e-01   3.0023087e-01   6.0052964e-01   4.5957409e+01   9.1607291e+00   2.3307021e+00
   9.5570306e-01   8.5764261e-01   8.0007135e-01   1.0000000e+00   7.9970977e-01   2.9999931e-01   5.0036350e-01   2.9983404e-01   3.0029769e-01   6.0007721e-01   4.6761965e+01   7.7618711e+00   2.5271858e+00
   9.5214476e-01   8.8027208e-01   8.0015111e-01   1.0000000e+00   7.9980873e-01   3.0018631e-01   5.0036180e-01   2.9978724e-01   3.0051103e-01   6.0017919e-01   4.7852366e+01   6.5085151e+00   2.7322035e+00
   9.5499492e-01   8.8958466e-01   7.9998952e-01   1.0000000e+00   7.9973552e-01   3.0003502e-01   5.0036514e-01   2.9978642e-01   3.0016543e-01   6.0017431e-01   4.8465348e+01   6.0155239e+00   2.5674650e+00
   9.4379742e-01   9.0016134e-01   8.0092919e-01   1.0000000e+00   7.9869699e-01   2.9996192e-01   4.9950067e-01   2.9978345e-01   3.0022776e-01   6.0025447e-01   4.8910709e+01   5.4247828e+00   3.2356463e+00
   9.3983324e-01   9.0973277e-01   8.0096317e-01   1.0000000e+00   7.9864312e-01   2.9996014e-01   4.9978669e-01   3.0026331e-01   3.0031738e-01   6.0023726e-01   4.9213664e+01   4.8831715e+00   3.4632012e+00
   9.3587308e-01   9.1917564e-01   8.0104492e-01   1.0000000e+00   7.9865584e-01   2.9998652e-01   5.0008716e-01   3.0017772e-01   3.0028504e-01   6.0011548e-01   4.9519239e+01   4.3542938e+00   3.6914661e+00
   9.2882478e-01   9.2402233e-01   8.0080627e-01   1.0000000e+00   7.9888067e-01   2.9989340e-01   4.9974346e-01   3.0010155e-01   3.0028055e-01   6.0039192e-01   4.9278317e+01   4.0519063e+00   4.0866594e+00
   9.1464677e-01   9.3373605e-01   8.0067436e-01   1.0000000e+00   7.9894922e-01   2.9994985e-01   4.9981179e-01   3.0006350e-01   3.0013581e-01   6.0057338e-01   4.8994102e+01   3.4769381e+00   4.8965054e+00
   9.0542803e-01   9.4098282e-01   8.0064913e-01   1.0000000e+00   7.9881347e-01   2.9966978e-01   4.9973048e-01   2.9999601e-01   3.0027872e-01   6.0058757e-01   4.8957384e+01   3.0705414e+00   5.4343175e+00
   8.9588178e-01   9.4173366e-01   7.9995662e-01   1.0000000e+00   7.9950646e-01   2.9982933e-01   4.9988703e-01   2.9967781e-01   3.0025562e-01   6.0043851e-01   4.8186199e+01   2.9813453e+00   5.9466258e+00
   8.8127147e-01   9.4635630e-01   8.0101716e-01   1.0000000e+00   7.9940366e-01   2.9990386e-01   4.9984372e-01   2.9945515e-01   3.0024403e-01   6.0058483e-01   4.7931363e+01   2.7169636e+00   6.8235517e+00
   8.6610669e-01   9.4786974e-01   7.9994181e-01   1.0000000e+00   7.9953588e-01   2.9986880e-01   4.9947244e-01   2.9967238e-01   3.0018655e-01   6.0048696e-01   4.6930589e+01   2.5810549e+00   7.6541122e+00
   8.4068770e-01   9.5072771e-01   8.0053835e-01   1.0000000e+00   7.9906082e-01   2.9957985e-01   5.0126097e-01   2.9983453e-01   3.0007658e-01   6.0079025e-01   4.6135251e+01   2.3909995e+00   9.1958391e+00
   8.0756935e-01   9.5759048e-01   8.0062651e-01   1.0000000e+00   7.9906845e-01   2.9975914e-01   5.0065321e-01   2.9969445e-01   3.0031323e-01   6.0056005e-01   4.4424590e+01   1.9674650e+00   1.1054472e+01
   7.6066113e-01   9.5609876e-01   8.0029038e-01   1.0000000e+00   7.9906405e-01   2.9967252e-01   5.0079473e-01   2.9963926e-01   3.0030968e-01   6.0054654e-01   4.1764377e+01   1.9176973e+00   1.3744384e+01
   6.7369413e-01   9.6761102e-01   8.0056765e-01   1.0000000e+00   8.0018872e-01   2.9973288e-01   5.0071549e-01   2.9992818e-01   3.0024485e-01   6.0025566e-01   3.7330122e+01   1.2495563e+00   1.8686188e+01
   5.1022199e-01   9.5969487e-01   8.0053438e-01   1.0000000e+00   7.9836765e-01   2.9966447e-01   5.0130890e-01   2.9927981e-01   2.9886260e-01   6.0095705e-01   2.8655815e+01   1.2034830e+00   2.8662872e+01
   0.0000000e+00   9.9774719e-01   7.9991648e-01   1.0000000e+00   7.9979512e-01   3.0011764e-01   4.9997482e-01   3.0009669e-01   3.0010644e-01   5.9996327e-01   0.0000000e+00   0.0000000e+00   5.6986006e+01
   1.0000000e+00   0.0000000e+00   7.9981916e-01   1.0000000e+00   7.9978162e-01   3.0010609e-01   5.0003884e-01   3.0007200e-01   3.0011356e-01   5.9993856e-01   0.0000000e+00   5.6985865e+01   0.0000000e+00
   9.7070473e-01   3.3371665e-01   8.0088715e-01   1.0000000e+00   7.9920757e-01   2.9986485e-01   5.0031383e-01   2.9999726e-01   3.0085654e-01   6.0157506e-01   1.8770812e+01   3.7476942e+01   1.6975226e+00
   9.5698617e-01   4.9942570e-01   8.0082841e-01   1.0000000e+00   7.9943961e-01   2.9999058e-01   5.0083192e-01   2.9957011e-01   3.0028907e-01   6.0141396e-01   2.7640491e+01   2.7704059e+01   2.4875814e+00
   9.4536891e-01   6.0353717e-01   8.0079208e-01   1.0000000e+00   7.9924799e-01   2.9943987e-01   5.0099173e-01   2.9943874e-01   3.0061125e-01   5.9932985e-01   3.2936309e+01   2.1635821e+01   3.1536207e+00
   9.3476177e-01   6.7053989e-01   8.0072503e-01   1.0000000e+00   7.9974117e-01   3.0048246e-01   5.0050142e-01   3.0037963e-01   3.0147085e-01   6.0111904e-01   3.6274068e+01   1.7822740e+01   3.7754862e+00
   9.2951247e-01   7.1379891e-01   8.0071105e-01   1.0000000e+00   8.0003480e-01   3.0038715e-01   5.0051065e-01   3.0044033e-01   3.0189983e-01   6.0086238e-01   3.8502811e+01   1.5437887e+01   4.0904737e+00
   9.1897337e-01   7.5179227e-01   8.0063283e-01   1.0000000e+00   7.9871119e-01   2.9933043e-01   5.0045567e-01   2.9916859e-01   3.0067637e-01   5.9982740e-01   3.9904609e+01   1.3174694e+01   4.6800454e+00
   9.1171575e-01   7.7950018e-01   8.0082669e-01   1.0000000e+00   7.9947767e-01   2.9967045e-01   5.0035713e-01   2.9998086e-01   3.0029417e-01   6.0014770e-01   4.0708125e+01   1.1515243e+01   5.0569500e+00
   9.0346824e-01   8.0099950e-01   8.0099983e-01   1.0000000e+00   8.0001447e-01   2.9983974e-01   5.0074395e-01   3.0046888e-01   2.9989197e-01   6.0113220e-01   4.1746073e+01   1.0371404e+01   5.5685321e+00
   8.9527394e-01   8.1852417e-01   8.0087946e-01   1.0000000e+00   7.9910011e-01   2.9992046e-01   5.0029351e-01   3.0027101e-01   3.0012431e-01   6.0010869e-01   4.2018261e+01   9.3159117e+00   6.0048943e+00
   8.8632177e-01   8.3334098e-01   8.0082044e-01   1.0000000e+00   7.9881510e-01   2.9986020e-01   5.0031786e-01   3.0061967e-01   2.9924280e-01   6.0004795e-01   4.2553839e+01   8.5102996e+00   6.5494058e+00
   8.6852535e-01   8.5792878e-01   7.9971534e-01   1.0000000e+00   7.9926636e-01   2.9944609e-01   4.9974888e-01   3.0040074e-01   3.0010925e-01   6.0034266e-01   4.2621669e+01   7.0580598e+00   7.5203616e+00
   8.5182565e-01   8.7072399e-01   8.0041265e-01   1.0000000e+00   7.9876200e-01   2.9982594e-01   4.9991661e-01   3.0012145e-01   3.0018176e-01   6.0071208e-01   4.2583238e+01   6.3223147e+00   8.5070795e+00
   8.3812767e-01   8.7630744e-01   8.0003990e-01   1.0000000e+00   7.9922099e-01   2.9951138e-01   4.9981711e-01   3.0024221e-01   3.0010082e-01   6.0027100e-01   4.1988119e+01   5.9267073e+00   9.2540612e+00
   8.2046485e-01   8.8219082e-01   8.0004556e-01   1.0000000e+00   7.9911341e-01   2.9982986e-01   4.9960796e-01   3.0056653e-01   3.0011666e-01   5.9944525e-01   4.1428109e+01   5.5323759e+00   1.0275952e+01
   7.9673586e-01   8.9379326e-01   8.0048807e-01   1.0000000e+00   7.9899332e-01   2.9863461e-01   5.0015364e-01   2.9930567e-01   3.0024294e-01   6.0013094e-01   4.1141959e+01   4.8887741e+00   1.1743412e+01
   7.6925499e-01   8.9626573e-01   8.0022008e-01   1.0000000e+00   7.9863919e-01   2.9953323e-01   5.0038586e-01   2.9927546e-01   3.0025814e-01   6.0012053e-01   3.9670295e+01   4.5914609e+00   1.3276715e+01
   7.3525900e-01   9.0584620e-01   8.0010170e-01   1.0000000e+00   7.9872901e-01   2.9935321e-01   5.0034382e-01   2.9934396e-01   3.0033705e-01   6.0013350e-01   3.8302771e+01   3.9811964e+00   1.5224975e+01
   6.2247186e-01   9.0880665e-01   8.0046268e-01   1.0000000e+00   7.9877123e-01   2.9923235e-01   5.0022239e-01   2.9889080e-01   2.9987237e-01   5.9892838e-01   3.2783842e+01   3.2896639e+00   2.1878521e+01
   5.2234514e-01   9.1296346e-01   7.9944856e-01   1.0000000e+00   7.9796905e-01   2.9880260e-01   5.0034042e-01   2.9925919e-01   3.0026780e-01   5.9957611e-01   2.7774021e+01   2.6478109e+00   2.7819032e+01
   3.5243287e-01   9.1920917e-01   7.9990313e-01   1.0000000e+00   7.9957757e-01   2.9972887e-01   4.9978378e-01   2.9982750e-01   3.0015527e-01   5.9874958e-01   1.8574375e+01   1.6325328e+00   3.7128572e+01
   0.0000000e+00   9.9774717e-01   7.9991648e-01   1.0000000e+00   7.9979512e-01   3.0011764e-01   4.9997480e-01   3.0009669e-01   3.0010616e-01   5.9996326e-01   0.0000000e+00   0.0000000e+00   5.6986006e+01
   1.0000000e+00   0.0000000e+00   7.9981916e-01   1.0000000e+00   7.9978162e-01   3.0010609e-01   5.0003884e-01   3.0007200e-01   3.0011356e-01   5.9993856e-01   0.0000000e+00   5.6985865e+01   0.0000000e+00
   9.6600282e-01   2.4693254e-01   8.0101849e-01   1.0000000e+00   7.9971731e-01   3.0025381e-01   4.9994002e-01   2.9912009e-01   3.0076152e-01   6.0176245e-01   1.3880068e+01   4.2329892e+01   1.9782343e+00
   9.4556228e-01   4.0110970e-01   8.0086239e-01   1.0000000e+00   7.9944519e-01   2.9985988e-01   5.0052358e-01   2.9970624e-01   3.0052510e-01   6.0024895e-01   2.1758641e+01   3.2487469e+01   3.1230459e+00
   9.2933844e-01   4.9906532e-01   8.0085321e-01   1.0000000e+00   7.9949217e-01   3.0000881e-01   5.0075411e-01   3.0042243e-01   2.9975836e-01   6.0062498e-01   2.6648361e+01   2.6748178e+01   4.0599666e+00
   9.1376712e-01   5.7042648e-01   8.0095101e-01   1.0000000e+00   7.9945980e-01   2.9984335e-01   4.9990747e-01   2.9927535e-01   3.0038188e-01   6.0105840e-01   3.0055647e+01   2.2634135e+01   4.9723738e+00
   9.0442717e-01   6.2516962e-01   8.0078791e-01   1.0000000e+00   7.9930371e-01   2.9986368e-01   5.0008466e-01   2.9938332e-01   2.9887169e-01   6.0040795e-01   3.2608688e+01   1.9551057e+01   5.5118360e+00
   8.9075493e-01   6.6945504e-01   8.0075458e-01   1.0000000e+00   7.9977907e-01   2.9981083e-01   5.0016411e-01   2.9928137e-01   2.9949641e-01   6.0097809e-01   3.4338164e+01   1.6954548e+01   6.2907045e+00
   8.5325424e-01   7.4980951e-01   8.0084852e-01   1.0000000e+00   7.9909020e-01   2.9960691e-01   5.0043057e-01   2.9889808e-01   2.9950100e-01   6.0040306e-01   3.6964984e+01   1.2334183e+01   8.4786495e+00
   8.3887386e-01   7.6911057e-01   8.0084869e-01   1.0000000e+00   7.9971177e-01   2.9969344e-01   5.0055874e-01   2.9941988e-01   2.9985871e-01   5.9992004e-01   3.7023162e+01   1.1114471e+01   9.2460040e+00
   8.2315705e-01   7.8795673e-01   8.0085493e-01   1.0000000e+00   7.9969904e-01   2.9965166e-01   5.0080391e-01   2.9952476e-01   2.9948996e-01   5.9985346e-01   3.7293663e+01   1.0035919e+01   1.0168051e+01
   8.1134283e-01   8.0003471e-01   8.0078735e-01   1.0000000e+00   7.9961720e-01   2.9940388e-01   5.0058807e-01   2.9919104e-01   2.9977338e-01   5.9991187e-01   3.7335380e+01   9.3318203e+00   1.0851272e+01
   7.8785838e-01   8.1247361e-01   8.0095737e-01   1.0000000e+00   7.9958505e-01   2.9941115e-01   5.0082224e-01   2.9910924e-01   2.9969522e-01   5.9986899e-01   3.6932423e+01   8.5243434e+00   1.2239854e+01
   7.6525531e-01   8.2366681e-01   8.0077639e-01   1.0000000e+00   7.9895796e-01   3.0088139e-01   5.0049131e-01   2.9939200e-01   2.9941288e-01   5.9937060e-01   3.6392998e+01   7.7911280e+00   1.3553632e+01
   7.4050872e-01   8.3447509e-01   8.0076481e-01   1.0000000e+00   7.9893036e-01   2.9951230e-01   5.0069365e-01   2.9909129e-01   2.9989264e-01   5.9888606e-01   3.5786658e+01   7.0985745e+00   1.5027971e+01
   7.0259922e-01   8.4529663e-01   8.0086304e-01   1.0000000e+00   7.9883580e-01   2.9944561e-01   5.0055708e-01   2.9930261e-01   2.9959379e-01   5.9947089e-01   3.4302849e+01   6.2779932e+00   1.7177324e+01
   6.6140646e-01   8.5331318e-01   8.0086101e-01   1.0000000e+00   7.9890302e-01   2.9952351e-01   5.0066594e-01   2.9902225e-01   2.9962309e-01   5.9982479e-01   3.2618616e+01   5.6072274e+00   1.9568941e+01
   6.0677051e-01   8.6353646e-01   8.0072250e-01   1.0000000e+00   7.9852189e-01   2.9952770e-01   5.0064356e-01   2.9916693e-01   2.9972262e-01   5.9987780e-01   3.0301508e+01   4.7885077e+00   2.2740771e+01
   5.3624313e-01   8.6325661e-01   8.0057842e-01   1.0000000e+00   7.9837291e-01   2.9845993e-01   5.0030749e-01   2.9926670e-01   2.9968488e-01   6.0027586e-01   2.6970439e+01   4.2722281e+00   2.7019463e+01
   4.3149780e-01   8.6991799e-01   8.0077174e-01   1.0000000e+00   7.9797365e-01   2.9882576e-01   5.0035878e-01   2.9922678e-01   2.9969033e-01   6.0042255e-01   2.1929260e+01   3.2791621e+00   3.3212320e+01
   2.7232572e-01   8.7866241e-01   7.9968244e-01   1.0000000e+00   7.9985002e-01   3.0013158e-01   4.9990932e-01   2.9973348e-01   3.0004525e-01   5.9977044e-01   1.3645122e+01   1.8843030e+00   4.1495761e+01
   0.0000000e+00   9.9774717e-01   7.9991648e-01   1.0000000e+00   7.9979512e-01   3.0011764e-01   4.9997480e-01   3.0009669e-01   3.0010616e-01   5.9996326e-01   0.0000000e+00   0.0000000e+00   5.6986006e+01
   1.0000000e+00   0.0000000e+00   7.9981916e-01   1.0000000e+00   7.9978162e-01   3.0010609e-01   5.0003884e-01   3.0007200e-01   3.0011356e-01   5.9993856e-01   0.0000000e+00   5.6985865e+01   0.0000000e+00
   9.1309825e-01   4.2954100e-01   8.0064378e-01   1.0000000e+00   8.0016181e-01   2.9984594e-01   5.0079392e-01   2.9915449e-01   3.0128788e-01   6.0134366e-01   2.2789432e+01   3.0265881e+01   5.0494012e+00
   8.9710022e-01   5.0121995e-01   8.0041071e-01   1.0000000e+00   7.9934066e-01   3.0093524e-01   5.0067732e-01   2.9863595e-01   3.0076584e-01   6.0091581e-01   2.6088820e+01   2.5961822e+01   5.9703467e+00
   8.6295838e-01   5.9720491e-01   8.0102521e-01   1.0000000e+00   7.9985378e-01   2.9979300e-01   4.9952167e-01   2.9904071e-01   3.0092293e-01   6.0200146e-01   3.0152760e+01   2.0337046e+01   8.0180054e+00
   8.4824617e-01   6.3837448e-01   8.0088486e-01   1.0000000e+00   7.9965130e-01   2.9906579e-01   5.0050256e-01   2.9921651e-01   3.0037435e-01   6.0218717e-01   3.1744052e+01   1.7982328e+01   8.8962010e+00
   8.2923878e-01   6.6563346e-01   8.0072155e-01   1.0000000e+00   8.0070351e-01   2.9936420e-01   5.0074408e-01   2.9917296e-01   3.0088802e-01   6.0139989e-01   3.2126642e+01   1.6138122e+01   9.9389348e+00
   8.1585717e-01   6.9284322e-01   7.9999417e-01   1.0000000e+00   7.9890747e-01   2.9982575e-01   4.9942897e-01   2.9925930e-01   2.9964630e-01   6.0024231e-01   3.2468797e+01   1.4394326e+01   1.0577229e+01
   7.9389056e-01   7.1471344e-01   8.0008972e-01   1.0000000e+00   7.9889253e-01   2.9986536e-01   4.9891421e-01   2.9913328e-01   2.9949616e-01   6.0051886e-01   3.2762584e+01   1.3077584e+01   1.1901000e+01
   7.7250464e-01   7.3405594e-01   8.0033098e-01   1.0000000e+00   7.9896683e-01   2.9988766e-01   4.9986761e-01   2.9922740e-01   2.9919978e-01   6.0077631e-01   3.2686807e+01   1.1842234e+01   1.3113384e+01
   7.5088194e-01   7.5133936e-01   8.0108549e-01   1.0000000e+00   7.9916230e-01   2.9944402e-01   5.0143807e-01   2.9951529e-01   2.9990156e-01   5.9961992e-01   3.2704783e+01   1.0823860e+01   1.4441380e+01
   7.2285146e-01   7.6475064e-01   8.0098971e-01   1.0000000e+00   7.9953112e-01   2.9901699e-01   5.0091193e-01   2.9944984e-01   2.9988570e-01   5.9985060e-01   3.1925751e+01   9.8208648e+00   1.6006073e+01
   6.9213282e-01   7.7806398e-01   8.0090011e-01   1.0000000e+00   7.9978164e-01   2.9971902e-01   5.0143022e-01   2.9915280e-01   2.9990817e-01   5.9975016e-01   3.1142332e+01   8.8830805e+00   1.7803679e+01
   6.5607909e-01   7.8957088e-01   7.9902971e-01   1.0000000e+00   7.9879543e-01   2.9937005e-01   4.9997078e-01   2.9911214e-01   2.9933387e-01   5.9891598e-01   3.0025145e+01   8.0020234e+00   1.9934088e+01
   6.0998621e-01   7.9959513e-01   8.0082055e-01   1.0000000e+00   7.9847828e-01   2.9966586e-01   5.0006062e-01   2.9912927e-01   2.9934089e-01   6.0053961e-01   2.8264137e+01   7.0839237e+00   2.2600890e+01
   5.5294534e-01   8.1045699e-01   8.0048241e-01   1.0000000e+00   7.9819359e-01   2.9996084e-01   4.9979025e-01   2.9912459e-01   2.9965494e-01   6.0084918e-01   2.5993742e+01   6.0792026e+00   2.5930880e+01
   4.7369141e-01   8.1604910e-01   8.0071127e-01   1.0000000e+00   7.9839597e-01   2.9924957e-01   5.0076798e-01   2.9900965e-01   2.9972363e-01   6.0082469e-01   2.2505981e+01   5.0732185e+00   3.0642671e+01
   3.7108659e-01   8.2676873e-01   7.9935400e-01   1.0000000e+00   7.9921530e-01   2.9901057e-01   4.9955771e-01   2.9933657e-01   3.0135562e-01   5.9951284e-01   1.7748139e+01   3.7187335e+00   3.6381816e+01
   2.2045994e-01   8.6805739e-01   7.9973249e-01   1.0000000e+00   8.0011400e-01   3.0057600e-01   4.9989052e-01   2.9983834e-01   3.0005288e-01   5.9970902e-01   1.0922224e+01   1.6601514e+00   4.4490921e+01
   0.0000000e+00   9.9774717e-01   7.9991648e-01   1.0000000e+00   7.9979512e-01   3.0011764e-01   4.9997480e-01   3.0009669e-01   3.0010616e-01   5.9996326e-01   0.0000000e+00   0.0000000e+00   5.6986006e+01
   1.0000000e+00   0.0000000e+00   7.9981916e-01   1.0000000e+00   7.9978162e-01   3.0010609e-01   5.0003884e-01   3.0007200e-01   3.0011356e-01   5.9993856e-01   0.0000000e+00   5.6985865e+01   0.0000000e+00
   9.6298393e-01   1.6129691e-01   8.0111612e-01   1.0000000e+00   8.0080190e-01   3.0015104e-01   5.0020023e-01   2.9977880e-01   3.0158681e-01   6.0035706e-01   9.0055992e+00   4.6826835e+01   2.1461388e+00
   9.0330483e-01   3.7578016e-01   8.0106162e-01   1.0000000e+00   7.9945306e-01   2.9996409e-01   5.0136945e-01   3.0032861e-01   3.0012680e-01   6.0112999e-01   1.9675956e+01   3.2684328e+01   5.6049588e+00
   8.6221897e-01   4.9931978e-01   7.9913047e-01   1.0000000e+00   7.9947802e-01   2.9970011e-01   5.0083493e-01   2.9925433e-01   2.9870356e-01   5.9951874e-01   2.4904178e+01   2.4972032e+01   7.9701283e+00
   8.3650617e-01   5.4833411e-01   8.0038031e-01   1.0000000e+00   7.9956818e-01   2.9930759e-01   5.0078794e-01   2.9959515e-01   3.0041185e-01   6.0152841e-01   2.6541522e+01   2.1862402e+01   9.4604720e+00
   8.0067808e-01   6.1669280e-01   8.0089215e-01   1.0000000e+00   8.0017835e-01   2.9898497e-01   5.0089066e-01   2.9874534e-01   2.9977003e-01   6.0070677e-01   2.8698851e+01   1.7837854e+01   1.1584912e+01
   7.7318264e-01   6.4460308e-01   8.0089132e-01   1.0000000e+00   7.9842868e-01   2.9979199e-01   4.9988940e-01   2.9937280e-01   2.9926652e-01   5.9889674e-01   2.8946395e+01   1.5959371e+01   1.3173352e+01
   7.4996862e-01   6.6622406e-01   7.9968953e-01   1.0000000e+00   7.9933578e-01   3.0041392e-01   4.9910862e-01   2.9905365e-01   2.9955645e-01   6.0031555e-01   2.8739239e+01   1.4398259e+01   1.4381573e+01
   7.2215917e-01   6.8664548e-01   8.0056968e-01   1.0000000e+00   7.9898452e-01   3.0035306e-01   4.9961377e-01   2.9923386e-01   2.9943878e-01   6.0088280e-01   2.8603411e+01   1.3053327e+01   1.6026859e+01
   6.9191674e-01   7.1112622e-01   8.0083840e-01   1.0000000e+00   7.9959404e-01   2.9940623e-01   4.9976884e-01   2.9916435e-01   2.9971651e-01   5.9956359e-01   2.8306383e+01   1.1498622e+01   1.7723600e+01
   6.5890963e-01   7.2576419e-01   8.0104293e-01   1.0000000e+00   8.0002962e-01   2.9994784e-01   4.9963449e-01   2.9929655e-01   2.9984121e-01   5.9919156e-01   2.7525142e+01   1.0400595e+01   1.9632592e+01
   6.1679204e-01   7.4450913e-01   8.0015008e-01   1.0000000e+00   7.9843908e-01   3.0006841e-01   4.9948719e-01   2.9943393e-01   2.9922165e-01   6.0042412e-01   2.6510678e+01   9.0975863e+00   2.2123130e+01
   5.6991197e-01   7.5265967e-01   7.9994323e-01   1.0000000e+00   7.9833174e-01   2.9954037e-01   4.9938558e-01   2.9937836e-01   2.9985982e-01   6.0043722e-01   2.4766733e+01   8.1388870e+00   2.4832456e+01
   5.1954342e-01   7.6565484e-01   7.9989568e-01   1.0000000e+00   7.9876853e-01   2.9952305e-01   4.9924552e-01   2.9938990e-01   2.9988318e-01   6.0048064e-01   2.2896154e+01   7.0078610e+00   2.7654244e+01
   3.3640341e-01   7.9008757e-01   8.0013761e-01   1.0000000e+00   7.9793792e-01   2.9870336e-01   4.9928388e-01   2.9935469e-01   3.0081061e-01   5.9980634e-01   1.5527541e+01   4.1253959e+00   3.8767806e+01
   1.9947558e-01   7.8996049e-01   7.9934814e-01   1.0000000e+00   7.9931180e-01   3.0039448e-01   4.9995086e-01   2.9915878e-01   2.9995804e-01   6.0005275e-01   9.0275480e+00   2.4002995e+00   4.5861609e+01
   0.0000000e+00   9.9774717e-01   7.9991648e-01   1.0000000e+00   7.9979512e-01   3.0011764e-01   4.9997480e-01   3.0009669e-01   3.0010616e-01   5.9996326e-01   0.0000000e+00   0.0000000e+00   5.6986006e+01
   1.0000000e+00   0.0000000e+00   7.9983753e-01   1.0000000e+00   7.9978079e-01   3.0008681e-01   5.0005395e-01   3.0007820e-01   3.0010955e-01   5.9993823e-01   0.0000000e+00   5.6985979e+01   0.0000000e+00
   9.2487820e-01   2.4987490e-01   8.0122744e-01   1.0000000e+00   8.0061538e-01   3.0085134e-01   4.9940403e-01   2.9909437e-01   2.9857268e-01   6.0146207e-01   1.3582058e+01   4.0773373e+01   4.4149356e+00
   8.6649019e-01   3.9966873e-01   8.0114659e-01   1.0000000e+00   7.9833569e-01   3.0104811e-01   5.0052685e-01   2.9916317e-01   3.0028219e-01   5.9899255e-01   2.0211002e+01   3.0358384e+01   7.7917896e+00
   8.3799619e-01   4.5854069e-01   7.9877008e-01   1.0000000e+00   7.9995002e-01   2.9885148e-01   5.0118578e-01   2.9880094e-01   2.9930388e-01   5.9963252e-01   2.2394718e+01   2.6444390e+01   9.4417156e+00
   8.1248543e-01   4.9943769e-01   8.0019996e-01   1.0000000e+00   8.0006743e-01   3.0050284e-01   4.9983284e-01   2.9920079e-01   2.9959403e-01   6.0292912e-01   2.3947566e+01   2.4001491e+01   1.1066226e+01
   7.8731507e-01   5.4082875e-01   8.0016734e-01   1.0000000e+00   7.9975264e-01   3.0025554e-01   5.0097491e-01   2.9968041e-01   3.0079235e-01   6.0069890e-01   2.4457588e+01   2.0764838e+01   1.2216365e+01
   7.6351292e-01   5.6841109e-01   8.0139701e-01   1.0000000e+00   7.9968389e-01   3.0008120e-01   5.0025720e-01   2.9985032e-01   2.9909094e-01   5.9953407e-01   2.5051758e+01   1.9021552e+01   1.3651070e+01
   7.3662480e-01   6.0186275e-01   8.0070012e-01   1.0000000e+00   7.9886517e-01   3.0088412e-01   5.0047062e-01   2.9960028e-01   2.9911070e-01   5.9920054e-01   2.5641912e+01   1.6962340e+01   1.5232861e+01
   7.1204247e-01   6.2625346e-01   7.9972990e-01   1.0000000e+00   7.9914772e-01   3.0046582e-01   4.9935139e-01   2.9916009e-01   2.9938658e-01   6.0049137e-01   2.5652389e+01   1.5309283e+01   1.6565335e+01
   6.7297327e-01   6.4687226e-01   8.0110319e-01   1.0000000e+00   7.9861082e-01   2.9858441e-01   4.9934637e-01   2.9918752e-01   2.9940994e-01   6.0034030e-01   2.5434169e+01   1.3884520e+01   1.9106646e+01
   6.3623748e-01   6.6587605e-01   8.0122543e-01   1.0000000e+00   7.9913377e-01   2.9835552e-01   4.9961281e-01   2.9927415e-01   2.9948010e-01   6.0003804e-01   2.4700547e+01   1.2394265e+01   2.1208594e+01
   5.9335127e-01   6.8443708e-01   8.0110568e-01   1.0000000e+00   7.9848291e-01   2.9948048e-01   5.0049785e-01   2.9887495e-01   3.0006657e-01   5.9916465e-01   2.3638961e+01   1.0898854e+01   2.3670225e+01
   5.4682679e-01   7.0036621e-01   8.0036727e-01   1.0000000e+00   8.0006080e-01   2.9958162e-01   4.9935209e-01   2.9924228e-01   3.0001975e-01   6.0002721e-01   2.1956532e+01   9.3935412e+00   2.5980829e+01
   4.8226855e-01   7.1726836e-01   8.0144421e-01   1.0000000e+00   7.9860302e-01   2.9967689e-01   5.0155820e-01   2.9928760e-01   2.9994990e-01   6.0119817e-01   2.0322864e+01   8.0108324e+00   3.0417172e+01
   4.0541184e-01   7.2526915e-01   8.0086073e-01   1.0000000e+00   7.9858364e-01   3.0033350e-01   5.0059191e-01   2.9927166e-01   3.0006830e-01   6.0062453e-01   1.6997517e+01   6.4386334e+00   3.4372103e+01
   3.0933799e-01   7.3811602e-01   7.9924238e-01   1.0000000e+00   7.9894749e-01   2.9897598e-01   4.9972432e-01   2.9923300e-01   3.0152136e-01   5.9952169e-01   1.3257775e+01   4.7038660e+00   4.0103133e+01
   1.8114483e-01   7.4860527e-01   8.0017870e-01   1.0000000e+00   7.9969758e-01   3.0048334e-01   4.9980966e-01   2.9935365e-01   3.0000632e-01   5.9991167e-01   7.7510718e+00   2.6029453e+00   4.6804760e+01
   0.0000000e+00   9.9774717e-01   7.9991648e-01   1.0000000e+00   7.9979512e-01   3.0011764e-01   4.9997480e-01   3.0009669e-01   3.0010616e-01   5.9996326e-01   0.0000000e+00   0.0000000e+00   5.6986006e+01
   1.0000000e+00   0.0000000e+00   7.9983753e-01   1.0000000e+00   7.9978079e-01   3.0008681e-01   5.0005395e-01   3.0007820e-01   3.0010955e-01   5.9993823e-01   0.0000000e+00   5.6985979e+01   0.0000000e+00
   9.5218567e-01   1.2260849e-01   8.0100467e-01   1.0000000e+00   8.0059096e-01   3.0028899e-01   4.9991014e-01   2.9955739e-01   3.0026946e-01   6.0083529e-01   6.7228120e+00   4.8108727e+01   2.7533843e+00
   9.1394764e-01   2.2098712e-01   8.0146084e-01   1.0000000e+00   7.9934037e-01   3.0043864e-01   5.0055638e-01   2.9921357e-01   3.0000705e-01   6.0063880e-01   1.1690747e+01   4.1211644e+01   4.9810025e+00
   8.7757851e-01   2.9876238e-01   8.0072357e-01   1.0000000e+00   7.9829906e-01   3.0140945e-01   5.0037835e-01   2.9927410e-01   3.0031372e-01   5.9907632e-01   1.5277527e+01   3.5858520e+01   7.1334369e+00
   8.4757768e-01   3.6206757e-01   7.9890841e-01   1.0000000e+00   7.9936261e-01   2.9994362e-01   5.0078692e-01   2.9929183e-01   2.9939591e-01   6.0036850e-01   1.7674664e+01   3.1141263e+01   8.7787082e+00
   7.8751347e-01   4.5695408e-01   8.0160381e-01   1.0000000e+00   7.9929687e-01   3.0046508e-01   5.0043719e-01   2.9922943e-01   3.0060880e-01   6.0187652e-01   2.1105694e+01   2.5082085e+01   1.2462366e+01
   7.6123015e-01   5.0130519e-01   8.0008417e-01   1.0000000e+00   7.9919092e-01   3.0027907e-01   5.0062161e-01   2.9939361e-01   3.0029768e-01   6.0062602e-01   2.1889087e+01   2.1775107e+01   1.3695849e+01
   7.2494446e-01   5.4367387e-01   8.0097944e-01   1.0000000e+00   7.9864435e-01   3.0051219e-01   5.0049149e-01   2.9977584e-01   2.9910078e-01   5.9976021e-01   2.2792589e+01   1.9130685e+01   1.5906362e+01
   6.9649993e-01   5.6250524e-01   8.0115446e-01   1.0000000e+00   7.9957559e-01   3.0095098e-01   4.9934042e-01   2.9944315e-01   2.9954577e-01   5.9992446e-01   2.2610266e+01   1.7585388e+01   1.7515269e+01
   5.7501176e-01   6.3086842e-01   8.0074195e-01   1.0000000e+00   7.9853070e-01   2.9875856e-01   5.0025786e-01   2.9901228e-01   2.9969908e-01   5.9986980e-01   2.1083748e+01   1.2336451e+01   2.4700698e+01
   5.2285098e-01   6.4984673e-01   8.0039751e-01   1.0000000e+00   8.0072936e-01   2.9925796e-01   4.9883524e-01   2.9921574e-01   3.0004127e-01   6.0109444e-01   1.9713603e+01   1.0622170e+01   2.7684149e+01
   4.6256979e-01   6.6770656e-01   8.0100582e-01   1.0000000e+00   8.0057027e-01   2.9876941e-01   4.9949047e-01   2.9912676e-01   2.9946850e-01   6.0081034e-01   1.7965303e+01   8.9406822e+00   3.1260340e+01
   3.8375804e-01   6.8447964e-01   8.0141571e-01   1.0000000e+00   7.9953458e-01   3.0013411e-01   5.0009903e-01   2.9973975e-01   2.9973203e-01   5.9969310e-01   1.5118662e+01   6.9691564e+00   3.5468808e+01
   2.8990028e-01   6.9934702e-01   8.0052744e-01   1.0000000e+00   7.9949395e-01   3.0061420e-01   4.9982592e-01   2.9922202e-01   2.9991635e-01   6.0031894e-01   1.1626080e+01   4.9981133e+00   4.0720331e+01
   1.6721554e-01   7.1076987e-01   8.0011723e-01   1.0000000e+00   7.9972805e-01   3.0012494e-01   5.0019769e-01   2.9918894e-01   3.0012777e-01   6.0001285e-01   6.7952987e+00   2.7651779e+00   4.7614094e+01
   0.0000000e+00   9.9774717e-01   7.9991648e-01   1.0000000e+00   7.9979512e-01   3.0011764e-01   4.9997480e-01   3.0009669e-01   3.0010616e-01   5.9996326e-01   0.0000000e+00   0.0000000e+00   5.6986006e+01
   1.0000000e+00   0.0000000e+00   7.9983753e-01   1.0000000e+00   7.9978079e-01   3.0008681e-01   5.0005395e-01   3.0007820e-01   3.0010955e-01   5.9993823e-01   0.0000000e+00   5.6985979e+01   0.0000000e+00
   9.4722462e-01   1.0872195e-01   8.0059990e-01   1.0000000e+00   8.0065251e-01   3.0021402e-01   5.0013091e-01   2.9955400e-01   3.0058037e-01   6.0068555e-01   5.9155195e+00   4.8494094e+01   3.0314753e+00
   9.0370642e-01   1.9756861e-01   8.0128911e-01   1.0000000e+00   7.9929834e-01   3.0042667e-01   5.0055696e-01   2.9917150e-01   2.9993058e-01   6.0046887e-01   1.0313739e+01   4.1889592e+01   5.5624763e+00
   8.6541940e-01   2.7281199e-01   8.0144187e-01   1.0000000e+00   7.9872984e-01   3.0101299e-01   5.0056197e-01   2.9923539e-01   2.9997637e-01   5.9957300e-01   1.3726203e+01   3.6587577e+01   7.8242511e+00
   8.3223135e-01   3.3355803e-01   7.9890376e-01   1.0000000e+00   7.9921835e-01   2.9918528e-01   5.0091301e-01   2.9926242e-01   2.9946620e-01   6.0018273e-01   1.6044641e+01   3.2056858e+01   9.6967309e+00
   7.9621455e-01   3.8498578e-01   8.0012684e-01   1.0000000e+00   7.9845992e-01   2.9982130e-01   5.0088618e-01   2.9943513e-01   2.9970333e-01   6.0020877e-01   1.7681515e+01   2.8246194e+01   1.1754871e+01
   7.6444106e-01   4.2867562e-01   8.0046356e-01   1.0000000e+00   8.0141944e-01   3.0067771e-01   5.0163447e-01   2.9924120e-01   3.0004296e-01   5.9885051e-01   1.9178257e+01   2.5560133e+01   1.3785926e+01
   6.9313770e-01   5.0071564e-01   8.0044844e-01   1.0000000e+00   7.9941311e-01   3.0093301e-01   4.9884413e-01   2.9933175e-01   2.9958497e-01   5.9990737e-01   2.0012830e+01   1.9955624e+01   1.7694625e+01
   6.5197094e-01   5.3354940e-01   8.0077715e-01   1.0000000e+00   7.9809321e-01   3.0003868e-01   5.0048978e-01   2.9924519e-01   3.0061747e-01   6.0148211e-01   2.0339722e+01   1.7781812e+01   2.0349682e+01
   6.1052266e-01   5.5909350e-01   8.0030505e-01   1.0000000e+00   7.9950642e-01   2.9931710e-01   5.0040614e-01   2.9955762e-01   2.9931532e-01   5.9900861e-01   1.9646690e+01   1.5493569e+01   2.2417406e+01
   5.0877214e-01   5.9879512e-01   8.0061355e-01   1.0000000e+00   7.9944142e-01   2.9891399e-01   4.9945343e-01   2.9924113e-01   3.0039438e-01   6.0048887e-01   1.7575424e+01   1.1775891e+01   2.8339177e+01
   4.4505937e-01   6.1913546e-01   8.0065895e-01   1.0000000e+00   7.9919405e-01   2.9920257e-01   4.9935879e-01   2.9921967e-01   3.0035868e-01   6.0017186e-01   1.5876095e+01   9.7662664e+00   3.1973237e+01
   3.7169557e-01   6.3683020e-01   8.0132154e-01   1.0000000e+00   7.9909954e-01   3.0005955e-01   5.0028281e-01   2.9922661e-01   2.9963571e-01   6.0020396e-01   1.3668950e+01   7.7950917e+00   3.6282252e+01
   2.7532373e-01   6.5546437e-01   8.0128902e-01   1.0000000e+00   7.9956047e-01   2.9982806e-01   5.0005555e-01   2.9925073e-01   3.0012857e-01   5.9944556e-01   1.0398203e+01   5.4656691e+00   4.1755106e+01
   1.5578798e-01   6.7444861e-01   8.0020674e-01   1.0000000e+00   7.9964179e-01   3.0025443e-01   5.0001938e-01   2.9924478e-01   2.9965136e-01   6.0032317e-01   6.0137635e+00   2.9027994e+00   4.8318681e+01
   0.0000000e+00   9.9774717e-01   7.9991648e-01   1.0000000e+00   7.9979512e-01   3.0011764e-01   4.9997480e-01   3.0009669e-01   3.0010616e-01   5.9996326e-01   0.0000000e+00   0.0000000e+00   5.6986006e+01
   1.0000000e+00   0.0000000e+00   7.9983753e-01   1.0000000e+00   7.9978079e-01   3.0008681e-01   5.0005395e-01   3.0007820e-01   3.0010955e-01   5.9993823e-01   0.0000000e+00   5.6985979e+01   0.0000000e+00
   9.4506626e-01   9.3316150e-02   8.0055462e-01   1.0000000e+00   8.0054359e-01   3.0028561e-01   4.9984726e-01   2.9923448e-01   3.0025971e-01   6.0075918e-01   5.0684991e+00   4.9246848e+01   3.1571811e+00
   8.9500243e-01   1.7488537e-01   8.0127532e-01   1.0000000e+00   7.9966419e-01   3.0038004e-01   5.0056344e-01   2.9911764e-01   2.9997538e-01   6.0063707e-01   9.0405544e+00   4.2653616e+01   6.0645223e+00
   8.5425801e-01   2.4969891e-01   8.0051070e-01   1.0000000e+00   7.9895593e-01   3.0117257e-01   5.0065831e-01   2.9924783e-01   3.0002692e-01   5.9933246e-01   1.2320694e+01   3.7021507e+01   8.4181015e+00
   8.1428422e-01   3.0737315e-01   8.0091397e-01   1.0000000e+00   7.9953352e-01   3.0054677e-01   5.0053116e-01   2.9933307e-01   2.9986387e-01   6.0000713e-01   1.4379458e+01   3.2402306e+01   1.0669631e+01
   7.7372394e-01   3.5656149e-01   8.0026938e-01   1.0000000e+00   7.9928766e-01   3.0009636e-01   5.0127206e-01   2.9928328e-01   2.9946842e-01   6.0073541e-01   1.5927663e+01   2.8742509e+01   1.3063820e+01
   7.3480327e-01   3.9388094e-01   8.0096293e-01   1.0000000e+00   7.9888546e-01   3.0002301e-01   4.9954357e-01   2.9922898e-01   2.9910070e-01   6.0111843e-01   1.6807690e+01   2.5864317e+01   1.5400689e+01
   6.9535342e-01   4.3755803e-01   8.0119624e-01   1.0000000e+00   7.9950414e-01   3.0013273e-01   4.9946517e-01   2.9922988e-01   2.9839808e-01   6.0014897e-01   1.7693614e+01   2.2743569e+01   1.7716242e+01
   6.5334023e-01   4.6899700e-01   8.0059265e-01   1.0000000e+00   7.9920635e-01   2.9963391e-01   4.9988391e-01   2.9919074e-01   2.9949986e-01   6.0033771e-01   1.7614489e+01   1.9943298e+01   1.9928015e+01
   6.0821364e-01   5.0042309e-01   8.0044509e-01   1.0000000e+00   7.9955247e-01   2.9980169e-01   4.9998463e-01   2.9917794e-01   2.9952441e-01   6.0017086e-01   1.7450250e+01   1.7420743e+01   2.2462468e+01
   5.5923756e-01   5.2461752e-01   8.0037771e-01   1.0000000e+00   7.9949090e-01   2.9964659e-01   5.0022627e-01   2.9951838e-01   2.9914712e-01   5.9990265e-01   1.6829526e+01   1.5250085e+01   2.5283508e+01
   5.0214907e-01   5.5089359e-01   8.0049698e-01   1.0000000e+00   7.9952274e-01   2.9967840e-01   5.0019642e-01   2.9937442e-01   2.9970808e-01   6.0000551e-01   1.5841747e+01   1.2914708e+01   2.8510315e+01
   4.3723858e-01   5.7352318e-01   8.0072225e-01   1.0000000e+00   7.9907331e-01   2.9904465e-01   4.9951213e-01   2.9924441e-01   3.0009417e-01   6.0015250e-01   1.4462775e+01   1.0754645e+01   3.2456859e+01
   3.5881212e-01   5.8944970e-01   8.0003765e-01   1.0000000e+00   7.9988696e-01   2.9919707e-01   4.9983850e-01   2.9916541e-01   3.0031030e-01   6.0009679e-01   1.2128384e+01   8.4473906e+00   3.6768373e+01
   2.6666205e-01   6.0963644e-01   8.0092953e-01   1.0000000e+00   7.9900562e-01   2.9942472e-01   5.0023777e-01   2.9922927e-01   2.9987834e-01   5.9943592e-01   9.3750557e+00   6.0030534e+00   4.2290797e+01
   1.5004118e-01   6.2222721e-01   8.0059936e-01   1.0000000e+00   7.9963574e-01   3.0032793e-01   5.0005712e-01   2.9923440e-01   2.9970471e-01   6.0053600e-01   5.3553790e+00   3.2514111e+00   4.8756065e+01
   0.0000000e+00   9.9774717e-01   7.9991648e-01   1.0000000e+00   7.9979512e-01   3.0011764e-01   4.9997480e-01   3.0009669e-01   3.0010616e-01   5.9996326e-01   0.0000000e+00   0.0000000e+00   5.6986006e+01
   1.0000000e+00   0.0000000e+00   7.9983753e-01   1.0000000e+00   7.9978079e-01   3.0008681e-01   5.0005395e-01   3.0007820e-01   3.0010955e-01   5.9993823e-01   0.0000000e+00   5.6985979e+01   0.0000000e+00
   8.8609112e-01   1.6421843e-01   8.0120309e-01   1.0000000e+00   7.9858070e-01   3.0096938e-01   5.0041535e-01   2.9929587e-01   3.0042673e-01   6.0121039e-01   8.4847591e+00   4.3182761e+01   6.6419684e+00
   8.3843351e-01   2.2972813e-01   8.0120985e-01   1.0000000e+00   7.9873335e-01   3.0164817e-01   5.0060789e-01   2.9921718e-01   2.9995226e-01   5.9924301e-01   1.1248132e+01   3.7714667e+01   9.4351517e+00
   7.9326274e-01   2.8642549e-01   7.9934288e-01   1.0000000e+00   7.9871539e-01   2.9906598e-01   5.0106956e-01   2.9928579e-01   2.9946562e-01   6.0004744e-01   1.3164218e+01   3.2796141e+01   1.1978022e+01
   7.5223579e-01   3.3198927e-01   8.0054717e-01   1.0000000e+00   8.0014029e-01   3.0089326e-01   5.0154507e-01   2.9920160e-01   2.9958974e-01   5.9964800e-01   1.4465113e+01   2.9105914e+01   1.4351007e+01
   7.0809443e-01   3.7337868e-01   8.0075254e-01   1.0000000e+00   7.9915929e-01   2.9986775e-01   5.0032154e-01   2.9920285e-01   2.9942669e-01   6.0082138e-01   1.5247241e+01   2.5588623e+01   1.6834218e+01
   6.6077499e-01   4.1219652e-01   8.0103651e-01   1.0000000e+00   7.9955229e-01   2.9991007e-01   4.9979291e-01   2.9922680e-01   2.9931627e-01   6.0040841e-01   1.5691301e+01   2.2376223e+01   1.9542896e+01
   6.1016674e-01   4.4613252e-01   8.0050019e-01   1.0000000e+00   7.9936303e-01   2.9989620e-01   5.0038126e-01   2.9921014e-01   2.9929113e-01   6.0044181e-01   1.5648578e+01   1.9427497e+01   2.2409973e+01
   5.5831213e-01   4.7624675e-01   8.0013802e-01   1.0000000e+00   7.9954995e-01   2.9938003e-01   5.0075825e-01   2.9959637e-01   2.9962650e-01   5.9990836e-01   1.5243694e+01   1.6764281e+01   2.5321919e+01
   4.3183149e-01   5.2351972e-01   8.0072602e-01   1.0000000e+00   7.9963824e-01   2.9922256e-01   4.9997713e-01   2.9922460e-01   3.0003915e-01   5.9993812e-01   1.2987925e+01   1.1820931e+01   3.2641460e+01
   3.5420059e-01   5.4390915e-01   7.9972710e-01   1.0000000e+00   7.9987781e-01   2.9915924e-01   4.9975167e-01   2.9922418e-01   3.0030025e-01   6.0012715e-01   1.1046863e+01   9.2632619e+00   3.7030616e+01
   1.4326871e-01   5.7629700e-01   8.0046730e-01   1.0000000e+00   7.9988531e-01   2.9997810e-01   5.0023794e-01   2.9914324e-01   3.0053608e-01   5.9972136e-01   4.7312658e+00   3.4785042e+00   4.9093532e+01
   0.0000000e+00   9.9774717e-01   7.9991648e-01   1.0000000e+00   7.9979512e-01   3.0011764e-01   4.9997480e-01   3.0009669e-01   3.0010616e-01   5.9996326e-01   0.0000000e+00   0.0000000e+00   5.6986006e+01
   9.3600922e-01   8.3160046e-02   7.9993473e-01   1.0000000e+00   8.0018313e-01   3.0036649e-01   5.0033967e-01   3.0073209e-01   3.0029506e-01   5.9970964e-01   4.4478487e+00   4.9037556e+01   3.6565588e+00
   8.7790242e-01   1.5278418e-01   8.0139316e-01   1.0000000e+00   7.9851147e-01   3.0095571e-01   5.0044166e-01   2.9921124e-01   3.0027040e-01   6.0141003e-01   7.8564868e+00   4.3565636e+01   7.1517254e+00
   7.2412193e-01   3.1214537e-01   8.0039902e-01   1.0000000e+00   7.9980733e-01   2.9995796e-01   5.0055555e-01   2.9921616e-01   2.9955602e-01   5.9977602e-01   1.2958130e+01   2.8554995e+01   1.5815791e+01
   6.7303484e-01   3.5002693e-01   8.0089346e-01   1.0000000e+00   8.0011497e-01   2.9992211e-01   4.9966391e-01   2.9921617e-01   2.9882545e-01   6.0153206e-01   1.3713875e+01   2.5465611e+01   1.9033676e+01
   6.1888156e-01   3.8653690e-01   8.0070122e-01   1.0000000e+00   7.9934086e-01   2.9987046e-01   5.0031339e-01   2.9922638e-01   2.9912338e-01   6.0020056e-01   1.3769814e+01   2.1853730e+01   2.1937622e+01
   5.6553922e-01   4.2128688e-01   8.0069206e-01   1.0000000e+00   7.9931457e-01   2.9993489e-01   5.0034891e-01   2.9927979e-01   2.9912654e-01   6.0018075e-01   1.3709649e+01   1.8832663e+01   2.4999784e+01
   4.9678955e-01   4.3867381e-01   7.9984003e-01   1.0000000e+00   7.9911253e-01   3.0002652e-01   5.0001232e-01   2.9928638e-01   2.9986456e-01   5.9913825e-01   1.2501331e+01   1.5996679e+01   2.8866341e+01
   4.3255935e-01   4.7236326e-01   8.0046100e-01   1.0000000e+00   7.9954907e-01   2.9929181e-01   4.9952737e-01   2.9922341e-01   2.9989178e-01   6.0031441e-01   1.1735782e+01   1.3109041e+01   3.2591972e+01
   3.5161871e-01   4.9918797e-01   7.9994897e-01   1.0000000e+00   7.9904665e-01   2.9917326e-01   4.9970617e-01   2.9922045e-01   2.9998592e-01   5.9932836e-01   1.0098269e+01   1.0131123e+01   3.7302792e+01
   2.5660951e-01   5.2542247e-01   8.0071891e-01   1.0000000e+00   7.9866307e-01   2.9983543e-01   5.0006064e-01   2.9922433e-01   3.0021144e-01   5.9958080e-01   7.7670508e+00   7.0154361e+00   4.2824447e+01
   1.4227509e-01   5.3753282e-01   8.0059012e-01   1.0000000e+00   7.9944569e-01   2.9950560e-01   5.0026126e-01   2.9942101e-01   3.0034669e-01   5.9952071e-01   4.3858427e+00   3.7733665e+00   4.9188911e+01
   0.0000000e+00   9.9774717e-01   7.9991648e-01   1.0000000e+00   7.9979512e-01   3.0011764e-01   4.9997480e-01   3.0009669e-01   3.0010616e-01   5.9996326e-01   0.0000000e+00   0.0000000e+00   5.6986006e+01
   1.0000000e+00   0.0000000e+00   7.9983681e-01   1.0000000e+00   7.9978737e-01   3.0006876e-01   5.0004744e-01   3.0007808e-01   3.0009663e-01   5.9993029e-01   0.0000000e+00   5.6985892e+01   0.0000000e+00
   9.2883072e-01   7.6105000e-02   7.9985321e-01   1.0000000e+00   8.0052029e-01   3.0008369e-01   5.0064929e-01   2.9993251e-01   3.0049002e-01   5.9943392e-01   4.0465567e+00   4.9124151e+01   4.0740695e+00
   8.6747376e-01   1.4238650e-01   8.0147071e-01   1.0000000e+00   7.9893902e-01   3.0111089e-01   5.0066576e-01   2.9926682e-01   3.0024567e-01   6.0096776e-01   7.2012893e+00   4.3374356e+01   7.7265737e+00
   8.0953153e-01   1.9927884e-01   8.0117781e-01   1.0000000e+00   7.9958167e-01   3.0075826e-01   5.0050016e-01   2.9922944e-01   2.9956646e-01   5.9999801e-01   9.3065425e+00   3.7394566e+01   1.0987946e+01
   7.5138958e-01   2.4279489e-01   7.9989623e-01   1.0000000e+00   7.9952952e-01   3.0025614e-01   5.0046751e-01   2.9919993e-01   2.9932600e-01   6.0045139e-01   1.0468325e+01   3.2647595e+01   1.4265658e+01
   6.9248576e-01   2.8894380e-01   8.0053904e-01   1.0000000e+00   7.9984126e-01   3.0031371e-01   5.0084392e-01   2.9919690e-01   2.9931081e-01   5.9967845e-01   1.1510647e+01   2.8326328e+01   1.7690525e+01
   6.3725273e-01   3.2854813e-01   8.0044005e-01   1.0000000e+00   7.9855682e-01   3.0008428e-01   5.0073578e-01   2.9922018e-01   3.0010305e-01   6.0202597e-01   1.2246639e+01   2.5028383e+01   2.1218289e+01
   5.0875130e-01   3.9716577e-01   7.9974986e-01   1.0000000e+00   7.9858990e-01   3.0066285e-01   4.9986361e-01   2.9918492e-01   3.0009772e-01   5.9968865e-01   1.1627213e+01   1.7648253e+01   2.8268300e+01
   4.3506509e-01   4.2367216e-01   8.0014144e-01   1.0000000e+00   7.9894155e-01   2.9977563e-01   4.9970354e-01   2.9922590e-01   3.0004241e-01   5.9928182e-01   1.0587958e+01   1.4402965e+01   3.2450880e+01
   2.5817769e-01   4.7842296e-01   8.0061627e-01   1.0000000e+00   7.9861659e-01   3.0005622e-01   5.0073731e-01   2.9937710e-01   3.0016093e-01   5.9965934e-01   7.1181933e+00   7.7602591e+00   4.2750278e+01
   0.0000000e+00   9.9918828e-01   7.9990351e-01   1.0000000e+00   7.9980830e-01   3.0013257e-01   4.9997222e-01   3.0012255e-01   3.0010310e-01   5.9996067e-01   0.0000000e+00   0.0000000e+00   5.6985683e+01
   1.0000000e+00   0.0000000e+00   7.9983695e-01   1.0000000e+00   7.9978737e-01   3.0006875e-01   5.0004746e-01   3.0007808e-01   3.0009662e-01   5.9993028e-01   0.0000000e+00   5.6985892e+01   0.0000000e+00
   9.2215601e-01   6.9557062e-02   7.9962954e-01   1.0000000e+00   7.9983065e-01   2.9994957e-01   5.0049159e-01   3.0032301e-01   3.0081584e-01   5.9982083e-01   3.6663734e+00   4.9043923e+01   4.4495506e+00
   8.5507296e-01   1.3215002e-01   8.0143209e-01   1.0000000e+00   7.9862508e-01   3.0130726e-01   5.0042397e-01   2.9923146e-01   3.0030068e-01   6.0046254e-01   6.5885136e+00   4.3267806e+01   8.4501897e+00
   7.2275174e-01   2.2965151e-01   7.9958352e-01   1.0000000e+00   7.9918615e-01   3.0034854e-01   5.0029187e-01   2.9944941e-01   2.9967903e-01   6.0052319e-01   9.5103271e+00   3.1901667e+01   1.5885681e+01
   6.5851981e-01   2.7540584e-01   8.0058893e-01   1.0000000e+00   7.9996428e-01   3.0023490e-01   5.0091103e-01   2.9921329e-01   2.9954987e-01   5.9986716e-01   1.0424553e+01   2.7427052e+01   1.9628222e+01
   5.9348607e-01   3.1448914e-01   8.0104435e-01   1.0000000e+00   7.9859700e-01   3.0036600e-01   5.0065083e-01   2.9934172e-01   2.9922596e-01   5.9999553e-01   1.0813988e+01   2.3571900e+01   2.3552942e+01
   5.1963503e-01   3.4508009e-01   8.0100200e-01   1.0000000e+00   7.9869402e-01   3.0039788e-01   5.0102631e-01   2.9925075e-01   2.9916561e-01   6.0007322e-01   1.0410013e+01   1.9756935e+01   2.7887159e+01
   4.4634364e-01   3.8136223e-01   7.9997362e-01   1.0000000e+00   7.9909041e-01   2.9959507e-01   4.9962419e-01   2.9922296e-01   3.0150561e-01   5.9896015e-01   9.8580237e+00   1.5991479e+01   3.2064400e+01
   3.5819227e-01   4.0553189e-01   7.9939213e-01   1.0000000e+00   7.9875796e-01   2.9929355e-01   4.9970461e-01   2.9922420e-01   2.9976555e-01   5.9934272e-01   8.3745510e+00   1.2276232e+01   3.7002004e+01
   2.6046196e-01   4.3523241e-01   8.0066073e-01   1.0000000e+00   7.9857070e-01   2.9929995e-01   4.9979066e-01   2.9929166e-01   3.0017207e-01   5.9914252e-01   6.5558189e+00   8.5069816e+00   4.2768296e+01
   1.3975406e-01   4.4171405e-01   8.0049223e-01   1.0000000e+00   7.9987985e-01   2.9970570e-01   5.0035463e-01   2.9909525e-01   3.0023158e-01   5.9950805e-01   3.5411452e+00   4.4756820e+00   4.9346997e+01
   0.0000000e+00   9.9918828e-01   7.9990351e-01   1.0000000e+00   7.9980830e-01   3.0013257e-01   4.9997222e-01   3.0012255e-01   3.0010310e-01   5.9996067e-01   0.0000000e+00   0.0000000e+00   5.6985683e+01
   1.0000000e+00   0.0000000e+00   7.9983695e-01   1.0000000e+00   7.9978737e-01   3.0006875e-01   5.0004746e-01   3.0007808e-01   3.0009662e-01   5.9993028e-01   0.0000000e+00   5.6985892e+01   0.0000000e+00
   9.1559648e-01   6.4252235e-02   7.9982979e-01   1.0000000e+00   8.0048767e-01   2.9986961e-01   5.0056154e-01   3.0011929e-01   3.0068158e-01   5.9958187e-01   3.3668637e+00   4.9033861e+01   4.8305182e+00
   7.6314682e-01   1.7296351e-01   8.0083935e-01   1.0000000e+00   7.9964296e-01   3.0079333e-01   5.0037268e-01   2.9918822e-01   2.9972027e-01   6.0012430e-01   7.5908506e+00   3.6296156e+01   1.3620940e+01
   6.9393881e-01   2.2215185e-01   7.9979656e-01   1.0000000e+00   7.9904836e-01   3.0025274e-01   5.0027432e-01   2.9924180e-01   2.9959365e-01   6.0049940e-01   8.8467639e+00   3.0976284e+01   1.7563925e+01
   2.6695009e-01   3.9186041e-01   8.0072239e-01   1.0000000e+00   7.9904114e-01   3.0008307e-01   5.0011632e-01   2.9922789e-01   3.0060796e-01   5.9936673e-01   6.0185611e+00   9.3403805e+00   4.2175938e+01
   1.4287223e-01   4.2725238e-01   8.0055587e-01   1.0000000e+00   7.9890996e-01   2.9955981e-01   5.0079978e-01   2.9922385e-01   3.0018332e-01   5.9960668e-01   3.5171277e+00   4.7148397e+00   4.9385719e+01
   0.0000000e+00   9.9918828e-01   7.9990351e-01   1.0000000e+00   7.9980830e-01   3.0013257e-01   4.9997222e-01   3.0012255e-01   3.0010310e-01   5.9996067e-01   0.0000000e+00   0.0000000e+00   5.6985683e+01
   1.0000000e+00   0.0000000e+00   7.9983695e-01   1.0000000e+00   7.9978737e-01   3.0006875e-01   5.0004746e-01   3.0007808e-01   3.0009662e-01   5.9993028e-01   0.0000000e+00   5.6985892e+01   0.0000000e+00
   9.0726369e-01   5.7506611e-02   8.0000479e-01   1.0000000e+00   8.0040406e-01   3.0049314e-01   5.0039361e-01   2.9994914e-01   3.0061337e-01   6.0018260e-01   2.9831964e+00   4.8892517e+01   5.3024960e+00
   8.1912324e-01   1.1348703e-01   8.0075766e-01   1.0000000e+00   7.9881151e-01   3.0100707e-01   5.0008990e-01   2.9943776e-01   3.0063251e-01   6.0004536e-01   5.3607906e+00   4.1876240e+01   1.0430764e+01
   7.3472850e-01   1.5973574e-01   8.0081755e-01   1.0000000e+00   7.9979518e-01   3.0077031e-01   5.0039278e-01   2.9919741e-01   2.9994498e-01   6.0013923e-01   6.7439417e+00   3.5475423e+01   1.5243174e+01
   6.5680339e-01   2.1125573e-01   8.0036561e-01   1.0000000e+00   7.9940474e-01   3.0036634e-01   5.0042579e-01   2.9921741e-01   2.9932835e-01   6.0031105e-01   7.9677446e+00   2.9748366e+01   1.9707635e+01
   4.8060739e-01   2.8130152e-01   8.0089918e-01   1.0000000e+00   7.9858944e-01   3.0046894e-01   5.0076710e-01   2.9922179e-01   2.9898514e-01   6.0005547e-01   7.8493012e+00   2.0054214e+01   3.0155340e+01
   3.8257262e-01   3.1775330e-01   7.9979517e-01   1.0000000e+00   7.9952983e-01   2.9956825e-01   5.0003832e-01   2.9921696e-01   2.9977474e-01   5.9957261e-01   6.9613164e+00   1.4946612e+01   3.5356829e+01
   2.7684925e-01   3.4596083e-01   8.0086276e-01   1.0000000e+00   7.9873749e-01   2.9986828e-01   4.9967477e-01   2.9922639e-01   3.0058569e-01   5.9884143e-01   5.5458361e+00   1.0484407e+01   4.1872182e+01
   1.5118050e-01   3.7450528e-01   8.0041197e-01   1.0000000e+00   7.9917299e-01   2.9960876e-01   5.0006715e-01   2.9921630e-01   2.9982106e-01   5.9909785e-01   3.2554823e+00   5.4372717e+00   4.8806422e+01
   0.0000000e+00   9.9918828e-01   7.9990351e-01   1.0000000e+00   7.9980830e-01   3.0013257e-01   4.9997222e-01   3.0012255e-01   3.0010310e-01   5.9996067e-01   0.0000000e+00   0.0000000e+00   5.6985683e+01
   1.0000000e+00   0.0000000e+00   7.9983695e-01   1.0000000e+00   7.9978737e-01   3.0006875e-01   5.0004746e-01   3.0007808e-01   3.0009662e-01   5.9993028e-01   0.0000000e+00   5.6985892e+01   0.0000000e+00
   8.9534137e-01   5.7962099e-02   7.9972225e-01   1.0000000e+00   8.0037737e-01   3.0043658e-01   5.0045493e-01   3.0040525e-01   3.0052443e-01   5.9995459e-01   2.9663385e+00   4.8210871e+01   5.9822282e+00
   7.9963222e-01   1.0978034e-01   8.0050588e-01   1.0000000e+00   7.9872216e-01   3.0113153e-01   5.0001763e-01   2.9927780e-01   3.0067982e-01   5.9986884e-01   5.0678341e+00   4.1095570e+01   1.1567391e+01
   6.0915174e-01   1.9793185e-01   8.0021194e-01   1.0000000e+00   7.9916344e-01   2.9997375e-01   5.0078276e-01   2.9921288e-01   2.9966863e-01   6.0055426e-01   6.9318708e+00   2.8089631e+01   2.2470744e+01
   5.1161232e-01   2.3579563e-01   7.9923044e-01   1.0000000e+00   7.9882440e-01   3.0045638e-01   5.0075553e-01   2.9915869e-01   2.9916071e-01   6.0074268e-01   6.9822228e+00   2.2629110e+01   2.8267127e+01
   4.0448045e-01   2.7047830e-01   7.9980277e-01   1.0000000e+00   8.0002425e-01   2.9963248e-01   5.0006921e-01   2.9903126e-01   2.9954346e-01   5.9953989e-01   6.2749069e+00   1.6924392e+01   3.4156498e+01
   2.8968353e-01   3.0164831e-01   8.0085454e-01   1.0000000e+00   7.9944971e-01   3.0005152e-01   5.0185020e-01   2.9922773e-01   2.9978623e-01   6.0107982e-01   5.0956268e+00   1.1796982e+01   4.1421403e+01
   1.5547959e-01   3.3012349e-01   8.0027498e-01   1.0000000e+00   7.9923136e-01   2.9993298e-01   5.0043082e-01   2.9923620e-01   3.0040787e-01   5.9937216e-01   2.9446442e+00   5.9751821e+00   4.8449931e+01
   0.0000000e+00   9.9918828e-01   7.9990351e-01   1.0000000e+00   7.9980830e-01   3.0013257e-01   4.9997222e-01   3.0012255e-01   3.0010310e-01   5.9996067e-01   0.0000000e+00   0.0000000e+00   5.6985683e+01
   1.0000000e+00   0.0000000e+00   7.9983695e-01   1.0000000e+00   7.9978737e-01   3.0006875e-01   5.0004746e-01   3.0007808e-01   3.0009662e-01   5.9993028e-01   0.0000000e+00   5.6985892e+01   0.0000000e+00
   8.8143303e-01   5.1254807e-02   7.9970011e-01   1.0000000e+00   8.0028157e-01   3.0030913e-01   5.0021544e-01   3.0014690e-01   3.0048978e-01   6.0011472e-01   2.5786991e+00   4.7732662e+01   6.7676900e+00
   7.6928020e-01   1.0495271e-01   8.0108107e-01   1.0000000e+00   7.9872660e-01   3.0104341e-01   5.0070426e-01   2.9925138e-01   2.9990387e-01   6.0150164e-01   4.7176611e+00   4.0232688e+01   1.3481350e+01
   6.6161443e-01   1.4954803e-01   8.0060685e-01   1.0000000e+00   7.9888700e-01   3.0019458e-01   5.0011467e-01   2.9914729e-01   2.9923108e-01   6.0069901e-01   5.7114753e+00   3.2480104e+01   1.9533249e+01
   5.5124048e-01   1.9143697e-01   8.0015523e-01   1.0000000e+00   7.9927591e-01   3.0026484e-01   5.0057221e-01   2.9921128e-01   2.9993729e-01   6.0056025e-01   6.0544390e+00   2.5571840e+01   2.5746646e+01
   4.3718375e-01   2.2604725e-01   8.0016839e-01   1.0000000e+00   7.9919531e-01   2.9997291e-01   5.0066302e-01   2.9937263e-01   2.9934443e-01   6.0044772e-01   5.6770294e+00   1.9437319e+01   3.2331403e+01
   3.1067481e-01   2.6009243e-01   8.0101076e-01   1.0000000e+00   8.0012316e-01   3.0035987e-01   5.0134325e-01   2.9922606e-01   2.9894002e-01   6.0056376e-01   4.6969447e+00   1.3361807e+01   4.0068754e+01
   1.5935976e-01   2.6140900e-01   7.9991788e-01   1.0000000e+00   7.9949624e-01   2.9897844e-01   4.9999801e-01   2.9922844e-01   3.0098034e-01   5.9974496e-01   2.3982497e+00   6.7760700e+00   4.8395545e+01
   1.0000000e+00   0.0000000e+00   7.9983695e-01   1.0000000e+00   7.9978737e-01   3.0006875e-01   5.0004746e-01   3.0007808e-01   3.0009662e-01   5.9993028e-01   0.0000000e+00   5.6985892e+01   0.0000000e+00
   6.0660265e-01   1.3588972e-01   8.0046701e-01   1.0000000e+00   7.9933823e-01   3.0031117e-01   5.0080933e-01   2.9922355e-01   2.9952974e-01   5.9957963e-01   4.7392043e+00   3.0136165e+01   2.2617570e+01
   4.7721576e-01   1.7772030e-01   8.0030854e-01   1.0000000e+00   7.9913288e-01   3.0060629e-01   5.0067151e-01   2.9920324e-01   2.9931763e-01   6.0055186e-01   4.8867003e+00   2.2609878e+01   3.0122178e+01
   1.7990618e-01   2.5078130e-01   8.0008594e-01   1.0000000e+00   7.9959421e-01   2.9928215e-01   4.9991816e-01   2.9923266e-01   3.0089326e-01   5.9978751e-01   2.5906245e+00   7.7395897e+00   4.7089792e+01
   1.0000000e+00   0.0000000e+00   7.9983695e-01   1.0000000e+00   7.9978737e-01   3.0006875e-01   5.0004746e-01   3.0007808e-01   3.0009662e-01   5.9993028e-01   0.0000000e+00   5.6985892e+01   0.0000000e+00
   8.4155204e-01   5.0367075e-02   8.0005935e-01   1.0000000e+00   8.0044024e-01   3.0043962e-01   5.0036491e-01   2.9991486e-01   3.0052488e-01   6.0023417e-01   2.4232193e+00   4.5687959e+01   9.0584037e+00
   6.9079989e-01   9.5447421e-02   7.9991772e-01   1.0000000e+00   7.9892054e-01   3.0133963e-01   5.0086740e-01   2.9900001e-01   3.0054538e-01   6.0119238e-01   3.8367417e+00   3.6360696e+01   1.7992261e+01
   5.3793214e-01   1.3633898e-01   8.0074100e-01   1.0000000e+00   7.9936435e-01   3.0028032e-01   5.0082984e-01   2.9922391e-01   2.9964413e-01   5.9966295e-01   4.2200269e+00   2.6732435e+01   2.6587253e+01
   3.7104255e-01   1.5453803e-01   8.0026814e-01   1.0000000e+00   7.9901806e-01   3.0008772e-01   5.0085159e-01   2.9920072e-01   2.9943784e-01   6.0042573e-01   3.3022351e+00   1.8066195e+01   3.6221812e+01
   2.0062865e-01   2.0543813e-01   7.9959267e-01   1.0000000e+00   7.9957472e-01   2.9862436e-01   4.9948980e-01   2.9922888e-01   3.0022675e-01   6.0040099e-01   2.3776954e+00   9.1960830e+00   4.6113787e+01
   0.0000000e+00   1.0000000e+00   7.9990325e-01   1.0000000e+00   7.9980786e-01   3.0013556e-01   4.9997406e-01   3.0010707e-01   3.0010264e-01   5.9995270e-01   0.0000000e+00   0.0000000e+00   5.6985598e+01
   1.0000000e+00   0.0000000e+00   7.9983695e-01   1.0000000e+00   7.9978737e-01   3.0006875e-01   5.0004746e-01   3.0007808e-01   3.0009662e-01   5.9993028e-01   0.0000000e+00   5.6985892e+01   0.0000000e+00
   8.1358300e-01   4.6655310e-02   8.0005199e-01   1.0000000e+00   8.0100405e-01   3.0018854e-01   5.0041174e-01   2.9993323e-01   3.0055513e-01   6.0028905e-01   2.1772827e+00   4.4490133e+01   1.0692947e+01
   6.1619916e-01   6.4842107e-02   8.0046752e-01   1.0000000e+00   7.9934363e-01   3.0018815e-01   5.0074851e-01   2.9922401e-01   2.9866068e-01   5.9946079e-01   2.3106827e+00   3.3324845e+01   2.2195657e+01
   4.3249766e-01   1.2423427e-01   8.0065603e-01   1.0000000e+00   7.9904648e-01   3.0014946e-01   5.0088325e-01   2.9905662e-01   2.9930803e-01   6.0069651e-01   3.1080443e+00   2.1909565e+01   3.2826887e+01
   2.2793803e-01   1.6156269e-01   8.0006304e-01   1.0000000e+00   8.0070735e-01   2.9983826e-01   4.9909728e-01   2.9922356e-01   3.0117572e-01   6.0000318e-01   2.1246680e+00   1.1026066e+01   4.4543604e+01
   0.0000000e+00   1.0000000e+00   7.9990325e-01   1.0000000e+00   7.9980786e-01   3.0013556e-01   4.9997406e-01   3.0010707e-01   3.0010264e-01   5.9995270e-01   0.0000000e+00   0.0000000e+00   5.6985598e+01
   7.6408420e-01   4.4433711e-02   8.0060131e-01   1.0000000e+00   7.9956970e-01   3.0031513e-01   5.0034046e-01   2.9961860e-01   3.0073672e-01   6.0030282e-01   1.9451932e+00   4.1832226e+01   1.3516554e+01
   5.2153466e-01   8.3386259e-02   8.0126607e-01   1.0000000e+00   7.9920344e-01   3.0092447e-01   5.0061979e-01   2.9922145e-01   2.9985346e-01   6.0084986e-01   2.5222651e+00   2.7725705e+01   2.7750036e+01
   2.7000561e-01   1.0948272e-01   7.9932866e-01   1.0000000e+00   8.0013275e-01   2.9918652e-01   4.9941781e-01   2.9922842e-01   3.0120439e-01   6.0047972e-01   1.7066100e+00   1.3881329e+01   4.2143971e+01
   6.7837468e-01   3.9588796e-02   8.0089312e-01   1.0000000e+00   7.9955172e-01   3.0038714e-01   5.0038418e-01   2.9980344e-01   3.0084324e-01   6.0016895e-01   1.5414908e+00   3.7396061e+01   1.8460746e+01
   3.5146896e-01   7.9845464e-02   7.9937593e-01   1.0000000e+00   8.0073480e-01   2.9895670e-01   5.0023798e-01   2.9924003e-01   3.0128077e-01   6.0006927e-01   1.6242222e+00   1.8717850e+01   3.7535221e+01
   0.0000000e+00   1.0000000e+00   7.9990325e-01   1.0000000e+00   7.9980786e-01   3.0013556e-01   4.9997406e-01   3.0010707e-01   3.0010264e-01   5.9995270e-01   0.0000000e+00   0.0000000e+00   5.6985598e+01
   1.0000000e+00   0.0000000e+00   7.9983695e-01   1.0000000e+00   7.9978737e-01   3.0006875e-01   5.0004746e-01   3.0007808e-01   3.0009662e-01   5.9993028e-01   0.0000000e+00   5.6985892e+01   0.0000000e+00
   5.1108758e-01   3.3810316e-02   8.0053918e-01   1.0000000e+00   7.9950641e-01   3.0031575e-01   5.0059482e-01   2.9933534e-01   3.0068879e-01   6.0051737e-01   9.9236349e-01   2.8358545e+01   2.8077426e+01
   0.0000000e+00   1.0000000e+00   7.9990325e-01   1.0000000e+00   7.9980786e-01   3.0013556e-01   4.9997406e-01   3.0010707e-01   3.0010264e-01   5.9995270e-01   0.0000000e+00   0.0000000e+00   5.6985598e+01
   1.0000000e+00   0.0000000e+00   7.9983652e-01   1.0000000e+00   7.9978748e-01   3.0006861e-01   5.0004754e-01   3.0007808e-01   3.0009664e-01   5.9993006e-01   0.0000000e+00   5.6985896e+01   0.0000000e+00
   0.0000000e+00   1.0000000e+00   7.9990325e-01   1.0000000e+00   7.9980786e-01   3.0013556e-01   4.9997406e-01   3.0010707e-01   3.0010264e-01   5.9995270e-01   0.0000000e+00   0.0000000e+00   5.6985598e+01
   5.0205205e-01   0.0000000e+00   8.0077621e-01   1.0000000e+00   7.9947783e-01   3.0054552e-01   5.0046229e-01   2.9962614e-01   3.0101794e-01   6.0042493e-01   0.0000000e+00   2.8876914e+01   2.8640855e+01
