   1.0000000e+00   5.0358621e-01   1.0000000e+00   4.0124229e-01   5.0100542e-01   1.9924320e-01   8.9960756e-01   3.9702148e-01   9.9822735e-01   1.0000000e+00   5.3322770e+01   5.2563311e+01   0.0000000e+00
   1.0000000e+00   1.0000000e+00   1.0000000e+00   4.0044465e-01   4.9984167e-01   1.9928090e-01   8.9938461e-01   4.0018797e-01   1.0000000e+00   1.0000000e+00   1.0320912e+02   0.0000000e+00   0.0000000e+00
   1.0000000e+00   1.0000000e+00   1.0000000e+00   4.0044465e-01   4.9984167e-01   1.9928090e-01   8.9938461e-01   4.0018797e-01   1.0000000e+00   1.0000000e+00   1.0320912e+02   0.0000000e+00   0.0000000e+00
   1.0000000e+00   1.0000000e+00   1.0000000e+00   4.0055529e-01   4.9987330e-01   1.9953076e-01   8.9958329e-01   3.9998025e-01   9.9952160e-01   1.0000000e+00   1.0312337e+02   0.0000000e+00   0.0000000e+00
   1.0000000e+00   1.0000000e+00   1.0000000e+00   4.0055529e-01   4.9987330e-01   1.9953076e-01   8.9958329e-01   3.9998025e-01   9.9952160e-01   1.0000000e+00   1.0312337e+02   0.0000000e+00   0.0000000e+00
   1.0000000e+00   1.0000000e+00   1.0000000e+00   4.0055529e-01   4.9987330e-01   1.9953076e-01   8.9958329e-01   3.9998025e-01   9.9952160e-01   1.0000000e+00   1.0312337e+02   0.0000000e+00   0.0000000e+00
   1.0000000e+00   1.0000000e+00   1.0000000e+00   4.0055529e-01   4.9987330e-01   1.9953076e-01   8.9958329e-01   3.9998025e-01   9.9952160e-01   1.0000000e+00   1.0312337e+02   0.0000000e+00   0.0000000e+00
   1.0000000e+00   1.0000000e+00   1.0000000e+00   4.0055529e-01   4.9987330e-01   1.9953076e-01   8.9958329e-01   3.9998025e-01   9.9952160e-01   1.0000000e+00   1.0312337e+02   0.0000000e+00   0.0000000e+00
   1.0000000e+00   1.0000000e+00   1.0000000e+00   3.9974456e-01   4.9972071e-01   1.9925710e-01   8.9932889e-01   4.0025256e-01   9.9951318e-01   1.0000000e+00   1.0322786e+02   0.0000000e+00   0.0000000e+00
   1.0000000e+00   1.0000000e+00   1.0000000e+00   3.9974456e-01   4.9972071e-01   1.9925710e-01   8.9932889e-01   4.0025256e-01   9.9951318e-01   1.0000000e+00   1.0322786e+02   0.0000000e+00   0.0000000e+00
   1.0000000e+00   1.0000000e+00   1.0000000e+00   3.9974456e-01   4.9972071e-01   1.9925710e-01   8.9932889e-01   4.0025256e-01   9.9951318e-01   1.0000000e+00   1.0322786e+02   0.0000000e+00   0.0000000e+00
   1.0000000e+00   1.0000000e+00   1.0000000e+00   3.9974456e-01   4.9972071e-01   1.9925710e-01   8.9932889e-01   4.0025256e-01   9.9951318e-01   1.0000000e+00   1.0322786e+02   0.0000000e+00   0.0000000e+00
   1.0000000e+00   1.0000000e+00   1.0000000e+00   3.9974456e-01   4.9972071e-01   1.9925710e-01   8.9932889e-01   4.0025256e-01   9.9951318e-01   1.0000000e+00   1.0322786e+02   0.0000000e+00   0.0000000e+00
   1.0000000e+00   1.0000000e+00   1.0000000e+00   3.9974456e-01   4.9972071e-01   1.9925710e-01   8.9932889e-01   4.0025256e-01   9.9951318e-01   1.0000000e+00   1.0322786e+02   0.0000000e+00   0.0000000e+00
   1.0000000e+00   1.0000000e+00   1.0000000e+00   3.9974456e-01   4.9972071e-01   1.9925710e-01   8.9932889e-01   4.0025256e-01   9.9951318e-01   1.0000000e+00   1.0322786e+02   0.0000000e+00   0.0000000e+00
   1.0000000e+00   1.0000000e+00   1.0000000e+00   3.9974456e-01   4.9972071e-01   1.9925710e-01   8.9932889e-01   4.0025256e-01   9.9951318e-01   1.0000000e+00   1.0322786e+02   0.0000000e+00   0.0000000e+00
   1.0000000e+00   1.0000000e+00   1.0000000e+00   3.9974749e-01   4.9971996e-01   1.9925818e-01   8.9933582e-01   4.0025330e-01   9.9950670e-01   1.0000000e+00   1.0322660e+02   0.0000000e+00   0.0000000e+00
   1.0000000e+00   1.0000000e+00   1.0000000e+00   3.9974749e-01   4.9971996e-01   1.9925818e-01   8.9933582e-01   4.0025330e-01   9.9950670e-01   1.0000000e+00   1.0322660e+02   0.0000000e+00   0.0000000e+00
   1.0000000e+00   1.0000000e+00   1.0000000e+00   3.9974749e-01   4.9971996e-01   1.9925818e-01   8.9933582e-01   4.0025330e-01   9.9950670e-01   1.0000000e+00   1.0322660e+02   0.0000000e+00   0.0000000e+00
   1.0000000e+00   1.0000000e+00   1.0000000e+00   3.9974749e-01   4.9971996e-01   1.9925818e-01   8.9933582e-01   4.0025330e-01   9.9950670e-01   1.0000000e+00   1.0322660e+02   0.0000000e+00   0.0000000e+00
   1.0000000e+00   1.0000000e+00   1.0000000e+00   3.9974749e-01   4.9971996e-01   1.9925818e-01   8.9933582e-01   4.0025330e-01   9.9950670e-01   1.0000000e+00   1.0322660e+02   0.0000000e+00   0.0000000e+00
   1.0000000e+00   1.0000000e+00   1.0000000e+00   3.9974749e-01   4.9971996e-01   1.9925818e-01   8.9933582e-01   4.0025330e-01   9.9950670e-01   1.0000000e+00   1.0322660e+02   0.0000000e+00   0.0000000e+00
   5.0024154e-01   1.0000000e+00   1.0000000e+00   4.0031227e-01   4.0056427e-01   1.9914197e-01   9.0015783e-01   3.9913932e-01   9.9999736e-01   1.0000000e+00   5.2246328e+01   0.0000000e+00   5.2195874e+01
   9.7980256e-01   4.9935616e-01   1.0000000e+00   4.0102944e-01   5.0171987e-01   1.9893260e-01   8.9941862e-01   3.9838543e-01   9.9818964e-01   1.0000000e+00   5.1419215e+01   5.1551809e+01   2.1226221e+00
   9.7130632e-01   6.6770031e-01   1.0000000e+00   4.0140387e-01   4.9971072e-01   1.9949036e-01   8.9875593e-01   3.9904051e-01   9.9925868e-01   1.0000000e+00   6.7383858e+01   3.3535457e+01   2.9812905e+00
   9.7069477e-01   7.5118956e-01   1.0000000e+00   4.0127859e-01   4.9995049e-01   1.9942262e-01   8.9882683e-01   3.9902484e-01   9.9915017e-01   1.0000000e+00   7.5718173e+01   2.5079518e+01   3.0430776e+00
   9.6238523e-01   8.0102132e-01   1.0000000e+00   4.0143249e-01   4.9975837e-01   1.9947122e-01   8.9899667e-01   3.9904202e-01   9.9867404e-01   1.0000000e+00   8.0178891e+01   1.9916935e+01   3.9122397e+00
   9.6455845e-01   8.3529511e-01   1.0000000e+00   4.0152462e-01   4.9976294e-01   1.9958947e-01   8.9888066e-01   3.9887263e-01   9.9872402e-01   1.0000000e+00   8.3890354e+01   1.6541640e+01   3.6902533e+00
   9.5607882e-01   8.5940716e-01   1.0000000e+00   4.0134751e-01   4.9988738e-01   1.9952518e-01   8.9953422e-01   3.9941405e-01   9.9876226e-01   1.0000000e+00   8.5182157e+01   1.3935189e+01   4.5533387e+00
   9.4754146e-01   8.9285076e-01   1.0000000e+00   4.0127097e-01   4.9989736e-01   2.0018291e-01   8.9980291e-01   3.9900099e-01   9.9881059e-01   1.0000000e+00   8.7698050e+01   1.0524468e+01   5.4378726e+00
   9.3951077e-01   9.0966569e-01   1.0000000e+00   4.0045858e-01   4.0006885e-01   1.9927152e-01   8.9986390e-01   3.9951226e-01   9.9895610e-01   1.0000000e+00   8.9173776e+01   8.8553981e+00   6.3114858e+00
   9.3432726e-01   9.1655573e-01   1.0000000e+00   4.0045791e-01   3.9970558e-01   1.9927291e-01   8.9986150e-01   3.9951281e-01   9.9890072e-01   1.0000000e+00   8.9388220e+01   8.1380048e+00   6.8550014e+00
   9.2938441e-01   9.2393950e-01   1.0000000e+00   4.0047467e-01   4.0010643e-01   1.9932822e-01   9.0009855e-01   3.9951772e-01   9.9892403e-01   1.0000000e+00   8.9605563e+01   7.3765044e+00   7.3687977e+00
   9.2241886e-01   9.2949276e-01   1.0000000e+00   4.0038507e-01   4.0016617e-01   1.9923288e-01   8.9987754e-01   3.9987764e-01   9.9883288e-01   1.0000000e+00   8.9456361e+01   6.7857665e+00   8.0945594e+00
   9.1510511e-01   9.3417593e-01   1.0000000e+00   4.0020979e-01   4.0089483e-01   1.9898214e-01   9.0002456e-01   3.9939239e-01   9.9912411e-01   1.0000000e+00   8.9386256e+01   6.2983500e+00   8.8767229e+00
   9.0677573e-01   9.3796647e-01   1.0000000e+00   4.0026088e-01   4.0057687e-01   1.9899950e-01   9.0010953e-01   3.9937042e-01   9.9908539e-01   1.0000000e+00   8.8876269e+01   5.8779382e+00   9.7415396e+00
   8.9450080e-01   9.4340528e-01   1.0000000e+00   4.0020440e-01   4.0079917e-01   1.9913738e-01   9.0002304e-01   3.9910877e-01   9.9887893e-01   1.0000000e+00   8.8291080e+01   5.2965666e+00   1.1037913e+01
   8.6526640e-01   9.4772607e-01   1.0000000e+00   4.0021725e-01   4.0026339e-01   1.9911607e-01   9.0004800e-01   3.9911399e-01   9.9838226e-01   1.0000000e+00   8.5900654e+01   4.7380409e+00   1.4113662e+01
   8.0826855e-01   9.5348366e-01   1.0000000e+00   4.0023483e-01   4.0040189e-01   1.9909766e-01   9.0007241e-01   3.9911423e-01   9.9832642e-01   1.0000000e+00   8.0773771e+01   3.9406023e+00   2.0095314e+01
   7.6087862e-01   9.5507091e-01   1.0000000e+00   4.0081763e-01   4.0054028e-01   1.9899736e-01   8.9973754e-01   3.9935398e-01   9.9918360e-01   1.0000000e+00   7.5982304e+01   3.5744108e+00   2.5002294e+01
   6.7694921e-01   9.5771563e-01   1.0000000e+00   4.0013722e-01   4.0039252e-01   1.9920086e-01   8.9996608e-01   3.9962008e-01   9.9829411e-01   1.0000000e+00   6.7837331e+01   2.9951052e+00   3.3802350e+01
   5.1167986e-01   9.5839501e-01   1.0000000e+00   3.9969153e-01   4.0016035e-01   1.9961756e-01   9.0018391e-01   3.9923505e-01   1.0000000e+00   1.0000000e+00   5.1113935e+01   2.2189127e+00   5.0898044e+01
   0.0000000e+00   6.8373071e-01   1.0000000e+00   4.0006003e-01   4.0002883e-01   2.0014660e-01   8.9978633e-01   4.0004386e-01   9.9974896e-01   1.0000000e+00   0.0000000e+00   0.0000000e+00   1.0397331e+02
   1.0000000e+00   0.0000000e+00   1.0000000e+00   4.0013040e-01   4.0017192e-01   2.0008166e-01   8.9992270e-01   4.0013871e-01   9.9976868e-01   1.0000000e+00   0.0000000e+00   1.0398302e+02   0.0000000e+00
   9.7938165e-01   3.3403411e-01   1.0000000e+00   4.0089043e-01   5.0128270e-01   1.9907397e-01   8.9914131e-01   3.9876331e-01   9.9814059e-01   1.0000000e+00   3.4215630e+01   6.8215916e+01   2.1564319e+00
   9.5505986e-01   4.9999753e-01   1.0000000e+00   4.0031466e-01   5.0052386e-01   1.9912773e-01   9.0014462e-01   3.9846986e-01   9.9814593e-01   1.0000000e+00   4.9792313e+01   4.9792805e+01   4.6859572e+00
   9.4607229e-01   5.9918215e-01   1.0000000e+00   3.9978769e-01   5.0208466e-01   1.9931654e-01   8.9912912e-01   3.9915872e-01   9.9867104e-01   1.0000000e+00   5.9212809e+01   3.9609910e+01   5.6330609e+00
   9.3631884e-01   6.6480400e-01   1.0000000e+00   4.0026121e-01   5.0029413e-01   1.9930321e-01   8.9919531e-01   3.9921526e-01   9.9870677e-01   1.0000000e+00   6.4465686e+01   3.2503775e+01   6.5951119e+00
   9.2854765e-01   7.1432624e-01   1.0000000e+00   4.0104533e-01   4.9868276e-01   1.9934777e-01   8.9928801e-01   3.9939917e-01   9.9843315e-01   1.0000000e+00   6.9057779e+01   2.7617626e+01   7.4392359e+00
   9.2603241e-01   7.5330449e-01   1.0000000e+00   4.0109430e-01   4.9848783e-01   1.9932415e-01   8.9901790e-01   3.9922146e-01   9.9886934e-01   1.0000000e+00   7.2676383e+01   2.3800386e+01   7.7061604e+00
   9.1270840e-01   7.7762530e-01   1.0000000e+00   4.0135041e-01   3.0030447e-01   1.9909066e-01   8.9941637e-01   3.9885419e-01   9.9910774e-01   1.0000000e+00   7.6601015e+01   2.1905316e+01   9.4211632e+00
   9.0365549e-01   8.0097424e-01   1.0000000e+00   4.0126013e-01   2.9992254e-01   2.0001415e-01   8.9957299e-01   3.9862576e-01   9.9952311e-01   1.0000000e+00   7.7947261e+01   1.9368305e+01   1.0375437e+01
   8.9951174e-01   8.1904113e-01   1.0000000e+00   4.0018403e-01   4.0142006e-01   1.9935507e-01   9.0002219e-01   3.9905234e-01   9.9931459e-01   1.0000000e+00   7.7148004e+01   1.7045073e+01   1.0522706e+01
   8.8817026e-01   8.3339491e-01   1.0000000e+00   4.0014465e-01   4.0083779e-01   1.9921679e-01   9.0005188e-01   3.9920599e-01   9.9930726e-01   1.0000000e+00   7.7322205e+01   1.5457585e+01   1.1681927e+01
   8.6499718e-01   8.5882509e-01   1.0000000e+00   4.0020425e-01   4.0004167e-01   1.9920801e-01   8.9998839e-01   3.9901637e-01   9.9927080e-01   1.0000000e+00   7.7569361e+01   1.2750963e+01   1.4096575e+01
   8.5371641e-01   8.6726730e-01   1.0000000e+00   4.0009908e-01   3.9974928e-01   1.9922147e-01   8.9988800e-01   3.9901794e-01   9.9921125e-01   1.0000000e+00   7.7320973e+01   1.1833747e+01   1.5276586e+01
   8.3776306e-01   8.7541090e-01   1.0000000e+00   4.0018898e-01   3.9987652e-01   1.9916606e-01   8.9970846e-01   3.9888054e-01   9.9912163e-01   1.0000000e+00   7.6656420e+01   1.0909796e+01   1.6957628e+01
   8.1888114e-01   8.8468429e-01   1.0000000e+00   3.9991137e-01   4.0011154e-01   1.9918184e-01   8.9995380e-01   3.9927883e-01   9.9917434e-01   1.0000000e+00   7.5596990e+01   9.8538205e+00   1.8899878e+01
   7.9833262e-01   8.8885188e-01   1.0000000e+00   3.9977713e-01   4.0001482e-01   1.9910843e-01   8.9997676e-01   3.9909511e-01   9.9922348e-01   1.0000000e+00   7.4113317e+01   9.2676363e+00   2.1062923e+01
   7.3425177e-01   9.0115058e-01   1.0000000e+00   3.9970941e-01   3.9898487e-01   1.9913380e-01   8.9995874e-01   3.9902000e-01   9.9914248e-01   1.0000000e+00   6.9284959e+01   7.6000373e+00   2.7827038e+01
   6.8849857e-01   9.0692509e-01   1.0000000e+00   3.9998702e-01   3.9891833e-01   1.9921464e-01   8.9999292e-01   3.9900798e-01   9.9988246e-01   1.0000000e+00   6.5330439e+01   6.7046605e+00   3.2591261e+01
   5.2375232e-01   9.1439567e-01   1.0000000e+00   3.9862273e-01   4.0001249e-01   1.9931730e-01   8.9982250e-01   3.9885952e-01   9.9990108e-01   1.0000000e+00   5.0189693e+01   4.6986827e+00   4.9909967e+01
   3.5078264e-01   9.2365451e-01   1.0000000e+00   3.9980938e-01   3.9893586e-01   1.9879627e-01   8.9989542e-01   3.9896095e-01   9.9936672e-01   1.0000000e+00   3.3974087e+01   2.8081585e+00   6.8075411e+01
   0.0000000e+00   6.8373071e-01   1.0000000e+00   4.0006003e-01   4.0002883e-01   2.0014660e-01   8.9978633e-01   4.0004386e-01   9.9974896e-01   1.0000000e+00   0.0000000e+00   0.0000000e+00   1.0397331e+02
   1.0000000e+00   0.0000000e+00   1.0000000e+00   4.0013040e-01   4.0017192e-01   2.0008166e-01   8.9992270e-01   4.0013871e-01   9.9976868e-01   1.0000000e+00   0.0000000e+00   1.0398302e+02   0.0000000e+00
   9.7255632e-01   2.5202459e-01   1.0000000e+00   4.0106504e-01   5.0152779e-01   1.9910844e-01   8.9911363e-01   3.9878571e-01   9.9815854e-01   1.0000000e+00   2.5677046e+01   7.6206052e+01   2.8749464e+00
   9.4570553e-01   4.0300254e-01   1.0000000e+00   4.0130789e-01   3.9997585e-01   2.0120934e-01   8.9923624e-01   4.0005077e-01   9.9863464e-01   1.0000000e+00   3.9946584e+01   5.9175827e+01   5.6907765e+00
   9.2841100e-01   4.9949494e-01   1.0000000e+00   4.0032072e-01   4.9896995e-01   1.9875364e-01   9.0015751e-01   3.9798729e-01   9.9804498e-01   1.0000000e+00   4.8701569e+01   4.8800057e+01   7.5182698e+00
   9.2329206e-01   5.7091088e-01   1.0000000e+00   3.9901642e-01   4.0033121e-01   1.9921459e-01   8.9989994e-01   3.9931473e-01   9.9913302e-01   1.0000000e+00   5.5113691e+01   4.1422727e+01   8.0203334e+00
   9.0014433e-01   6.2414213e-01   1.0000000e+00   3.9993972e-01   4.0052955e-01   1.9941365e-01   8.9941958e-01   3.9967694e-01   9.9902728e-01   1.0000000e+00   5.8590020e+01   3.5282861e+01   1.0413596e+01
   8.8900212e-01   6.6994782e-01   1.0000000e+00   4.0060516e-01   4.0005953e-01   1.9960018e-01   9.0015056e-01   3.9824474e-01   9.9917407e-01   1.0000000e+00   6.2433305e+01   3.0757991e+01   1.1635558e+01
   8.7830268e-01   7.0098051e-01   1.0000000e+00   3.9981923e-01   3.9967839e-01   1.9947880e-01   9.0073732e-01   3.9881724e-01   9.9909869e-01   1.0000000e+00   6.4435260e+01   2.7486354e+01   1.2736627e+01
   8.6588680e-01   7.2790771e-01   1.0000000e+00   4.0002828e-01   4.0110306e-01   1.9957960e-01   9.0063061e-01   3.9898530e-01   9.9906328e-01   1.0000000e+00   6.5997192e+01   2.4669785e+01   1.4042989e+01
   8.3829463e-01   7.7133549e-01   1.0000000e+00   4.0028202e-01   3.9821120e-01   1.9923598e-01   8.9996302e-01   3.9898966e-01   9.9909537e-01   1.0000000e+00   6.7976682e+01   2.0151873e+01   1.6999823e+01
   7.8666313e-01   8.1413661e-01   1.0000000e+00   4.0074331e-01   4.0180964e-01   1.9922806e-01   8.9989082e-01   3.9893733e-01   9.9925953e-01   1.0000000e+00   6.7337106e+01   1.5372730e+01   2.2430258e+01
   7.6395827e-01   8.2364483e-01   1.0000000e+00   3.9967131e-01   4.0015515e-01   1.9912338e-01   8.9989291e-01   3.9915371e-01   9.9920509e-01   1.0000000e+00   6.5711269e+01   1.4069805e+01   2.4650120e+01
   7.3635726e-01   8.3456578e-01   1.0000000e+00   3.9979034e-01   4.0133754e-01   1.9913492e-01   9.0004324e-01   3.9915647e-01   9.9951277e-01   1.0000000e+00   6.4341109e+01   1.2754203e+01   2.7602931e+01
   7.0467649e-01   8.4333085e-01   1.0000000e+00   4.0000084e-01   3.9991804e-01   1.9911835e-01   9.0009340e-01   3.9864288e-01   9.9993085e-01   1.0000000e+00   6.2163115e+01   1.1548306e+01   3.0891786e+01
   6.6250588e-01   8.5176841e-01   1.0000000e+00   3.9996469e-01   3.9990997e-01   1.9912269e-01   9.0003100e-01   3.9848351e-01   9.9989668e-01   1.0000000e+00   5.9075364e+01   1.0280770e+01   3.5331441e+01
   6.0914846e-01   8.6070773e-01   1.0000000e+00   3.9867677e-01   4.0044762e-01   1.9958570e-01   8.9994024e-01   3.9907369e-01   9.9903335e-01   1.0000000e+00   5.4911441e+01   8.8865699e+00   4.0935097e+01
   5.3647918e-01   8.6418287e-01   1.0000000e+00   3.9865850e-01   3.9899225e-01   1.9946169e-01   8.9991575e-01   3.9907212e-01   9.9900383e-01   1.0000000e+00   4.8666580e+01   7.6485608e+00   4.8656576e+01
   4.2903044e-01   8.8613569e-01   1.0000000e+00   3.9971944e-01   3.9912792e-01   1.9915632e-01   8.9993994e-01   3.9912837e-01   9.9929231e-01   1.0000000e+00   3.9755866e+01   5.1084437e+00   5.9707080e+01
   2.7427005e-01   8.7769301e-01   1.0000000e+00   4.0139148e-01   4.0042363e-01   2.0096361e-01   9.0019075e-01   3.9909610e-01   9.9992734e-01   1.0000000e+00   2.5204477e+01   3.5122573e+00   7.5985672e+01
   0.0000000e+00   6.8288445e-01   1.0000000e+00   4.0006058e-01   4.0003003e-01   2.0014980e-01   8.9978974e-01   4.0004317e-01   9.9974783e-01   1.0000000e+00   0.0000000e+00   0.0000000e+00   1.0397329e+02
   1.0000000e+00   0.0000000e+00   1.0000000e+00   4.0013040e-01   4.0017192e-01   2.0008166e-01   8.9992270e-01   4.0013871e-01   9.9976868e-01   1.0000000e+00   0.0000000e+00   1.0398302e+02   0.0000000e+00
   9.3908908e-01   3.3013984e-01   1.0000000e+00   4.0076277e-01   4.0144244e-01   2.0249755e-01   8.9919260e-01   4.0023390e-01   9.9855518e-01   1.0000000e+00   3.2831847e+01   6.6616458e+01   6.4503872e+00
   9.1249745e-01   4.2986219e-01   1.0000000e+00   4.0155149e-01   3.9992107e-01   2.0179750e-01   8.9912415e-01   3.9996869e-01   9.9827327e-01   1.0000000e+00   4.1372047e+01   5.4872861e+01   9.2292583e+00
   8.9442979e-01   4.9670480e-01   1.0000000e+00   3.9995127e-01   4.0068016e-01   1.9932476e-01   8.9923325e-01   3.9954326e-01   9.9894654e-01   1.0000000e+00   4.6394222e+01   4.7009792e+01   1.1024545e+01
   8.7776476e-01   5.5864275e-01   1.0000000e+00   4.0015610e-01   4.0106305e-01   1.9942083e-01   9.0001433e-01   3.9917442e-01   9.9943871e-01   1.0000000e+00   5.1224093e+01   4.0469736e+01   1.2769045e+01
   8.6201502e-01   6.0192910e-01   1.0000000e+00   4.0005130e-01   3.9984858e-01   1.9938114e-01   9.0028607e-01   3.9940675e-01   9.9921354e-01   1.0000000e+00   5.4109885e+01   3.5784233e+01   1.4389585e+01
   8.4665397e-01   6.3756094e-01   1.0000000e+00   4.0037540e-01   4.0065939e-01   1.9896561e-01   8.9937846e-01   3.9891661e-01   9.9909407e-01   1.0000000e+00   5.6525922e+01   3.2133715e+01   1.6058040e+01
   8.2897789e-01   6.6750635e-01   1.0000000e+00   3.9900709e-01   3.9931735e-01   2.0019620e-01   9.0227413e-01   3.9938350e-01   9.9907948e-01   1.0000000e+00   5.8477919e+01   2.9128616e+01   1.8073648e+01
   8.1318081e-01   6.9287832e-01   1.0000000e+00   3.9989430e-01   3.9956075e-01   1.9968249e-01   9.0055771e-01   3.9946617e-01   9.9937438e-01   1.0000000e+00   5.8753848e+01   2.6042929e+01   1.9481110e+01
   7.9369205e-01   7.1492529e-01   1.0000000e+00   3.9989998e-01   3.9925689e-01   1.9927445e-01   9.0050037e-01   3.9914748e-01   9.9927112e-01   1.0000000e+00   5.9329055e+01   2.3657316e+01   2.1571021e+01
   7.7245779e-01   7.3639765e-01   1.0000000e+00   4.0046896e-01   4.0104516e-01   1.9943504e-01   8.9984125e-01   3.9899061e-01   9.9921861e-01   1.0000000e+00   5.9489883e+01   2.1295115e+01   2.3796766e+01
   7.5003407e-01   7.5080326e-01   1.0000000e+00   3.9987786e-01   3.9824917e-01   1.9908014e-01   9.0009588e-01   3.9943696e-01   9.9898215e-01   1.0000000e+00   5.9158591e+01   1.9635142e+01   2.6259805e+01
   7.2363167e-01   7.6549074e-01   1.0000000e+00   4.0007546e-01   4.0117915e-01   1.9952748e-01   8.9995078e-01   3.9916025e-01   9.9932150e-01   1.0000000e+00   5.7885241e+01   1.7733232e+01   2.8880094e+01
   6.9365684e-01   7.7940972e-01   1.0000000e+00   3.9992931e-01   3.9990983e-01   1.9927379e-01   8.9983190e-01   3.9942409e-01   9.9980569e-01   1.0000000e+00   5.6340768e+01   1.5945690e+01   3.1924232e+01
   6.5432231e-01   7.9181999e-01   1.0000000e+00   3.9994715e-01   3.9925091e-01   1.9912997e-01   8.9992379e-01   3.9946152e-01   9.9997059e-01   1.0000000e+00   5.4084697e+01   1.4219587e+01   3.6085071e+01
   5.5213286e-01   8.0897930e-01   1.0000000e+00   3.9971848e-01   3.9811008e-01   1.9937891e-01   8.9996749e-01   3.9905027e-01   9.9896764e-01   1.0000000e+00   4.6979655e+01   1.1093098e+01   4.7106194e+01
   4.7736322e-01   8.2052065e-01   1.0000000e+00   4.0003734e-01   3.9987276e-01   1.9919484e-01   8.9990390e-01   3.9886866e-01   9.9928710e-01   1.0000000e+00   4.0923423e+01   8.9515231e+00   5.4605131e+01
   3.7665272e-01   8.2663400e-01   1.0000000e+00   4.0008461e-01   4.0011824e-01   1.9922958e-01   8.9987474e-01   3.9901660e-01   9.9918371e-01   1.0000000e+00   3.2510692e+01   6.8183121e+00   6.5088148e+01
   2.2982655e-01   8.3283829e-01   1.0000000e+00   3.9999888e-01   3.9997761e-01   2.0058957e-01   8.9949365e-01   3.9977931e-01   9.9967656e-01   1.0000000e+00   1.9915332e+01   3.9972717e+00   8.0133702e+01
   0.0000000e+00   6.8288445e-01   1.0000000e+00   4.0006058e-01   4.0003003e-01   2.0014980e-01   8.9978974e-01   4.0004317e-01   9.9974783e-01   1.0000000e+00   0.0000000e+00   0.0000000e+00   1.0397329e+02
   1.0000000e+00   0.0000000e+00   1.0000000e+00   4.0013040e-01   4.0017192e-01   2.0008166e-01   8.9992270e-01   4.0013871e-01   9.9976868e-01   1.0000000e+00   0.0000000e+00   1.0398302e+02   0.0000000e+00
   9.5865821e-01   1.6596743e-01   1.0000000e+00   3.9941838e-01   4.0104960e-01   1.9964304e-01   8.9985488e-01   3.9921963e-01   9.9885958e-01   1.0000000e+00   1.6641317e+01   8.3627251e+01   4.3240456e+00
   9.2715128e-01   2.8366617e-01   1.0000000e+00   3.9924727e-01   4.0097128e-01   1.9919787e-01   8.9990584e-01   3.9892067e-01   9.9911684e-01   1.0000000e+00   2.7557397e+01   6.9589882e+01   7.6331177e+00
   8.9909986e-01   3.7934193e-01   1.0000000e+00   3.9917716e-01   4.0043591e-01   1.9932562e-01   8.9993512e-01   3.9906692e-01   9.9915435e-01   1.0000000e+00   3.5659177e+01   5.8343554e+01   1.0549316e+01
   8.3734661e-01   5.4403836e-01   1.0000000e+00   3.9910603e-01   3.9918593e-01   1.9985353e-01   9.0102613e-01   3.9926404e-01   9.9931295e-01   1.0000000e+00   4.7728733e+01   4.0001721e+01   1.7041516e+01
   7.7357799e-01   6.4365903e-01   1.0000000e+00   3.9972979e-01   3.9948293e-01   1.9869914e-01   8.9983063e-01   3.9941389e-01   9.9941605e-01   1.0000000e+00   5.2070355e+01   2.8827065e+01   2.3678228e+01
   7.5061468e-01   6.6659840e-01   1.0000000e+00   3.9985271e-01   3.9856095e-01   1.9878280e-01   8.9989628e-01   3.9946496e-01   9.9955186e-01   1.0000000e+00   5.2470653e+01   2.6243387e+01   2.6152068e+01
   7.2365202e-01   6.8835272e-01   1.0000000e+00   3.9988312e-01   3.9933274e-01   1.9886199e-01   8.9988840e-01   3.9941804e-01   9.9927108e-01   1.0000000e+00   5.2071450e+01   2.3575015e+01   2.8887846e+01
   6.9355965e-01   7.0484064e-01   1.0000000e+00   3.9983052e-01   3.9939098e-01   1.9865516e-01   8.9985236e-01   3.9951660e-01   9.9927562e-01   1.0000000e+00   5.1139294e+01   2.1415112e+01   3.2057224e+01
   6.1953912e-01   7.3681462e-01   1.0000000e+00   3.9977582e-01   3.9935132e-01   1.9916257e-01   8.9988825e-01   3.9939952e-01   1.0000000e+00   1.0000000e+00   4.7646095e+01   1.7018875e+01   3.9710957e+01
   5.7043986e-01   7.4949317e-01   1.0000000e+00   3.9984688e-01   3.9888734e-01   1.9892295e-01   8.9977443e-01   3.9943709e-01   9.9978683e-01   1.0000000e+00   4.4729943e+01   1.4950311e+01   4.4941211e+01
   4.3542091e-01   7.7903353e-01   1.0000000e+00   4.0035763e-01   3.9981219e-01   1.9933964e-01   8.9992335e-01   3.9907624e-01   9.9926840e-01   1.0000000e+00   3.5402769e+01   1.0041705e+01   5.8924593e+01
   1.9754044e-01   8.1263716e-01   1.0000000e+00   4.0000702e-01   3.9936665e-01   1.9997108e-01   8.9982374e-01   3.9959438e-01   9.9967296e-01   1.0000000e+00   1.6713398e+01   3.8534660e+00   8.3547838e+01
   0.0000000e+00   6.8289164e-01   1.0000000e+00   4.0006056e-01   4.0003004e-01   2.0014983e-01   8.9978975e-01   4.0004316e-01   9.9974783e-01   1.0000000e+00   0.0000000e+00   0.0000000e+00   1.0397329e+02
   1.0000000e+00   0.0000000e+00   1.0000000e+00   4.0013040e-01   4.0017192e-01   2.0008166e-01   8.9992270e-01   4.0013871e-01   9.9976868e-01   1.0000000e+00   0.0000000e+00   1.0398302e+02   0.0000000e+00
   9.5661354e-01   1.4290503e-01   1.0000000e+00   3.9944367e-01   4.0069262e-01   1.9918176e-01   8.9963812e-01   3.9929947e-01   9.9860351e-01   1.0000000e+00   1.4311291e+01   8.5834174e+01   4.5420198e+00
   9.1900976e-01   2.4817868e-01   1.0000000e+00   3.9944920e-01   4.0001927e-01   2.0000497e-01   9.0000907e-01   3.9896727e-01   9.9910196e-01   1.0000000e+00   2.3804955e+01   7.2113657e+01   8.4530888e+00
   8.6329001e-01   3.9988989e-01   1.0000000e+00   3.9988460e-01   3.9914361e-01   1.9828377e-01   8.9953974e-01   3.9948112e-01   9.9919733e-01   1.0000000e+00   3.6236632e+01   5.4379891e+01   1.4349968e+01
   8.3550882e-01   4.5594172e-01   1.0000000e+00   3.9923589e-01   3.9980040e-01   1.9964248e-01   9.0000218e-01   3.9943269e-01   9.9956729e-01   1.0000000e+00   3.9716353e+01   4.7392045e+01   1.7149506e+01
   8.1556970e-01   4.9894303e-01   1.0000000e+00   3.9968921e-01   4.0013220e-01   1.9909714e-01   8.9991575e-01   3.9946322e-01   9.9980222e-01   1.0000000e+00   4.2438573e+01   4.2618378e+01   1.9234504e+01
   7.3463072e-01   6.0093739e-01   1.0000000e+00   3.9979273e-01   3.9978400e-01   1.9875905e-01   8.9982989e-01   3.9954560e-01   9.9943130e-01   1.0000000e+00   4.6112807e+01   3.0621987e+01   2.7718766e+01
   7.0608539e-01   6.2544076e-01   1.0000000e+00   3.9987170e-01   3.9910295e-01   1.9915632e-01   8.9988646e-01   3.9932891e-01   9.9971714e-01   1.0000000e+00   4.6129791e+01   2.7625861e+01   3.0701477e+01
   6.7177647e-01   6.4545806e-01   1.0000000e+00   3.9989774e-01   3.9999046e-01   1.9915606e-01   8.9989672e-01   3.9989167e-01   9.9948006e-01   1.0000000e+00   4.5179452e+01   2.4816501e+01   3.4199350e+01
   6.3682445e-01   6.6670692e-01   1.0000000e+00   4.0004040e-01   3.9980382e-01   1.9977746e-01   8.9989954e-01   3.9937446e-01   1.0000000e+00   1.0000000e+00   4.4205888e+01   2.2098940e+01   3.7813078e+01
   5.9270397e-01   6.8696127e-01   1.0000000e+00   3.9986667e-01   3.9866479e-01   1.9915727e-01   8.9972877e-01   3.9979207e-01   9.9991497e-01   1.0000000e+00   4.2578838e+01   1.9402587e+01   4.2592575e+01
   5.4217324e-01   7.0161906e-01   1.0000000e+00   3.9979808e-01   3.9859120e-01   1.9913936e-01   8.9982490e-01   3.9958916e-01   9.9963568e-01   1.0000000e+00   3.9809995e+01   1.6930190e+01   4.7913054e+01
   4.8216321e-01   7.1387737e-01   1.0000000e+00   3.9943008e-01   3.9895036e-01   1.9927028e-01   8.9989351e-01   3.9890009e-01   9.9887219e-01   1.0000000e+00   3.6091944e+01   1.4465681e+01   5.4298208e+01
   3.0823387e-01   7.4821285e-01   1.0000000e+00   3.9988646e-01   3.9866819e-01   1.9904254e-01   8.9989719e-01   3.9865706e-01   9.9808278e-01   1.0000000e+00   2.4337807e+01   8.1901122e+00   7.3002078e+01
   1.7608239e-01   7.5713845e-01   1.0000000e+00   4.0004947e-01   3.9992778e-01   2.0111751e-01   8.9979699e-01   3.9951957e-01   9.9912068e-01   1.0000000e+00   1.3904248e+01   4.4599600e+00   8.5929059e+01
   0.0000000e+00   6.8289164e-01   1.0000000e+00   4.0006056e-01   4.0003004e-01   2.0014983e-01   8.9978975e-01   4.0004316e-01   9.9974783e-01   1.0000000e+00   0.0000000e+00   0.0000000e+00   1.0397329e+02
   1.0000000e+00   0.0000000e+00   1.0000000e+00   3.9998606e-01   4.0010773e-01   2.0031549e-01   8.9988386e-01   4.0001648e-01   9.9978772e-01   1.0000000e+00   0.0000000e+00   1.0398195e+02   0.0000000e+00
   9.5206488e-01   1.2425108e-01   1.0000000e+00   3.9925469e-01   4.0099383e-01   1.9925498e-01   8.9977320e-01   3.9926330e-01   9.9909274e-01   1.0000000e+00   1.2378365e+01   8.7245433e+01   5.0159172e+00
   9.1848715e-01   2.2214461e-01   1.0000000e+00   3.9939116e-01   4.0044036e-01   1.9924170e-01   8.9983733e-01   3.9925963e-01   9.9927789e-01   1.0000000e+00   2.1305522e+01   7.4602825e+01   8.5115649e+00
   8.7734819e-01   2.9778944e-01   1.0000000e+00   3.9923313e-01   3.9893653e-01   1.9986438e-01   9.0080900e-01   3.9958645e-01   9.9917989e-01   1.0000000e+00   2.7347799e+01   6.4488228e+01   1.2838523e+01
   8.4605271e-01   3.6413048e-01   1.0000000e+00   3.9925741e-01   3.9943990e-01   1.9984152e-01   8.9931788e-01   3.9968831e-01   9.9919380e-01   1.0000000e+00   3.2138790e+01   5.6122950e+01   1.6060058e+01
   8.1600116e-01   4.1486732e-01   1.0000000e+00   3.9949892e-01   4.0046652e-01   1.9986188e-01   8.9975576e-01   3.9976333e-01   9.9940521e-01   1.0000000e+00   3.5249236e+01   4.9715846e+01   1.9158645e+01
   7.8807498e-01   4.6237551e-01   1.0000000e+00   3.9850582e-01   4.0079436e-01   1.9896456e-01   8.9977652e-01   3.9941719e-01   9.9998218e-01   1.0000000e+00   3.8232155e+01   4.4454221e+01   2.2235589e+01
   7.5947146e-01   4.9947805e-01   1.0000000e+00   3.9943141e-01   3.9889049e-01   1.9930193e-01   8.9986571e-01   3.9953869e-01   9.9951922e-01   1.0000000e+00   3.9648610e+01   3.9731475e+01   2.5140084e+01
   7.2834284e-01   5.3264478e-01   1.0000000e+00   3.9957666e-01   3.9900449e-01   1.9958547e-01   8.9995239e-01   3.9972488e-01   1.0000000e+00   1.0000000e+00   4.0476681e+01   3.5515204e+01   2.8343437e+01
   6.9538135e-01   5.6336490e-01   1.0000000e+00   3.9961850e-01   3.9912477e-01   2.0000107e-01   8.9995891e-01   3.9925726e-01   9.9999592e-01   1.0000000e+00   4.0869869e+01   3.1676129e+01   3.1779489e+01
   6.5959080e-01   5.8821915e-01   1.0000000e+00   3.9965745e-01   4.0028315e-01   1.9874198e-01   8.9986663e-01   3.9986193e-01   1.0000000e+00   1.0000000e+00   4.0516168e+01   2.8363209e+01   3.5548061e+01
   6.2088751e-01   6.1242282e-01   1.0000000e+00   3.9994967e-01   3.9904713e-01   1.9904907e-01   8.9948811e-01   3.9944614e-01   9.9956703e-01   1.0000000e+00   3.9740079e+01   2.5149859e+01   3.9621647e+01
   5.2377660e-01   6.5393634e-01   1.0000000e+00   3.9987930e-01   3.9920086e-01   1.9906991e-01   8.9979884e-01   3.9893240e-01   9.9870712e-01   1.0000000e+00   3.5900145e+01   1.8998387e+01   4.9914344e+01
   4.6110248e-01   6.6920924e-01   1.0000000e+00   3.9977840e-01   3.9931717e-01   1.9897090e-01   8.9983054e-01   3.9879979e-01   9.9920701e-01   1.0000000e+00   3.2318816e+01   1.5975222e+01   5.6441982e+01
   3.8523394e-01   6.8356683e-01   1.0000000e+00   3.9980980e-01   3.9949787e-01   1.9897281e-01   8.9992939e-01   3.9921278e-01   9.9849311e-01   1.0000000e+00   2.7589831e+01   1.2771740e+01   6.4410016e+01
   2.9042154e-01   6.9847894e-01   1.0000000e+00   3.9971927e-01   3.9950084e-01   1.9900547e-01   9.0002231e-01   3.9940628e-01   9.9852785e-01   1.0000000e+00   2.1238574e+01   9.1683185e+00   7.4292273e+01
   1.6733431e-01   7.0894973e-01   1.0000000e+00   3.9989364e-01   3.9944225e-01   1.9914737e-01   8.9996772e-01   3.9948731e-01   9.9754319e-01   1.0000000e+00   1.2488994e+01   5.1271974e+00   8.7659239e+01
   0.0000000e+00   6.8282827e-01   1.0000000e+00   4.0006055e-01   4.0003005e-01   2.0014985e-01   8.9978976e-01   4.0004316e-01   9.9974783e-01   1.0000000e+00   0.0000000e+00   0.0000000e+00   1.0397329e+02
   9.4856128e-01   1.1079994e-01   1.0000000e+00   3.9923561e-01   4.0043433e-01   1.9933486e-01   8.9981385e-01   3.9928315e-01   9.9902307e-01   1.0000000e+00   1.0981427e+01   8.8128983e+01   5.3745743e+00
   8.2986448e-01   3.3348843e-01   1.0000000e+00   3.9941402e-01   3.9941980e-01   1.9945495e-01   8.9996306e-01   3.9924359e-01   9.9922313e-01   1.0000000e+00   2.8897113e+01   5.7753908e+01   1.7764849e+01
   7.9609577e-01   3.8294390e-01   1.0000000e+00   3.9908475e-01   4.0036101e-01   1.9971043e-01   8.9955285e-01   3.9995115e-01   9.9938924e-01   1.0000000e+00   3.1782845e+01   5.1213240e+01   2.1257810e+01
   7.6251984e-01   4.2587736e-01   1.0000000e+00   3.9940216e-01   3.9936309e-01   1.9929979e-01   8.9973055e-01   4.0016165e-01   9.9984284e-01   1.0000000e+00   3.3869750e+01   4.5659601e+01   2.4768723e+01
   6.9268359e-01   5.0032366e-01   1.0000000e+00   3.9968507e-01   3.9941376e-01   1.9963127e-01   8.9997584e-01   3.9934000e-01   1.0000000e+00   1.0000000e+00   3.6130145e+01   3.6083399e+01   3.2038304e+01
   6.5424980e-01   5.2936760e-01   1.0000000e+00   4.0001310e-01   3.9920562e-01   1.9910330e-01   8.9992664e-01   3.9985492e-01   9.9976694e-01   1.0000000e+00   3.6137837e+01   3.2128216e+01   3.6076437e+01
   6.1515965e-01   5.5558374e-01   1.0000000e+00   3.9984944e-01   3.9983164e-01   1.9906756e-01   8.9970635e-01   3.9911991e-01   9.9855423e-01   1.0000000e+00   3.5775426e+01   2.8617074e+01   4.0283578e+01
   5.6481594e-01   5.7787912e-01   1.0000000e+00   3.9985953e-01   3.9896365e-01   1.9910050e-01   8.9994004e-01   3.9882191e-01   9.9846557e-01   1.0000000e+00   3.4290385e+01   2.5047950e+01   4.5719491e+01
   5.0916042e-01   6.0052077e-01   1.0000000e+00   3.9976857e-01   3.9914519e-01   1.9903902e-01   8.9979204e-01   3.9905808e-01   9.9835552e-01   1.0000000e+00   3.2096272e+01   2.1351125e+01   5.1524229e+01
   4.4593879e-01   6.1995418e-01   1.0000000e+00   3.9990591e-01   3.9906882e-01   1.9913617e-01   9.0005562e-01   3.9863092e-01   9.9906278e-01   1.0000000e+00   2.8993830e+01   1.7773869e+01   5.8107005e+01
   3.6996254e-01   6.3904645e-01   1.0000000e+00   3.9972345e-01   3.9890666e-01   1.9896528e-01   8.9959126e-01   3.9884523e-01   9.9927374e-01   1.0000000e+00   2.4793728e+01   1.4004278e+01   6.6072086e+01
   2.7571740e-01   6.5609997e-01   1.0000000e+00   3.9983272e-01   3.9942886e-01   1.9913389e-01   8.9997248e-01   3.9954530e-01   9.9809253e-01   1.0000000e+00   1.8968912e+01   9.9427065e+00   7.5947991e+01
   1.5644188e-01   6.7503982e-01   1.0000000e+00   3.9992284e-01   3.9963120e-01   1.9915965e-01   8.9998651e-01   3.9937082e-01   9.9893519e-01   1.0000000e+00   1.1028687e+01   5.3091448e+00   8.8096046e+01
   0.0000000e+00   6.8282827e-01   1.0000000e+00   4.0006055e-01   4.0003005e-01   2.0014985e-01   8.9978976e-01   4.0004316e-01   9.9974783e-01   1.0000000e+00   0.0000000e+00   0.0000000e+00   1.0397329e+02
   1.0000000e+00   0.0000000e+00   1.0000000e+00   3.9998606e-01   4.0010773e-01   2.0031549e-01   8.9988386e-01   4.0001648e-01   9.9978772e-01   1.0000000e+00   0.0000000e+00   1.0398195e+02   0.0000000e+00
   9.4565477e-01   9.9239960e-02   1.0000000e+00   3.9920928e-01   4.0089926e-01   1.9924570e-01   8.9968801e-01   3.9926127e-01   9.9913203e-01   1.0000000e+00   9.8179924e+00   8.9113853e+01   5.6854505e+00
   8.9705144e-01   1.8212537e-01   1.0000000e+00   3.9941898e-01   3.9997330e-01   1.9913487e-01   8.9981994e-01   3.9934600e-01   9.9916340e-01   1.0000000e+00   1.7060147e+01   7.6612398e+01   1.0750169e+01
   8.1285460e-01   3.0675121e-01   1.0000000e+00   3.9940434e-01   3.9910028e-01   1.9929372e-01   8.9978590e-01   3.9947632e-01   9.9923952e-01   1.0000000e+00   2.6055309e+01   5.8884240e+01   1.9555829e+01
   7.7432915e-01   3.5637145e-01   1.0000000e+00   3.9911043e-01   4.0036347e-01   1.9969108e-01   8.9955085e-01   4.0011477e-01   9.9942911e-01   1.0000000e+00   2.8765377e+01   5.1952023e+01   2.3524317e+01
   7.3694910e-01   4.0023484e-01   1.0000000e+00   3.9936699e-01   3.9968348e-01   1.9905649e-01   9.0033799e-01   4.0027836e-01   9.9990905e-01   1.0000000e+00   3.0793694e+01   4.6145370e+01   2.7463077e+01
   6.5325930e-01   4.6840295e-01   1.0000000e+00   3.9989719e-01   3.9921861e-01   1.9913473e-01   8.9991993e-01   3.9987840e-01   9.9978091e-01   1.0000000e+00   3.1923132e+01   3.6230008e+01   3.6174712e+01
   6.0849371e-01   5.0060968e-01   1.0000000e+00   4.0001264e-01   3.9855837e-01   1.9915868e-01   8.9989689e-01   3.9996179e-01   9.9872957e-01   1.0000000e+00   3.1928658e+01   3.1850888e+01   4.1035910e+01
   5.5735335e-01   5.2933834e-01   1.0000000e+00   3.9984961e-01   3.9919647e-01   1.9910044e-01   8.9990117e-01   3.9886748e-01   9.9850376e-01   1.0000000e+00   3.0956404e+01   2.7524914e+01   4.6445508e+01
   5.0203231e-01   5.4958795e-01   1.0000000e+00   4.0012438e-01   3.9915335e-01   1.9917812e-01   8.9996594e-01   3.9903405e-01   9.9890350e-01   1.0000000e+00   2.8879722e+01   2.3668231e+01   5.2122507e+01
   4.3662988e-01   5.7043306e-01   1.0000000e+00   4.0001822e-01   3.9952054e-01   1.9912054e-01   9.0001924e-01   3.9891849e-01   9.9981872e-01   1.0000000e+00   2.6028286e+01   1.9600707e+01   5.8873687e+01
   3.5874553e-01   5.8978021e-01   1.0000000e+00   4.0015236e-01   3.9897078e-01   1.9919409e-01   9.0015761e-01   3.9896653e-01   9.9830090e-01   1.0000000e+00   2.2227979e+01   1.5460602e+01   6.7368006e+01
   2.6895244e-01   6.0938715e-01   1.0000000e+00   3.9981029e-01   3.9938740e-01   1.9907275e-01   8.9995645e-01   3.9937894e-01   9.9807573e-01   1.0000000e+00   1.7200261e+01   1.1025245e+01   7.6720582e+01
   1.4935212e-01   6.3160237e-01   1.0000000e+00   3.9995467e-01   3.9919945e-01   1.9912593e-01   8.9993557e-01   3.9943267e-01   9.9802041e-01   1.0000000e+00   9.9040821e+00   5.7767998e+00   8.9311818e+01
   0.0000000e+00   6.8294069e-01   1.0000000e+00   4.0006052e-01   4.0003011e-01   2.0014991e-01   8.9978963e-01   4.0004312e-01   9.9974782e-01   1.0000000e+00   0.0000000e+00   0.0000000e+00   1.0397329e+02
   1.0000000e+00   0.0000000e+00   1.0000000e+00   3.9998606e-01   4.0010773e-01   2.0031549e-01   8.9988386e-01   4.0001648e-01   9.9978772e-01   1.0000000e+00   0.0000000e+00   1.0398195e+02   0.0000000e+00
   9.4456911e-01   9.0733521e-02   1.0000000e+00   3.9913548e-01   4.0093199e-01   1.9937333e-01   8.9946033e-01   3.9919971e-01   9.9903792e-01   1.0000000e+00   8.9711778e+00   8.9902731e+01   5.8022950e+00
   8.8818360e-01   1.6535626e-01   1.0000000e+00   3.9933782e-01   4.0041629e-01   1.9919583e-01   8.9963388e-01   3.9950830e-01   9.9919161e-01   1.0000000e+00   1.5333564e+01   7.7396905e+01   1.1674148e+01
   8.3831760e-01   2.3115750e-01   1.0000000e+00   3.9948287e-01   4.0039992e-01   1.9955390e-01   8.9968342e-01   3.9947249e-01   9.9926880e-01   1.0000000e+00   2.0200993e+01   6.7189610e+01   1.6854618e+01
   7.9330119e-01   2.8436439e-01   1.0000000e+00   3.9937323e-01   3.9902025e-01   1.9923330e-01   8.9965278e-01   3.9944223e-01   9.9927674e-01   1.0000000e+00   2.3587533e+01   5.9360732e+01   2.1612608e+01
   7.4958442e-01   3.3109057e-01   1.0000000e+00   4.0007305e-01   3.9903550e-01   1.9913174e-01   8.9963197e-01   3.9959026e-01   9.9944046e-01   1.0000000e+00   2.5921943e+01   5.2370662e+01   2.6155411e+01
   7.0543447e-01   3.7442082e-01   1.0000000e+00   3.9970899e-01   3.9961552e-01   1.9910968e-01   8.9995588e-01   4.0016545e-01   9.9987595e-01   1.0000000e+00   2.7537846e+01   4.6010003e+01   3.0711089e+01
   6.5998794e-01   4.1161097e-01   1.0000000e+00   3.9971855e-01   3.9970434e-01   1.9885157e-01   8.9999621e-01   4.0038085e-01   9.9993204e-01   1.0000000e+00   2.8358016e+01   4.0537174e+01   3.5493369e+01
   6.1102733e-01   4.4492946e-01   1.0000000e+00   4.0114581e-01   3.9933286e-01   1.9935024e-01   8.9997226e-01   3.9865537e-01   9.9990071e-01   1.0000000e+00   2.8500473e+01   3.5555687e+01   4.0777383e+01
   5.5976695e-01   4.7391333e-01   1.0000000e+00   4.0005912e-01   3.9917864e-01   1.9916175e-01   8.9993522e-01   3.9867727e-01   9.9826932e-01   1.0000000e+00   2.7887269e+01   3.0957391e+01   4.6278839e+01
   4.9911342e-01   5.0007649e-01   1.0000000e+00   3.9995913e-01   3.9930165e-01   1.9886414e-01   9.0018401e-01   3.9929231e-01   9.9988437e-01   1.0000000e+00   2.6097589e+01   2.6089605e+01   5.2372595e+01
   4.3271467e-01   5.2388535e-01   1.0000000e+00   3.9997691e-01   3.9900555e-01   1.9901858e-01   9.0005959e-01   3.9897094e-01   9.9947917e-01   1.0000000e+00   2.3735049e+01   2.1570758e+01   5.9395536e+01
   3.5433355e-01   5.4678404e-01   1.0000000e+00   3.9999683e-01   3.9918844e-01   1.9946647e-01   8.9991723e-01   3.9940931e-01   9.9800350e-01   1.0000000e+00   2.0323068e+01   1.6845295e+01   6.7728175e+01
   2.6085946e-01   5.6456548e-01   1.0000000e+00   3.9998139e-01   3.9967125e-01   1.9922786e-01   8.9977077e-01   3.9997523e-01   1.0000000e+00   1.0000000e+00   1.5343568e+01   1.1834091e+01   7.7007403e+01
   0.0000000e+00   6.8294069e-01   1.0000000e+00   4.0006052e-01   4.0003011e-01   2.0014991e-01   8.9978963e-01   4.0004312e-01   9.9974782e-01   1.0000000e+00   0.0000000e+00   0.0000000e+00   1.0397329e+02
   1.0000000e+00   0.0000000e+00   1.0000000e+00   3.9998606e-01   4.0010773e-01   2.0031549e-01   8.9988386e-01   4.0001648e-01   9.9978772e-01   1.0000000e+00   0.0000000e+00   1.0398195e+02   0.0000000e+00
   9.3407265e-01   8.2657912e-02   1.0000000e+00   3.9930320e-01   4.0124042e-01   1.9947041e-01   9.0005812e-01   3.9927179e-01   9.9910517e-01   1.0000000e+00   8.0813420e+00   8.9687181e+01   6.9005544e+00
   8.2441861e-01   2.1397309e-01   1.0000000e+00   3.9943074e-01   4.0040045e-01   1.9944436e-01   8.9952667e-01   3.9935994e-01   9.9918581e-01   1.0000000e+00   1.8406440e+01   6.7615780e+01   1.8320669e+01
   7.7266104e-01   2.6707305e-01   1.0000000e+00   3.9947869e-01   4.0023482e-01   1.9953393e-01   8.9957923e-01   3.9981560e-01   9.9932968e-01   1.0000000e+00   2.1497140e+01   5.8994473e+01   2.3682933e+01
   7.2765683e-01   3.0917231e-01   1.0000000e+00   3.9971504e-01   3.9960280e-01   1.9900315e-01   8.9991328e-01   3.9990033e-01   9.9996232e-01   1.0000000e+00   2.3467176e+01   5.2436051e+01   2.8408619e+01
   6.7321564e-01   3.5345051e-01   1.0000000e+00   3.9990765e-01   3.9915321e-01   1.9898971e-01   8.9991444e-01   3.9943919e-01   9.9975065e-01   1.0000000e+00   2.4860717e+01   4.5476477e+01   3.4142247e+01
   6.2274401e-01   3.8894721e-01   1.0000000e+00   4.0076047e-01   3.9926517e-01   1.9937005e-01   8.9997194e-01   3.9860979e-01   9.9989186e-01   1.0000000e+00   2.5368370e+01   3.9854799e+01   3.9511952e+01
   5.6351771e-01   4.1972178e-01   1.0000000e+00   4.0002255e-01   3.9903985e-01   1.9888984e-01   8.9997229e-01   3.9893556e-01   9.9949390e-01   1.0000000e+00   2.4776403e+01   3.4254137e+01   4.5723115e+01
   5.0185117e-01   4.5091111e-01   1.0000000e+00   4.0002263e-01   3.9916941e-01   1.9913633e-01   8.9994599e-01   3.9914679e-01   9.9878120e-01   1.0000000e+00   2.3688058e+01   2.8845707e+01   5.2146204e+01
   4.3227216e-01   4.7742654e-01   1.0000000e+00   4.0001747e-01   3.9907485e-01   1.9926278e-01   8.9955672e-01   3.9904760e-01   9.9947982e-01   1.0000000e+00   2.1575116e+01   2.3615325e+01   5.9351201e+01
   3.5147418e-01   4.9858104e-01   1.0000000e+00   3.9996466e-01   3.9946807e-01   1.9916352e-01   9.0008807e-01   3.9950213e-01   9.9948185e-01   1.0000000e+00   1.8281654e+01   1.8385713e+01   6.7657130e+01
   2.5793497e-01   5.2298782e-01   1.0000000e+00   4.0000393e-01   3.9922928e-01   1.9937046e-01   8.9988258e-01   3.9930200e-01   9.9830528e-01   1.0000000e+00   1.4130359e+01   1.2888165e+01   7.7730838e+01
   0.0000000e+00   6.8294069e-01   1.0000000e+00   4.0006052e-01   4.0003011e-01   2.0014991e-01   8.9978963e-01   4.0004312e-01   9.9974782e-01   1.0000000e+00   0.0000000e+00   0.0000000e+00   1.0397329e+02
   1.0000000e+00   0.0000000e+00   1.0000000e+00   3.9997530e-01   4.0011905e-01   2.0022221e-01   8.9988461e-01   3.9997619e-01   9.9983069e-01   1.0000000e+00   0.0000000e+00   1.0398017e+02   0.0000000e+00
   9.2912409e-01   7.6065229e-02   1.0000000e+00   3.9887915e-01   4.0081161e-01   1.9914774e-01   8.9987401e-01   3.9927087e-01   9.9902725e-01   1.0000000e+00   7.4052932e+00   8.9949218e+01   7.4264454e+00
   8.6499494e-01   1.3697176e-01   1.0000000e+00   3.9941264e-01   4.0071659e-01   1.9964198e-01   9.0065226e-01   3.9936000e-01   9.9903811e-01   1.0000000e+00   1.2384711e+01   7.8033283e+01   1.4112090e+01
   8.0730203e-01   1.9983282e-01   1.0000000e+00   3.9964784e-01   4.0083140e-01   1.9948612e-01   8.9972488e-01   3.9950276e-01   9.9961078e-01   1.0000000e+00   1.6822544e+01   6.7360545e+01   2.0093980e+01
   7.5056708e-01   2.4823992e-01   1.0000000e+00   3.9957025e-01   4.0051318e-01   1.9962243e-01   8.9975594e-01   3.9936355e-01   9.9922111e-01   1.0000000e+00   1.9426631e+01   5.8830850e+01   2.6006991e+01
   6.9327694e-01   2.9421089e-01   1.0000000e+00   3.9944143e-01   3.9997531e-01   1.9955180e-01   8.9970994e-01   3.9922768e-01   9.9934914e-01   1.0000000e+00   2.1271004e+01   5.1027489e+01   3.1986662e+01
   6.3616932e-01   3.3277833e-01   1.0000000e+00   4.0013765e-01   3.9976509e-01   1.9887921e-01   8.9994188e-01   3.9850162e-01   9.9909778e-01   1.0000000e+00   2.2201621e+01   4.4514323e+01   3.8155419e+01
   5.7464472e-01   3.6643796e-01   1.0000000e+00   4.0016991e-01   3.9919869e-01   1.9902173e-01   8.9996880e-01   3.9902582e-01   9.9989606e-01   1.0000000e+00   2.2023486e+01   3.8078054e+01   4.4487500e+01
   5.1034884e-01   4.0037244e-01   1.0000000e+00   4.0001859e-01   3.9934072e-01   1.9916474e-01   9.0000777e-01   3.9902296e-01   9.9999931e-01   1.0000000e+00   2.1351453e+01   3.1977526e+01   5.1166171e+01
   4.3637061e-01   4.2669898e-01   1.0000000e+00   4.0003756e-01   3.9916157e-01   1.9927780e-01   8.9997456e-01   3.9887625e-01   1.0000000e+00   1.0000000e+00   1.9471056e+01   2.6160775e+01   5.8939443e+01
   3.5337307e-01   4.5287798e-01   1.0000000e+00   3.9992363e-01   3.9932695e-01   1.9905461e-01   9.0033013e-01   3.9928365e-01   9.9965508e-01   1.0000000e+00   1.6722263e+01   2.0202170e+01   6.7566927e+01
   2.5713952e-01   4.7872380e-01   1.0000000e+00   4.0011746e-01   3.9938147e-01   1.9963364e-01   8.9992830e-01   3.9908919e-01   9.9904609e-01   1.0000000e+00   1.2851310e+01   1.3993627e+01   7.7553395e+01
   1.4240355e-01   5.0155676e-01   1.0000000e+00   4.0002292e-01   3.9925200e-01   1.9932330e-01   8.9988170e-01   3.9911053e-01   9.9982525e-01   1.0000000e+00   7.4574634e+00   7.4111697e+00   8.9543325e+01
   0.0000000e+00   6.8294069e-01   1.0000000e+00   4.0006052e-01   4.0003011e-01   2.0014991e-01   8.9978963e-01   4.0004312e-01   9.9974782e-01   1.0000000e+00   0.0000000e+00   0.0000000e+00   1.0397329e+02
   7.8804325e-01   1.8638336e-01   1.0000000e+00   3.9965386e-01   4.0078650e-01   1.9947599e-01   8.9966054e-01   3.9941930e-01   9.9951614e-01   1.0000000e+00   1.5318555e+01   6.6869872e+01   2.2105883e+01
   7.2375064e-01   2.3426807e-01   1.0000000e+00   3.9951479e-01   3.9972935e-01   1.9973975e-01   8.9978075e-01   3.9930256e-01   9.9972562e-01   1.0000000e+00   1.7666342e+01   5.7744454e+01   2.8783649e+01
   6.6056130e-01   2.7737649e-01   1.0000000e+00   3.9951640e-01   3.9944703e-01   1.9935572e-01   8.9967203e-01   3.9924255e-01   9.9937418e-01   1.0000000e+00   1.9126060e+01   4.9827369e+01   3.5432687e+01
   5.9380131e-01   3.1468621e-01   1.0000000e+00   4.0028770e-01   3.9915940e-01   1.9897275e-01   8.9998166e-01   3.9900095e-01   9.9949596e-01   1.0000000e+00   1.9555440e+01   4.2587225e+01   4.2509621e+01
   5.2354365e-01   3.5025631e-01   1.0000000e+00   4.0005376e-01   3.9900130e-01   1.9914465e-01   8.9993990e-01   3.9902543e-01   9.9999655e-01   1.0000000e+00   1.9183671e+01   3.5586708e+01   4.9844354e+01
   4.4685348e-01   3.8089942e-01   1.0000000e+00   3.9999457e-01   3.9914008e-01   2.0004524e-01   9.0014211e-01   3.9870393e-01   9.9882188e-01   1.0000000e+00   1.7818894e+01   2.8962207e+01   5.7908921e+01
   3.6040706e-01   4.0909709e-01   1.0000000e+00   4.0005167e-01   3.9923832e-01   1.9915268e-01   9.0034706e-01   3.9874220e-01   9.9984889e-01   1.0000000e+00   1.5437162e+01   2.2297553e+01   6.6965553e+01
   2.6099766e-01   4.3414572e-01   1.0000000e+00   4.0003916e-01   3.9915710e-01   1.9931533e-01   8.9995116e-01   3.9921518e-01   9.9888029e-01   1.0000000e+00   1.1847768e+01   1.5442075e+01   7.7269878e+01
   1.4218698e-01   4.5288809e-01   1.0000000e+00   4.0002136e-01   3.9912209e-01   1.9933389e-01   8.9986938e-01   3.9917707e-01   9.9982283e-01   1.0000000e+00   6.7246544e+00   8.1237256e+00   8.9580171e+01
   0.0000000e+00   6.8294069e-01   1.0000000e+00   4.0006052e-01   4.0003011e-01   2.0014991e-01   8.9978963e-01   4.0004312e-01   9.9974782e-01   1.0000000e+00   0.0000000e+00   0.0000000e+00   1.0397329e+02
   1.0000000e+00   0.0000000e+00   1.0000000e+00   4.0001783e-01   4.0004865e-01   2.0006687e-01   8.9988591e-01   4.0011305e-01   9.9968049e-01   1.0000000e+00   0.0000000e+00   1.0397799e+02   1.1543876e-14
   9.1618689e-01   6.3163147e-02   1.0000000e+00   3.9936984e-01   4.0104481e-01   1.9941683e-01   8.9982839e-01   3.9927041e-01   9.9894629e-01   1.0000000e+00   6.0538981e+00   8.9791518e+01   8.7679731e+00
   8.3827727e-01   1.2470225e-01   1.0000000e+00   3.9953794e-01   4.0090662e-01   1.9941964e-01   9.0009943e-01   3.9930484e-01   9.9928169e-01   1.0000000e+00   1.0918287e+01   7.6636567e+01   1.6891320e+01
   7.6433771e-01   1.7479973e-01   1.0000000e+00   3.9951089e-01   4.0104194e-01   1.9951084e-01   8.9979678e-01   3.9963450e-01   9.9938646e-01   1.0000000e+00   1.3943884e+01   6.5826744e+01   2.4595056e+01
   6.9121919e-01   2.2294304e-01   1.0000000e+00   3.9951721e-01   4.0035775e-01   1.9952669e-01   8.9970494e-01   3.9930753e-01   9.9913063e-01   1.0000000e+00   1.6074565e+01   5.6027104e+01   3.2209192e+01
   6.2066047e-01   2.6198697e-01   1.0000000e+00   4.0040874e-01   3.9924429e-01   1.9888726e-01   8.9995848e-01   3.9900189e-01   9.9929601e-01   1.0000000e+00   1.7025555e+01   4.7960712e+01   3.9718753e+01
   5.4334050e-01   3.0048551e-01   1.0000000e+00   4.0046026e-01   3.9991460e-01   1.9892757e-01   9.0002774e-01   3.9980020e-01   9.9957000e-01   1.0000000e+00   1.7034343e+01   3.9655056e+01   4.7645541e+01
   4.6056145e-01   3.3097124e-01   1.0000000e+00   3.9971770e-01   3.9841145e-01   1.9942436e-01   8.9973469e-01   3.9935169e-01   9.9770897e-01   1.0000000e+00   1.6088563e+01   3.2521592e+01   5.6935274e+01
   3.7073324e-01   3.6193845e-01   1.0000000e+00   3.9997876e-01   3.9905609e-01   1.9910834e-01   9.0023850e-01   3.9893537e-01   9.9957644e-01   1.0000000e+00   1.4045460e+01   2.4760751e+01   6.5868006e+01
   2.6660671e-01   3.9137437e-01   1.0000000e+00   4.0028809e-01   3.9905034e-01   1.9937098e-01   8.9996576e-01   3.9943381e-01   9.9921436e-01   1.0000000e+00   1.0897480e+01   1.6946653e+01   7.6594847e+01
   1.4497264e-01   4.1897351e-01   1.0000000e+00   4.0000995e-01   3.9907227e-01   1.9937036e-01   8.9975472e-01   3.9918076e-01   9.9976483e-01   1.0000000e+00   6.3432249e+00   8.7966937e+00   8.9293019e+01
   0.0000000e+00   6.8294069e-01   1.0000000e+00   4.0006052e-01   4.0003011e-01   2.0014991e-01   8.9978963e-01   4.0004312e-01   9.9974782e-01   1.0000000e+00   0.0000000e+00   0.0000000e+00   1.0397329e+02
   9.0473324e-01   6.0144205e-02   1.0000000e+00   3.9938715e-01   4.0088789e-01   1.9953009e-01   8.9998322e-01   3.9943769e-01   9.9915142e-01   1.0000000e+00   5.6822757e+00   8.8795250e+01   9.9483109e+00
   8.1965342e-01   1.1600132e-01   1.0000000e+00   3.9938861e-01   4.0080055e-01   1.9946040e-01   9.0015804e-01   3.9923624e-01   9.9919680e-01   1.0000000e+00   9.9341966e+00   7.5704452e+01   1.8842888e+01
   6.5595550e-01   2.1025805e-01   1.0000000e+00   3.9914354e-01   4.0105876e-01   1.9950208e-01   8.9905987e-01   3.9923767e-01   9.9948461e-01   1.0000000e+00   1.4436233e+01   5.4223366e+01   3.6011524e+01
   3.8411116e-01   3.1776704e-01   1.0000000e+00   3.9998165e-01   3.9949323e-01   1.9913045e-01   9.0008298e-01   3.9907956e-01   9.9948092e-01   1.0000000e+00   1.2749887e+01   2.7373491e+01   6.4334349e+01
   2.7550417e-01   3.4925224e-01   1.0000000e+00   4.0001016e-01   3.9937868e-01   1.9925869e-01   8.9987998e-01   3.9926941e-01   9.9837612e-01   1.0000000e+00   1.0075499e+01   1.8773274e+01   7.5863881e+01
   1.4776131e-01   3.8134637e-01   1.0000000e+00   4.0000702e-01   3.9934923e-01   1.9927812e-01   8.9991374e-01   3.9915734e-01   9.9848322e-01   1.0000000e+00   5.8994735e+00   9.5706448e+00   8.9226560e+01
   0.0000000e+00   6.8294069e-01   1.0000000e+00   4.0006052e-01   4.0003011e-01   2.0014991e-01   8.9978963e-01   4.0004312e-01   9.9974782e-01   1.0000000e+00   0.0000000e+00   0.0000000e+00   1.0397329e+02
   1.0000000e+00   0.0000000e+00   1.0000000e+00   4.0001783e-01   4.0004865e-01   2.0006687e-01   8.9988591e-01   4.0011305e-01   9.9968049e-01   1.0000000e+00   0.0000000e+00   1.0397799e+02   1.1543876e-14
   8.9615888e-01   5.8371560e-02   1.0000000e+00   3.9937302e-01   4.0125443e-01   1.9942566e-01   8.9991441e-01   3.9923358e-01   9.9897944e-01   1.0000000e+00   5.4771266e+00   8.8354982e+01   1.0872660e+01
   7.9830608e-01   1.1054017e-01   1.0000000e+00   3.9937067e-01   3.9995076e-01   2.0008891e-01   9.0008647e-01   3.9913949e-01   9.9932977e-01   1.0000000e+00   9.2023515e+00   7.4046581e+01   2.1033040e+01
   7.0399877e-01   1.5734456e-01   1.0000000e+00   3.9925695e-01   3.9998123e-01   1.9960532e-01   9.0013675e-01   3.9898774e-01   9.9894303e-01   1.0000000e+00   1.1578916e+01   6.2010637e+01   3.0941244e+01
   6.1014106e-01   1.9816220e-01   1.0000000e+00   3.9991963e-01   4.0174523e-01   1.9946845e-01   8.9949993e-01   3.9928623e-01   9.9981874e-01   1.0000000e+00   1.2667319e+01   5.1256673e+01   4.0845210e+01
   5.1082779e-01   2.3620473e-01   1.0000000e+00   3.9959594e-01   3.9939825e-01   1.9936750e-01   8.9962181e-01   3.9887201e-01   9.9995916e-01   1.0000000e+00   1.2610024e+01   4.0775968e+01   5.1122793e+01
   4.0612631e-01   2.7373635e-01   1.0000000e+00   3.9983195e-01   3.9861765e-01   1.9924555e-01   9.0005798e-01   3.9906765e-01   9.9910147e-01   1.0000000e+00   1.1654837e+01   3.0922031e+01   6.2259650e+01
   2.9056650e-01   3.0344821e-01   1.0000000e+00   3.9999340e-01   3.9913932e-01   1.9923705e-01   9.0014102e-01   3.9922813e-01   9.9853322e-01   1.0000000e+00   9.2360517e+00   2.1200944e+01   7.4313537e+01
   1.5580135e-01   3.2969548e-01   1.0000000e+00   4.0005456e-01   3.9957092e-01   1.9926364e-01   8.9928964e-01   3.9918658e-01   9.9889942e-01   1.0000000e+00   5.3685949e+00   1.0914901e+01   8.8230973e+01
   0.0000000e+00   6.8294069e-01   1.0000000e+00   4.0006052e-01   4.0003011e-01   2.0014991e-01   8.9978963e-01   4.0004312e-01   9.9974782e-01   1.0000000e+00   0.0000000e+00   0.0000000e+00   1.0397329e+02
   1.0000000e+00   0.0000000e+00   1.0000000e+00   4.0001783e-01   4.0004865e-01   2.0006687e-01   8.9988591e-01   4.0011305e-01   9.9968049e-01   1.0000000e+00   0.0000000e+00   1.0397799e+02   1.1543876e-14
   7.7134609e-01   1.0295143e-01   1.0000000e+00   3.9950907e-01   4.0001251e-01   1.9987593e-01   9.0005990e-01   3.9915738e-01   9.9956494e-01   1.0000000e+00   8.2765579e+00   7.2116286e+01   2.3831246e+01
   5.5175780e-01   1.8731839e-01   1.0000000e+00   3.9942094e-01   4.0132597e-01   1.9949481e-01   8.9949399e-01   3.9941132e-01   9.9912628e-01   1.0000000e+00   1.0814244e+01   4.6917641e+01   4.6900772e+01
   4.3481760e-01   2.2258013e-01   1.0000000e+00   3.9994397e-01   3.9978578e-01   1.9918973e-01   8.9992644e-01   3.9917410e-01   9.9684277e-01   1.0000000e+00   1.0257529e+01   3.5827127e+01   5.9901523e+01
   3.0871544e-01   2.6072287e-01   1.0000000e+00   3.9992508e-01   3.9862275e-01   1.9934711e-01   8.9982909e-01   3.9940441e-01   9.9787475e-01   1.0000000e+00   8.4739077e+00   2.4027682e+01   7.2778502e+01
   1.6420795e-01   2.8542412e-01   1.0000000e+00   4.0005256e-01   3.9907672e-01   1.9923961e-01   8.9964786e-01   3.9903450e-01   9.9885271e-01   1.0000000e+00   4.9067455e+00   1.2284323e+01   8.7499772e+01
   0.0000000e+00   6.8294069e-01   1.0000000e+00   4.0006052e-01   4.0003011e-01   2.0014991e-01   8.9978963e-01   4.0004312e-01   9.9974782e-01   1.0000000e+00   0.0000000e+00   0.0000000e+00   1.0397329e+02
   1.0000000e+00   0.0000000e+00   1.0000000e+00   4.0001783e-01   4.0004865e-01   2.0006687e-01   8.9988591e-01   4.0011305e-01   9.9968049e-01   1.0000000e+00   0.0000000e+00   1.0397799e+02   1.1543876e-14
   8.6318545e-01   4.7573973e-02   1.0000000e+00   3.9933333e-01   4.0108045e-01   1.9939632e-01   8.9999310e-01   3.9920075e-01   9.9893334e-01   1.0000000e+00   4.2986048e+00   8.6057624e+01   1.4321426e+01
   7.3654690e-01   9.9484531e-02   1.0000000e+00   3.9957981e-01   4.0008038e-01   1.9997443e-01   9.0008023e-01   3.9921241e-01   9.9950234e-01   1.0000000e+00   7.6345002e+00   6.9106076e+01   2.7449090e+01
   6.0879822e-01   1.4340212e-01   1.0000000e+00   3.9977211e-01   4.0030312e-01   1.9943007e-01   9.0005362e-01   3.9950522e-01   9.9867336e-01   1.0000000e+00   9.1146947e+00   5.4445694e+01   4.0842658e+01
   3.3696762e-01   2.1657596e-01   1.0000000e+00   3.9993631e-01   3.9893133e-01   1.9921102e-01   8.9982977e-01   3.9920060e-01   9.9729262e-01   1.0000000e+00   7.7158460e+00   2.7910666e+01   7.0100299e+01
   1.8022469e-01   2.4453241e-01   1.0000000e+00   3.9996595e-01   3.9811824e-01   1.9917547e-01   8.9982559e-01   3.9935410e-01   9.9845375e-01   1.0000000e+00   4.6417678e+00   1.4340452e+01   8.6343078e+01
   0.0000000e+00   6.8293217e-01   1.0000000e+00   4.0006055e-01   4.0003006e-01   2.0014945e-01   8.9978952e-01   4.0004313e-01   9.9974776e-01   1.0000000e+00   0.0000000e+00   0.0000000e+00   1.0397329e+02
   1.0000000e+00   0.0000000e+00   1.0000000e+00   4.0001783e-01   4.0004865e-01   2.0006687e-01   8.9988591e-01   4.0011305e-01   9.9968049e-01   1.0000000e+00   0.0000000e+00   1.0397799e+02   1.1543876e-14
   6.8800435e-01   9.5444137e-02   1.0000000e+00   3.9985819e-01   3.9980810e-01   1.9948412e-01   8.9993863e-01   3.9908422e-01   9.9897259e-01   1.0000000e+00   6.8546623e+00   6.4963917e+01   3.2568230e+01
   5.3166467e-01   1.2191080e-01   1.0000000e+00   3.9984290e-01   4.0036435e-01   1.9972461e-01   9.0011413e-01   3.9959035e-01   9.9809554e-01   1.0000000e+00   6.7820829e+00   4.8849437e+01   4.9004959e+01
   3.7630774e-01   1.7430976e-01   1.0000000e+00   4.0011589e-01   3.9947018e-01   1.9906566e-01   9.0004312e-01   3.9949988e-01   9.9825247e-01   1.0000000e+00   6.8733283e+00   3.2558360e+01   6.5354061e+01
   2.0103003e-01   2.0918108e-01   1.0000000e+00   3.9996644e-01   3.9824702e-01   1.9887613e-01   8.9982799e-01   3.9942217e-01   9.9808117e-01   1.0000000e+00   4.4390994e+00   1.6782225e+01   8.4341630e+01
   0.0000000e+00   6.8293217e-01   1.0000000e+00   4.0006055e-01   4.0003006e-01   2.0014945e-01   8.9978952e-01   4.0004313e-01   9.9974776e-01   1.0000000e+00   0.0000000e+00   0.0000000e+00   1.0397329e+02
   1.0000000e+00   0.0000000e+00   1.0000000e+00   4.0001783e-01   4.0004865e-01   2.0006687e-01   8.9988591e-01   4.0011305e-01   9.9968049e-01   1.0000000e+00   0.0000000e+00   1.0397799e+02   1.1543876e-14
   8.0826223e-01   4.7543473e-02   1.0000000e+00   3.9971703e-01   4.0093633e-01   1.9940035e-01   8.9998475e-01   3.9920703e-01   9.9873852e-01   1.0000000e+00   4.0198962e+00   8.0532115e+01   2.0057617e+01
   6.2173850e-01   8.8176275e-02   1.0000000e+00   3.9860671e-01   4.0025904e-01   1.9941261e-01   9.0003925e-01   3.9903702e-01   9.9897266e-01   1.0000000e+00   5.7472638e+00   5.9431990e+01   3.9654617e+01
   2.2814142e-01   1.6087587e-01   1.0000000e+00   4.0016197e-01   3.9908837e-01   1.9909134e-01   8.9978785e-01   3.9919899e-01   9.9719648e-01   1.0000000e+00   3.8832767e+00   2.0255065e+01   8.1665951e+01
   0.0000000e+00   6.8293217e-01   1.0000000e+00   4.0006055e-01   4.0003006e-01   2.0014945e-01   8.9978952e-01   4.0004313e-01   9.9974776e-01   1.0000000e+00   0.0000000e+00   0.0000000e+00   1.0397329e+02
   1.0000000e+00   0.0000000e+00   1.0000000e+00   4.0002695e-01   4.0004302e-01   2.0005556e-01   8.9988572e-01   4.0013989e-01   9.9969661e-01   1.0000000e+00   0.0000000e+00   1.0397873e+02   0.0000000e+00
   7.6005773e-01   4.4581938e-02   1.0000000e+00   3.9846421e-01   4.0082590e-01   1.9945852e-01   8.9997627e-01   3.9925428e-01   9.9875734e-01   1.0000000e+00   3.5581867e+00   7.6254106e+01   2.5195905e+01
   5.2328696e-01   8.6423248e-02   1.0000000e+00   4.0092046e-01   3.9920534e-01   1.9932565e-01   8.9996615e-01   3.9954256e-01   9.9855411e-01   1.0000000e+00   4.7365839e+00   5.0070242e+01   4.9928875e+01
   2.7061885e-01   1.0294162e-01   1.0000000e+00   4.0009012e-01   3.9773409e-01   1.9931727e-01   8.9992633e-01   3.9920417e-01   9.9745598e-01   1.0000000e+00   2.9626258e+00   2.5817043e+01   7.7567945e+01
   0.0000000e+00   6.8293217e-01   1.0000000e+00   4.0006055e-01   4.0003006e-01   2.0014945e-01   8.9978952e-01   4.0004313e-01   9.9974776e-01   1.0000000e+00   0.0000000e+00   0.0000000e+00   1.0397329e+02
   1.0000000e+00   0.0000000e+00   1.0000000e+00   4.0002695e-01   4.0004302e-01   2.0005556e-01   8.9988572e-01   4.0013989e-01   9.9969661e-01   1.0000000e+00   0.0000000e+00   1.0397873e+02   0.0000000e+00
   6.7569241e-01   4.3458298e-02   1.0000000e+00   3.9948763e-01   3.9947697e-01   2.0009138e-01   9.0002442e-01   3.9852044e-01   9.9817667e-01   1.0000000e+00   3.0850264e+00   6.7903175e+01   3.4071735e+01
   0.0000000e+00   6.8293217e-01   1.0000000e+00   4.0006055e-01   4.0003006e-01   2.0014945e-01   8.9978952e-01   4.0004313e-01   9.9974776e-01   1.0000000e+00   0.0000000e+00   0.0000000e+00   1.0397329e+02
   1.0000000e+00   0.0000000e+00   1.0000000e+00   4.0002695e-01   4.0004302e-01   2.0005556e-01   8.9988572e-01   4.0013989e-01   9.9969661e-01   1.0000000e+00   0.0000000e+00   1.0397873e+02   0.0000000e+00
   5.0862523e-01   2.9818666e-02   1.0000000e+00   4.0007195e-01   3.9895012e-01   1.9916996e-01   9.0003614e-01   3.9909499e-01   9.9835032e-01   1.0000000e+00   1.5921667e+00   5.1802802e+01   5.1584031e+01
   1.0000000e+00   0.0000000e+00   1.0000000e+00   4.0002695e-01   4.0004302e-01   2.0005556e-01   8.9988572e-01   4.0013989e-01   9.9969661e-01   1.0000000e+00   0.0000000e+00   1.0397873e+02   0.0000000e+00
   0.0000000e+00   6.8293217e-01   1.0000000e+00   4.0006055e-01   4.0003006e-01   2.0014945e-01   8.9978952e-01   4.0004313e-01   9.9974776e-01   1.0000000e+00   0.0000000e+00   0.0000000e+00   1.0397329e+02
   5.0047025e-01   0.0000000e+00   1.0000000e+00   4.0006540e-01   3.9897141e-01   1.9913815e-01   9.0004332e-01   3.9909469e-01   9.9821763e-01   1.0000000e+00   0.0000000e+00   5.2579217e+01   5.2480408e+01
