   1.0000000e+00   5.1136462e-01   1.0132436e-01   5.9673713e-01   5.0135317e-01   2.0074686e-01   3.9839361e-01   3.9810152e-01   8.9864885e-01   5.0118712e-01   2.5321548e+01   2.4196051e+01   0.0000000e+00
   1.0000000e+00   1.0000000e+00   1.0025265e-01   6.0000178e-01   5.0000210e-01   2.0015013e-01   4.0004816e-01   4.0006722e-01   8.9980474e-01   5.0002938e-01   4.4978997e+01   0.0000000e+00   2.9962031e-14
   1.0000000e+00   1.0000000e+00   1.0025265e-01   6.0000178e-01   5.0000210e-01   2.0015013e-01   4.0004816e-01   4.0006722e-01   8.9980474e-01   5.0002938e-01   4.4978997e+01   0.0000000e+00   2.9962031e-14
   1.0000000e+00   1.0000000e+00   1.0025265e-01   6.0000178e-01   5.0000210e-01   2.0015013e-01   4.0004816e-01   4.0006722e-01   8.9980474e-01   5.0002938e-01   4.4978997e+01   0.0000000e+00   2.9962031e-14
   1.0000000e+00   1.0000000e+00   1.0025265e-01   6.0000178e-01   5.0000210e-01   2.0015013e-01   4.0004816e-01   4.0006722e-01   8.9980474e-01   5.0002938e-01   4.4978997e+01   0.0000000e+00   2.9962031e-14
   1.0000000e+00   1.0000000e+00   1.0025265e-01   6.0000178e-01   5.0000210e-01   2.0015013e-01   4.0004816e-01   4.0006722e-01   8.9980474e-01   5.0002938e-01   4.4978997e+01   0.0000000e+00   2.9962031e-14
   1.0000000e+00   1.0000000e+00   1.0025517e-01   5.9999352e-01   5.0000829e-01   2.0015443e-01   4.0007974e-01   4.0006652e-01   8.9979908e-01   5.0002940e-01   4.4979055e+01   9.9873566e-15   1.4981035e-14
   1.0000000e+00   1.0000000e+00   1.0025517e-01   5.9999352e-01   5.0000829e-01   2.0015443e-01   4.0007974e-01   4.0006652e-01   8.9979908e-01   5.0002940e-01   4.4979055e+01   9.9873566e-15   1.4981035e-14
   1.0000000e+00   1.0000000e+00   1.0025495e-01   5.9999250e-01   5.0000814e-01   2.0015965e-01   4.0008203e-01   4.0006730e-01   8.9979852e-01   5.0002944e-01   4.4979076e+01   9.9873611e-15   9.9873611e-15
   1.0000000e+00   1.0000000e+00   1.0025495e-01   5.9999250e-01   5.0000814e-01   2.0015965e-01   4.0008203e-01   4.0006730e-01   8.9979852e-01   5.0002944e-01   4.4979076e+01   9.9873611e-15   9.9873611e-15
   1.0000000e+00   1.0000000e+00   1.0020987e-01   5.9995138e-01   4.9999731e-01   2.0014742e-01   4.0008614e-01   4.0006496e-01   8.9979732e-01   4.9999387e-01   4.4978034e+01   0.0000000e+00   0.0000000e+00
   1.0000000e+00   1.0000000e+00   1.0020987e-01   5.9995138e-01   4.9999731e-01   2.0014742e-01   4.0008614e-01   4.0006496e-01   8.9979732e-01   4.9999387e-01   4.4978034e+01   0.0000000e+00   0.0000000e+00
   1.0000000e+00   1.0000000e+00   1.0020987e-01   5.9995138e-01   4.9999731e-01   2.0014742e-01   4.0008614e-01   4.0006496e-01   8.9979732e-01   4.9999387e-01   4.4978034e+01   0.0000000e+00   0.0000000e+00
   1.0000000e+00   1.0000000e+00   1.0020987e-01   5.9995138e-01   4.9999731e-01   2.0014742e-01   4.0008614e-01   4.0006496e-01   8.9979732e-01   4.9999387e-01   4.4978034e+01   0.0000000e+00   0.0000000e+00
   1.0000000e+00   1.0000000e+00   1.0020987e-01   5.9995138e-01   4.9999731e-01   2.0014742e-01   4.0008614e-01   4.0006496e-01   8.9979732e-01   4.9999387e-01   4.4978034e+01   0.0000000e+00   0.0000000e+00
   1.0000000e+00   1.0000000e+00   1.0020987e-01   5.9995138e-01   4.9999731e-01   2.0014742e-01   4.0008614e-01   4.0006496e-01   8.9979732e-01   4.9999387e-01   4.4978034e+01   0.0000000e+00   0.0000000e+00
   1.0000000e+00   1.0000000e+00   1.0020988e-01   5.9995118e-01   4.9999787e-01   2.0014786e-01   4.0008511e-01   4.0006452e-01   8.9979732e-01   4.9999381e-01   4.4978016e+01   4.9935629e-15   0.0000000e+00
   1.0000000e+00   1.0000000e+00   1.0020988e-01   5.9995118e-01   4.9999787e-01   2.0014786e-01   4.0008511e-01   4.0006452e-01   8.9979732e-01   4.9999381e-01   4.4978016e+01   4.9935629e-15   0.0000000e+00
   1.0000000e+00   1.0000000e+00   1.0020988e-01   5.9995118e-01   4.9999787e-01   2.0014786e-01   4.0008511e-01   4.0006452e-01   8.9979732e-01   4.9999381e-01   4.4978016e+01   4.9935629e-15   0.0000000e+00
   1.0000000e+00   1.0000000e+00   1.0020988e-01   5.9995118e-01   4.9999787e-01   2.0014786e-01   4.0008511e-01   4.0006452e-01   8.9979732e-01   4.9999381e-01   4.4978016e+01   4.9935629e-15   0.0000000e+00
   1.0000000e+00   1.0000000e+00   1.0020988e-01   5.9995118e-01   4.9999787e-01   2.0014786e-01   4.0008511e-01   4.0006452e-01   8.9979732e-01   4.9999381e-01   4.4978016e+01   4.9935629e-15   0.0000000e+00
   4.9954567e-01   1.0000000e+00   1.0139069e-01   5.9882912e-01   4.9924463e-01   1.9874033e-01   3.9957420e-01   3.9980874e-01   9.0110654e-01   5.0061597e-01   2.3218714e+01   0.0000000e+00   2.3260948e+01
   1.0000000e+00   0.0000000e+00   1.0027821e-01   5.9985952e-01   4.9999192e-01   2.0024101e-01   3.9999429e-01   4.0009793e-01   8.9983579e-01   5.0002772e-01   0.0000000e+00   4.4983537e+01   4.9941758e-15
   9.7926249e-01   4.9989721e-01   1.0042056e-01   5.9967876e-01   5.0132887e-01   1.9937333e-01   4.0019650e-01   4.0137272e-01   9.0012476e-01   4.9932206e-01   2.2484582e+01   2.2493828e+01   9.5249268e-01
   9.7241064e-01   6.6561746e-01   9.9262984e-02   5.9963374e-01   5.0090434e-01   1.9955090e-01   4.0046973e-01   4.0140987e-01   9.0068340e-01   5.0027831e-01   2.9756902e+01   1.4948809e+01   1.2683963e+00
   9.6459370e-01   8.0060126e-01   1.0132030e-01   5.9951039e-01   4.9950196e-01   1.9994354e-01   3.9954965e-01   4.0000645e-01   8.9927089e-01   4.9988148e-01   3.5081492e+01   8.7374397e+00   1.6084142e+00
   9.5883851e-01   8.3389304e-01   1.0071058e-01   5.9947435e-01   4.9862873e-01   1.9988437e-01   3.9915212e-01   3.9988195e-01   8.9965137e-01   4.9983038e-01   3.6487057e+01   7.2680232e+00   1.8783397e+00
   9.5678897e-01   8.5719241e-01   1.0056579e-01   6.0012615e-01   4.9844077e-01   2.0019294e-01   3.9882458e-01   3.9989584e-01   8.9962044e-01   5.0043490e-01   3.7591725e+01   6.2627520e+00   1.9805799e+00
   9.5133827e-01   8.7537590e-01   1.0093212e-01   5.9918427e-01   4.9965032e-01   1.9999391e-01   3.9924514e-01   3.9962873e-01   8.9861128e-01   4.9943623e-01   3.8083895e+01   5.4218666e+00   2.2253552e+00
   9.4837020e-01   8.9045875e-01   9.9748292e-02   6.0019268e-01   5.0009813e-01   2.0042221e-01   4.0035490e-01   3.9998761e-01   8.9975119e-01   5.0014004e-01   3.8060796e+01   4.6821116e+00   2.3269474e+00
   9.4470644e-01   9.0293129e-01   9.9636055e-02   6.0000462e-01   5.0014831e-01   2.0029420e-01   4.0072343e-01   3.9995985e-01   8.9976058e-01   5.0016427e-01   3.8510312e+01   4.1400120e+00   2.4963187e+00
   9.4191596e-01   9.0973570e-01   9.9808572e-02   6.0022734e-01   5.0011636e-01   2.0041783e-01   4.0032397e-01   3.9998440e-01   8.9974319e-01   5.0011957e-01   3.8611067e+01   3.8310037e+00   2.6172258e+00
   9.3506884e-01   9.1842839e-01   1.0072624e-01   5.9957458e-01   4.9959747e-01   1.9943613e-01   4.0028970e-01   3.9986877e-01   9.0008923e-01   4.9951066e-01   3.8881626e+01   3.4533304e+00   2.9397383e+00
   9.3159250e-01   9.2317003e-01   1.0109407e-01   5.9957865e-01   4.9952701e-01   1.9940908e-01   4.0013936e-01   4.0002210e-01   9.0004240e-01   4.9950353e-01   3.9025155e+01   3.2478323e+00   3.1041355e+00
   9.2293076e-01   9.3088932e-01   1.0053287e-01   6.0080400e-01   5.0006286e-01   1.9951487e-01   3.9969236e-01   3.9994683e-01   9.0059708e-01   4.9987866e-01   3.8988974e+01   2.8946026e+00   3.4974841e+00
   9.1560040e-01   9.3343719e-01   1.0083611e-01   6.0057900e-01   5.0029197e-01   1.9951033e-01   3.9943194e-01   3.9993761e-01   9.0068244e-01   4.9980913e-01   3.8864039e+01   2.7713697e+00   3.8379320e+00
   9.0516435e-01   9.4506136e-01   1.0032712e-01   6.0002292e-01   4.9989462e-01   1.9966423e-01   3.9948523e-01   3.9953429e-01   9.0005262e-01   4.9986396e-01   3.8634314e+01   2.2459037e+00   4.2830918e+00
   8.9492487e-01   9.4337836e-01   1.0031755e-01   6.0002297e-01   4.9989384e-01   1.9965846e-01   3.9948924e-01   3.9952220e-01   9.0005261e-01   4.9986670e-01   3.8131067e+01   2.2886295e+00   4.7457671e+00
   8.8236774e-01   9.4492443e-01   1.0057279e-01   6.0032043e-01   5.0019583e-01   1.9939451e-01   3.9954669e-01   4.0026184e-01   9.0052218e-01   4.9980260e-01   3.7789172e+01   2.2025678e+00   5.3314719e+00
   8.6336202e-01   9.4738321e-01   1.0063715e-01   5.9967966e-01   4.9985840e-01   1.9975786e-01   3.9897194e-01   3.9980263e-01   9.0066127e-01   4.9980077e-01   3.7184181e+01   2.0651751e+00   6.2117079e+00
   8.4019646e-01   9.5111407e-01   1.0052294e-01   6.0002228e-01   4.9990147e-01   1.9967525e-01   3.9946888e-01   3.9959770e-01   9.0005866e-01   4.9991107e-01   3.6094941e+01   1.8552294e+00   7.2180396e+00
   8.0720802e-01   9.5599212e-01   1.0042582e-01   6.0007072e-01   4.9986336e-01   1.9912800e-01   3.9938509e-01   3.9951030e-01   9.0009341e-01   4.9973578e-01   3.5017021e+01   1.6119641e+00   8.7483949e+00
   7.5935976e-01   9.5464400e-01   1.0020986e-01   5.9994744e-01   4.9999566e-01   2.0014900e-01   4.0008861e-01   4.0007036e-01   8.9979733e-01   4.9999291e-01   3.2605451e+01   1.5491145e+00   1.0823543e+01
   6.7390258e-01   9.5590506e-01   1.0001590e-01   6.0044566e-01   4.9964951e-01   1.9899049e-01   3.9954178e-01   3.9915554e-01   8.9965124e-01   4.9969013e-01   2.9346798e+01   1.3537384e+00   1.4855805e+01
   5.1056899e-01   9.6005632e-01   1.0050426e-01   6.0007292e-01   4.9976324e-01   1.9911469e-01   3.9904966e-01   3.9961918e-01   9.0016473e-01   4.9948049e-01   2.2320964e+01   9.2867611e-01   2.2287086e+01
   0.0000000e+00   7.5597162e-01   1.0020952e-01   5.9996141e-01   5.0002556e-01   2.0013775e-01   4.0005559e-01   4.0003959e-01   8.9980076e-01   5.0000114e-01   0.0000000e+00   0.0000000e+00   4.4977959e+01
   1.0000000e+00   0.0000000e+00   1.0027821e-01   5.9985952e-01   4.9999192e-01   2.0024101e-01   3.9999429e-01   4.0009793e-01   8.9983579e-01   5.0002772e-01   0.0000000e+00   4.4983537e+01   4.9941758e-15
   9.7281458e-01   3.3161247e-01   1.0089832e-01   5.9972538e-01   5.0069299e-01   1.9911368e-01   3.9996877e-01   4.0091461e-01   9.0107733e-01   5.0008981e-01   1.4795791e+01   2.9821926e+01   1.2468474e+00
   9.5449918e-01   5.0188030e-01   1.0055803e-01   5.9991875e-01   5.0083101e-01   1.9952680e-01   3.9984630e-01   4.0123425e-01   9.0033905e-01   4.9941180e-01   2.1857546e+01   2.1693766e+01   2.0760839e+00
   9.4658174e-01   6.0159052e-01   1.0058529e-01   5.9999747e-01   5.0058642e-01   1.9963155e-01   3.9957332e-01   4.0121433e-01   9.0030687e-01   4.9941647e-01   2.5943934e+01   1.7181636e+01   2.4336967e+00
   9.3454380e-01   6.6960816e-01   1.0141507e-01   6.0058548e-01   4.9937658e-01   2.0010998e-01   3.9991403e-01   4.0066103e-01   8.9951818e-01   4.9967428e-01   2.8496951e+01   1.4060701e+01   2.9807723e+00
   9.2350837e-01   7.5148419e-01   1.0015019e-01   6.0012297e-01   4.9902135e-01   1.9919334e-01   3.9947221e-01   4.0026600e-01   8.9961229e-01   5.0100631e-01   3.1671934e+01   1.0473908e+01   3.4908230e+00
   9.1397937e-01   7.7839307e-01   1.0031145e-01   5.9974222e-01   4.9887244e-01   2.0004414e-01   3.9947116e-01   3.9961616e-01   9.0032134e-01   4.9943614e-01   3.2343544e+01   9.2081412e+00   3.9107035e+00
   9.0446701e-01   8.0131525e-01   1.0052305e-01   5.9947733e-01   4.9882906e-01   2.0004935e-01   3.9943770e-01   3.9970700e-01   8.9997447e-01   4.9930611e-01   3.2986518e+01   8.1789507e+00   4.3480419e+00
   8.9656336e-01   8.1771495e-01   1.0054540e-01   5.9975915e-01   4.9892252e-01   1.9976756e-01   3.9926296e-01   4.0006404e-01   8.9909893e-01   5.0006929e-01   3.3347490e+01   7.4338235e+00   4.7049459e+00
   8.8637662e-01   8.3349126e-01   1.0079102e-01   5.9979553e-01   4.9949939e-01   1.9970829e-01   3.9898698e-01   3.9963444e-01   8.9925824e-01   4.9920296e-01   3.3673571e+01   6.7270577e+00   5.1789001e+00
   8.7664904e-01   8.4557994e-01   1.0116317e-01   6.0037054e-01   5.0028700e-01   2.0028721e-01   3.9909396e-01   3.9985740e-01   8.9970499e-01   5.0017574e-01   3.3661850e+01   6.1473370e+00   5.6014451e+00
   8.6545572e-01   8.5876925e-01   1.0101525e-01   5.9998941e-01   4.9959160e-01   1.9940302e-01   3.9911459e-01   3.9982354e-01   8.9965530e-01   5.0003410e-01   3.3771857e+01   5.5540235e+00   6.1136254e+00
   8.5270271e-01   8.6852055e-01   1.0041942e-01   5.9987903e-01   5.0002628e-01   1.9951864e-01   3.9918343e-01   3.9984831e-01   9.0004618e-01   5.0009805e-01   3.3502811e+01   5.0717638e+00   6.6634367e+00
   8.3998891e-01   8.7506359e-01   1.0040302e-01   5.9990824e-01   4.9999038e-01   1.9951370e-01   3.9917672e-01   3.9982287e-01   8.9998824e-01   5.0013946e-01   3.3252289e+01   4.7475654e+00   7.2386646e+00
   8.1922413e-01   8.8309068e-01   1.0070826e-01   5.9994270e-01   4.9978632e-01   1.9951622e-01   3.9916246e-01   3.9983624e-01   9.0041473e-01   4.9970448e-01   3.2826054e+01   4.3457278e+00   8.2025920e+00
   7.9736916e-01   8.9122175e-01   1.0063916e-01   5.9995106e-01   4.9976362e-01   1.9956214e-01   3.9906027e-01   3.9981572e-01   9.0013927e-01   4.9985352e-01   3.2210812e+01   3.9314970e+00   9.1846369e+00
   7.7255284e-01   8.9600700e-01   1.0003320e-01   5.9999364e-01   4.9977933e-01   1.9958979e-01   3.9933187e-01   3.9982075e-01   9.0025664e-01   4.9997712e-01   3.1294926e+01   3.6321737e+00   1.0282882e+01
   7.3414800e-01   9.0030275e-01   1.0121566e-01   5.9917732e-01   4.9945145e-01   1.9970327e-01   3.9966905e-01   3.9949034e-01   9.0040440e-01   4.9996128e-01   3.0113752e+01   3.3347209e+00   1.2112467e+01
   6.8788112e-01   9.0513258e-01   1.0115013e-01   5.9947712e-01   4.9949797e-01   1.9977396e-01   3.9970061e-01   3.9950601e-01   9.0039949e-01   4.9994609e-01   2.8286964e+01   2.9647714e+00   1.4180148e+01
   6.2267645e-01   9.1154313e-01   9.9139828e-02   6.0069319e-01   4.9971232e-01   1.9917909e-01   3.9954864e-01   3.9928605e-01   8.9965219e-01   4.9953324e-01   2.5953677e+01   2.5185655e+00   1.7253339e+01
   5.2171783e-01   9.1713965e-01   1.0134549e-01   6.0075712e-01   4.9993915e-01   1.9938825e-01   3.9947449e-01   3.9888326e-01   8.9970270e-01   4.9972394e-01   2.1929892e+01   1.9812888e+00   2.1920453e+01
   3.4903984e-01   9.1620245e-01   1.0058026e-01   5.9955141e-01   4.9873772e-01   1.9924095e-01   4.0002605e-01   4.0053127e-01   9.0064215e-01   5.0004253e-01   1.4615267e+01   1.3367390e+00   2.9750530e+01
   0.0000000e+00   7.6270288e-01   1.0020955e-01   5.9996141e-01   5.0002537e-01   2.0013702e-01   4.0005579e-01   4.0004130e-01   8.9980066e-01   5.0000118e-01   0.0000000e+00   0.0000000e+00   4.4977954e+01
   9.6832436e-01   2.4739230e-01   1.0011894e-01   5.9994847e-01   4.9979877e-01   1.9926962e-01   4.0016105e-01   4.0074289e-01   9.0013968e-01   4.9964971e-01   1.0848342e+01   3.3002425e+01   1.4344377e+00
   9.4810553e-01   3.9702955e-01   1.0014558e-01   6.0046241e-01   4.9937218e-01   1.9980771e-01   4.0068813e-01   4.0019628e-01   9.0122852e-01   5.0017620e-01   1.7174974e+01   2.6083705e+01   2.3677600e+00
   9.2754786e-01   5.0019573e-01   1.0122065e-01   6.0014773e-01   4.9920163e-01   1.9979363e-01   3.9911113e-01   4.0003843e-01   9.0002768e-01   4.9976074e-01   2.1127301e+01   2.1110766e+01   3.2992781e+00
   9.1362344e-01   5.7156945e-01   1.0147095e-01   6.0112091e-01   4.9955241e-01   1.9981738e-01   3.9945899e-01   3.9998559e-01   9.0026031e-01   4.9953259e-01   2.3907947e+01   1.7920648e+01   3.9545945e+00
   9.0226122e-01   6.2559665e-01   1.0110829e-01   6.0071747e-01   4.9958091e-01   1.9967798e-01   4.0053866e-01   3.9976083e-01   9.0050846e-01   4.9926945e-01   2.5741258e+01   1.5405475e+01   4.4572808e+00
   8.9045629e-01   6.6741474e-01   1.0088750e-01   6.0074877e-01   4.9974383e-01   1.9935054e-01   3.9873213e-01   4.0005449e-01   8.9990148e-01   4.9968600e-01   2.7160316e+01   1.3534494e+01   5.0062655e+00
   8.7929540e-01   6.9956071e-01   1.0089679e-01   5.9984150e-01   4.9926036e-01   1.9963825e-01   3.9965555e-01   4.0035306e-01   8.9919417e-01   4.9938793e-01   2.7944929e+01   1.2001467e+01   5.4836107e+00
   8.6576141e-01   7.2850655e-01   9.9868397e-02   5.9989946e-01   4.9904376e-01   1.9974826e-01   3.9931781e-01   4.0034784e-01   8.9930125e-01   4.9953671e-01   2.8651683e+01   1.0677658e+01   6.0981180e+00
   8.5240016e-01   7.5427586e-01   9.9896933e-02   5.9989673e-01   4.9920519e-01   1.9966607e-01   3.9934103e-01   4.0033920e-01   8.9938260e-01   4.9967332e-01   2.9150475e+01   9.4964931e+00   6.6920289e+00
   8.2298061e-01   7.8686327e-01   1.0029748e-01   5.9958581e-01   4.9958445e-01   1.9988196e-01   3.9893527e-01   3.9961472e-01   8.9927592e-01   4.9917173e-01   2.9481666e+01   7.9856641e+00   8.0590522e+00
   8.0794694e-01   8.0118184e-01   9.9977376e-02   5.9948111e-01   4.9966213e-01   1.9987441e-01   3.9907572e-01   3.9953666e-01   8.9969161e-01   4.9978119e-01   2.9336379e+01   7.2800014e+00   8.7038980e+00
   7.8703227e-01   8.1331505e-01   9.9537242e-02   6.0013586e-01   4.9954234e-01   1.9965182e-01   3.9924002e-01   3.9998335e-01   9.0018715e-01   5.0006869e-01   2.9012333e+01   6.6593700e+00   9.6526177e+00
   7.6765830e-01   8.2521312e-01   1.0006716e-01   6.0000142e-01   4.9981413e-01   1.9954637e-01   3.9922713e-01   3.9982554e-01   9.0018413e-01   4.9997341e-01   2.8655350e+01   6.0694371e+00   1.0509905e+01
   7.3790689e-01   8.3496981e-01   9.9873400e-02   5.9997629e-01   4.9977584e-01   1.9946423e-01   3.9968706e-01   3.9983704e-01   9.0028099e-01   4.9998184e-01   2.7839169e+01   5.5023588e+00   1.1842395e+01
   7.0346110e-01   8.4447067e-01   1.0088953e-01   6.0051283e-01   4.9960793e-01   1.9996461e-01   3.9951630e-01   3.9921162e-01   9.0095475e-01   5.0052179e-01   2.7138961e+01   4.9982841e+00   1.3547221e+01
   6.6285327e-01   8.5396392e-01   1.0071599e-01   6.0067019e-01   4.9952388e-01   2.0004186e-01   3.9946746e-01   3.9910261e-01   9.0096856e-01   5.0098811e-01   2.5974862e+01   4.4419523e+00   1.5470889e+01
   6.0861023e-01   8.5783782e-01   1.0129838e-01   6.0034427e-01   5.0032883e-01   1.9918031e-01   3.9913207e-01   3.9944782e-01   9.0112628e-01   5.0079391e-01   2.4102066e+01   3.9942308e+00   1.8068383e+01
   5.3610220e-01   8.6347073e-01   1.0099512e-01   6.0089750e-01   4.9935552e-01   2.0002826e-01   3.9948665e-01   3.9933249e-01   8.9998758e-01   4.9999164e-01   2.1079029e+01   3.3329498e+00   2.1124076e+01
   2.7096495e-01   8.9122027e-01   1.0023781e-01   6.0000187e-01   5.0090356e-01   2.0000262e-01   4.0000714e-01   3.9971673e-01   9.0016685e-01   5.0038550e-01   1.0920828e+01   1.3329641e+00   3.2969000e+01
   0.0000000e+00   7.6270288e-01   1.0020955e-01   5.9996141e-01   5.0002537e-01   2.0013702e-01   4.0005579e-01   4.0004130e-01   8.9980066e-01   5.0000118e-01   0.0000000e+00   0.0000000e+00   4.4977954e+01
   1.0000000e+00   0.0000000e+00   1.0027821e-01   5.9985952e-01   4.9999192e-01   2.0024101e-01   3.9999429e-01   4.0009793e-01   8.9983579e-01   5.0002772e-01   0.0000000e+00   4.4983537e+01   1.9976703e-14
   9.6149979e-01   2.0019958e-01   1.0007460e-01   5.9984804e-01   5.0015930e-01   1.9934165e-01   4.0007704e-01   4.0097708e-01   9.0055586e-01   4.9998691e-01   8.7392922e+00   3.4913607e+01   1.7479418e+00
   8.9548974e-01   5.0072173e-01   1.0084416e-01   6.0046644e-01   5.0002745e-01   1.9952209e-01   3.9940964e-01   3.9954051e-01   8.9999164e-01   4.9877726e-01   2.0458014e+01   2.0399039e+01   4.7683195e+00
   8.7936426e-01   5.5613676e-01   1.0117054e-01   6.0058486e-01   4.9952895e-01   1.9944004e-01   3.9935590e-01   3.9991147e-01   8.9982315e-01   4.9942633e-01   2.2276349e+01   1.7779174e+01   5.4950241e+00
   8.6288358e-01   5.9745720e-01   1.0127996e-01   6.0051901e-01   5.0018811e-01   1.9962809e-01   4.0004393e-01   3.9952514e-01   9.0106613e-01   5.0002937e-01   2.3562344e+01   1.5875366e+01   6.2668449e+00
   8.4806651e-01   6.3632297e-01   1.0150453e-01   6.0025005e-01   5.0076931e-01   1.9914266e-01   3.9988732e-01   3.9971780e-01   9.0092353e-01   5.0004762e-01   2.4783691e+01   1.4164598e+01   6.9776952e+00
   8.2905338e-01   6.6988752e-01   1.0080937e-01   5.9973889e-01   5.0021595e-01   2.0012485e-01   3.9975206e-01   3.9947742e-01   9.0000622e-01   5.0047768e-01   2.5105438e+01   1.2371657e+01   7.7275875e+00
   7.7197633e-01   7.3295667e-01   1.0095662e-01   5.9918515e-01   5.0099468e-01   1.9953944e-01   3.9991364e-01   3.9981911e-01   9.0019443e-01   5.0073248e-01   2.5816368e+01   9.4058616e+00   1.0403819e+01
   7.5037252e-01   7.5124062e-01   1.0174348e-01   5.9935834e-01   4.9940356e-01   1.9963782e-01   3.9904028e-01   3.9959357e-01   9.0059514e-01   4.9883895e-01   2.6084028e+01   8.6372417e+00   1.1550773e+01
   7.2376021e-01   7.6551499e-01   1.0088769e-01   5.9948114e-01   5.0045117e-01   1.9931598e-01   4.0068951e-01   3.9981168e-01   9.0011288e-01   5.0085796e-01   2.5236239e+01   7.7301165e+00   1.2582371e+01
   6.9261295e-01   7.8033263e-01   1.0069260e-01   6.0053106e-01   4.9989950e-01   1.9913699e-01   3.9977462e-01   3.9934327e-01   9.0128371e-01   5.0079991e-01   2.4847284e+01   6.9946294e+00   1.4131690e+01
   5.4659706e-01   8.1472698e-01   1.0063295e-01   6.0076121e-01   4.9974728e-01   1.9945287e-01   3.9952920e-01   3.9911227e-01   8.9963580e-01   4.9948884e-01   2.0279255e+01   4.6116049e+00   2.0646999e+01
   4.7509599e-01   8.2322255e-01   1.0078943e-01   5.9940129e-01   4.9920762e-01   1.9966575e-01   4.0060829e-01   4.0128319e-01   9.0088083e-01   4.9952582e-01   1.7957059e+01   3.8560692e+00   2.4099968e+01
   3.7332101e-01   8.3708427e-01   1.0074017e-01   5.9935715e-01   5.0012415e-01   1.9942275e-01   4.0015025e-01   4.0071647e-01   9.0122201e-01   4.9997686e-01   1.4282025e+01   2.7796085e+00   2.8640680e+01
   2.2579730e-01   8.3494870e-01   1.0055369e-01   6.0060287e-01   5.0011004e-01   2.0050205e-01   4.0023749e-01   3.9999141e-01   8.9963919e-01   5.0011907e-01   8.5080073e+00   1.6818490e+00   3.4938480e+01
   0.0000000e+00   7.6270288e-01   1.0020955e-01   5.9996141e-01   5.0002537e-01   2.0013702e-01   4.0005579e-01   4.0004130e-01   8.9980066e-01   5.0000118e-01   0.0000000e+00   0.0000000e+00   4.4977954e+01
   1.0000000e+00   0.0000000e+00   1.0027821e-01   5.9985952e-01   4.9999192e-01   2.0024101e-01   3.9999429e-01   4.0009793e-01   8.9983579e-01   5.0002772e-01   0.0000000e+00   4.4983537e+01   2.4970879e-14
   9.6003885e-01   1.6624488e-01   9.9995347e-02   5.9982744e-01   4.9967662e-01   1.9933393e-01   4.0004502e-01   4.0104180e-01   9.0057033e-01   4.9993665e-01   7.2546264e+00   3.6383567e+01   1.8164185e+00
   9.2858842e-01   2.8060093e-01   1.0018869e-01   6.0056621e-01   4.9896069e-01   2.0000711e-01   4.0018519e-01   4.0066000e-01   9.0115427e-01   4.9950130e-01   1.1923287e+01   3.0568685e+01   3.2677761e+00
   9.0117402e-01   3.7652338e-01   1.0097448e-01   6.0004864e-01   4.9962956e-01   1.9952727e-01   3.9857595e-01   3.9956327e-01   9.0013252e-01   4.9905491e-01   1.5566357e+01   2.5775980e+01   4.5337493e+00
   8.7780025e-01   4.4495954e-01   1.0108695e-01   6.0047699e-01   4.9976485e-01   1.9963339e-01   3.9942841e-01   3.9982587e-01   8.9950008e-01   4.9895859e-01   1.7798634e+01   2.2201933e+01   5.5685325e+00
   8.5738768e-01   5.0016956e-01   9.9939411e-02   6.0040220e-01   5.0025733e-01   1.9963869e-01   3.9933797e-01   3.9971504e-01   8.9994519e-01   4.9979568e-01   1.9397286e+01   1.9384135e+01   6.4506504e+00
   8.3775938e-01   5.4541552e-01   1.0046333e-01   6.0048807e-01   5.0021567e-01   1.9953060e-01   3.9919533e-01   3.9973284e-01   9.0117835e-01   5.0009945e-01   2.0870908e+01   1.7395161e+01   7.4106134e+00
   8.1752419e-01   5.8403837e-01   1.0086583e-01   5.9956891e-01   5.0023568e-01   2.0010813e-01   3.9953726e-01   3.9944463e-01   9.0000271e-01   5.0037122e-01   2.1612287e+01   1.5392622e+01   8.2596955e+00
   7.9579287e-01   6.1456054e-01   1.0072712e-01   5.9920295e-01   4.9968386e-01   2.0037709e-01   3.9973479e-01   3.9972799e-01   9.0037493e-01   5.0044907e-01   2.2163227e+01   1.3900311e+01   9.2542064e+00
   7.7405595e-01   6.4207220e-01   9.8433259e-02   5.9994214e-01   5.0030731e-01   1.9965443e-01   4.0069153e-01   3.9969636e-01   9.0004245e-01   4.9999018e-01   2.2753072e+01   1.2683865e+01   1.0343910e+01
   7.5263721e-01   6.6663925e-01   1.0091684e-01   5.9950989e-01   5.0080319e-01   1.9938760e-01   4.0048594e-01   3.9973806e-01   9.0025696e-01   5.0065230e-01   2.2850005e+01   1.1426412e+01   1.1265335e+01
   7.2366878e-01   6.8808853e-01   1.0070127e-01   5.9950077e-01   5.0079082e-01   1.9928139e-01   4.0082515e-01   3.9972061e-01   9.0019516e-01   5.0092258e-01   2.2745741e+01   1.0310676e+01   1.2622515e+01
   6.9474356e-01   7.0683146e-01   1.0161576e-01   6.0030722e-01   4.9924026e-01   1.9927877e-01   3.9976884e-01   3.9955988e-01   9.0048702e-01   5.0040007e-01   2.2515535e+01   9.3386428e+00   1.3996089e+01
   6.5935008e-01   7.2422616e-01   1.0121901e-01   6.0046957e-01   5.0002325e-01   1.9915652e-01   3.9971268e-01   3.9944922e-01   9.0082257e-01   5.0047882e-01   2.1859643e+01   8.3238055e+00   1.5594128e+01
   5.7156103e-01   7.5056655e-01   1.0128472e-01   6.0042444e-01   4.9929400e-01   1.9893883e-01   3.9972859e-01   3.9977763e-01   9.0115561e-01   4.9925094e-01   1.9799182e+01   6.5798006e+00   1.9773539e+01
   5.1156894e-01   7.6176399e-01   9.9654361e-02   5.9974150e-01   5.0088735e-01   1.9945534e-01   3.9968934e-01   3.9966253e-01   9.0024312e-01   5.0004870e-01   1.7689065e+01   5.5321232e+00   2.2170911e+01
   4.3783776e-01   7.7306062e-01   9.9943367e-02   5.9963634e-01   5.0020646e-01   1.9960193e-01   4.0004420e-01   3.9979334e-01   8.9981180e-01   4.9994644e-01   1.5262581e+01   4.4804773e+00   2.5349120e+01
   1.9905638e-01   7.9047182e-01   1.0034154e-01   5.9999374e-01   4.9999168e-01   2.0000279e-01   4.0032047e-01   4.0005657e-01   8.9983455e-01   4.9995118e-01   7.0809099e+00   1.8769172e+00   3.6043631e+01
   0.0000000e+00   7.6270288e-01   1.0020955e-01   5.9996141e-01   5.0002537e-01   2.0013702e-01   4.0005579e-01   4.0004130e-01   8.9980066e-01   5.0000118e-01   0.0000000e+00   0.0000000e+00   4.4977954e+01
   1.0000000e+00   0.0000000e+00   1.0027821e-01   5.9985952e-01   4.9999192e-01   2.0024101e-01   3.9999429e-01   4.0009793e-01   8.9983579e-01   5.0002772e-01   0.0000000e+00   4.4983537e+01   2.4970879e-14
   9.5672226e-01   1.4164722e-01   1.0028134e-01   5.9982113e-01   4.9993110e-01   2.0029142e-01   4.0009646e-01   4.0020192e-01   8.9988365e-01   4.9994443e-01   6.0974524e+00   3.6949296e+01   1.9472382e+00
   9.1898620e-01   2.5098823e-01   1.0076046e-01   5.9962021e-01   4.9965166e-01   1.9944566e-01   3.9923099e-01   3.9969605e-01   8.9937785e-01   4.9909249e-01   1.0503528e+01   3.1345159e+01   3.6891972e+00
   8.6232882e-01   3.9878889e-01   9.9569330e-02   6.0037431e-01   5.0046162e-01   1.9974651e-01   3.9885751e-01   3.9942116e-01   9.0053590e-01   4.9954324e-01   1.5707136e+01   2.3679960e+01   6.2881675e+00
   8.3652777e-01   4.5596022e-01   1.0031893e-01   6.0030784e-01   5.0064194e-01   1.9970740e-01   3.9944653e-01   4.0003774e-01   9.0054315e-01   4.9966216e-01   1.7290157e+01   2.0630163e+01   7.4102970e+00
   7.8763882e-01   5.3890537e-01   1.0045001e-01   6.0144509e-01   5.0037871e-01   1.9962060e-01   3.9983679e-01   3.9962823e-01   9.0076425e-01   5.0045069e-01   1.9433765e+01   1.6627788e+01   9.7228247e+00
   7.6394351e-01   5.7187240e-01   9.9685204e-02   6.0034378e-01   5.0052772e-01   2.0016361e-01   4.0070025e-01   3.9967783e-01   9.0007821e-01   4.9999972e-01   1.9765531e+01   1.4797303e+01   1.0679823e+01
   7.3535895e-01   6.0234949e-01   1.0073372e-01   6.0042459e-01   5.0073957e-01   1.9978637e-01   4.0065422e-01   3.9964908e-01   9.0004038e-01   5.0107991e-01   2.0179635e+01   1.3321904e+01   1.2056537e+01
   7.0542098e-01   6.2593956e-01   1.0062518e-01   5.9983108e-01   5.0086384e-01   1.9981708e-01   3.9995133e-01   3.9981756e-01   9.0022600e-01   4.9983371e-01   1.9975600e+01   1.1937385e+01   1.3326647e+01
   6.7245419e-01   6.4881298e-01   9.9820156e-02   6.0000925e-01   5.0076269e-01   1.9994965e-01   4.0047909e-01   3.9970848e-01   8.9983769e-01   4.9991090e-01   1.9716916e+01   1.0672297e+01   1.4802286e+01
   6.3509747e-01   6.6878077e-01   9.9980076e-02   5.9920838e-01   5.0045011e-01   1.9990766e-01   4.0021664e-01   3.9907998e-01   8.9895469e-01   4.9931770e-01   1.9355989e+01   9.5862140e+00   1.6629074e+01
   5.9315166e-01   6.8351765e-01   1.0151827e-01   6.0046109e-01   4.9929571e-01   1.9873984e-01   3.9959825e-01   3.9962735e-01   9.0086306e-01   4.9984374e-01   1.8717623e+01   8.6666343e+00   1.8783121e+01
   5.4238827e-01   7.0047534e-01   1.0121448e-01   5.9905692e-01   4.9981869e-01   1.9863922e-01   4.0003126e-01   3.9957280e-01   9.0050898e-01   4.9967639e-01   1.7461967e+01   7.4667721e+00   2.1032320e+01
   4.0073025e-01   7.4674927e-01   1.0012796e-01   5.9954105e-01   5.0026033e-01   1.9960098e-01   4.0000475e-01   3.9976960e-01   8.9993822e-01   4.9992991e-01   1.3497736e+01   4.5775892e+00   2.7030641e+01
   3.0507990e-01   7.6038503e-01   1.0001844e-01   5.9962587e-01   5.0028450e-01   1.9964045e-01   3.9961580e-01   3.9982992e-01   9.0019342e-01   4.9983201e-01   1.0475259e+01   3.3009971e+00   3.1379967e+01
   1.8126079e-01   7.5092752e-01   9.9973032e-02   5.9958003e-01   5.0025615e-01   1.9953175e-01   3.9968110e-01   3.9989038e-01   9.0022230e-01   4.9976507e-01   6.1499652e+00   2.0398601e+00   3.6992727e+01
   0.0000000e+00   7.6270288e-01   1.0020955e-01   5.9996141e-01   5.0002537e-01   2.0013702e-01   4.0005579e-01   4.0004130e-01   8.9980066e-01   5.0000118e-01   0.0000000e+00   0.0000000e+00   4.4977954e+01
   1.0000000e+00   0.0000000e+00   1.0027821e-01   5.9985952e-01   4.9999192e-01   2.0024101e-01   3.9999429e-01   4.0009793e-01   8.9983579e-01   5.0002772e-01   0.0000000e+00   4.4983537e+01   2.4970879e-14
   9.5810789e-01   1.2419335e-01   1.0031951e-01   5.9981270e-01   4.9971265e-01   2.0038142e-01   4.0006470e-01   4.0013788e-01   9.0007144e-01   5.0007901e-01   5.3579599e+00   3.7784124e+01   1.8863355e+00
   9.1635711e-01   2.2075031e-01   1.0057458e-01   5.9979885e-01   4.9966304e-01   1.9948052e-01   3.9938087e-01   3.9969400e-01   8.9938724e-01   4.9897508e-01   9.1990173e+00   3.2472576e+01   3.8036835e+00
   8.7760404e-01   2.9942552e-01   9.9592130e-02   6.0026581e-01   4.9960005e-01   2.0005788e-01   4.0115954e-01   4.0056425e-01   9.0142640e-01   5.0077933e-01   1.2099026e+01   2.8308438e+01   5.6354687e+00
   8.4608326e-01   3.5915299e-01   9.9382850e-02   5.9876195e-01   4.9976121e-01   2.0012666e-01   4.0003254e-01   4.0072282e-01   8.9932045e-01   5.0128849e-01   1.3936237e+01   2.4866830e+01   7.0589290e+00
   8.1597180e-01   4.1726204e-01   9.9792906e-02   6.0041634e-01   5.0015923e-01   1.9988495e-01   3.9944500e-01   3.9975431e-01   9.0020940e-01   5.0029229e-01   1.5393909e+01   2.1498757e+01   8.3204970e+00
   7.8835995e-01   4.6029145e-01   1.0063736e-01   6.0099697e-01   5.0031334e-01   1.9963774e-01   3.9938075e-01   3.9963834e-01   9.0073883e-01   5.0040468e-01   1.6559034e+01   1.9416072e+01   9.6577370e+00
   7.5919034e-01   4.9691906e-01   9.9548399e-02   6.0035538e-01   5.0052926e-01   2.0021316e-01   4.0091914e-01   3.9968469e-01   8.9998910e-01   4.9909429e-01   1.7163427e+01   1.7376256e+01   1.0955736e+01
   6.9631334e-01   5.6288273e-01   1.0042105e-01   5.9954047e-01   4.9986431e-01   1.9965434e-01   4.0032999e-01   4.0001520e-01   9.0009780e-01   5.0023198e-01   1.7683202e+01   1.3732226e+01   1.3701369e+01
   6.2035468e-01   6.1712495e-01   9.9553001e-02   5.9993584e-01   5.0021083e-01   1.9992508e-01   4.0017387e-01   3.9976717e-01   9.0038064e-01   4.9994313e-01   1.7291450e+01   1.0727916e+01   1.7147322e+01
   5.1761033e-01   6.5320895e-01   9.9874156e-02   5.9925696e-01   5.0034490e-01   1.9999071e-01   3.9991445e-01   3.9899527e-01   8.9884799e-01   4.9925992e-01   1.5428508e+01   8.1910524e+00   2.2012374e+01
   4.5599180e-01   6.6904535e-01   1.0028581e-01   5.9949748e-01   5.0043768e-01   1.9956368e-01   4.0001184e-01   3.9938849e-01   9.0006511e-01   4.9999435e-01   1.3797696e+01   6.8252646e+00   2.4603644e+01
   3.8445272e-01   6.8499856e-01   1.0115914e-01   5.9959268e-01   4.9969623e-01   1.9986971e-01   3.9982148e-01   4.0021256e-01   9.0055537e-01   5.0079726e-01   1.1975002e+01   5.5067896e+00   2.7990098e+01
   2.8923969e-01   6.9383973e-01   1.0008527e-01   5.9955586e-01   5.0020591e-01   1.9961089e-01   3.9991802e-01   3.9979279e-01   9.0036084e-01   4.9994313e-01   9.0624007e+00   3.9988299e+00   3.2095886e+01
   1.6737973e-01   7.1199838e-01   9.9874869e-02   5.9958470e-01   5.0059634e-01   1.9950633e-01   3.9941596e-01   4.0001237e-01   9.0015159e-01   4.9973748e-01   5.3981009e+00   2.1835188e+00   3.7714304e+01
   0.0000000e+00   8.0744988e-01   1.0020961e-01   5.9996131e-01   5.0001992e-01   2.0013392e-01   4.0005329e-01   4.0003428e-01   8.9980004e-01   5.0000070e-01   0.0000000e+00   0.0000000e+00   4.4977956e+01
   1.0000000e+00   0.0000000e+00   1.0027821e-01   5.9985952e-01   4.9999192e-01   2.0024101e-01   3.9999429e-01   4.0009793e-01   8.9983579e-01   5.0002772e-01   0.0000000e+00   4.4983537e+01   2.4970879e-14
   9.4912930e-01   1.1072175e-01   1.0037363e-01   6.0042213e-01   4.9945675e-01   1.9963482e-01   3.9979988e-01   4.0065340e-01   9.0040888e-01   5.0007406e-01   4.7603112e+00   3.8233150e+01   2.3043302e+00
   8.6462828e-01   2.7026568e-01   9.9660777e-02   6.0135458e-01   4.9940946e-01   2.0001115e-01   3.9997489e-01   4.0076400e-01   9.0057175e-01   5.0097166e-01   1.0726963e+01   2.8963474e+01   6.2141878e+00
   8.3097532e-01   3.3347780e-01   9.9613359e-02   5.9987658e-01   5.0003351e-01   2.0043807e-01   3.9869964e-01   3.9965533e-01   8.9976195e-01   5.0063706e-01   1.2618353e+01   2.5220307e+01   7.6965791e+00
   7.9561708e-01   3.8288169e-01   9.9931865e-02   6.0042525e-01   4.9973403e-01   2.0013179e-01   3.9961945e-01   3.9960859e-01   8.9998692e-01   5.0029179e-01   1.3753971e+01   2.2168277e+01   9.2279240e+00
   7.6382230e-01   4.2909455e-01   1.0075400e-01   6.0032046e-01   5.0062144e-01   1.9955024e-01   4.0075102e-01   4.0006008e-01   8.9934624e-01   5.0012375e-01   1.4864470e+01   1.9777010e+01   1.0711320e+01
   7.3093459e-01   4.6600276e-01   1.0073866e-01   5.9999562e-01   5.0091335e-01   1.9976004e-01   4.0082915e-01   3.9987512e-01   8.9973922e-01   5.0102321e-01   1.5519568e+01   1.7784028e+01   1.2259436e+01
   6.9252110e-01   4.9988059e-01   1.0091512e-01   5.9988010e-01   5.0042742e-01   1.9972278e-01   4.0104772e-01   3.9940815e-01   8.9949256e-01   5.0100212e-01   1.5801547e+01   1.5809096e+01   1.4035104e+01
   6.5329746e-01   5.3047854e-01   1.0072227e-01   5.9927976e-01   5.0058755e-01   1.9973141e-01   4.0072661e-01   3.9986971e-01   9.0010635e-01   5.0057977e-01   1.5735423e+01   1.3927272e+01   1.5741882e+01
   5.6405811e-01   5.7907246e-01   1.0066113e-01   6.0072322e-01   5.0124766e-01   1.9971301e-01   4.0036280e-01   4.0002192e-01   9.0030660e-01   5.0068664e-01   1.4909541e+01   1.0837740e+01   1.9899223e+01
   4.4504218e-01   6.1680876e-01   9.9738060e-02   5.9913385e-01   4.9976787e-01   1.9986490e-01   3.9967930e-01   4.0016691e-01   9.0074964e-01   5.0088003e-01   1.2501108e+01   7.7662888e+00   2.5272998e+01
   3.6934222e-01   6.3661177e-01   1.0041325e-01   5.9876460e-01   4.9931495e-01   2.0001558e-01   3.9991114e-01   4.0059569e-01   8.9990439e-01   5.0072094e-01   1.0704720e+01   6.1104263e+00   2.8712133e+01
   0.0000000e+00   8.0744988e-01   1.0020961e-01   5.9996131e-01   5.0001992e-01   2.0013392e-01   4.0005329e-01   4.0003428e-01   8.9980004e-01   5.0000070e-01   0.0000000e+00   0.0000000e+00   4.4977956e+01
   9.4817799e-01   9.9674102e-02   1.0039956e-01   5.9999896e-01   5.0016222e-01   2.0023193e-01   4.0003053e-01   4.0007522e-01   8.9986959e-01   5.0005723e-01   4.2523479e+00   3.8410167e+01   2.3316904e+00
   8.9809208e-01   1.8130136e-01   9.9980692e-02   5.9893674e-01   4.9988378e-01   2.0022890e-01   3.9934068e-01   4.0009387e-01   9.0046952e-01   5.0120681e-01   7.4362801e+00   3.3579851e+01   4.6541646e+00
   8.5284675e-01   2.4675161e-01   9.9674141e-02   6.0032924e-01   4.9976287e-01   2.0018216e-01   4.0020098e-01   4.0048661e-01   9.0068861e-01   5.0073346e-01   9.5493406e+00   2.9150875e+01   6.6774748e+00
   8.1361891e-01   3.0771833e-01   9.9648174e-02   6.0070305e-01   5.0045280e-01   2.0005955e-01   3.9946898e-01   4.0020304e-01   8.9995007e-01   5.0002067e-01   1.1333753e+01   2.5497830e+01   8.4372555e+00
   7.7493207e-01   3.5460388e-01   1.0008064e-01   5.9936291e-01   4.9992857e-01   1.9933104e-01   4.0095598e-01   3.9974903e-01   9.0020339e-01   5.0164920e-01   1.2621734e+01   2.2972163e+01   1.0337738e+01
   7.3405823e-01   4.0042304e-01   1.0035137e-01   5.9926269e-01   4.9985323e-01   1.9951262e-01   4.0030229e-01   4.0024494e-01   9.0059915e-01   5.0137444e-01   1.3426864e+01   2.0104833e+01   1.2148190e+01
   6.5622305e-01   4.6920811e-01   1.0057603e-01   5.9964943e-01   5.0085447e-01   1.9988964e-01   4.0051360e-01   3.9934592e-01   8.9945648e-01   5.0019442e-01   1.3963988e+01   1.5796768e+01   1.5590830e+01
   6.0860299e-01   5.0038953e-01   1.0055080e-01   5.9970066e-01   5.0051673e-01   1.9954439e-01   4.0065196e-01   3.9942052e-01   8.9964106e-01   5.0143228e-01   1.3917107e+01   1.3895439e+01   1.7886451e+01
   5.0252438e-01   5.5023310e-01   1.0024875e-01   6.0033494e-01   5.0051867e-01   1.9978878e-01   4.0072143e-01   4.0002455e-01   9.0057044e-01   4.9995159e-01   1.2524072e+01   1.0237321e+01   2.2532714e+01
   4.3744371e-01   5.7192334e-01   9.9643091e-02   5.9886366e-01   4.9991768e-01   1.9978823e-01   3.9967783e-01   4.0025946e-01   9.0094090e-01   5.0038924e-01   1.1414361e+01   8.5434905e+00   2.5665965e+01
   3.6034602e-01   5.9139851e-01   1.0022854e-01   5.9838969e-01   4.9937685e-01   2.0102161e-01   3.9965518e-01   4.0048927e-01   9.0008417e-01   5.0059779e-01   9.7687689e+00   6.7493127e+00   2.9321419e+01
   1.4855030e-01   6.2786566e-01   9.9736796e-02   5.9964695e-01   5.0013539e-01   1.9967805e-01   3.9966021e-01   4.0016095e-01   8.9970727e-01   4.9946686e-01   4.2136259e+00   2.4974051e+00   3.8465795e+01
   0.0000000e+00   8.0744988e-01   1.0020961e-01   5.9996131e-01   5.0001992e-01   2.0013392e-01   4.0005329e-01   4.0003428e-01   8.9980004e-01   5.0000070e-01   0.0000000e+00   0.0000000e+00   4.4977956e+01
   1.0000000e+00   0.0000000e+00   1.0027821e-01   5.9985952e-01   4.9999192e-01   2.0024101e-01   3.9999429e-01   4.0009793e-01   8.9983579e-01   5.0002772e-01   0.0000000e+00   4.4983537e+01   2.4970879e-14
   8.8984579e-01   1.6450476e-01   1.0002551e-01   5.9944465e-01   4.9999324e-01   2.0010479e-01   3.9958197e-01   4.0005235e-01   9.0033470e-01   5.0079498e-01   6.6253083e+00   3.3648956e+01   4.9855604e+00
   8.4190540e-01   2.3064656e-01   9.9620255e-02   6.0043535e-01   4.9960199e-01   2.0000576e-01   3.9982324e-01   4.0101614e-01   9.0064513e-01   5.0063331e-01   8.8434948e+00   2.9498698e+01   7.1999702e+00
   7.9354731e-01   2.8173047e-01   9.9803054e-02   6.0078372e-01   5.0050387e-01   2.0020209e-01   3.9961468e-01   4.0016898e-01   8.9949732e-01   4.9957358e-01   1.0125621e+01   2.5815187e+01   9.3505159e+00
   7.4917513e-01   3.2878645e-01   1.0003705e-01   5.9904345e-01   4.9989348e-01   1.9944983e-01   4.0023198e-01   4.0029804e-01   9.0150400e-01   5.0178206e-01   1.1445112e+01   2.3365057e+01   1.1654493e+01
   7.0534884e-01   3.7413340e-01   1.0029185e-01   5.9933141e-01   4.9981616e-01   1.9950620e-01   4.0000535e-01   4.0023554e-01   9.0010295e-01   5.0032348e-01   1.1925386e+01   1.9949303e+01   1.3315276e+01
   6.5993256e-01   4.1160837e-01   1.0070499e-01   5.9991640e-01   5.0037773e-01   1.9958549e-01   4.0077942e-01   4.0026254e-01   8.9896706e-01   5.0007801e-01   1.2324122e+01   1.7617257e+01   1.5428983e+01
   6.1155250e-01   4.4380318e-01   9.9891627e-02   5.9910193e-01   4.9999561e-01   1.9974151e-01   3.9955110e-01   4.0012029e-01   9.0113910e-01   5.0135904e-01   1.2469076e+01   1.5626883e+01   1.7846064e+01
   5.5894233e-01   4.7219337e-01   9.9890215e-02   5.9942104e-01   5.0020673e-01   1.9999574e-01   4.0000475e-01   4.0048540e-01   9.0081245e-01   5.0121134e-01   1.2034147e+01   1.3451486e+01   2.0110543e+01
   4.9823298e-01   4.9963726e-01   1.0097885e-01   6.0112492e-01   5.0018466e-01   1.9970136e-01   4.0079374e-01   4.0007792e-01   9.0062856e-01   5.0017575e-01   1.1368399e+01   1.1384906e+01   2.2914697e+01
   3.5557091e-01   5.4522215e-01   9.9851184e-02   6.0001791e-01   5.0066415e-01   1.9966640e-01   4.0034064e-01   4.0047367e-01   9.0114204e-01   5.0085406e-01   8.8576171e+00   7.3882692e+00   2.9443696e+01
   2.6008505e-01   5.6890309e-01   9.9653414e-02   6.0008204e-01   5.0033452e-01   1.9986189e-01   4.0068086e-01   4.0038512e-01   9.0037711e-01   5.0020229e-01   6.6959875e+00   5.0740093e+00   3.3484418e+01
   0.0000000e+00   8.0744988e-01   1.0020961e-01   5.9996131e-01   5.0001992e-01   2.0013392e-01   4.0005329e-01   4.0003428e-01   8.9980004e-01   5.0000070e-01   0.0000000e+00   0.0000000e+00   4.4977956e+01
   1.0000000e+00   0.0000000e+00   1.0027821e-01   5.9985952e-01   4.9999192e-01   2.0024101e-01   3.9999429e-01   4.0009793e-01   8.9983579e-01   5.0002772e-01   0.0000000e+00   4.4983537e+01   2.4970879e-14
   8.8037635e-01   1.5320640e-01   9.9875175e-02   5.9916927e-01   4.9996154e-01   2.0015261e-01   3.9913947e-01   4.0003076e-01   9.0036074e-01   5.0100967e-01   6.1433819e+00   3.3955347e+01   5.4485293e+00
   8.2389910e-01   2.1374827e-01   9.9340112e-02   5.9953824e-01   5.0004474e-01   1.9936485e-01   4.0045412e-01   4.0049505e-01   9.0201106e-01   5.0016600e-01   8.1579713e+00   3.0008286e+01   8.1576882e+00
   7.7290557e-01   2.6630078e-01   9.9170997e-02   6.0057052e-01   5.0031894e-01   1.9972986e-01   3.9931393e-01   4.0025572e-01   8.9939223e-01   5.0023762e-01   9.3605967e+00   2.5789871e+01   1.0327879e+01
   7.2320840e-01   3.1103163e-01   1.0027420e-01   5.9930748e-01   4.9994047e-01   1.9974124e-01   4.0006190e-01   4.0004427e-01   9.0147919e-01   5.0155221e-01   1.0376023e+01   2.2984002e+01   1.2767793e+01
   6.7511574e-01   3.5332663e-01   1.0027633e-01   5.9912608e-01   5.0027446e-01   1.9929399e-01   3.9985363e-01   4.0003494e-01   9.0013027e-01   5.0026779e-01   1.0809655e+01   1.9784288e+01   1.4722646e+01
   5.6178620e-01   4.2377310e-01   1.0030490e-01   5.9915746e-01   5.0021355e-01   1.9997975e-01   3.9945723e-01   3.9974391e-01   9.0049305e-01   5.0088995e-01   1.0822302e+01   1.4715661e+01   1.9920545e+01
   5.0322568e-01   4.4588157e-01   1.0017400e-01   5.9917177e-01   5.0035598e-01   1.9984118e-01   3.9922074e-01   3.9936061e-01   9.0047843e-01   5.0103481e-01   1.0248369e+01   1.2736140e+01   2.2689848e+01
   4.3049998e-01   4.7850570e-01   9.9807704e-02   6.0080394e-01   5.0064027e-01   1.9965899e-01   4.0046539e-01   4.0058980e-01   9.0062329e-01   5.0026741e-01   9.3773434e+00   1.0219797e+01   2.5924674e+01
   3.4950644e-01   4.9367657e-01   9.9893567e-02   6.0017486e-01   5.0063895e-01   1.9953127e-01   4.0037961e-01   4.0028506e-01   9.0099110e-01   5.0008663e-01   7.8469735e+00   8.0479950e+00   2.9583359e+01
   2.5791964e-01   5.2248391e-01   9.9689278e-02   6.0002262e-01   5.0038125e-01   1.9987034e-01   4.0075006e-01   4.0041974e-01   9.0027899e-01   5.0052241e-01   6.1043540e+00   5.5789800e+00   3.3615015e+01
   1.4132467e-01   5.5343929e-01   9.9923036e-02   5.9960354e-01   5.0039236e-01   2.0009022e-01   3.9981729e-01   4.0006112e-01   8.9972432e-01   5.0003373e-01   3.5243491e+00   2.8437371e+00   3.8691889e+01
   0.0000000e+00   8.0744988e-01   1.0020961e-01   5.9996131e-01   5.0001992e-01   2.0013392e-01   4.0005329e-01   4.0003428e-01   8.9980004e-01   5.0000070e-01   0.0000000e+00   0.0000000e+00   4.4977956e+01
   1.0000000e+00   0.0000000e+00   1.0027821e-01   5.9985952e-01   4.9999192e-01   2.0024101e-01   3.9999429e-01   4.0009793e-01   8.9983579e-01   5.0002772e-01   0.0000000e+00   4.4983537e+01   2.4970879e-14
   9.2888443e-01   7.5051938e-02   1.0024479e-01   5.9999956e-01   5.0026591e-01   1.9922416e-01   3.9993684e-01   4.0133888e-01   9.0080739e-01   5.0037129e-01   3.1874360e+00   3.9282299e+01   3.2514910e+00
   8.6845843e-01   1.4246612e-01   9.9896731e-02   5.9992810e-01   5.0075787e-01   2.0025374e-01   3.9972335e-01   3.9952040e-01   9.0075354e-01   5.0115405e-01   5.6458396e+00   3.3983509e+01   6.0024829e+00
   6.9332672e-01   2.9484065e-01   9.9706747e-02   6.0021326e-01   5.0040062e-01   1.9939834e-01   4.0063227e-01   4.0032654e-01   9.0122642e-01   5.0162035e-01   9.4415642e+00   2.2581036e+01   1.4164282e+01
   6.3599262e-01   3.3123914e-01   9.9534851e-02   5.9935391e-01   5.0043827e-01   1.9969021e-01   3.9997796e-01   3.9999608e-01   9.0000850e-01   5.0196977e-01   9.6888339e+00   1.9561435e+01   1.6741253e+01
   5.1017438e-01   3.9933275e-01   1.0024296e-01   5.9898655e-01   5.0037844e-01   2.0036611e-01   3.9966352e-01   3.9945191e-01   9.0076042e-01   5.0081356e-01   9.2926213e+00   1.3977750e+01   2.2342211e+01
   4.3501249e-01   4.3116332e-01   9.9700507e-02   5.9990423e-01   5.0074878e-01   1.9967979e-01   4.0044080e-01   4.0081433e-01   9.0098249e-01   5.0011852e-01   8.5542809e+00   1.1285720e+01   2.5767888e+01
   3.5055023e-01   4.5604080e-01   9.9828566e-02   6.0014004e-01   5.0067668e-01   1.9983031e-01   4.0033145e-01   4.0029636e-01   9.0066384e-01   5.0010405e-01   7.2420898e+00   8.6382651e+00   2.9420870e+01
   2.5671000e-01   4.8146548e-01   9.9930060e-02   5.9983191e-01   5.0013162e-01   1.9959595e-01   3.9998807e-01   4.0157692e-01   9.0041988e-01   4.9987724e-01   5.6359605e+00   6.0698849e+00   3.3893646e+01
   1.4193652e-01   4.9961608e-01   9.9921667e-02   5.9971602e-01   5.0039380e-01   2.0008659e-01   3.9984545e-01   4.0006103e-01   8.9970997e-01   5.0003547e-01   3.1943544e+00   3.1992638e+00   3.8651998e+01
   0.0000000e+00   8.0744988e-01   1.0020961e-01   5.9996131e-01   5.0001992e-01   2.0013392e-01   4.0005329e-01   4.0003428e-01   8.9980004e-01   5.0000070e-01   0.0000000e+00   0.0000000e+00   4.4977956e+01
   1.0000000e+00   0.0000000e+00   1.0027812e-01   5.9985945e-01   4.9999193e-01   2.0024080e-01   3.9999429e-01   4.0009793e-01   8.9983577e-01   5.0002772e-01   0.0000000e+00   4.4983528e+01   2.4970874e-14
   8.5408595e-01   1.3347467e-01   9.9975224e-02   6.0001117e-01   5.0077499e-01   1.9990781e-01   3.9982325e-01   3.9966694e-01   8.9995242e-01   5.0084554e-01   5.1646297e+00   3.3529077e+01   6.6105239e+00
   7.8748963e-01   1.8684033e-01   1.0138791e-01   5.9891496e-01   4.9932938e-01   2.0052326e-01   4.0069073e-01   4.0125883e-01   9.0034627e-01   4.9962123e-01   6.7739514e+00   2.9481343e+01   9.7837808e+00
   7.2341563e-01   2.3333730e-01   1.0068501e-01   5.9934658e-01   5.0050320e-01   2.0031143e-01   4.0032893e-01   4.0065796e-01   9.0100039e-01   4.9921291e-01   7.7051424e+00   2.5316335e+01   1.2625141e+01
   6.6047142e-01   2.7810365e-01   9.9447963e-02   6.0057154e-01   5.0000427e-01   1.9975699e-01   4.0033430e-01   3.9976056e-01   9.0067658e-01   5.0090164e-01   8.3653249e+00   2.1714557e+01   1.5463167e+01
   5.9263258e-01   3.1506874e-01   9.9722851e-02   5.9863978e-01   4.9971174e-01   1.9963986e-01   4.0040267e-01   4.0092825e-01   9.0076147e-01   5.0139434e-01   8.6215324e+00   1.8742440e+01   1.8809615e+01
   3.5908551e-01   4.0810194e-01   1.0001221e-01   5.9986089e-01   5.0057249e-01   2.0008246e-01   4.0043411e-01   4.0068015e-01   9.0017868e-01   5.0053568e-01   6.6303233e+00   9.6164097e+00   2.8998014e+01
   2.5741151e-01   4.2684423e-01   9.9858036e-02   5.9982704e-01   5.0026869e-01   1.9959469e-01   4.0010095e-01   4.0095209e-01   9.0057456e-01   4.9935494e-01   4.9929268e+00   6.7043773e+00   3.3744736e+01
   1.3936118e-01   4.4182925e-01   9.9925391e-02   5.9974989e-01   5.0010548e-01   1.9998901e-01   3.9952089e-01   3.9986975e-01   8.9968040e-01   5.0021154e-01   2.7758480e+00   3.5067782e+00   3.8798983e+01
   0.0000000e+00   8.0542940e-01   1.0020968e-01   5.9995930e-01   5.0002172e-01   2.0013722e-01   4.0005519e-01   4.0003679e-01   8.9979816e-01   4.9999402e-01   0.0000000e+00   0.0000000e+00   4.4977935e+01
   1.0000000e+00   0.0000000e+00   1.0027812e-01   5.9985945e-01   4.9999193e-01   2.0024080e-01   3.9999429e-01   4.0009793e-01   8.9983577e-01   5.0002772e-01   0.0000000e+00   4.4983528e+01   2.4970874e-14
   9.1753868e-01   6.6582897e-02   1.0012100e-01   6.0004840e-01   4.9977666e-01   1.9933238e-01   4.0008278e-01   4.0062218e-01   9.0063949e-01   5.0081892e-01   2.7772955e+00   3.8934551e+01   3.7487399e+00
   8.3674830e-01   1.1629879e-01   9.9725306e-02   6.0003654e-01   5.0080122e-01   2.0010971e-01   3.9999005e-01   3.9973811e-01   8.9958451e-01   5.0083834e-01   4.4101236e+00   3.3510507e+01   7.3984103e+00
   7.6594531e-01   1.7636239e-01   1.0120159e-01   5.9841320e-01   4.9917411e-01   2.0029269e-01   4.0037666e-01   3.9977705e-01   9.0016334e-01   4.9969855e-01   6.1948260e+00   2.8930724e+01   1.0733534e+01
   6.9220124e-01   2.2243787e-01   1.0036737e-01   5.9919897e-01   5.0086474e-01   2.0042139e-01   4.0044817e-01   4.0045984e-01   9.0109463e-01   4.9998230e-01   7.0292422e+00   2.4571682e+01   1.4051875e+01
   6.1849824e-01   2.6407360e-01   9.9491588e-02   6.0003709e-01   5.0009840e-01   1.9960949e-01   4.0039325e-01   4.0043022e-01   9.0056088e-01   5.0057059e-01   7.4102546e+00   2.0651068e+01   1.7308771e+01
   5.4367239e-01   2.9843221e-01   9.9648193e-02   5.9858923e-01   5.0046804e-01   1.9957529e-01   4.0049143e-01   4.0061398e-01   8.9991062e-01   5.0098922e-01   7.4325113e+00   1.7472680e+01   2.0903998e+01
   3.6967363e-01   3.6059641e-01   9.9764186e-02   5.9965952e-01   5.0084049e-01   1.9966260e-01   4.0049540e-01   4.0077403e-01   9.0042008e-01   5.0062504e-01   6.0673002e+00   1.0758436e+01   2.8689375e+01
   2.6692676e-01   3.9086545e-01   9.9679777e-02   5.9955465e-01   5.0000955e-01   1.9953937e-01   4.0061207e-01   4.0046206e-01   9.0019295e-01   5.0051566e-01   4.7278916e+00   7.3680652e+00   3.3219683e+01
   1.4476782e-01   4.1365367e-01   9.9864511e-02   5.9950416e-01   5.0032264e-01   1.9999338e-01   3.9973244e-01   4.0000546e-01   8.9964605e-01   5.0036105e-01   2.7016917e+00   3.8295974e+00   3.8584327e+01
   0.0000000e+00   8.0542940e-01   1.0020968e-01   5.9995930e-01   5.0002172e-01   2.0013722e-01   4.0005519e-01   4.0003679e-01   8.9979816e-01   4.9999402e-01   0.0000000e+00   0.0000000e+00   4.4977935e+01
   1.0000000e+00   0.0000000e+00   1.0027812e-01   5.9985945e-01   4.9999193e-01   2.0024080e-01   3.9999429e-01   4.0009793e-01   8.9983577e-01   5.0002772e-01   0.0000000e+00   4.4983528e+01   2.4970874e-14
   9.0702833e-01   6.1717809e-02   1.0030153e-01   5.9982053e-01   4.9987294e-01   1.9937868e-01   4.0003089e-01   4.0111421e-01   9.0009295e-01   5.0021211e-01   2.5388909e+00   3.8598196e+01   4.2166087e+00
   7.3756944e-01   1.6563038e-01   1.0086044e-01   5.9835705e-01   4.9894514e-01   2.0006887e-01   3.9985508e-01   4.0121900e-01   9.0006010e-01   5.0002490e-01   5.6287277e+00   2.8354941e+01   1.2091543e+01
   6.5478729e-01   2.0934705e-01   9.8823704e-02   5.9916282e-01   5.0063174e-01   1.9924052e-01   4.0034104e-01   4.0139790e-01   9.0022587e-01   5.0042442e-01   6.3281606e+00   2.3899926e+01   1.5936656e+01
   5.7160536e-01   2.4967342e-01   9.9615199e-02   5.9828669e-01   5.0018695e-01   1.9933509e-01   4.0042264e-01   4.0101662e-01   8.9986376e-01   5.0018986e-01   6.5576587e+00   1.9707286e+01   1.9684492e+01
   4.8395982e-01   2.8749949e-01   9.9098826e-02   5.9911986e-01   5.0033668e-01   1.9982005e-01   4.0010892e-01   4.0061183e-01   9.0009663e-01   5.0018882e-01   6.3288152e+00   1.5684494e+01   2.3472510e+01
   3.7979386e-01   3.0683049e-01   9.9139783e-02   5.9896964e-01   5.0053118e-01   1.9967807e-01   4.0027902e-01   4.0071111e-01   8.9990402e-01   5.0037525e-01   5.3158298e+00   1.2009143e+01   2.8291807e+01
   2.7565265e-01   3.4794203e-01   9.9589616e-02   6.0024941e-01   5.0025958e-01   1.9944408e-01   3.9995315e-01   4.0037115e-01   8.9944389e-01   5.0057494e-01   4.3442051e+00   8.1412227e+00   3.2808632e+01
   1.4462791e-01   3.9420039e-01   9.9867948e-02   5.9951286e-01   5.0026168e-01   1.9999234e-01   3.9972740e-01   4.0002357e-01   8.9964322e-01   5.0034641e-01   2.5715537e+00   3.9519144e+00   3.8581712e+01
   0.0000000e+00   8.0481755e-01   1.0020967e-01   5.9995952e-01   5.0002178e-01   2.0013841e-01   4.0005493e-01   4.0003663e-01   8.9979807e-01   4.9999704e-01   0.0000000e+00   0.0000000e+00   4.4977925e+01
   1.0000000e+00   0.0000000e+00   1.0027812e-01   5.9985945e-01   4.9999193e-01   2.0024080e-01   3.9999429e-01   4.0009793e-01   8.9983577e-01   5.0002772e-01   0.0000000e+00   4.4983528e+01   2.4970874e-14
   9.0071691e-01   5.8869866e-02   1.0007489e-01   6.0001895e-01   5.0026340e-01   1.9951440e-01   3.9993315e-01   4.0076634e-01   9.0030850e-01   5.0035336e-01   2.3997009e+00   3.8363104e+01   4.4931512e+00
   7.9956668e-01   1.0788663e-01   9.9864240e-02   5.9994972e-01   5.0067139e-01   1.9954883e-01   3.9932591e-01   4.0017952e-01   9.0013836e-01   5.0171249e-01   3.9568386e+00   3.2719056e+01   9.1938189e+00
   6.9895644e-01   1.4176935e-01   1.0083105e-01   5.9862707e-01   4.9947040e-01   2.0021433e-01   3.9986875e-01   4.0087273e-01   8.9958389e-01   5.0069672e-01   4.5286152e+00   2.7414927e+01   1.3758221e+01
   6.0903335e-01   1.9570840e-01   9.9909004e-02   5.9890245e-01   5.0082853e-01   1.9923606e-01   4.0069410e-01   4.0159803e-01   9.0055947e-01   5.0050427e-01   5.5104526e+00   2.2645991e+01   1.8074922e+01
   5.1126615e-01   2.3587493e-01   9.9616522e-02   5.9903340e-01   4.9994651e-01   1.9948064e-01   4.0056515e-01   4.0068731e-01   8.9983835e-01   5.0072710e-01   5.4916203e+00   1.7790296e+01   2.2255845e+01
   4.0489569e-01   2.6897734e-01   1.0022665e-01   5.9848642e-01   4.9972505e-01   1.9969492e-01   4.0084674e-01   4.0064165e-01   8.9975641e-01   5.0089733e-01   4.9890383e+00   1.3559135e+01   2.7261585e+01
   2.8925763e-01   3.0713900e-01   9.9582670e-02   6.0032076e-01   5.0026951e-01   1.9949296e-01   3.9990236e-01   4.0036052e-01   8.9947676e-01   5.0056736e-01   4.0235000e+00   9.0764318e+00   3.2188180e+01
   0.0000000e+00   8.0481755e-01   1.0020967e-01   5.9995952e-01   5.0002178e-01   2.0013841e-01   4.0005493e-01   4.0003663e-01   8.9979807e-01   4.9999704e-01   0.0000000e+00   0.0000000e+00   4.4977925e+01
   1.0000000e+00   0.0000000e+00   1.0027812e-01   5.9985945e-01   4.9999193e-01   2.0024080e-01   3.9999429e-01   4.0009793e-01   8.9983577e-01   5.0002772e-01   0.0000000e+00   4.4983528e+01   2.4970874e-14
   8.8133074e-01   5.4712592e-02   1.0018619e-01   5.9988687e-01   5.0009767e-01   1.9940006e-01   3.9995194e-01   4.0097037e-01   9.0034647e-01   5.0041795e-01   2.1870134e+00   3.7785749e+01   5.3822451e+00
   7.6872215e-01   9.9766379e-02   1.0068453e-01   5.9882914e-01   4.9937321e-01   1.9981108e-01   3.9988393e-01   4.0079149e-01   8.9977793e-01   5.0039897e-01   3.4908326e+00   3.1499238e+01   1.0527117e+01
   6.6085252e-01   1.4084828e-01   1.0041717e-01   5.9891265e-01   5.0040214e-01   1.9957801e-01   3.9990649e-01   4.0057917e-01   8.9986553e-01   4.9931162e-01   4.2304570e+00   2.5805104e+01   1.5414158e+01
   5.4514919e-01   1.6052938e-01   1.0076744e-01   5.9915609e-01   4.9989909e-01   1.9943752e-01   3.9993732e-01   4.0033536e-01   9.0023539e-01   4.9932729e-01   3.9742505e+00   2.0782903e+01   2.0656385e+01
   4.3586168e-01   2.2316978e-01   1.0009740e-01   5.9850852e-01   5.0015297e-01   1.9955084e-01   4.0090476e-01   4.0049876e-01   8.9991176e-01   5.0089362e-01   4.4559420e+00   1.5510659e+01   2.5842888e+01
   3.0499419e-01   2.6217376e-01   9.9730533e-02   6.0049352e-01   5.0029735e-01   1.9916876e-01   3.9935786e-01   4.0066721e-01   8.9958467e-01   5.0021208e-01   3.6363422e+00   1.0233628e+01   3.1606208e+01
   1.6431262e-01   2.9832124e-01   9.9463465e-02   5.9944037e-01   5.0070931e-01   1.9988689e-01   3.9960715e-01   4.0100131e-01   9.0003981e-01   5.0149480e-01   2.2508936e+00   5.2943071e+00   3.8374588e+01
   0.0000000e+00   8.0542940e-01   1.0020968e-01   5.9995930e-01   5.0002172e-01   2.0013722e-01   4.0005519e-01   4.0003679e-01   8.9979816e-01   4.9999402e-01   0.0000000e+00   0.0000000e+00   4.4977935e+01
   7.3429405e-01   9.6987319e-02   1.0068954e-01   5.9881223e-01   4.9954179e-01   1.9980274e-01   3.9987763e-01   4.0089278e-01   8.9976855e-01   5.0041315e-01   3.2421730e+00   3.0186661e+01   1.2096298e+01
   6.0714665e-01   1.4139411e-01   1.0031389e-01   5.9892829e-01   5.0006986e-01   1.9959324e-01   3.9990377e-01   4.0057402e-01   8.9990077e-01   4.9923222e-01   3.8996364e+00   2.3680271e+01   1.7845538e+01
   4.7840240e-01   1.8134434e-01   9.9777077e-02   5.9835149e-01   5.0054354e-01   1.9923235e-01   4.0017249e-01   4.0017677e-01   9.0021935e-01   5.0062192e-01   3.9786233e+00   1.7960982e+01   2.3920544e+01
   3.3885871e-01   2.1733165e-01   9.9677685e-02   6.0031625e-01   5.0036582e-01   1.9882031e-01   3.9991815e-01   4.0033636e-01   8.9984896e-01   4.9975263e-01   3.3484330e+00   1.2058586e+01   3.0060366e+01
   1.7997592e-01   2.4175562e-01   9.9067536e-02   5.9955421e-01   5.0096343e-01   1.9925327e-01   4.0070570e-01   4.0074095e-01   8.9923575e-01   5.0067573e-01   1.9987240e+00   6.2688148e+00   3.7669379e+01
   0.0000000e+00   8.0542940e-01   1.0020968e-01   5.9995930e-01   5.0002172e-01   2.0013722e-01   4.0005519e-01   4.0003679e-01   8.9979816e-01   4.9999402e-01   0.0000000e+00   0.0000000e+00   4.4977935e+01
   1.0000000e+00   0.0000000e+00   1.0027812e-01   5.9985945e-01   4.9999193e-01   2.0024080e-01   3.9999429e-01   4.0009793e-01   8.9983577e-01   5.0002772e-01   0.0000000e+00   4.4983528e+01   2.4970874e-14
   6.9018201e-01   9.4958299e-02   1.0101281e-01   5.9842983e-01   4.9971418e-01   1.9979555e-01   3.9981559e-01   4.0052311e-01   8.9976334e-01   5.0064487e-01   2.9978281e+00   2.8572115e+01   1.4171532e+01
   5.3577082e-01   1.3327476e-01   9.9557235e-02   5.9770890e-01   5.0062798e-01   1.9944950e-01   4.0048013e-01   4.0039984e-01   9.0063454e-01   5.0052759e-01   3.3187964e+00   2.1583116e+01   2.1576752e+01
   3.7590115e-01   1.6929320e-01   9.9904575e-02   5.9977682e-01   4.9956223e-01   1.9924950e-01   4.0021140e-01   4.0024133e-01   8.9921764e-01   5.0084236e-01   2.8903228e+00   1.4182559e+01   2.8345659e+01
   1.9107597e-01   1.5443274e-01   9.9835664e-02   5.9921732e-01   5.0048051e-01   1.9934733e-01   4.0026762e-01   4.0029204e-01   8.9913349e-01   5.0072573e-01   1.3424950e+00   7.3505774e+00   3.6802301e+01
   0.0000000e+00   8.0542940e-01   1.0020968e-01   5.9995930e-01   5.0002172e-01   2.0013722e-01   4.0005519e-01   4.0003679e-01   8.9979816e-01   4.9999402e-01   0.0000000e+00   0.0000000e+00   4.4977935e+01
   1.0000000e+00   0.0000000e+00   1.0027812e-01   5.9985945e-01   4.9999193e-01   2.0024080e-01   3.9999429e-01   4.0009793e-01   8.9983577e-01   5.0002772e-01   0.0000000e+00   4.4983528e+01   1.4982525e-14
   8.0845160e-01   4.3769962e-02   9.9478482e-02   5.9954653e-01   4.9975306e-01   1.9961857e-01   3.9961741e-01   4.0017510e-01   9.0021761e-01   5.0177233e-01   1.6233709e+00   3.5465328e+01   8.7875154e+00
   6.2301118e-01   9.0402710e-02   1.0094030e-01   5.9837461e-01   4.9975177e-01   1.9967386e-01   3.9979818e-01   4.0060132e-01   8.9972052e-01   5.0026605e-01   2.5750022e+00   2.5908681e+01   1.7235695e+01
   4.3630768e-01   1.1986352e-01   9.9954163e-02   5.9981642e-01   4.9969143e-01   1.9923099e-01   4.0034367e-01   4.0030855e-01   8.9928191e-01   5.0087532e-01   2.3750073e+00   1.7439256e+01   2.5599247e+01
   2.2852288e-01   1.5649426e-01   9.9822645e-02   6.0016805e-01   5.0036862e-01   1.9935478e-01   4.0024515e-01   4.0045778e-01   8.9895809e-01   5.0069382e-01   1.6251313e+00   8.7594752e+00   3.5057699e+01
   0.0000000e+00   8.0542940e-01   1.0020968e-01   5.9995930e-01   5.0002172e-01   2.0013722e-01   4.0005519e-01   4.0003679e-01   8.9979816e-01   4.9999402e-01   0.0000000e+00   0.0000000e+00   4.4977935e+01
   1.0000000e+00   0.0000000e+00   1.0027812e-01   5.9985945e-01   4.9999193e-01   2.0024080e-01   3.9999429e-01   4.0009793e-01   8.9983577e-01   5.0002772e-01   0.0000000e+00   4.4983528e+01   1.4982525e-14
   7.5756998e-01   3.8478990e-02   9.9562566e-02   5.9926549e-01   4.9979897e-01   1.9960646e-01   3.9955246e-01   4.0002117e-01   9.0024657e-01   5.0214306e-01   1.3471146e+00   3.3661980e+01   1.1203262e+01
   5.1975372e-01   7.5229489e-02   9.9429468e-02   5.9891285e-01   5.0083248e-01   1.9991926e-01   4.0034493e-01   3.9982868e-01   9.0030058e-01   5.0094782e-01   1.7872801e+00   2.1970426e+01   2.1951839e+01
   2.5954708e-01   1.0899295e-01   1.0000324e-01   5.9982075e-01   4.9956314e-01   1.9940737e-01   4.0033606e-01   4.0035059e-01   8.9930752e-01   5.0096838e-01   1.2843789e+00   1.0499676e+01   3.3618324e+01
   0.0000000e+00   8.0542940e-01   1.0020968e-01   5.9995930e-01   5.0002172e-01   2.0013722e-01   4.0005519e-01   4.0003679e-01   8.9979816e-01   4.9999402e-01   0.0000000e+00   0.0000000e+00   4.4977935e+01
   1.0000000e+00   0.0000000e+00   1.0027812e-01   5.9985945e-01   4.9999193e-01   2.0024080e-01   3.9999429e-01   4.0009793e-01   8.9983577e-01   5.0002772e-01   0.0000000e+00   4.4983528e+01   1.4982525e-14
   6.7712052e-01   3.9788675e-02   9.9607105e-02   5.9892448e-01   5.0070708e-01   1.9995328e-01   3.9997431e-01   3.9982851e-01   9.0050307e-01   5.0184304e-01   1.2431161e+00   2.9999847e+01   1.4897956e+01
   3.5132904e-01   7.8251647e-02   9.9187065e-02   5.9845401e-01   5.0035006e-01   1.9913460e-01   4.0079989e-01   4.0032606e-01   8.9943343e-01   5.0132645e-01   1.2742687e+00   1.5009972e+01   3.0066158e+01
   0.0000000e+00   7.9297920e-01   1.0020962e-01   5.9995389e-01   5.0002172e-01   2.0013592e-01   4.0005840e-01   4.0003559e-01   8.9979605e-01   4.9999593e-01   0.0000000e+00   0.0000000e+00   4.4977938e+01
   5.0702713e-01   3.9378452e-02   9.9199181e-02   5.9850794e-01   5.0004366e-01   1.9900356e-01   4.0014188e-01   4.0031441e-01   8.9975050e-01   5.0121549e-01   9.2152255e-01   2.2480173e+01   2.2753025e+01
   0.0000000e+00   7.9297920e-01   1.0020962e-01   5.9995389e-01   5.0002172e-01   2.0013592e-01   4.0005840e-01   4.0003559e-01   8.9979605e-01   4.9999593e-01   0.0000000e+00   0.0000000e+00   4.4977938e+01
   0.0000000e+00   7.9297920e-01   1.0020962e-01   5.9995389e-01   5.0002172e-01   2.0013592e-01   4.0005840e-01   4.0003559e-01   8.9979605e-01   4.9999593e-01   0.0000000e+00   0.0000000e+00   4.4977938e+01
   5.0188696e-01   0.0000000e+00   9.9168224e-02   5.9845928e-01   5.0085662e-01   1.9921424e-01   4.0030375e-01   4.0053056e-01   9.0060588e-01   5.0026104e-01   0.0000000e+00   2.3160204e+01   2.2986052e+01
