   1.0000000e+00   5.0362717e-01   7.9788273e-01   9.0280040e-01   8.0179587e-01   7.0023352e-01   9.9980733e-01   7.9591816e-01   4.0211603e-01   5.9898303e-01   4.1463679e+01   4.0866429e+01   0.0000000e+00
   1.0000000e+00   1.0000000e+00   7.9981091e-01   8.9980839e-01   7.9976251e-01   6.9990399e-01   9.9973860e-01   7.9980480e-01   4.0003796e-01   5.9991421e-01   7.4964937e+01   2.4968340e-14   4.9936680e-14
   1.0000000e+00   1.0000000e+00   7.9981091e-01   8.9980839e-01   7.9976251e-01   6.9990399e-01   9.9973860e-01   7.9980480e-01   4.0003796e-01   5.9991421e-01   7.4964937e+01   2.4968340e-14   4.9936680e-14
   1.0000000e+00   1.0000000e+00   7.9981091e-01   8.9980839e-01   7.9976251e-01   6.9990399e-01   9.9973860e-01   7.9980480e-01   4.0003796e-01   5.9991421e-01   7.4964937e+01   2.4968340e-14   4.9936680e-14
   1.0000000e+00   1.0000000e+00   7.9981091e-01   8.9980839e-01   7.9976251e-01   6.9990399e-01   9.9973860e-01   7.9980480e-01   4.0003796e-01   5.9991421e-01   7.4964937e+01   2.4968340e-14   4.9936680e-14
   1.0000000e+00   1.0000000e+00   7.9981232e-01   8.9980508e-01   7.9976994e-01   6.9990301e-01   9.9974837e-01   7.9979495e-01   4.0002708e-01   5.9992434e-01   7.4964795e+01   0.0000000e+00   8.3227642e-15
   1.0000000e+00   1.0000000e+00   7.9981232e-01   8.9980508e-01   7.9976994e-01   6.9990301e-01   9.9974837e-01   7.9979495e-01   4.0002708e-01   5.9992434e-01   7.4964795e+01   0.0000000e+00   8.3227642e-15
   1.0000000e+00   1.0000000e+00   7.9981258e-01   8.9980521e-01   7.9976993e-01   6.9990299e-01   9.9974820e-01   7.9979536e-01   4.0002736e-01   5.9992469e-01   7.4964777e+01   0.0000000e+00   8.3227622e-15
   1.0000000e+00   1.0000000e+00   7.9981258e-01   8.9980521e-01   7.9976993e-01   6.9990299e-01   9.9974820e-01   7.9979536e-01   4.0002736e-01   5.9992469e-01   7.4964777e+01   0.0000000e+00   1.6645524e-14
   1.0000000e+00   1.0000000e+00   7.9981258e-01   8.9980521e-01   7.9976993e-01   6.9990299e-01   9.9974820e-01   7.9979536e-01   4.0002736e-01   5.9992469e-01   7.4964777e+01   0.0000000e+00   1.6645524e-14
   1.0000000e+00   1.0000000e+00   7.9981258e-01   8.9980521e-01   7.9976993e-01   6.9990299e-01   9.9974820e-01   7.9979536e-01   4.0002736e-01   5.9992469e-01   7.4964777e+01   0.0000000e+00   1.6645524e-14
   1.0000000e+00   1.0000000e+00   7.9981271e-01   8.9980483e-01   7.9976996e-01   6.9990300e-01   9.9974824e-01   7.9979666e-01   4.0002739e-01   5.9992501e-01   7.4964743e+01   8.3227584e-15   1.6645517e-14
   1.0000000e+00   1.0000000e+00   7.9981271e-01   8.9980483e-01   7.9976996e-01   6.9990300e-01   9.9974824e-01   7.9979666e-01   4.0002739e-01   5.9992501e-01   7.4964743e+01   8.3227584e-15   1.6645517e-14
   1.0000000e+00   1.0000000e+00   7.9981271e-01   8.9980483e-01   7.9976996e-01   6.9990300e-01   9.9974824e-01   7.9979666e-01   4.0002739e-01   5.9992501e-01   7.4964743e+01   8.3227584e-15   1.6645517e-14
   1.0000000e+00   1.0000000e+00   7.9981271e-01   8.9980483e-01   7.9976996e-01   6.9990300e-01   9.9974824e-01   7.9979666e-01   4.0002739e-01   5.9992501e-01   7.4964743e+01   8.3227584e-15   1.6645517e-14
   1.0000000e+00   1.0000000e+00   7.9981271e-01   8.9980483e-01   7.9976996e-01   6.9990300e-01   9.9974824e-01   7.9979666e-01   4.0002739e-01   5.9992501e-01   7.4964743e+01   8.3227584e-15   1.6645517e-14
   1.0000000e+00   1.0000000e+00   7.9981271e-01   8.9980483e-01   7.9976996e-01   6.9990300e-01   9.9974824e-01   7.9979666e-01   4.0002739e-01   5.9992501e-01   7.4964743e+01   8.3227584e-15   1.6645517e-14
   1.0000000e+00   1.0000000e+00   7.9981304e-01   8.9980412e-01   7.9976981e-01   6.9990302e-01   9.9974665e-01   7.9979341e-01   4.0002587e-01   5.9992405e-01   7.4964833e+01   8.3227684e-15   8.3227684e-15
   1.0000000e+00   1.0000000e+00   7.9981304e-01   8.9980412e-01   7.9976981e-01   6.9990302e-01   9.9974665e-01   7.9979341e-01   4.0002587e-01   5.9992405e-01   7.4964833e+01   8.3227684e-15   8.3227684e-15
   1.0000000e+00   1.0000000e+00   7.9981304e-01   8.9980412e-01   7.9976981e-01   6.9990302e-01   9.9974665e-01   7.9979341e-01   4.0002587e-01   5.9992405e-01   7.4964833e+01   8.3227684e-15   8.3227684e-15
   4.9566333e-01   1.0000000e+00   7.9860503e-01   9.0023224e-01   8.0289323e-01   7.0118686e-01   9.9996311e-01   7.9922405e-01   4.0070351e-01   5.9856598e-01   3.8665253e+01   0.0000000e+00   3.9341836e+01
   1.0000000e+00   0.0000000e+00   7.9983839e-01   8.9980700e-01   7.9988947e-01   6.9991565e-01   9.9984643e-01   7.9987814e-01   4.0001723e-01   5.9997855e-01   0.0000000e+00   7.4965487e+01   0.0000000e+00
   9.7921137e-01   4.9954073e-01   7.9766064e-01   9.0070017e-01   8.0141736e-01   6.9955963e-01   9.9887925e-01   7.9881560e-01   4.0021039e-01   5.9895591e-01   3.7730612e+01   3.7799991e+01   1.6035129e+00
   9.7121373e-01   6.6611877e-01   7.9940714e-01   8.9871915e-01   8.0089175e-01   7.0017366e-01   9.9984203e-01   8.0167391e-01   3.9982189e-01   6.0007023e-01   4.9253918e+01   2.4687728e+01   2.1915919e+00
   9.6533824e-01   7.5260180e-01   7.9956196e-01   8.9939978e-01   8.0025736e-01   7.0016416e-01   9.9992827e-01   7.9935697e-01   4.0007699e-01   6.0028297e-01   5.4585388e+01   1.7943521e+01   2.6042471e+00
   9.6197693e-01   8.0012756e-01   7.9911577e-01   8.9913860e-01   8.0014780e-01   7.0017910e-01   9.9993205e-01   7.9917203e-01   4.0026885e-01   6.0002786e-01   5.7954878e+01   1.4477170e+01   2.8629465e+00
   9.5825189e-01   8.3596778e-01   7.9903388e-01   9.0025162e-01   8.0015009e-01   7.0002396e-01   1.0000000e+00   7.9963169e-01   3.9983857e-01   6.0034887e-01   6.0254351e+01   1.1823009e+01   3.1401910e+00
   9.5438902e-01   8.5750034e-01   7.9945966e-01   9.0006497e-01   8.0013222e-01   6.9989644e-01   9.9995219e-01   7.9934967e-01   4.0036444e-01   6.0039761e-01   6.1492846e+01   1.0218899e+01   3.4271593e+00
   9.5180487e-01   8.7666531e-01   7.9922918e-01   9.0017291e-01   8.0018223e-01   7.0002847e-01   9.9988096e-01   7.9958263e-01   4.0016676e-01   6.0053557e-01   6.2730735e+01   8.8253470e+00   3.6232791e+00
   9.4735831e-01   8.9326138e-01   7.9937352e-01   8.9970416e-01   8.0049653e-01   6.9997760e-01   9.9974039e-01   7.9897931e-01   4.0038123e-01   6.0038549e-01   6.3722719e+01   7.6144286e+00   3.9639786e+00
   9.4341865e-01   9.0025615e-01   8.0045321e-01   9.0060909e-01   8.0059009e-01   7.0055183e-01   9.9985735e-01   8.0018490e-01   3.9995944e-01   6.0016660e-01   6.4033230e+01   7.0945593e+00   4.2658752e+00
   9.3995863e-01   9.1045917e-01   8.0021800e-01   8.9997003e-01   8.0051112e-01   7.0052079e-01   9.9980853e-01   8.0023714e-01   3.9949201e-01   6.0022219e-01   6.4411872e+01   6.3347074e+00   4.5190515e+00
   9.3419196e-01   9.1683400e-01   8.0046865e-01   9.0027495e-01   8.0034789e-01   7.0037926e-01   9.9977027e-01   7.9986455e-01   4.0022244e-01   6.0049466e-01   6.4445766e+01   5.8458743e+00   4.9516111e+00
   9.2901494e-01   9.2357731e-01   8.0034186e-01   8.9978517e-01   8.0027053e-01   7.0029680e-01   9.9955152e-01   7.9917002e-01   3.9947915e-01   6.0082073e-01   6.4685880e+01   5.3525228e+00   5.3515612e+00
   9.2200695e-01   9.3289604e-01   8.0081851e-01   9.0003771e-01   8.0069647e-01   7.0015692e-01   9.9955000e-01   7.9924312e-01   4.0007813e-01   6.0088178e-01   6.4997852e+01   4.6753477e+00   5.8936923e+00
   9.0677786e-01   9.3742735e-01   7.9976622e-01   9.0042335e-01   8.0025064e-01   7.0000272e-01   9.9993583e-01   8.0001839e-01   4.0041330e-01   6.0027436e-01   6.3867606e+01   4.2631201e+00   7.0042422e+00
   8.9545052e-01   9.4146375e-01   7.9980950e-01   9.0040533e-01   7.9941076e-01   7.0029418e-01   9.9986255e-01   8.0004493e-01   4.0039440e-01   6.0029700e-01   6.3364091e+01   3.9397119e+00   7.8581425e+00
   8.8114675e-01   9.4478227e-01   8.0087041e-01   9.0083161e-01   8.0067185e-01   7.0001781e-01   1.0000000e+00   7.9958331e-01   4.0070938e-01   6.0024310e-01   6.2974763e+01   3.6805553e+00   8.9907857e+00
   8.6443513e-01   9.4870934e-01   8.0071556e-01   9.0091190e-01   8.0060180e-01   6.9999710e-01   1.0000000e+00   7.9940397e-01   4.0073237e-01   6.0022947e-01   6.2023433e+01   3.3532115e+00   1.0252680e+01
   8.4047477e-01   9.5277180e-01   7.9964039e-01   9.0034661e-01   8.0031580e-01   7.0004751e-01   9.9955167e-01   7.9976486e-01   4.0156981e-01   6.0043922e-01   6.0530890e+01   3.0004715e+00   1.2058488e+01
   8.0763082e-01   9.5396678e-01   7.9979402e-01   9.0040611e-01   7.9886316e-01   7.0023552e-01   9.9977270e-01   7.9981485e-01   4.0161316e-01   5.9957888e-01   5.8369003e+01   2.8165692e+00   1.4573761e+01
   7.5873364e-01   9.5742938e-01   7.9978084e-01   9.0034178e-01   7.9885034e-01   7.0023314e-01   9.9975894e-01   7.9972113e-01   4.0137326e-01   6.0021004e-01   5.4920142e+01   2.4419393e+00   1.8240315e+01
   6.7797112e-01   9.5745994e-01   7.9996991e-01   8.9920379e-01   8.0201223e-01   6.9934186e-01   9.9976202e-01   8.0069533e-01   3.9923705e-01   5.9980833e-01   4.9526414e+01   2.2004644e+00   2.4569703e+01
   5.1097066e-01   9.5912044e-01   7.9874699e-01   9.0036857e-01   8.0265066e-01   7.0106540e-01   9.9977807e-01   7.9938423e-01   4.0075979e-01   5.9865529e-01   3.8008548e+01   1.6199973e+00   3.7926877e+01
   0.0000000e+00   9.4244189e-01   7.9981420e-01   8.9979982e-01   7.9982516e-01   6.9988494e-01   9.9977498e-01   7.9985044e-01   4.0004721e-01   5.9995244e-01   0.0000000e+00   0.0000000e+00   7.4963061e+01
   1.0000000e+00   0.0000000e+00   7.9984101e-01   8.9980669e-01   7.9987363e-01   6.9990766e-01   9.9984696e-01   7.9987216e-01   4.0001708e-01   5.9996213e-01   0.0000000e+00   7.4965051e+01   0.0000000e+00
   9.7114072e-01   3.2992398e-01   7.9946860e-01   9.0076838e-01   8.0100519e-01   6.9986948e-01   1.0000000e+00   7.9807631e-01   3.9962675e-01   6.0133268e-01   2.4506495e+01   4.9772723e+01   2.2073471e+00
   9.5672922e-01   4.9958294e-01   8.0049650e-01   8.9997050e-01   8.0120275e-01   7.0007830e-01   9.9994528e-01   7.9839447e-01   4.0060002e-01   6.0007354e-01   3.6281134e+01   3.6341710e+01   3.2845735e+00
   9.4357917e-01   6.0329313e-01   7.9987364e-01   9.0101667e-01   7.9977761e-01   7.0070019e-01   1.0000000e+00   7.9816181e-01   4.0136994e-01   6.0053602e-01   4.3473401e+01   2.8586761e+01   4.3088006e+00
   9.3791633e-01   6.6698972e-01   7.9953635e-01   9.0005285e-01   8.0064876e-01   6.9964933e-01   9.9911114e-01   7.9877318e-01   4.0091991e-01   6.0025505e-01   4.7299477e+01   2.3615374e+01   4.6940799e+00
   9.2712891e-01   7.1589726e-01   7.9948863e-01   9.0074371e-01   7.9966279e-01   7.0010373e-01   9.9991310e-01   7.9969657e-01   4.0096562e-01   5.9970503e-01   5.0023271e+01   1.9851659e+01   5.4920757e+00
   9.1995184e-01   7.5054949e-01   7.9948967e-01   9.0044084e-01   8.0031514e-01   7.0013529e-01   9.9999162e-01   8.0016691e-01   4.0061855e-01   6.0004570e-01   5.1937936e+01   1.7261946e+01   6.0213187e+00
   9.1232930e-01   7.7986947e-01   7.9956032e-01   9.0029032e-01   8.0123024e-01   7.0016560e-01   1.0000000e+00   8.0030589e-01   4.0100142e-01   6.0023225e-01   5.3836450e+01   1.5196192e+01   6.6337229e+00
   9.0333249e-01   8.0053890e-01   7.9928515e-01   9.0004713e-01   7.9934846e-01   6.9999096e-01   1.0000000e+00   8.0031179e-01   4.0094152e-01   5.9999041e-01   5.4453789e+01   1.3567626e+01   7.2791145e+00
   8.9550419e-01   8.1927084e-01   7.9934770e-01   9.0001716e-01   8.0008394e-01   7.0020188e-01   9.9997797e-01   8.0037362e-01   4.0114109e-01   5.9983703e-01   5.5283480e+01   1.2195402e+01   7.8740675e+00
   8.8741385e-01   8.3710632e-01   7.9973189e-01   8.9963012e-01   7.9948311e-01   7.0029466e-01   9.9945851e-01   8.0003259e-01   4.0076148e-01   5.9967829e-01   5.5837352e+01   1.0865468e+01   8.4625837e+00
   8.6464027e-01   8.5683045e-01   7.9897319e-01   8.9980344e-01   8.0165709e-01   7.0083435e-01   9.9870102e-01   7.9919841e-01   3.9957359e-01   5.9899720e-01   5.6641960e+01   9.4644204e+00   1.0348977e+01
   8.5174323e-01   8.7290143e-01   8.0064440e-01   9.0016645e-01   8.0035829e-01   7.0055246e-01   9.9975445e-01   7.9994440e-01   4.0074535e-01   6.0049380e-01   5.6063529e+01   8.1631144e+00   1.1179466e+01
   8.4543967e-01   8.8304398e-01   8.0066392e-01   9.0018008e-01   7.9995733e-01   7.0045591e-01   1.0000000e+00   7.9982441e-01   4.0072867e-01   6.0049273e-01   5.6252123e+01   7.4503930e+00   1.1645871e+01
   8.2196938e-01   8.8517123e-01   8.0048666e-01   9.0000704e-01   8.0032466e-01   7.0042448e-01   9.9989384e-01   7.9981025e-01   4.0086497e-01   6.0048594e-01   5.4818704e+01   7.1113524e+00   1.3413451e+01
   7.9744520e-01   8.8918129e-01   7.9992336e-01   9.0031568e-01   7.9915808e-01   7.0004907e-01   9.9952261e-01   7.9959217e-01   4.0174937e-01   6.0044364e-01   5.3716239e+01   6.6946575e+00   1.5344650e+01
   7.3461574e-01   9.0064092e-01   7.9885876e-01   8.9977619e-01   8.0193436e-01   7.0017843e-01   9.9985706e-01   8.0033785e-01   4.0020254e-01   6.0034269e-01   5.0359465e+01   5.5556771e+00   2.0199674e+01
   6.8663939e-01   9.1250353e-01   7.9890621e-01   8.9974824e-01   8.0150963e-01   7.0027812e-01   9.9983306e-01   8.0016973e-01   4.0023992e-01   6.0026337e-01   4.7468170e+01   4.5515409e+00   2.3740160e+01
   6.2293133e-01   9.1417484e-01   7.9802853e-01   9.0026828e-01   8.0205828e-01   7.0036012e-01   1.0000000e+00   8.0041835e-01   3.9901711e-01   5.9992794e-01   4.3822091e+01   4.1141340e+00   2.9016439e+01
   5.2268324e-01   9.1388508e-01   7.9809872e-01   9.0027898e-01   8.0217791e-01   7.0044610e-01   9.9981259e-01   8.0044328e-01   3.9939997e-01   6.0037094e-01   3.6747852e+01   3.4627310e+00   3.6720491e+01
   3.5008059e-01   9.1767735e-01   7.9809535e-01   9.0026905e-01   8.0168184e-01   7.0034271e-01   9.9983774e-01   8.0039889e-01   3.9924524e-01   6.0051168e-01   2.4597958e+01   2.2066241e+00   4.9762308e+01
   0.0000000e+00   9.4244189e-01   7.9981420e-01   8.9979982e-01   7.9982516e-01   6.9988494e-01   9.9977498e-01   7.9985044e-01   4.0004721e-01   5.9995244e-01   0.0000000e+00   0.0000000e+00   7.4963061e+01
   9.6558390e-01   2.5043606e-01   7.9926181e-01   9.0072515e-01   8.0232069e-01   6.9970163e-01   9.9991465e-01   7.9781956e-01   3.9979602e-01   6.0050360e-01   1.8693368e+01   5.5949909e+01   2.6604945e+00
   9.4333763e-01   4.0019988e-01   8.0001061e-01   9.0082881e-01   8.0196637e-01   7.0028313e-01   9.9982782e-01   7.9776412e-01   3.9932006e-01   6.0092116e-01   2.9160449e+01   4.3704263e+01   4.3766806e+00
   9.2771695e-01   4.9985448e-01   8.0086591e-01   9.0030341e-01   7.9867354e-01   6.9959376e-01   9.9983076e-01   7.9827960e-01   4.0039265e-01   6.0066100e-01   3.5297726e+01   3.5318278e+01   5.5020449e+00
   9.1378777e-01   5.7123593e-01   7.9883289e-01   8.9927146e-01   8.0081837e-01   6.9982473e-01   9.9910161e-01   7.9854340e-01   4.0056819e-01   6.0061065e-01   3.9652775e+01   2.9762983e+01   6.5491002e+00
   9.0257470e-01   6.2453682e-01   7.9919159e-01   8.9905089e-01   8.0111738e-01   6.9981041e-01   9.9909112e-01   7.9838632e-01   4.0103082e-01   6.0048933e-01   4.2970700e+01   2.5833409e+01   7.4268210e+00
   8.8887883e-01   6.6555503e-01   7.9918043e-01   8.9929916e-01   8.0099377e-01   7.0001086e-01   9.9919919e-01   7.9794042e-01   4.0069621e-01   6.0043555e-01   4.5119345e+01   2.2672713e+01   8.4748703e+00
   8.5303660e-01   7.4930026e-01   7.9916523e-01   9.0000841e-01   7.9923255e-01   6.9997264e-01   1.0000000e+00   8.0073897e-01   4.0071201e-01   5.9997532e-01   4.8191110e+01   1.6123708e+01   1.1080327e+01
   8.3838393e-01   7.6853511e-01   7.9977035e-01   9.0094131e-01   8.0187432e-01   7.0092296e-01   9.9880375e-01   7.9867320e-01   4.0071741e-01   6.0065448e-01   4.9531461e+01   1.4917723e+01   1.2423931e+01
   8.2897078e-01   7.8814640e-01   7.9989995e-01   9.0070736e-01   8.0143024e-01   7.0080851e-01   9.9879427e-01   7.9831494e-01   4.0026565e-01   6.0058251e-01   4.9991180e+01   1.3437619e+01   1.3086321e+01
   7.8838420e-01   8.1116338e-01   7.9992723e-01   8.9894515e-01   8.0174495e-01   7.0026976e-01   9.9952903e-01   7.9877801e-01   4.0054611e-01   6.0033666e-01   4.8703545e+01   1.1338052e+01   1.6116191e+01
   7.6550554e-01   8.2611361e-01   7.9994593e-01   8.9914668e-01   8.0080829e-01   7.0060467e-01   9.9939760e-01   7.9852642e-01   3.9948183e-01   6.0038415e-01   4.7934541e+01   1.0089610e+01   1.7774322e+01
   7.3978441e-01   8.3443584e-01   7.9975366e-01   8.9971968e-01   8.0132880e-01   6.9976689e-01   9.9929510e-01   7.9875057e-01   4.0055592e-01   6.0042414e-01   4.6775898e+01   9.2810156e+00   1.9717748e+01
   7.0397458e-01   8.4339521e-01   7.9985484e-01   8.9899120e-01   8.0204936e-01   7.0010466e-01   9.9924491e-01   7.9962619e-01   4.0141442e-01   6.0036503e-01   4.5429562e+01   8.4355317e+00   2.2650586e+01
   6.6275013e-01   8.5124126e-01   7.9988113e-01   8.9925011e-01   8.0178732e-01   7.0009937e-01   9.9927629e-01   7.9903203e-01   4.0149115e-01   6.0099930e-01   4.3200108e+01   7.5494386e+00   2.5824631e+01
   6.0794081e-01   8.6094056e-01   7.9856039e-01   9.0066209e-01   8.0243070e-01   7.0113016e-01   9.9951427e-01   7.9887439e-01   3.9998247e-01   5.9829373e-01   4.0716012e+01   6.5764655e+00   3.0498775e+01
   5.3723871e-01   8.6483742e-01   7.9910280e-01   9.0069713e-01   8.0241689e-01   7.0118224e-01   1.0000000e+00   7.9904516e-01   4.0075282e-01   5.9832603e-01   3.6062003e+01   5.6360112e+00   3.5917417e+01
   4.3280793e-01   8.6971941e-01   7.9894292e-01   9.0001835e-01   8.0218470e-01   7.0169169e-01   9.9902873e-01   8.0060368e-01   4.0139730e-01   5.9894500e-01   2.9216548e+01   4.3765255e+00   4.4023511e+01
   2.7065503e-01   8.9891911e-01   7.9991206e-01   8.9989851e-01   8.0003937e-01   7.0048392e-01   9.9984635e-01   7.9997091e-01   4.0007864e-01   5.9965318e-01   1.8262509e+01   2.0535670e+00   5.4746546e+01
   0.0000000e+00   9.4244189e-01   7.9981420e-01   8.9979982e-01   7.9982516e-01   6.9988494e-01   9.9977498e-01   7.9985044e-01   4.0004721e-01   5.9995244e-01   0.0000000e+00   0.0000000e+00   7.4963061e+01
   1.0000000e+00   0.0000000e+00   7.9984101e-01   8.9980669e-01   7.9987363e-01   6.9990766e-01   9.9984696e-01   7.9987216e-01   4.0001708e-01   5.9996213e-01   0.0000000e+00   7.4965051e+01   0.0000000e+00
   9.6317099e-01   1.9626715e-01   7.9949633e-01   9.0080917e-01   8.0151699e-01   6.9987064e-01   9.9884916e-01   7.9917536e-01   3.9980170e-01   6.0033143e-01   1.4372317e+01   5.8856024e+01   2.8000503e+00
   9.3848896e-01   3.3329218e-01   7.9839775e-01   8.9883431e-01   8.0247701e-01   6.9986999e-01   9.9923930e-01   7.9853790e-01   4.0014280e-01   5.9974366e-01   2.4185893e+01   4.8380746e+01   4.7562085e+00
   9.1540648e-01   4.2904339e-01   7.9977462e-01   9.0041057e-01   7.9927047e-01   6.9995986e-01   9.9996648e-01   8.0061541e-01   3.9950885e-01   6.0142735e-01   2.9738706e+01   3.9575276e+01   6.4053666e+00
   8.9938382e-01   5.0030806e-01   7.9954781e-01   9.0146969e-01   8.0181065e-01   7.0000571e-01   9.9957309e-01   7.9889316e-01   4.0060673e-01   6.0040349e-01   3.4459644e+01   3.4417208e+01   7.7054149e+00
   8.7710231e-01   5.5265484e-01   8.0002945e-01   8.9895821e-01   8.0066137e-01   6.9950741e-01   9.9907095e-01   7.9851052e-01   4.0137045e-01   6.0050727e-01   3.6896722e+01   2.9865966e+01   9.3546446e+00
   8.6206241e-01   6.0087904e-01   7.9911005e-01   9.0130507e-01   8.0206267e-01   7.0067540e-01   9.9949588e-01   7.9794246e-01   4.0043553e-01   6.0084504e-01   4.0155700e+01   2.6672559e+01   1.0693111e+01
   8.2965378e-01   6.6785197e-01   7.9875641e-01   9.0173451e-01   8.0216712e-01   7.0006991e-01   9.9944710e-01   7.9964134e-01   4.0076892e-01   6.0021495e-01   4.2745840e+01   2.1259122e+01   1.3141631e+01
   8.1161220e-01   6.9695391e-01   7.9958584e-01   8.9956993e-01   8.0257812e-01   6.9985037e-01   9.9993372e-01   8.0058390e-01   4.0126721e-01   6.0141278e-01   4.3716453e+01   1.9008574e+01   1.4559453e+01
   7.7175625e-01   7.3321147e-01   7.9900526e-01   8.9829330e-01   8.0200779e-01   7.0085622e-01   9.9766093e-01   7.9910588e-01   3.9944763e-01   6.0015545e-01   4.3965349e+01   1.5997364e+01   1.7733727e+01
   6.9124121e-01   7.8575653e-01   7.9985967e-01   8.9889435e-01   8.0120972e-01   7.0009355e-01   9.9924066e-01   7.9941265e-01   4.0148655e-01   6.0048101e-01   4.1305137e+01   1.1262211e+01   2.3480416e+01
   6.5463661e-01   7.8946883e-01   7.9985045e-01   8.9973804e-01   8.0222259e-01   7.0091395e-01   9.9865988e-01   7.9867518e-01   4.0080945e-01   6.0029083e-01   3.9753416e+01   1.0601221e+01   2.6565346e+01
   5.5256630e-01   8.1125270e-01   7.9756652e-01   9.0010140e-01   8.0262930e-01   7.0105687e-01   9.9924364e-01   7.9904296e-01   4.0187188e-01   5.9990897e-01   3.5246843e+01   8.2005846e+00   3.5181015e+01
   4.7788780e-01   8.1905185e-01   7.9926194e-01   8.9987391e-01   8.0202665e-01   7.0090081e-01   9.9929050e-01   7.9970892e-01   4.0152141e-01   5.9899525e-01   3.0067526e+01   6.6426359e+00   4.0107371e+01
   3.7666011e-01   8.2689791e-01   7.9897435e-01   8.9931826e-01   8.0204104e-01   7.0063553e-01   9.9931417e-01   7.9960843e-01   4.0174524e-01   5.9898411e-01   2.3986473e+01   5.0213073e+00   4.8005367e+01
   2.2051050e-01   8.7778219e-01   7.9992913e-01   8.9988954e-01   8.0005725e-01   7.0043716e-01   9.9988605e-01   7.9997194e-01   4.0007826e-01   5.9970187e-01   1.4526789e+01   2.0226341e+00   5.8501075e+01
   0.0000000e+00   9.4244189e-01   7.9981420e-01   8.9979982e-01   7.9982516e-01   6.9988494e-01   9.9977498e-01   7.9985044e-01   4.0004721e-01   5.9995244e-01   0.0000000e+00   0.0000000e+00   7.4963061e+01
   1.0000000e+00   0.0000000e+00   7.9983983e-01   8.9980688e-01   7.9984594e-01   6.9991609e-01   9.9984576e-01   7.9987808e-01   4.0001724e-01   5.9996541e-01   0.0000000e+00   7.4965003e+01   0.0000000e+00
   9.5945667e-01   1.6557506e-01   7.9906015e-01   9.0095338e-01   8.0021872e-01   6.9970551e-01   9.9981484e-01   7.9833611e-01   3.9943993e-01   5.9991573e-01   1.2059094e+01   6.0772489e+01   3.0776112e+00
   9.2869496e-01   2.8300103e-01   7.9977167e-01   9.0028596e-01   7.9973383e-01   7.0010740e-01   9.9980679e-01   8.0030976e-01   3.9951562e-01   6.0109674e-01   1.9811814e+01   5.0194343e+01   5.3750609e+00
   8.7906283e-01   4.4257903e-01   7.9876692e-01   9.0146128e-01   8.0070605e-01   7.0013406e-01   9.9937710e-01   7.9873496e-01   4.0043112e-01   5.9969449e-01   2.9649434e+01   3.7342972e+01   9.2164877e+00
   8.5648964e-01   5.0020586e-01   8.0110783e-01   9.0168071e-01   8.0156567e-01   7.0077804e-01   9.9992575e-01   7.9910658e-01   3.9994896e-01   6.0171444e-01   3.3177911e+01   3.3150602e+01   1.1113770e+01
   8.3702738e-01   5.4797203e-01   7.9961600e-01   9.0076390e-01   8.0006848e-01   7.0080281e-01   1.0000000e+00   7.9789503e-01   3.9952114e-01   6.0193608e-01   3.5284044e+01   2.9106184e+01   1.2537038e+01
   7.9850592e-01   6.1698022e-01   7.9837722e-01   9.0127632e-01   8.0079967e-01   7.0089687e-01   9.9993972e-01   8.0040141e-01   4.0005708e-01   6.0156570e-01   3.7826614e+01   2.3482667e+01   1.5470715e+01
   7.7353886e-01   6.4214803e-01   7.9944488e-01   9.0041975e-01   8.0162658e-01   7.0038903e-01   9.9991060e-01   8.0072918e-01   4.0140053e-01   6.0109229e-01   3.8008961e+01   2.1181380e+01   1.7328557e+01
   7.4859923e-01   6.6967188e-01   7.9968490e-01   8.9973591e-01   8.0083229e-01   6.9989106e-01   9.9976119e-01   7.9958644e-01   4.0178193e-01   5.9977132e-01   3.7985172e+01   1.8736893e+01   1.9048872e+01
   7.2413987e-01   6.8961690e-01   7.9966724e-01   8.9987590e-01   8.0039284e-01   6.9976043e-01   9.9958299e-01   7.9995945e-01   4.0091598e-01   6.0028721e-01   3.7558659e+01   1.6904419e+01   2.0747638e+01
   6.9350381e-01   7.0534652e-01   7.9978107e-01   8.9921186e-01   8.0217523e-01   7.0137449e-01   9.9928083e-01   7.9878041e-01   4.0038145e-01   6.0018268e-01   3.7581851e+01   1.5699550e+01   2.3547884e+01
   6.5975109e-01   7.2450041e-01   7.9959644e-01   8.9967153e-01   8.0225362e-01   7.0082503e-01   9.9928131e-01   7.9845677e-01   4.0159685e-01   5.9997680e-01   3.6893803e+01   1.4029292e+01   2.6262219e+01
   6.1798064e-01   7.3732090e-01   8.0073980e-01   9.0066603e-01   8.0181906e-01   6.9969723e-01   9.9951338e-01   7.9918349e-01   4.0228964e-01   6.0027731e-01   3.5153626e+01   1.2523886e+01   2.9472982e+01
   5.6986129e-01   7.5079776e-01   7.9992487e-01   8.9947766e-01   8.0127641e-01   6.9963894e-01   9.9961974e-01   8.0005646e-01   4.0165842e-01   6.0031201e-01   3.2494266e+01   1.0785386e+01   3.2668044e+01
   5.1002801e-01   7.6230022e-01   8.0042213e-01   9.0025015e-01   8.0203797e-01   7.0069122e-01   9.9960754e-01   8.0017613e-01   4.0106684e-01   6.0029555e-01   2.9700269e+01   9.2611118e+00   3.7429288e+01
   4.3638154e-01   7.7392304e-01   7.9904061e-01   8.9918863e-01   8.0193265e-01   7.0057422e-01   9.9924356e-01   7.9944917e-01   4.0152119e-01   5.9887869e-01   2.5952956e+01   7.5813295e+00   4.3311966e+01
   3.3556737e-01   7.8909248e-01   7.9920595e-01   9.0002598e-01   8.0234203e-01   7.0090284e-01   9.9936385e-01   7.9942651e-01   4.0136717e-01   5.9954786e-01   2.0367318e+01   5.4437478e+00   5.1106621e+01
   1.9544968e-01   7.8584345e-01   7.9954602e-01   8.9995257e-01   7.9958575e-01   7.0088566e-01   9.9961665e-01   7.9964700e-01   4.0026956e-01   5.9997796e-01   1.1552052e+01   3.1481431e+00   6.0511978e+01
   0.0000000e+00   9.4244189e-01   7.9981420e-01   8.9979982e-01   7.9982516e-01   6.9988494e-01   9.9977498e-01   7.9985044e-01   4.0004721e-01   5.9995244e-01   0.0000000e+00   0.0000000e+00   7.4963061e+01
   1.0000000e+00   0.0000000e+00   7.9983983e-01   8.9980688e-01   7.9984594e-01   6.9991609e-01   9.9984576e-01   7.9987808e-01   4.0001724e-01   5.9996541e-01   0.0000000e+00   7.4965003e+01   0.0000000e+00
   9.5589660e-01   1.3929164e-01   7.9982152e-01   8.9978877e-01   8.0037895e-01   7.0007359e-01   1.0000000e+00   8.0000385e-01   4.0001566e-01   6.0021472e-01   9.9935829e+00   6.1752166e+01   3.3102235e+00
   9.1876496e-01   2.4865420e-01   7.9953606e-01   9.0033085e-01   7.9867913e-01   6.9952022e-01   9.9988166e-01   8.0020096e-01   4.0032028e-01   6.0094389e-01   1.7265179e+01   5.2169316e+01   6.1392346e+00
   8.9305569e-01   3.2981809e-01   7.9980751e-01   9.0040295e-01   7.9937161e-01   7.0022544e-01   9.9994053e-01   8.0017816e-01   3.9940757e-01   6.0095615e-01   2.2212262e+01   4.5134746e+01   8.0648716e+00
   8.6283696e-01   4.0132499e-01   7.9920224e-01   9.0187754e-01   8.0204542e-01   7.0119125e-01   1.0000000e+00   7.9878311e-01   4.0060715e-01   6.0171005e-01   2.7040890e+01   4.0338144e+01   1.0711077e+01
   8.4045252e-01   4.5479003e-01   8.0087859e-01   9.0175979e-01   8.0131112e-01   7.0075799e-01   9.9992815e-01   7.9916741e-01   3.9995463e-01   6.0188314e-01   2.9560821e+01   3.5438011e+01   1.2339067e+01
   8.2520143e-01   5.0229568e-01   7.9969264e-01   8.9979223e-01   8.0112492e-01   7.0073047e-01   1.0000000e+00   7.9889206e-01   4.0122605e-01   6.0150921e-01   3.1655714e+01   3.1366358e+01   1.3349672e+01
   7.8887899e-01   5.3995670e-01   7.9919630e-01   9.0023332e-01   8.0200723e-01   7.0044406e-01   9.9947846e-01   7.9931892e-01   4.0119725e-01   5.9947928e-01   3.2558262e+01   2.7739651e+01   1.6137021e+01
   7.6247688e-01   5.7568333e-01   7.9988604e-01   9.0072989e-01   7.9974891e-01   7.0083608e-01   1.0000000e+00   8.0051264e-01   4.0042342e-01   5.9933019e-01   3.3146047e+01   2.4430828e+01   1.7936071e+01
   7.3701279e-01   5.9859863e-01   7.9955753e-01   9.0006340e-01   8.0064166e-01   7.0037004e-01   9.9959685e-01   7.9985001e-01   4.0232480e-01   6.0025515e-01   3.3619200e+01   2.2543976e+01   2.0040625e+01
   7.0540644e-01   6.2418033e-01   7.9952902e-01   8.9998584e-01   8.0051978e-01   7.0028700e-01   9.9961765e-01   7.9956618e-01   4.0196761e-01   6.0002051e-01   3.3398255e+01   2.0109126e+01   2.2345883e+01
   6.7446003e-01   6.4809683e-01   7.9949833e-01   8.9955902e-01   7.9907920e-01   6.9974971e-01   9.9971170e-01   7.9975396e-01   4.0170777e-01   6.0028705e-01   3.3083211e+01   1.7963499e+01   2.4638590e+01
   6.3453677e-01   6.6419635e-01   7.9919037e-01   8.9955298e-01   8.0149081e-01   7.0028733e-01   9.9998477e-01   8.0010230e-01   4.0180248e-01   6.0026544e-01   3.2145057e+01   1.6251862e+01   2.7874340e+01
   5.8940010e-01   6.9208986e-01   7.9992303e-01   8.9969880e-01   8.0115041e-01   6.9973527e-01   9.9954401e-01   8.0030324e-01   4.0157404e-01   6.0042605e-01   3.0943633e+01   1.3766793e+01   3.1147088e+01
   5.4217252e-01   6.9951625e-01   8.0006112e-01   8.9993239e-01   8.0119892e-01   6.9943833e-01   9.9954471e-01   8.0014483e-01   4.0166932e-01   6.0055325e-01   2.8820458e+01   1.2380098e+01   3.4791041e+01
   4.8324414e-01   7.1468934e-01   7.9942627e-01   9.0092416e-01   8.0178443e-01   7.0082795e-01   9.9959894e-01   8.0038879e-01   4.0219604e-01   6.0002331e-01   2.6638090e+01   1.0634175e+01   3.9857000e+01
   4.0656296e-01   7.2944013e-01   7.9927537e-01   9.0104619e-01   8.0227753e-01   7.0165758e-01   9.9959734e-01   8.0103045e-01   4.0196833e-01   5.9949043e-01   2.3178454e+01   8.5972229e+00   4.6381164e+01
   3.0884456e-01   7.4078572e-01   7.9973988e-01   9.0047711e-01   8.0022963e-01   7.0083608e-01   9.9943180e-01   8.0001252e-01   4.0039757e-01   5.9990356e-01   1.7229407e+01   6.0288802e+00   5.2049134e+01
   1.7687396e-01   7.7100191e-01   7.9948850e-01   8.9991962e-01   7.9964788e-01   7.0078192e-01   9.9959914e-01   7.9963907e-01   4.0026019e-01   5.9994813e-01   1.0251567e+01   3.0448552e+00   6.1878135e+01
   0.0000000e+00   9.4244189e-01   7.9981420e-01   8.9979982e-01   7.9982516e-01   6.9988494e-01   9.9977498e-01   7.9985044e-01   4.0004721e-01   5.9995244e-01   0.0000000e+00   0.0000000e+00   7.4963061e+01
   1.0000000e+00   0.0000000e+00   7.9984349e-01   8.9979971e-01   7.9978276e-01   6.9989407e-01   9.9980207e-01   7.9988551e-01   4.0001797e-01   5.9999490e-01   0.0000000e+00   7.4964882e+01   0.0000000e+00
   9.5118185e-01   1.2386678e-01   7.9982238e-01   8.9978946e-01   8.0027304e-01   7.0013856e-01   9.9998409e-01   7.9995498e-01   4.0001563e-01   6.0035812e-01   8.8431220e+00   6.2549076e+01   3.6641100e+00
   9.1220507e-01   2.1805169e-01   7.9944715e-01   9.0016758e-01   7.9978632e-01   7.0044378e-01   9.9999901e-01   8.0016173e-01   4.0017808e-01   6.0054291e-01   1.4954989e+01   5.3629616e+01   6.6009071e+00
   8.7669678e-01   2.9666682e-01   8.0005741e-01   9.0018711e-01   7.9864464e-01   6.9985006e-01   9.9997466e-01   7.9943515e-01   4.0196412e-01   6.0130669e-01   1.9875098e+01   4.7119580e+01   9.4224821e+00
   8.4803929e-01   3.6247838e-01   7.9916141e-01   9.0161409e-01   8.0123861e-01   7.0092579e-01   9.9998490e-01   8.0006136e-01   3.9931254e-01   6.0028987e-01   2.3499670e+01   4.1330873e+01   1.1617027e+01
   8.1734668e-01   4.1662433e-01   7.9945109e-01   9.0149124e-01   8.0156378e-01   7.0103678e-01   9.9989274e-01   7.9984562e-01   3.9902906e-01   5.9968297e-01   2.6091425e+01   3.6534359e+01   1.3995049e+01
   7.8852587e-01   4.6157415e-01   7.9962877e-01   8.9994600e-01   8.0118263e-01   7.0077412e-01   9.9999867e-01   7.9897434e-01   4.0130167e-01   6.0155492e-01   2.7828680e+01   3.2462131e+01   1.6169345e+01
   7.6009078e-01   4.9831550e-01   8.0004753e-01   9.0053039e-01   8.0035028e-01   7.0065939e-01   9.9999620e-01   8.0133886e-01   4.0052197e-01   5.9857374e-01   2.8827362e+01   2.9022258e+01   1.8259211e+01
   7.2926449e-01   5.3395190e-01   7.9939971e-01   9.0100253e-01   8.0026934e-01   7.0044216e-01   9.9970464e-01   8.0051390e-01   4.0213587e-01   6.0068388e-01   2.9762854e+01   2.5977848e+01   2.0693435e+01
   6.9674803e-01   5.6265706e-01   7.9897499e-01   9.0020668e-01   8.0226262e-01   7.0045597e-01   9.9989268e-01   8.0057737e-01   4.0179073e-01   6.0047865e-01   3.0232956e+01   2.3499518e+01   2.3386472e+01
   6.5936009e-01   5.8683905e-01   7.9970526e-01   9.0144758e-01   8.0093208e-01   7.0091273e-01   9.9997111e-01   7.9984830e-01   4.0174172e-01   6.0084712e-01   2.9667449e+01   2.0887212e+01   2.6117648e+01
   6.2071843e-01   6.1108705e-01   7.9938229e-01   9.0020472e-01   8.0154814e-01   7.0060491e-01   9.9985367e-01   7.9830668e-01   4.0111694e-01   6.0030452e-01   2.8989878e+01   1.8449972e+01   2.8987477e+01
   5.7153820e-01   6.4205264e-01   7.9941400e-01   9.0015310e-01   8.0067816e-01   7.0048630e-01   9.9976214e-01   7.9916787e-01   4.0092258e-01   6.0033817e-01   2.7705411e+01   1.5445897e+01   3.2348996e+01
   5.2192157e-01   6.4769641e-01   8.0010393e-01   8.9900337e-01   8.0155827e-01   7.0099272e-01   9.9948916e-01   7.9985202e-01   4.0132814e-01   5.9909470e-01   2.5824363e+01   1.4046729e+01   3.6521787e+01
   4.5676596e-01   6.6052057e-01   7.9941005e-01   9.0077318e-01   8.0129122e-01   7.0094484e-01   9.9960464e-01   8.0035942e-01   4.0229731e-01   6.0060031e-01   2.3216053e+01   1.1932062e+01   4.1801830e+01
   3.8039095e-01   6.7477071e-01   7.9991572e-01   8.9879576e-01   8.0152531e-01   7.0008288e-01   9.9951113e-01   8.0028521e-01   4.0121464e-01   5.9881477e-01   1.9582790e+01   9.4386092e+00   4.7272213e+01
   2.8352440e-01   7.0291119e-01   7.9980777e-01   9.0030871e-01   8.0001217e-01   7.0077139e-01   9.9955216e-01   7.9987666e-01   4.0002412e-01   5.9985728e-01   1.4982732e+01   6.3325241e+00   5.3864363e+01
   1.6653848e-01   7.1529660e-01   7.9949921e-01   9.0019043e-01   7.9946893e-01   7.0074198e-01   9.9956776e-01   7.9969599e-01   4.0016478e-01   5.9997953e-01   8.9580980e+00   3.5655153e+00   6.2675903e+01
   0.0000000e+00   8.6678475e-01   7.9981952e-01   8.9977699e-01   7.9984646e-01   6.9992317e-01   9.9974826e-01   7.9982202e-01   4.0003960e-01   5.9995529e-01   0.0000000e+00   0.0000000e+00   7.4963058e+01
   1.0000000e+00   0.0000000e+00   7.9984349e-01   8.9979971e-01   7.9978276e-01   6.9989407e-01   9.9980207e-01   7.9988551e-01   4.0001797e-01   5.9999490e-01   0.0000000e+00   7.4964882e+01   0.0000000e+00
   9.5272773e-01   1.1157503e-01   7.9981690e-01   8.9962646e-01   8.0038696e-01   7.0007863e-01   9.9997535e-01   7.9994746e-01   4.0000430e-01   6.0038693e-01   7.9813411e+00   6.3552059e+01   3.5493314e+00
   9.0594367e-01   2.0007302e-01   7.9974532e-01   9.0009671e-01   7.9929315e-01   6.9992990e-01   9.9996460e-01   7.9979137e-01   3.9987877e-01   6.0114640e-01   1.3656107e+01   5.4599508e+01   7.0863925e+00
   8.6944882e-01   2.7257085e-01   8.0004904e-01   9.0026990e-01   8.0012628e-01   6.9965640e-01   9.9997532e-01   7.9940647e-01   4.0062952e-01   6.0125018e-01   1.7890217e+01   4.7744891e+01   9.8553709e+00
   8.2940136e-01   3.3133559e-01   7.9995867e-01   9.0038256e-01   7.9890659e-01   6.9911407e-01   9.9997026e-01   8.0006250e-01   4.0017397e-01   6.0088442e-01   2.0754669e+01   4.1884750e+01   1.2884233e+01
   8.0247843e-01   3.8248622e-01   7.9983375e-01   9.0124924e-01   8.0092603e-01   7.0048875e-01   9.9980933e-01   7.9966475e-01   4.0059415e-01   5.9974889e-01   2.3250630e+01   3.7537521e+01   1.4962360e+01
   7.2930847e-01   4.6694214e-01   7.9900917e-01   9.0134262e-01   8.0097488e-01   7.0017833e-01   9.9973083e-01   7.9978508e-01   4.0131218e-01   5.9964683e-01   2.5939954e+01   2.9612869e+01   2.0619092e+01
   6.9251980e-01   4.9984501e-01   7.9892198e-01   9.0024316e-01   8.0181083e-01   7.0044821e-01   9.9994110e-01   8.0042259e-01   4.0207345e-01   6.0045891e-01   2.6626607e+01   2.6643119e+01   2.3651866e+01
   6.5408724e-01   5.2786825e-01   7.9950096e-01   9.0176446e-01   8.0135620e-01   7.0071924e-01   9.9976652e-01   7.9952799e-01   4.0170660e-01   6.0078381e-01   2.6596471e+01   2.3788206e+01   2.6645837e+01
   5.6401740e-01   5.7852301e-01   7.9794133e-01   9.0032208e-01   8.0144183e-01   7.0014345e-01   9.9977776e-01   8.0087031e-01   4.0019422e-01   5.9935835e-01   2.4970366e+01   1.8191903e+01   3.3364216e+01
   5.0736632e-01   6.1014589e-01   7.9784611e-01   8.9980288e-01   8.0089219e-01   6.9942543e-01   9.9975806e-01   8.0081924e-01   3.9999657e-01   5.9981676e-01   2.3589805e+01   1.5072759e+01   3.7539900e+01
   4.4616900e-01   6.1917163e-01   7.9956408e-01   8.9846119e-01   8.0172175e-01   7.0120223e-01   9.9966408e-01   8.0012275e-01   4.0134525e-01   5.9815486e-01   2.1365900e+01   1.3141334e+01   4.2833940e+01
   3.6695746e-01   6.3463243e-01   7.9948190e-01   8.9928182e-01   8.0211113e-01   7.0100267e-01   9.9951355e-01   8.0012550e-01   4.0080590e-01   5.9855211e-01   1.7889172e+01   1.0299069e+01   4.8627860e+01
   1.5700977e-01   6.6708412e-01   7.9962046e-01   9.0025856e-01   7.9969083e-01   7.0065146e-01   9.9958759e-01   7.9960644e-01   3.9970356e-01   6.0019923e-01   7.8746950e+00   3.9299556e+00   6.3379528e+01
   1.0000000e+00   0.0000000e+00   7.9984349e-01   8.9979971e-01   7.9978276e-01   6.9989407e-01   9.9980207e-01   7.9988551e-01   4.0001797e-01   5.9999490e-01   0.0000000e+00   7.4964882e+01   0.0000000e+00
   9.4474793e-01   9.9749813e-02   7.9987046e-01   9.0016627e-01   8.0020127e-01   7.0007892e-01   9.9999996e-01   8.0000199e-01   3.9971633e-01   6.0073190e-01   7.0849260e+00   6.3942034e+01   4.1538979e+00
   8.9885260e-01   1.8017129e-01   7.9957788e-01   9.0021346e-01   7.9917429e-01   6.9992747e-01   9.9996053e-01   8.0003267e-01   3.9944196e-01   6.0095811e-01   1.2209336e+01   5.5555824e+01   7.6255774e+00
   8.1347930e-01   3.0663986e-01   8.0057389e-01   9.0131520e-01   8.0149148e-01   7.0076807e-01   9.9999820e-01   7.9974427e-01   3.9931724e-01   5.9917499e-01   1.9068286e+01   4.3116343e+01   1.4258163e+01
   7.7715153e-01   3.5639362e-01   7.9948973e-01   9.0206907e-01   8.0081741e-01   7.0068493e-01   9.9987330e-01   7.9935727e-01   4.0070259e-01   5.9950042e-01   2.1184980e+01   3.8257667e+01   1.7045199e+01
   7.3552947e-01   4.0000374e-01   7.9877512e-01   9.0112019e-01   8.0049563e-01   7.0024494e-01   9.9957061e-01   7.9952738e-01   4.0154854e-01   5.9998228e-01   2.2392980e+01   3.3588946e+01   2.0129132e+01
   6.9683139e-01   4.3559804e-01   7.9957314e-01   8.9933134e-01   8.0160938e-01   7.0066771e-01   9.9989507e-01   8.0088468e-01   4.0098216e-01   6.0071875e-01   2.3146028e+01   2.9990180e+01   2.3117831e+01
   6.5415643e-01   4.6972379e-01   7.9908864e-01   9.0135944e-01   8.0223190e-01   7.0094954e-01   9.9989740e-01   7.9944922e-01   4.0251764e-01   6.0126136e-01   2.4112220e+01   2.7220543e+01   2.7138931e+01
   5.6103472e-01   5.2562277e-01   7.9858063e-01   9.0086535e-01   8.0080924e-01   7.0072257e-01   9.9934972e-01   8.0008420e-01   4.0065456e-01   6.0047595e-01   2.2408911e+01   2.0224156e+01   3.3357002e+01
   4.9687913e-01   5.5317553e-01   7.9967489e-01   9.0026339e-01   8.0179416e-01   7.0051041e-01   9.9925554e-01   7.9917769e-01   3.9909948e-01   6.0039073e-01   2.0940576e+01   1.6914634e+01   3.8330744e+01
   4.3646892e-01   5.7270604e-01   7.9933411e-01   8.9862405e-01   8.0203241e-01   7.0126229e-01   9.9964078e-01   7.9980832e-01   4.0122537e-01   5.9890800e-01   1.9268461e+01   1.4376131e+01   4.3438999e+01
   3.5969600e-01   5.9115149e-01   7.9949263e-01   8.9831031e-01   8.0215072e-01   7.0104232e-01   9.9949927e-01   7.9987455e-01   4.0041827e-01   5.9953878e-01   1.6330329e+01   1.1294281e+01   4.9175270e+01
   2.6062096e-01   6.2799502e-01   7.9980431e-01   9.0001487e-01   8.0005131e-01   7.0068372e-01   9.9954361e-01   7.9991787e-01   4.0006208e-01   6.0064048e-01   1.2308791e+01   7.2913498e+00   5.5605400e+01
   1.4559442e-01   6.2716486e-01   7.9956681e-01   9.0034974e-01   7.9996075e-01   7.0066095e-01   9.9970780e-01   7.9954068e-01   3.9983177e-01   6.0011265e-01   6.8656639e+00   4.0814799e+00   6.4242166e+01
   1.0000000e+00   0.0000000e+00   7.9984349e-01   8.9979971e-01   7.9978276e-01   6.9989407e-01   9.9980207e-01   7.9988551e-01   4.0001797e-01   5.9999490e-01   0.0000000e+00   7.4964882e+01   0.0000000e+00
   9.3954714e-01   9.0932692e-02   7.9935642e-01   9.0042456e-01   7.9976159e-01   7.0006134e-01   1.0000000e+00   7.9963195e-01   4.0051975e-01   6.0022353e-01   6.4226014e+00   6.4207677e+01   4.5445323e+00
   8.3951707e-01   2.2846112e-01   8.0006620e-01   8.9970535e-01   8.0023112e-01   6.9954601e-01   9.9999977e-01   7.9944095e-01   4.0136945e-01   6.0056807e-01   1.4479018e+01   4.8897272e+01   1.2115076e+01
   7.9339766e-01   2.8506843e-01   8.0037830e-01   9.0249443e-01   8.0106897e-01   7.0046404e-01   9.9995067e-01   7.9981684e-01   4.0008264e-01   5.9901795e-01   1.7412871e+01   4.3670254e+01   1.5906168e+01
   7.4902298e-01   3.2896506e-01   7.9999171e-01   9.0190575e-01   8.0080988e-01   7.0061933e-01   9.9973008e-01   7.9971609e-01   4.0081193e-01   5.9883580e-01   1.8847683e+01   3.8446193e+01   1.9197604e+01
   6.8007434e-01   4.1215983e-01   8.0009364e-01   9.0200754e-01   8.0027721e-01   6.9963001e-01   9.9980935e-01   7.9936991e-01   3.9909690e-01   6.0049900e-01   2.1379503e+01   3.0492371e+01   2.4401955e+01
   6.1100202e-01   4.4327194e-01   7.9966754e-01   9.0154274e-01   7.9945871e-01   7.0128494e-01   9.9881872e-01   8.0039436e-01   3.9942890e-01   6.0010136e-01   2.0662181e+01   2.5950697e+01   2.9676360e+01
   5.5905601e-01   4.7484866e-01   7.9865455e-01   9.0088210e-01   7.9989402e-01   7.0072311e-01   9.9945606e-01   8.0011627e-01   4.0065748e-01   6.0038234e-01   2.0109443e+01   2.2239719e+01   3.3402035e+01
   3.5079372e-01   5.3778801e-01   7.9952311e-01   9.0034151e-01   8.0165847e-01   7.0059972e-01   9.9940605e-01   7.9914502e-01   3.9935249e-01   6.0020471e-01   1.4340488e+01   1.2325201e+01   4.9349609e+01
   1.4158219e-01   5.7728548e-01   8.0034987e-01   9.0116298e-01   8.0152739e-01   7.0028501e-01   9.9929531e-01   7.9958085e-01   4.0052590e-01   5.9986964e-01   6.2171809e+00   4.5525008e+00   6.5296959e+01
   0.0000000e+00   8.6962308e-01   7.9981952e-01   8.9977698e-01   7.9984649e-01   6.9992342e-01   9.9974769e-01   7.9982234e-01   4.0003947e-01   5.9995529e-01   0.0000000e+00   0.0000000e+00   7.4963057e+01
   1.0000000e+00   0.0000000e+00   7.9984350e-01   8.9979972e-01   7.9978276e-01   6.9989419e-01   9.9980208e-01   7.9988551e-01   4.0001797e-01   5.9999488e-01   0.0000000e+00   7.4964881e+01   0.0000000e+00
   9.3496467e-01   8.2244714e-02   7.9947810e-01   9.0059841e-01   8.0020983e-01   6.9999014e-01   9.9999812e-01   7.9968605e-01   4.0030635e-01   6.0025818e-01   5.7820447e+00   6.4520889e+01   4.8902106e+00
   8.9237198e-01   1.5236073e-01   7.9944717e-01   9.0014059e-01   7.9924772e-01   6.9992669e-01   9.9996586e-01   8.0001557e-01   3.9953712e-01   6.0094163e-01   1.0244815e+01   5.6995708e+01   8.1098072e+00
   8.2558057e-01   2.1245804e-01   7.9984190e-01   8.9975332e-01   8.0051528e-01   6.9945478e-01   9.9997660e-01   7.9940056e-01   4.0128962e-01   6.0106755e-01   1.3276041e+01   4.9211787e+01   1.3201730e+01
   7.7332048e-01   2.6533376e-01   8.0049341e-01   9.0223836e-01   8.0056816e-01   7.0110314e-01   9.9965684e-01   7.9973401e-01   4.0068198e-01   5.9922884e-01   1.5757201e+01   4.3629139e+01   1.7407618e+01
   7.2483908e-01   3.1160365e-01   7.9981532e-01   9.0199495e-01   7.9977170e-01   7.0066405e-01   9.9969469e-01   7.9969886e-01   4.0112705e-01   5.9932813e-01   1.7242813e+01   3.8092908e+01   2.1006356e+01
   6.7269683e-01   3.5103669e-01   8.0010102e-01   9.0192555e-01   7.9986340e-01   6.9951256e-01   9.9983980e-01   7.9938163e-01   3.9941827e-01   6.0051005e-01   1.7966544e+01   3.3214841e+01   2.4902495e+01
   6.1982206e-01   3.8752363e-01   8.0189968e-01   9.0187761e-01   8.0054083e-01   7.0026354e-01   9.9925053e-01   7.9957711e-01   4.0107057e-01   6.0021208e-01   1.8507038e+01   2.9250148e+01   2.9292647e+01
   5.6246880e-01   4.2231045e-01   7.9944478e-01   9.0138112e-01   8.0139086e-01   7.0007705e-01   9.9893074e-01   7.9901280e-01   4.0023741e-01   6.0017224e-01   1.8112557e+01   2.4776641e+01   3.3362495e+01
   4.3266821e-01   4.7729043e-01   7.9892091e-01   9.0170642e-01   7.9943946e-01   7.0068327e-01   9.9909301e-01   8.0050027e-01   3.9954298e-01   6.0086575e-01   1.5775373e+01   1.7276563e+01   4.3339015e+01
   3.5246600e-01   5.0125414e-01   7.9953496e-01   9.0019176e-01   8.0158116e-01   7.0064500e-01   9.9940391e-01   7.9913904e-01   3.9919385e-01   6.0001546e-01   1.3424408e+01   1.3357232e+01   4.9201972e+01
   1.4172136e-01   5.3450820e-01   8.0029079e-01   9.0098600e-01   8.0183722e-01   7.0028083e-01   9.9934539e-01   7.9957292e-01   4.0068165e-01   5.9989560e-01   5.7734266e+00   5.0279542e+00   6.5414233e+01
   0.0000000e+00   8.6974040e-01   7.9981952e-01   8.9977698e-01   7.9984649e-01   6.9992338e-01   9.9974785e-01   7.9982234e-01   4.0003943e-01   5.9995529e-01   0.0000000e+00   0.0000000e+00   7.4963057e+01
   1.0000000e+00   0.0000000e+00   7.9984350e-01   8.9979972e-01   7.9978276e-01   6.9989419e-01   9.9980208e-01   7.9988551e-01   4.0001797e-01   5.9999488e-01   0.0000000e+00   7.4964881e+01   0.0000000e+00
   9.2827096e-01   7.2699090e-02   7.9946668e-01   9.0021114e-01   7.9973093e-01   6.9979163e-01   1.0000000e+00   7.9950249e-01   4.0043909e-01   6.0087998e-01   5.0793572e+00   6.4788880e+01   5.3988348e+00
   8.6711909e-01   1.4138530e-01   8.0008279e-01   9.0167120e-01   8.0200561e-01   7.0050036e-01   9.9990509e-01   7.9865913e-01   3.9994224e-01   5.9954085e-01   9.4369976e+00   5.7309670e+01   1.0228535e+01
   8.1476181e-01   1.9983997e-01   7.9984468e-01   8.9977686e-01   8.0048522e-01   6.9948883e-01   9.9997534e-01   7.9936786e-01   4.0121193e-01   6.0098999e-01   1.2311264e+01   4.9294350e+01   1.4006195e+01
   6.9431364e-01   2.9388797e-01   8.0068422e-01   9.0205709e-01   8.0109819e-01   7.0027752e-01   9.9950450e-01   7.9969252e-01   3.9927641e-01   6.0014292e-01   1.5627569e+01   3.7547690e+01   2.3411540e+01
   6.3539969e-01   3.2983439e-01   8.0016916e-01   9.0150855e-01   8.0124334e-01   7.0023127e-01   9.9906044e-01   7.9922293e-01   4.0067880e-01   6.0094369e-01   1.6013794e+01   3.2537220e+01   2.7859181e+01
   5.7386194e-01   3.6538977e-01   7.9954165e-01   9.0111677e-01   8.0237705e-01   7.0031143e-01   9.9901723e-01   7.9957391e-01   3.9997991e-01   6.0019445e-01   1.6093639e+01   2.7951488e+01   3.2707005e+01
   5.0907698e-01   4.0168563e-01   7.9935353e-01   9.0190219e-01   8.0155559e-01   7.0015953e-01   9.9910360e-01   7.9941420e-01   3.9976139e-01   6.0021276e-01   1.5668504e+01   2.3338378e+01   3.7615875e+01
   4.4075965e-01   4.2907018e-01   7.9903908e-01   9.0152216e-01   7.9879717e-01   7.0049276e-01   9.9915615e-01   8.0049948e-01   3.9985962e-01   6.0084099e-01   1.4426464e+01   1.9196158e+01   4.2660727e+01
   3.5308048e-01   4.5169307e-01   7.9936028e-01   9.0050169e-01   8.0009315e-01   7.0086661e-01   9.9924546e-01   7.9909151e-01   3.9933166e-01   6.0066044e-01   1.2067969e+01   1.4649220e+01   4.8951647e+01
   0.0000000e+00   8.6974040e-01   7.9981952e-01   8.9977698e-01   7.9984649e-01   6.9992338e-01   9.9974785e-01   7.9982234e-01   4.0003943e-01   5.9995529e-01   0.0000000e+00   0.0000000e+00   7.4963057e+01
   1.0000000e+00   0.0000000e+00   7.9984350e-01   8.9979972e-01   7.9978276e-01   6.9989419e-01   9.9980208e-01   7.9988551e-01   4.0001797e-01   5.9999488e-01   0.0000000e+00   7.4964881e+01   0.0000000e+00
   9.2205024e-01   6.9696906e-02   7.9959855e-01   9.0023539e-01   7.9978273e-01   6.9928933e-01   1.0000000e+00   7.9949212e-01   4.0034270e-01   6.0069613e-01   4.8359671e+00   6.4549712e+01   5.8658372e+00
   7.8429526e-01   1.7741798e-01   7.9904858e-01   9.0091259e-01   8.0150053e-01   7.0079724e-01   9.9930652e-01   7.9909791e-01   4.0064790e-01   5.9977710e-01   1.0611192e+01   4.9197811e+01   1.6449271e+01
   7.2193093e-01   2.3785331e-01   8.0018808e-01   9.0172684e-01   7.9992378e-01   7.0011341e-01   9.9911370e-01   7.9976311e-01   4.0092956e-01   6.0010564e-01   1.3044754e+01   4.1798942e+01   2.1124370e+01
   6.5908356e-01   2.7598236e-01   8.0029628e-01   9.0154577e-01   7.9986299e-01   7.0011671e-01   9.9903176e-01   7.9973847e-01   4.0092569e-01   6.0021501e-01   1.3802829e+01   3.6210619e+01   2.5869871e+01
   5.9309764e-01   3.1309716e-01   7.9951317e-01   9.0151123e-01   8.0236922e-01   7.0048353e-01   9.9886507e-01   7.9851163e-01   4.0056554e-01   6.0024607e-01   1.4384243e+01   3.1557544e+01   3.1518961e+01
   5.2352418e-01   3.4950675e-01   7.9891142e-01   8.9911183e-01   8.0187418e-01   7.0120608e-01   9.9935076e-01   7.9875852e-01   4.0067416e-01   5.9953270e-01   1.4043743e+01   2.6137865e+01   3.6570545e+01
   4.4572952e-01   3.7912954e-01   7.9885586e-01   9.0181822e-01   8.0184762e-01   7.0074560e-01   9.9900395e-01   7.9919038e-01   3.9935975e-01   6.0021465e-01   1.3045214e+01   2.1363115e+01   4.2787207e+01
   3.5961669e-01   4.0859342e-01   7.9958746e-01   9.0122469e-01   8.0223928e-01   7.0095745e-01   9.9909401e-01   7.9967177e-01   3.9898464e-01   5.9924426e-01   1.1334686e+01   1.6406059e+01   4.9399013e+01
   2.5058908e-01   4.1472519e-01   7.9946444e-01   8.9942496e-01   8.0111773e-01   7.0008081e-01   9.9976785e-01   8.0028279e-01   4.0026565e-01   5.9997193e-01   7.8349955e+00   1.1057022e+01   5.6498407e+01
   1.4297102e-01   4.5599160e-01   7.9983493e-01   8.9950846e-01   8.0228865e-01   7.0017009e-01   9.9973169e-01   8.0006024e-01   4.0044122e-01   5.9994456e-01   4.9682212e+00   5.9272014e+00   6.5311786e+01
   0.0000000e+00   8.6974040e-01   7.9981952e-01   8.9977698e-01   7.9984649e-01   6.9992338e-01   9.9974785e-01   7.9982234e-01   4.0003943e-01   5.9995529e-01   0.0000000e+00   0.0000000e+00   7.4963057e+01
   1.0000000e+00   0.0000000e+00   7.9984350e-01   8.9979972e-01   7.9978276e-01   6.9989419e-01   9.9980208e-01   7.9988551e-01   4.0001797e-01   5.9999488e-01   0.0000000e+00   7.4964881e+01   0.0000000e+00
   9.1563882e-01   6.3661569e-02   7.9946677e-01   9.0018824e-01   8.0007361e-01   6.9976128e-01   9.9996519e-01   7.9963592e-01   4.0028194e-01   6.0109098e-01   4.3905568e+00   6.4576590e+01   6.3541977e+00
   7.6657469e-01   1.7529154e-01   7.9861722e-01   9.0137765e-01   8.0184877e-01   7.0058635e-01   1.0000000e+00   7.9901390e-01   4.0069277e-01   5.9982468e-01   1.0329607e+01   4.8598550e+01   1.7943879e+01
   6.9062732e-01   2.2256459e-01   7.9940577e-01   9.0183145e-01   8.0036341e-01   6.9999073e-01   9.9886614e-01   7.9928951e-01   4.0017050e-01   6.0014315e-01   1.1696733e+01   4.0857600e+01   2.3542183e+01
   6.2018458e-01   2.6275052e-01   7.9984593e-01   9.0164383e-01   7.9994912e-01   6.9986902e-01   9.9876174e-01   7.9920077e-01   3.9964810e-01   5.9992387e-01   1.2375342e+01   3.4723868e+01   2.8844648e+01
   5.4330551e-01   2.9984031e-01   7.9967202e-01   9.0199167e-01   8.0230547e-01   7.0035631e-01   9.9910624e-01   7.9915850e-01   4.0072456e-01   6.0072255e-01   1.2630536e+01   2.9493673e+01   3.5408981e+01
   4.6198021e-01   3.3221347e-01   7.9862977e-01   9.0206115e-01   8.0229084e-01   7.0044084e-01   9.9964019e-01   7.9900702e-01   4.0048672e-01   6.0013502e-01   1.1923126e+01   2.3966827e+01   4.1797256e+01
   2.6291559e-01   3.8146126e-01   7.9947960e-01   8.9950495e-01   8.0173037e-01   7.0009999e-01   9.9976776e-01   8.0039513e-01   4.0027755e-01   5.9997172e-01   7.6004181e+00   1.2324064e+01   5.5858328e+01
   9.0572814e-01   6.1663480e-02   7.9941827e-01   8.9994453e-01   7.9944546e-01   6.9988957e-01   9.9997012e-01   7.9978009e-01   4.0032032e-01   6.0091658e-01   4.2024672e+00   6.3949171e+01   7.0934990e+00
   8.2247730e-01   1.1524378e-01   7.9913682e-01   8.9968025e-01   8.0120710e-01   7.0109055e-01   9.9999385e-01   7.9821152e-01   4.0100362e-01   6.0027878e-01   7.2464599e+00   5.5632943e+01   1.3571829e+01
   6.5509499e-01   2.0994424e-01   7.9939600e-01   9.0185990e-01   8.0013186e-01   7.0004073e-01   9.9886605e-01   7.9927572e-01   4.0022589e-01   6.0013370e-01   1.0465278e+01   3.9382615e+01   2.6244725e+01
   5.7099096e-01   2.4682573e-01   7.9914116e-01   8.9970776e-01   8.0160631e-01   6.9987137e-01   9.9891388e-01   7.9931578e-01   4.0009320e-01   6.0053400e-01   1.0701741e+01   3.2655736e+01   3.2576260e+01
   4.8260166e-01   2.8295546e-01   7.9911144e-01   9.0158782e-01   8.0224318e-01   7.0075157e-01   9.9958411e-01   7.9879550e-01   4.0100053e-01   5.9933949e-01   1.0576529e+01   2.6802246e+01   4.0073870e+01
   3.8474072e-01   3.1928960e-01   7.9864798e-01   9.0129460e-01   8.0208612e-01   7.0066868e-01   9.9985821e-01   7.9791148e-01   3.9867310e-01   5.9950711e-01   9.5755874e+00   2.0414702e+01   4.7959060e+01
   2.6712771e-01   3.5271718e-01   7.9963387e-01   8.9982577e-01   8.0169485e-01   6.9950033e-01   9.9960124e-01   8.0024056e-01   4.0061648e-01   6.0011263e-01   7.1399562e+00   1.3102767e+01   5.5536471e+01
   1.5013588e-01   3.7381315e-01   7.9985294e-01   8.9950769e-01   8.0198244e-01   7.0019313e-01   9.9973407e-01   8.0001573e-01   4.0036215e-01   5.9997403e-01   4.2608268e+00   7.1374527e+00   6.4521476e+01
   0.0000000e+00   8.6974040e-01   7.9981952e-01   8.9977698e-01   7.9984649e-01   6.9992338e-01   9.9974785e-01   7.9982234e-01   4.0003943e-01   5.9995529e-01   0.0000000e+00   0.0000000e+00   7.4963057e+01
   1.0000000e+00   0.0000000e+00   7.9984350e-01   8.9979972e-01   7.9978276e-01   6.9989419e-01   9.9980208e-01   7.9988551e-01   4.0001797e-01   5.9999488e-01   0.0000000e+00   7.4964881e+01   0.0000000e+00
   8.9774283e-01   5.8805435e-02   8.0017018e-01   8.9979712e-01   8.0025220e-01   6.9972885e-01   9.9997526e-01   7.9944063e-01   4.0011953e-01   6.0078682e-01   3.9701538e+00   6.3543228e+01   7.6900946e+00
   7.0332190e-01   1.5666579e-01   7.9839106e-01   9.0163690e-01   8.0182728e-01   7.0069276e-01   1.0000000e+00   7.9901383e-01   4.0064165e-01   5.9989546e-01   8.5026622e+00   4.5769954e+01   2.2893495e+01
   6.1053209e-01   1.9868920e-01   7.9969600e-01   8.9980552e-01   8.0117768e-01   6.9995449e-01   9.9919541e-01   8.0030770e-01   4.0028423e-01   6.0051239e-01   9.1576232e+00   3.6932568e+01   2.9401650e+01
   5.1120118e-01   2.3628226e-01   8.0028346e-01   9.0182111e-01   8.0227883e-01   6.9938637e-01   9.9906428e-01   7.9918741e-01   4.0013305e-01   6.0013059e-01   9.3261363e+00   3.0144184e+01   3.7740613e+01
   4.0476934e-01   2.7431882e-01   7.9995904e-01   9.0162169e-01   8.0226549e-01   7.0103290e-01   9.9968611e-01   7.9854367e-01   3.9996011e-01   5.9912997e-01   8.6051386e+00   2.2763976e+01   4.6129626e+01
   2.9137223e-01   3.0417393e-01   7.9973690e-01   9.0180971e-01   8.0200171e-01   7.0097406e-01   9.9946225e-01   7.9883194e-01   3.9884490e-01   6.0062730e-01   6.8690777e+00   1.5713652e+01   5.4922014e+01
   1.5681010e-01   3.2904704e-01   7.9920223e-01   9.0089699e-01   8.0179799e-01   7.0059343e-01   9.9949919e-01   7.9990885e-01   3.9984597e-01   6.0053406e-01   3.9326744e+00   8.0190345e+00   6.4266017e+01
   0.0000000e+00   8.6974040e-01   7.9981952e-01   8.9977698e-01   7.9984649e-01   6.9992338e-01   9.9974785e-01   7.9982234e-01   4.0003943e-01   5.9995529e-01   0.0000000e+00   0.0000000e+00   7.4963057e+01
   1.0000000e+00   0.0000000e+00   7.9984323e-01   8.9980118e-01   7.9977909e-01   6.9989581e-01   9.9980087e-01   7.9988545e-01   4.0001809e-01   5.9999747e-01   0.0000000e+00   7.4964998e+01   2.4968360e-14
   8.8226733e-01   5.4569578e-02   7.9948361e-01   9.0061268e-01   8.0006908e-01   6.9945542e-01   9.9999371e-01   7.9934920e-01   3.9978713e-01   6.0042618e-01   3.6247494e+00   6.2799612e+01   8.8638861e+00
   7.7190050e-01   9.9878065e-02   7.9873214e-01   9.0099310e-01   8.0140992e-01   7.0001124e-01   9.9989892e-01   7.9878458e-01   4.0074064e-01   5.9985026e-01   5.8822888e+00   5.3012413e+01   1.7403606e+01
   6.6104591e-01   1.4910456e-01   7.9861940e-01   9.0092805e-01   8.0187065e-01   7.0076461e-01   9.9969307e-01   7.9781966e-01   4.0089474e-01   6.0058067e-01   7.6386903e+00   4.3591738e+01   2.6268619e+01
   5.5156492e-01   1.8218798e-01   7.9957225e-01   8.9917207e-01   8.0106991e-01   7.0013454e-01   9.9941031e-01   8.0037468e-01   4.0052657e-01   6.0035433e-01   7.5883607e+00   3.4062910e+01   3.3863449e+01
   4.3542788e-01   2.2820821e-01   7.9898019e-01   9.0146852e-01   8.0210190e-01   7.0134703e-01   9.9975515e-01   7.9822584e-01   3.9951870e-01   5.9954541e-01   7.7194784e+00   2.6106992e+01   4.3859116e+01
   3.1065169e-01   2.6130880e-01   8.0034967e-01   9.0156482e-01   8.0232845e-01   7.0064386e-01   9.9913604e-01   7.9921050e-01   4.0002266e-01   5.9851779e-01   6.2919474e+00   1.7786642e+01   5.3431336e+01
   1.6669050e-01   2.8830671e-01   7.9850392e-01   8.9884689e-01   8.0187515e-01   7.0055345e-01   9.9939637e-01   8.0080984e-01   3.9964706e-01   6.0040657e-01   3.6847518e+00   9.0959145e+00   6.3892367e+01
   0.0000000e+00   8.6974040e-01   7.9981952e-01   8.9977698e-01   7.9984649e-01   6.9992338e-01   9.9974785e-01   7.9982234e-01   4.0003943e-01   5.9995529e-01   0.0000000e+00   0.0000000e+00   7.4963057e+01
   1.0000000e+00   0.0000000e+00   7.9984323e-01   8.9980118e-01   7.9977909e-01   6.9989581e-01   9.9980087e-01   7.9988545e-01   4.0001809e-01   5.9999747e-01   0.0000000e+00   7.4964998e+01   2.4968360e-14
   8.6451604e-01   5.2181603e-02   7.9987557e-01   9.0076044e-01   7.9992250e-01   6.9946209e-01   1.0000000e+00   7.9943032e-01   3.9938126e-01   6.0052777e-01   3.4008098e+00   6.1771773e+01   1.0213621e+01
   7.3822132e-01   9.7835343e-02   7.9873018e-01   9.0125078e-01   8.0129854e-01   6.9992251e-01   9.9990038e-01   7.9876964e-01   4.0057515e-01   5.9995516e-01   5.5128746e+00   5.0835623e+01   1.9981589e+01
   4.7611516e-01   1.8205794e-01   7.9866413e-01   9.0044912e-01   8.0148944e-01   6.9992807e-01   9.9922239e-01   8.0079205e-01   4.0062849e-01   6.0047796e-01   6.6056025e+00   2.9677366e+01   3.9923318e+01
   3.3468936e-01   2.2063885e-01   7.9992355e-01   9.0164073e-01   8.0222522e-01   7.0092497e-01   9.9950022e-01   7.9866549e-01   3.9980930e-01   5.9911425e-01   5.7151757e+00   2.0187677e+01   5.1490861e+01
   1.7391427e-01   2.3137908e-01   7.9875010e-01   8.9958033e-01   7.9909318e-01   7.0045747e-01   9.9940063e-01   7.9949310e-01   3.9984969e-01   6.0016428e-01   3.0361002e+00   1.0085657e+01   6.2327816e+01
   1.0000000e+00   0.0000000e+00   7.9984323e-01   8.9980118e-01   7.9977909e-01   6.9989581e-01   9.9980087e-01   7.9988545e-01   4.0001809e-01   5.9999747e-01   0.0000000e+00   7.4964998e+01   2.4968360e-14
   6.8722552e-01   9.0280310e-02   7.9889112e-01   9.0096819e-01   8.0133641e-01   7.0010818e-01   9.9998171e-01   7.9851505e-01   4.0050920e-01   5.9984746e-01   4.7317006e+00   4.7679513e+01   2.3853727e+01
   5.2629941e-01   9.1783392e-02   7.9932284e-01   9.0044550e-01   8.0090687e-01   6.9965333e-01   9.9992974e-01   7.9862369e-01   4.0037921e-01   6.0021251e-01   3.6553105e+00   3.6170092e+01   3.5845217e+01
   3.7636505e-01   1.7273209e-01   7.9862783e-01   9.0108361e-01   8.0259395e-01   7.0011578e-01   9.9926188e-01   8.0022862e-01   3.9938706e-01   5.9884764e-01   5.0369962e+00   2.4123748e+01   4.8319202e+01
   0.0000000e+00   9.4073533e-01   7.9981948e-01   8.9980353e-01   7.9982620e-01   6.9987814e-01   9.9978716e-01   7.9984321e-01   4.0004281e-01   5.9995531e-01   0.0000000e+00   0.0000000e+00   7.4963222e+01
   1.0000000e+00   0.0000000e+00   7.9984323e-01   8.9980118e-01   7.9977909e-01   6.9989581e-01   9.9980087e-01   7.9988545e-01   4.0001809e-01   5.9999747e-01   0.0000000e+00   7.4964998e+01   2.4968360e-14
   8.0764256e-01   4.5695966e-02   7.9928436e-01   9.0062631e-01   8.0004635e-01   6.9945382e-01   9.9993822e-01   7.9928317e-01   4.0011909e-01   6.0011702e-01   2.7784508e+00   5.8024526e+01   1.4481536e+01
   6.2223966e-01   7.6814568e-02   7.9927764e-01   9.0034356e-01   8.0109103e-01   6.9955647e-01   9.9986147e-01   7.9899747e-01   4.0053384e-01   6.0045040e-01   3.6160840e+00   4.3459414e+01   2.8579432e+01
   4.3236880e-01   1.2513388e-01   7.9872638e-01   9.0155781e-01   8.0200900e-01   7.0101933e-01   9.9965135e-01   7.9806423e-01   3.9984247e-01   5.9824505e-01   4.2310648e+00   2.9581240e+01   4.4390158e+01
   2.2997563e-01   1.6699945e-01   7.9894421e-01   9.0169224e-01   8.0229237e-01   7.0030228e-01   9.9963142e-01   8.0000449e-01   3.9852393e-01   5.9845285e-01   2.9938088e+00   1.4933248e+01   6.0024927e+01
   1.0000000e+00   0.0000000e+00   7.9984323e-01   8.9980118e-01   7.9977909e-01   6.9989581e-01   9.9980087e-01   7.9988545e-01   4.0001809e-01   5.9999747e-01   0.0000000e+00   7.4964998e+01   2.4968360e-14
   7.5860651e-01   4.5262608e-02   7.9936838e-01   9.0069194e-01   7.9988711e-01   6.9928027e-01   9.9994071e-01   7.9919323e-01   3.9986716e-01   6.0009161e-01   2.5870679e+00   5.4569777e+01   1.8187677e+01
   5.1959271e-01   7.4792403e-02   7.9933226e-01   9.0044536e-01   8.0099498e-01   6.9945386e-01   9.9999987e-01   7.9898931e-01   4.0035692e-01   6.0008983e-01   2.9370580e+00   3.6332412e+01   3.6307937e+01
   2.7349030e-01   1.2069166e-01   7.9835776e-01   9.0170316e-01   8.0251203e-01   6.9980698e-01   9.9964893e-01   7.9995461e-01   3.9867262e-01   5.9869426e-01   2.5814846e+00   1.8807604e+01   5.6818763e+01
   0.0000000e+00   9.4751830e-01   7.9978118e-01   8.9987529e-01   7.9989127e-01   6.9987636e-01   9.9974235e-01   7.9984156e-01   4.0007147e-01   5.9998848e-01   0.0000000e+00   0.0000000e+00   7.4965478e+01
   6.7360162e-01   3.0949830e-02   7.9949435e-01   9.0061275e-01   8.0077954e-01   6.9961298e-01   9.9997284e-01   7.9905469e-01   4.0037267e-01   6.0025059e-01   1.5735691e+00   4.9269007e+01   2.4636126e+01
   3.5227442e-01   7.7517138e-02   7.9985215e-01   8.9985255e-01   8.0149898e-01   7.0124721e-01   9.9987763e-01   7.9835176e-01   4.0068595e-01   5.9972520e-01   2.0861342e+00   2.4825775e+01   4.9482820e+01
   1.0000000e+00   0.0000000e+00   7.9984250e-01   8.9980046e-01   7.9978000e-01   6.9989472e-01   9.9981774e-01   7.9988559e-01   4.0001954e-01   6.0000165e-01   0.0000000e+00   7.4965458e+01   1.6645676e-14
   5.0938390e-01   3.4702853e-02   7.9855993e-01   9.0086136e-01   8.0191747e-01   7.0111063e-01   1.0000000e+00   7.9860453e-01   4.0079653e-01   5.9982642e-01   1.3625300e+00   3.7900236e+01   3.7816164e+01
   0.0000000e+00   9.3777077e-01   7.9981352e-01   8.9975970e-01   7.9981863e-01   6.9987824e-01   9.9982682e-01   7.9984319e-01   3.9999253e-01   5.9989132e-01   0.0000000e+00   0.0000000e+00   7.4965903e+01
   1.0000000e+00   0.0000000e+00   7.9984250e-01   8.9980046e-01   7.9978000e-01   6.9989472e-01   9.9981774e-01   7.9988559e-01   4.0001954e-01   6.0000165e-01   0.0000000e+00   7.4965458e+01   1.6645676e-14
   0.0000000e+00   9.3777077e-01   7.9981352e-01   8.9975970e-01   7.9981863e-01   6.9987824e-01   9.9982682e-01   7.9984319e-01   3.9999253e-01   5.9989132e-01   0.0000000e+00   0.0000000e+00   7.4965903e+01
   4.9729106e-01   0.0000000e+00   7.9954921e-01   9.0036717e-01   8.0110779e-01   6.9938881e-01   1.0000000e+00   7.9901380e-01   4.0068656e-01   6.0016206e-01   0.0000000e+00   3.7618947e+01   3.8028797e+01
