   1.0000000e+00   4.6887067e-04   1.1121606e-03   1.5740704e-03   9.5647745e-04   5.9248844e-04   1.3931058e-03   3.7852057e-03   0.0000000e+00   1.2790502e-03   5.4250044e-04   9.2459953e-04   3.4294428e-03   1.6209645e-03   2.1131301e-04   1.6000818e-03   1.0270426e-04   0.0000000e+00   0.0000000e+00   0.0000000e+00   4.1412418e-04   1.4826386e-04   1.0737419e-02   1.0823578e-03   1.2252906e-03   2.3617204e-03   7.2707962e-04   4.9486955e-03   1.9070054e-04   4.2873553e-03   1.0000000e+00   2.8176999e-02
   9.9645303e-01   4.7179128e-04   1.0661412e-03   1.2734001e-03   9.9840622e-04   5.8542290e-04   1.3769171e-03   3.7779100e-03   0.0000000e+00   1.2923085e-03   2.3499343e-04   9.0790623e-04   3.5912057e-03   1.6241414e-03   1.6847062e-04   1.6068302e-03   1.0156606e-04   0.0000000e+00   0.0000000e+00   0.0000000e+00   4.1531480e-04   1.5178714e-04   8.9338473e-03   1.1103931e-03   1.2131157e-03   2.3564039e-03   7.5922939e-04   4.7228499e-03   1.9242689e-04   5.8977175e-03   9.9645303e-01   3.4619109e-02
   9.9406025e-01   4.6588459e-04   1.1183027e-03   1.5576164e-03   1.1021354e-03   6.2136146e-04   1.3212998e-03   3.9306416e-03   0.0000000e+00   1.3074029e-03   5.0109241e-04   9.1468865e-04   3.1502985e-03   1.5422474e-03   2.8534256e-04   1.3354359e-03   1.0936492e-04   0.0000000e+00   0.0000000e+00   0.0000000e+00   4.1077494e-04   1.3767521e-04   1.1201274e-02   1.0662991e-03   1.3426511e-03   2.3687773e-03   7.1655948e-04   4.6533702e-03   1.9978061e-04   4.0020110e-03   9.9406025e-01   3.9640262e-02
   9.8704551e-01   4.2774394e-04   1.1120538e-03   1.7003329e-03   1.1490810e-03   5.7107525e-04   1.4034468e-03   4.0451342e-03   0.0000000e+00   1.2835173e-03   0.0000000e+00   9.2594548e-04   3.5189627e-03   1.6494077e-03   2.5693290e-04   1.4018704e-03   1.0665214e-04   1.0655527e-06   0.0000000e+00   0.0000000e+00   4.3187744e-04   1.6539701e-04   1.0759866e-02   3.0312330e-03   1.1183242e-03   2.3580653e-03   7.3451371e-04   4.8860719e-03   1.6312412e-04   3.8804645e-03   9.8704551e-01   5.4383446e-02
   9.8270744e-01   4.2785462e-04   1.1112242e-03   1.6898683e-03   1.1734052e-03   5.7066864e-04   1.4166000e-03   4.1271121e-03   0.0000000e+00   1.2853857e-03   0.0000000e+00   9.2734750e-04   3.5289384e-03   1.6489389e-03   2.4599238e-04   1.4313441e-03   1.0618836e-04   1.0197750e-06   0.0000000e+00   0.0000000e+00   4.3340899e-04   1.6685945e-04   1.0678462e-02   2.8467996e-03   1.1423166e-03   2.3592579e-03   7.2722345e-04   4.9422209e-03   1.7199749e-04   3.5859137e-03   9.8270744e-01   6.2603319e-02
   9.7670563e-01   4.2968654e-04   9.8318010e-04   1.4247722e-03   7.8941275e-04   6.6778240e-04   1.3629442e-03   3.5673891e-03   0.0000000e+00   1.4219114e-03   3.9965115e-04   1.0520667e-03   1.0883587e-03   1.9450135e-03   1.0753307e-05   1.5023548e-03   9.8070787e-05   0.0000000e+00   1.7665681e-03   0.0000000e+00   3.8036645e-04   2.0008229e-04   1.0293414e-02   1.6804246e-03   2.0649700e-03   3.3806031e-03   8.4296921e-04   4.9587992e-03   2.7028625e-04   2.9915731e-03   9.7670563e-01   7.3493626e-02
   9.6988947e-01   4.3026830e-04   9.7634246e-04   1.4032596e-03   8.0090255e-04   6.7855045e-04   1.3569180e-03   3.5630371e-03   0.0000000e+00   1.3595073e-03   4.1555041e-04   1.0554249e-03   6.4183123e-04   1.8157228e-03   0.0000000e+00   1.4820798e-03   9.8500237e-05   0.0000000e+00   1.5596890e-03   0.0000000e+00   3.6125583e-04   2.0961080e-04   1.0251287e-02   1.7362831e-03   2.0568293e-03   2.8712966e-03   8.7613196e-04   4.9612535e-03   2.4895467e-04   2.8024355e-03   9.6988947e-01   8.5649455e-02
   9.6557876e-01   4.2878487e-04   9.8315339e-04   1.4548270e-03   7.7773522e-04   6.7426981e-04   1.2832127e-03   3.5209179e-03   6.7992219e-07   1.4212908e-03   4.1328767e-04   1.0719337e-03   1.2728557e-03   1.7649791e-03   0.0000000e+00   1.0102222e-03   1.0051870e-04   6.1088385e-06   1.2478239e-03   0.0000000e+00   3.5362955e-04   1.9791815e-04   8.8585110e-03   1.3012002e-03   2.6384484e-03   2.7401145e-03   8.8785073e-04   4.8950992e-03   3.9993992e-04   2.4837751e-03   9.6557876e-01   9.2800360e-02
   9.5722566e-01   4.9950917e-04   7.1313218e-04   1.3770307e-03   8.4245867e-04   6.8644421e-04   1.3058404e-03   3.3432385e-03   5.4927767e-07   1.5575913e-03   1.7577486e-04   9.9341061e-04   0.0000000e+00   2.0547503e-03   0.0000000e+00   1.8348768e-03   9.6574805e-05   1.3838256e-05   1.2381297e-03   0.0000000e+00   4.7822698e-04   3.0759558e-04   1.2375442e-02   0.0000000e+00   2.0504390e-03   2.8181063e-03   7.9726740e-04   4.8592114e-03   1.9859142e-04   9.0501159e-04   9.5722566e-01   1.0826289e-01
   9.5388631e-01   4.8737161e-04   9.6779810e-04   1.3020096e-03   7.9873750e-04   7.4046227e-04   1.3718228e-03   3.5760837e-03   0.0000000e+00   1.4333325e-03   3.0981029e-04   1.1081443e-03   0.0000000e+00   1.7371202e-03   1.6157794e-04   1.4162822e-03   1.0170505e-04   2.4446339e-06   1.3877594e-03   0.0000000e+00   3.8467399e-04   3.1765073e-04   1.0853961e-02   2.4246823e-03   2.0817864e-03   2.9983549e-03   8.4124260e-04   6.2140203e-03   2.6457131e-04   3.1407716e-03   9.5388631e-01   1.1743159e-01
   9.4644895e-01   4.2387308e-04   1.0871144e-03   1.5580651e-03   8.2439026e-04   5.8801625e-04   1.4592477e-03   3.2408748e-03   0.0000000e+00   1.2889921e-03   4.4368028e-04   1.0565834e-03   3.5919324e-03   1.6314099e-03   1.7730666e-04   1.6174412e-03   1.0269235e-04   0.0000000e+00   6.7814750e-05   0.0000000e+00   4.0932944e-04   1.7989956e-04   1.1040092e-02   4.1079226e-04   1.2835366e-03   2.3463731e-03   6.6806657e-04   5.0502104e-03   2.5170094e-04   3.0828072e-03   9.4644895e-01   1.2988822e-01
   9.4151921e-01   2.9032823e-04   1.0489713e-03   7.1031659e-04   7.9165976e-04   6.5305629e-04   1.2644374e-03   3.3834069e-03   0.0000000e+00   5.8503378e-04   1.2405602e-03   9.8844441e-04   5.3954859e-03   3.2427214e-03   1.2438954e-04   1.5897736e-03   9.4177067e-05   0.0000000e+00   6.0865420e-04   0.0000000e+00   3.4400089e-04   8.5718218e-05   1.1275888e-02   1.1412756e-04   1.4745664e-03   2.3512011e-03   4.7458907e-04   6.6042782e-03   3.9585719e-04   2.4197044e-03   9.4151921e-01   1.4119039e-01
   9.3688688e-01   4.5679603e-04   8.7618028e-04   9.4571649e-04   1.0492723e-03   5.3945247e-04   1.5096072e-03   3.7529176e-03   0.0000000e+00   1.8929411e-03   2.1060071e-03   1.0006308e-03   4.0293590e-03   1.5218528e-03   2.5156502e-05   1.7739747e-03   1.0209180e-04   0.0000000e+00   0.0000000e+00   0.0000000e+00   4.2605266e-04   1.7956466e-04   1.2784866e-02   1.2107313e-03   1.4693179e-03   2.3343839e-03   1.3478814e-03   5.3476959e-03   1.1010594e-04   2.7781032e-03   9.3688688e-01   1.5092579e-01
   9.2788528e-01   4.0215527e-04   5.0831356e-04   1.0696678e-03   9.1492808e-04   4.9584813e-04   1.3877571e-03   3.6440742e-03   0.0000000e+00   1.6654597e-03   2.1104290e-03   1.0075341e-03   1.0472985e-03   1.4462790e-03   0.0000000e+00   1.3060121e-03   1.0187059e-04   0.0000000e+00   8.0757870e-04   0.0000000e+00   3.8792001e-04   2.1113841e-04   1.0273646e-02   1.0519707e-03   2.1713295e-03   2.6442776e-03   1.3148457e-03   2.8520978e-03   7.8304138e-05   3.4872047e-03   9.2788528e-01   1.6336269e-01
   9.2001684e-01   2.7933410e-04   9.6087945e-04   1.6005281e-03   5.0874071e-04   6.7046727e-04   1.3478278e-03   3.4366145e-03   1.0307465e-08   1.2554581e-03   1.1469527e-03   8.3615992e-04   1.3408604e-03   1.0240500e-03   3.0169788e-04   7.3974387e-04   1.2953249e-04   5.8354299e-05   3.7048695e-03   0.0000000e+00   4.2197160e-04   2.6698889e-04   5.3576245e-03   0.0000000e+00   2.6742033e-03   2.5387988e-03   6.7330664e-04   3.0837611e-03   0.0000000e+00   1.1883093e-03   9.2001684e-01   1.7383666e-01
   9.1623854e-01   4.2178033e-04   9.4756426e-04   1.7013983e-03   9.0225985e-04   5.7777318e-04   1.3826415e-03   3.8927746e-03   2.6525652e-05   1.4847169e-03   1.4506310e-03   1.0893494e-03   1.0953144e-03   1.0407485e-03   1.2534482e-04   2.5768817e-03   9.3394695e-05   1.6933387e-04   8.5097638e-05   0.0000000e+00   2.2396498e-04   2.7794994e-04   1.2697834e-02   0.0000000e+00   2.2580233e-03   2.4251075e-03   1.0919296e-03   6.2889165e-04   1.9857471e-05   4.5458985e-03   9.1623854e-01   1.8503854e-01
   9.0960477e-01   4.4618043e-04   8.7203317e-04   8.7882307e-04   7.7646949e-04   7.3327633e-04   1.4757789e-03   3.3814532e-03   0.0000000e+00   1.1281576e-03   2.1975792e-03   8.8412544e-04   1.2631945e-03   1.1765131e-03   5.9264628e-04   1.2298363e-05   1.2390952e-04   2.4922682e-05   2.0468476e-03   0.0000000e+00   5.0080037e-04   1.2455767e-04   7.3696015e-03   3.7110413e-04   2.2465963e-03   2.5246226e-03   1.3514485e-03   5.3564825e-03   4.0268322e-05   8.6392564e-05   9.0960477e-01   1.9404812e-01
   9.0080392e-01   2.8351611e-04   1.0936915e-03   2.3766484e-04   2.6023351e-04   8.1025158e-04   1.2664689e-03   3.3463661e-03   0.0000000e+00   9.8119680e-04   1.9934092e-03   8.4165873e-04   1.2527018e-03   1.2461116e-03   5.5874356e-04   0.0000000e+00   1.2141636e-04   2.5849390e-05   2.3608379e-03   0.0000000e+00   5.5016147e-04   4.6031318e-05   7.4574038e-03   3.1174919e-04   2.2668858e-03   2.4660673e-03   8.3360953e-04   5.4162632e-03   6.1750469e-05   2.2762174e-04   9.0080392e-01   2.0886719e-01
   8.9434404e-01   2.9118492e-04   1.1138982e-03   2.3101559e-04   5.5728567e-04   7.5731657e-04   1.2659274e-03   3.2934957e-03   0.0000000e+00   1.0177641e-03   2.0155654e-03   8.3267086e-04   1.2619922e-03   1.1501828e-03   4.2889949e-04   0.0000000e+00   1.2475609e-04   2.2231195e-05   2.2831600e-03   0.0000000e+00   5.1542755e-04   6.3247864e-05   7.1069148e-03   3.5247095e-04   2.2888755e-03   2.5294446e-03   8.3362685e-04   5.3713923e-03   6.5767838e-05   7.2152988e-05   8.9434404e-01   2.2007387e-01
   8.8745524e-01   3.1455386e-04   1.4877004e-03   1.9961361e-03   7.1824758e-04   6.8718269e-04   1.3366448e-03   3.5397164e-03   0.0000000e+00   9.2747342e-04   1.9056715e-03   6.9439938e-04   3.9628159e-04   1.3283996e-03   3.4660406e-04   9.8519178e-04   1.3249457e-04   8.1847954e-06   4.1052975e-03   0.0000000e+00   3.9855768e-04   1.9154486e-05   4.7475291e-03   0.0000000e+00   2.5962362e-03   2.3427686e-03   5.9154051e-04   5.9262713e-03   5.7558776e-05   0.0000000e+00   8.8745524e-01   2.3317077e-01
   8.8117079e-01   3.6246920e-04   2.7312004e-03   1.5411948e-03   6.8289822e-04   7.3181126e-04   1.7676399e-03   3.6293891e-03   0.0000000e+00   9.3697589e-04   1.5701355e-03   6.7105516e-04   7.1957625e-04   1.0953074e-03   4.1440739e-04   9.9434247e-04   1.2101912e-04   8.2163273e-06   4.8807960e-03   0.0000000e+00   4.4064609e-04   1.0942327e-04   2.2551049e-03   0.0000000e+00   2.5871485e-03   2.4010409e-03   4.4272054e-04   4.9791484e-03   2.4724414e-05   0.0000000e+00   8.8117079e-01   2.4334327e-01
   8.7519607e-01   4.0844441e-04   1.7421091e-03   2.0806786e-03   2.1715507e-03   1.1129082e-03   0.0000000e+00   3.6893067e-03   3.5821237e-03   2.5377874e-04   5.2612450e-03   8.1463495e-04   9.6990674e-04   2.4147339e-03   1.4294022e-03   1.9146908e-03   1.3633543e-04   5.3104640e-07   1.6231887e-03   0.0000000e+00   3.7031258e-04   3.1288750e-03   0.0000000e+00   4.7829792e-03   2.7401389e-03   1.0739463e-03   0.0000000e+00   1.2045911e-03   0.0000000e+00   0.0000000e+00   8.7519607e-01   2.5741307e-01
   8.6706157e-01   3.8532860e-04   8.9851619e-04   2.7710972e-03   6.5585459e-04   6.0650354e-04   1.6534062e-03   3.9393377e-03   0.0000000e+00   7.9934726e-04   1.7532551e-03   1.1721085e-03   1.2304454e-03   1.6747909e-03   3.3660588e-05   7.6221886e-04   1.2274313e-04   5.0466451e-06   5.1547647e-03   0.0000000e+00   2.1510745e-04   2.2823406e-04   7.3307120e-03   0.0000000e+00   2.3450887e-03   2.4910149e-03   8.6539631e-04   2.7242889e-03   3.6256862e-04   0.0000000e+00   8.6706157e-01   2.6993351e-01
   8.6111099e-01   3.9037959e-06   4.3856070e-04   2.8968693e-03   9.6843851e-05   4.7499406e-04   2.3415662e-03   4.1106264e-03   7.7273874e-05   5.7754170e-04   1.2062011e-03   1.0048869e-03   1.4890281e-03   6.2737860e-04   4.8465717e-05   9.1370818e-04   1.0228573e-04   3.4076948e-06   6.4742242e-03   0.0000000e+00   0.0000000e+00   4.2241550e-04   9.5942451e-03   9.5569062e-04   2.0315221e-03   2.6122997e-03   2.3032519e-03   3.4208380e-03   5.2215693e-04   1.1755093e-05   8.6111099e-01   2.8253918e-01
   8.5425949e-01   0.0000000e+00   4.5674102e-04   2.5788052e-03   0.0000000e+00   4.7034791e-04   2.5220991e-03   4.0410203e-03   6.7365503e-05   0.0000000e+00   1.3118925e-03   1.0038686e-03   1.5513540e-03   8.4242963e-05   5.2969557e-05   9.4930373e-04   1.0217395e-04   4.3457843e-06   6.7296988e-03   0.0000000e+00   0.0000000e+00   4.3615731e-04   9.6487001e-03   9.6821593e-04   2.0827549e-03   2.5898569e-03   2.3549607e-03   3.5331107e-03   5.8423733e-04   0.0000000e+00   8.5425949e-01   2.9379257e-01
   8.4644500e-01   5.0390651e-04   1.6542657e-03   2.2170453e-03   1.8158234e-03   8.8623761e-04   0.0000000e+00   4.5763254e-03   2.6874774e-03   1.1103343e-04   4.4340595e-03   8.0448040e-04   4.2368234e-03   1.8913335e-03   1.8910726e-03   8.6352110e-04   1.4091090e-04   2.2782784e-07   1.8278934e-05   0.0000000e+00   6.8692411e-04   4.2924877e-03   4.4424965e-04   2.8659481e-03   2.2267039e-03   1.7020327e-03   3.8240523e-04   1.2288447e-03   4.1388048e-05   8.7347748e-05   8.4644500e-01   3.0614820e-01
   8.3767801e-01   5.8387125e-04   9.0264513e-04   1.8266894e-03   1.2710062e-04   6.7488233e-04   0.0000000e+00   1.7863809e-03   3.0068235e-03   4.7100399e-04   8.7731515e-06   5.7522644e-06   0.0000000e+00   4.6535062e-07   0.0000000e+00   6.3943348e-04   2.2283237e-05   6.6510924e-06   6.8088890e-03   0.0000000e+00   1.7197146e-03   3.5300298e-05   1.1272609e-02   2.1874939e-04   1.1395329e-04   2.1824010e-03   1.3959519e-03   2.4965153e-03   6.7074913e-04   1.1358955e-03   8.3767801e-01   3.1832684e-01
   8.3009359e-01   0.0000000e+00   9.2692480e-04   4.0799065e-03   4.6093799e-05   4.4337708e-04   2.5830129e-03   3.0069686e-03   3.2611071e-06   7.8570572e-04   0.0000000e+00   6.9689980e-05   2.7027421e-04   0.0000000e+00   2.3249811e-04   6.6073137e-04   8.0524305e-06   6.6553032e-06   6.3243383e-03   0.0000000e+00   2.5912755e-04   3.1610932e-04   6.7315074e-03   1.1684395e-03   1.0666696e-03   2.5111589e-03   6.1271240e-04   3.0223311e-03   3.5502003e-04   5.5685836e-04   8.3009359e-01   3.2975503e-01
   8.2195348e-01   7.7885864e-05   5.6603723e-04   3.7526984e-03   4.4710770e-05   4.6549771e-04   2.8548234e-03   3.0724697e-03   3.1476405e-04   5.7093597e-04   7.0637188e-06   8.4945632e-06   4.0562453e-04   0.0000000e+00   3.2998164e-04   6.6943667e-04   0.0000000e+00   5.3842968e-06   6.2630793e-03   0.0000000e+00   5.4479813e-05   3.0624781e-04   5.6361927e-03   1.3370475e-03   1.3543707e-03   2.4497230e-03   9.3155219e-04   3.0885243e-03   4.1818599e-04   7.4204516e-04   8.2195348e-01   3.4288907e-01
   8.1414626e-01   8.6159436e-04   8.3226820e-04   1.9127699e-03   6.5722887e-05   6.6697248e-04   8.5164079e-04   1.7770280e-03   3.0106684e-03   5.5112438e-04   3.3522295e-05   2.8433156e-06   0.0000000e+00   4.9188977e-07   0.0000000e+00   6.7157453e-04   2.1953330e-05   7.9303590e-06   6.8121421e-03   0.0000000e+00   1.7678864e-03   3.5604812e-05   1.1322225e-02   3.3668907e-04   4.6597430e-05   2.1829001e-03   1.4057309e-03   2.4611658e-03   7.0556565e-04   1.1313770e-03   8.1414626e-01   3.5743925e-01
   8.0439646e-01   3.0564852e-04   5.9261754e-04   3.7305269e-03   3.0817133e-05   4.7202221e-04   2.7737732e-03   3.5667909e-03   1.1430814e-04   5.3408152e-04   0.0000000e+00   1.2172077e-05   2.7295898e-04   2.5605567e-05   1.2590132e-04   6.2704251e-04   0.0000000e+00   5.4543076e-06   6.2059329e-03   0.0000000e+00   0.0000000e+00   3.3545221e-04   3.4200616e-03   1.2226082e-03   1.3677531e-03   2.4031768e-03   9.3923183e-04   3.2419388e-03   2.0206193e-04   4.5569194e-04   8.0439646e-01   3.6973895e-01
   7.9841406e-01   3.0038937e-04   5.9184321e-04   3.7970716e-03   4.5915699e-05   4.6311625e-04   2.7948383e-03   3.1316828e-03   2.9335316e-04   5.3569690e-04   1.1252941e-06   9.6747434e-06   4.0873364e-04   1.5944745e-05   2.3825078e-04   6.2328695e-04   0.0000000e+00   5.4387684e-06   6.2348655e-03   0.0000000e+00   0.0000000e+00   3.0858421e-04   5.6806838e-03   1.2928451e-03   1.3581605e-03   2.4085277e-03   9.3520460e-04   3.2884034e-03   3.7129788e-04   3.8771597e-04   7.9841406e-01   3.8051021e-01
   7.8883940e-01   4.1163980e-05   1.2557615e-04   6.7156506e-03   0.0000000e+00   4.8766998e-04   3.6211041e-03   3.6272593e-03   6.9430890e-04   5.6662086e-04   0.0000000e+00   0.0000000e+00   6.1569371e-04   0.0000000e+00   0.0000000e+00   2.8264573e-04   0.0000000e+00   4.8701414e-06   6.3218047e-03   0.0000000e+00   1.0625190e-04   2.9742890e-04   3.4733681e-03   6.6371365e-04   1.7713316e-03   2.4275908e-03   7.2836104e-04   3.4421639e-03   3.9900179e-04   1.2872231e-03   7.8883940e-01   3.9662914e-01
   7.7999265e-01   3.2509995e-04   5.3941072e-04   2.7750458e-03   2.5538560e-06   1.7630017e-04   1.2883312e-03   1.7609262e-04   5.6447927e-03   7.9280680e-04   1.7823111e-04   4.1617952e-05   1.3253248e-04   2.8624455e-06   2.1689520e-04   1.4966525e-03   0.0000000e+00   3.2232246e-06   4.9076209e-03   0.0000000e+00   1.3413665e-03   4.3657256e-05   8.2328035e-03   0.0000000e+00   1.1194429e-03   2.1499151e-03   7.1327047e-04   1.1722470e-04   1.1233132e-03   1.0377870e-03   7.7999265e-01   4.0880236e-01
   7.7247161e-01   8.8114415e-04   7.9984557e-04   2.0319815e-03   7.3553925e-05   6.8317260e-04   0.0000000e+00   1.9355680e-03   2.7460097e-03   5.3149996e-04   0.0000000e+00   0.0000000e+00   0.0000000e+00   4.1388552e-06   1.1111099e-03   6.6195826e-04   2.1817546e-05   8.1465293e-06   6.8096409e-03   0.0000000e+00   1.7808263e-03   0.0000000e+00   1.1312772e-02   3.4641532e-04   0.0000000e+00   2.1484208e-03   1.4664289e-03   2.4561477e-03   7.0294719e-04   3.3786819e-05   7.7247161e-01   4.2230464e-01
   7.6135787e-01   3.2631843e-04   5.6133406e-04   1.5752915e-03   0.0000000e+00   2.3993955e-04   7.1681384e-04   1.0508682e-03   5.1064452e-03   7.0691901e-04   2.4136558e-04   3.8540736e-05   1.4832359e-04   2.4732388e-06   0.0000000e+00   6.8370533e-04   0.0000000e+00   2.0825572e-06   5.0143004e-03   0.0000000e+00   1.4720950e-03   0.0000000e+00   9.1034215e-03   8.1731513e-05   8.5038392e-04   2.1706477e-03   7.8646799e-04   4.9520020e-04   1.1908080e-03   1.0698743e-03   7.6135787e-01   4.3676112e-01
   7.5463193e-01   8.8469073e-04   4.6201967e-04   2.8367310e-03   0.0000000e+00   2.7521716e-04   1.0107956e-03   6.4534569e-04   5.5095360e-03   6.6207683e-04   0.0000000e+00   1.4613189e-05   0.0000000e+00   1.3120797e-06   4.0004327e-04   6.1781192e-04   0.0000000e+00   0.0000000e+00   4.5177260e-03   0.0000000e+00   1.4120204e-03   1.0107033e-04   9.0937716e-03   1.2075488e-05   1.0559315e-03   2.2479737e-03   9.3474309e-04   2.5417199e-03   1.2985062e-03   1.2295822e-03   7.5463193e-01   4.4884794e-01
   7.4609385e-01   8.7653001e-04   7.5318799e-04   2.2363807e-03   7.5327892e-05   7.0447983e-04   0.0000000e+00   1.8977104e-03   2.2770235e-03   5.2428522e-04   5.3089385e-05   0.0000000e+00   0.0000000e+00   4.5204985e-06   1.1824931e-03   6.7424445e-04   2.0412110e-05   8.7227279e-06   6.9238430e-03   0.0000000e+00   2.3314574e-03   0.0000000e+00   1.0564236e-02   3.3198697e-04   2.8246349e-05   2.1639510e-03   1.3940907e-03   2.3543509e-03   7.1028916e-04   7.8973523e-05   7.4609385e-01   4.6170663e-01
   7.3683464e-01   1.0979990e-04   6.1916240e-04   2.9309389e-03   1.4742509e-06   5.0507525e-04   1.5009501e-03   1.9286024e-03   5.9552309e-03   6.3390702e-04   2.7588436e-04   2.8178339e-05   0.0000000e+00   0.0000000e+00   4.1872671e-04   6.4623607e-04   2.0969025e-05   0.0000000e+00   5.5163688e-03   0.0000000e+00   1.0215527e-03   0.0000000e+00   8.5582680e-03   3.3629379e-04   7.3979003e-04   2.2226989e-03   1.0839683e-03   2.5127912e-03   9.2543586e-04   1.0244819e-03   7.3683464e-01   4.7591621e-01
   7.2865047e-01   2.1943116e-04   4.5281995e-04   2.8149731e-03   0.0000000e+00   3.0489355e-04   1.0157198e-03   6.4508260e-04   4.8937341e-03   6.6757881e-04   2.3158692e-04   6.7933913e-06   1.3668108e-04   0.0000000e+00   3.5793607e-04   6.8187331e-04   0.0000000e+00   0.0000000e+00   5.4676509e-03   0.0000000e+00   1.0575740e-03   4.7634507e-05   8.7628944e-03   3.5691534e-05   1.0316530e-03   2.2231798e-03   1.0696946e-03   2.4465013e-03   1.1969102e-03   1.2575373e-03   7.2865047e-01   4.8659087e-01
   7.1797841e-01   8.8152948e-05   8.7601001e-05   2.5480107e-03   9.6799982e-07   5.1459955e-04   6.1204262e-03   2.0146065e-03   3.8262776e-03   6.5385571e-04   3.5027468e-04   6.3602803e-05   0.0000000e+00   0.0000000e+00   4.0905555e-04   8.2120502e-04   1.5162992e-05   4.6338073e-07   6.8640465e-03   0.0000000e+00   1.3416465e-03   1.1728223e-04   9.1402693e-03   3.8033378e-05   7.9368803e-04   2.1451885e-03   2.9247906e-04   2.3401252e-03   8.0223780e-04   1.0340049e-03   7.1797841e-01   5.0437154e-01
   7.0643083e-01   0.0000000e+00   3.8283961e-04   3.6396999e-03   0.0000000e+00   4.5493835e-04   1.0479567e-04   1.8550555e-03   1.4233864e-03   7.6193110e-04   1.2439430e-03   1.1877457e-04   2.8409564e-03   1.6492412e-05   2.0209537e-04   2.7279939e-04   1.2606263e-05   0.0000000e+00   0.0000000e+00   0.0000000e+00   4.3632090e-04   5.0209672e-04   6.7527942e-03   2.0513644e-04   9.0363751e-04   2.3989449e-03   1.5209677e-04   3.7326849e-03   8.3259410e-04   7.4693862e-04   7.0643083e-01   5.1486627e-01
   6.9891218e-01   1.0200821e-04   0.0000000e+00   3.4299464e-06   1.4809277e-05   4.9361780e-04   6.5739794e-03   1.9210490e-03   3.1857783e-03   6.5674685e-04   3.5581403e-04   7.3242909e-05   2.0367357e-05   0.0000000e+00   3.5197060e-04   1.4481540e-03   1.7894239e-05   0.0000000e+00   6.9022768e-03   0.0000000e+00   1.0922510e-03   1.2171329e-04   9.2954998e-03   0.0000000e+00   8.6911954e-04   2.1776320e-03   0.0000000e+00   2.2936111e-03   9.0834979e-04   1.0409185e-03   6.9891218e-01   5.2988852e-01
   6.8656296e-01   1.4204791e-05   4.0803765e-04   3.5058238e-03   0.0000000e+00   4.8702153e-04   0.0000000e+00   1.9747163e-03   1.0179275e-03   7.6129179e-04   1.1219552e-03   1.1993254e-04   3.9463121e-03   1.9395764e-05   1.1944280e-04   3.1474747e-04   1.3053897e-05   0.0000000e+00   1.2886828e-04   0.0000000e+00   4.1093529e-04   4.6543914e-04   7.1098261e-03   1.8045063e-04   9.0262286e-04   2.4164984e-03   1.6653783e-04   3.5184539e-03   7.9584074e-04   6.6429068e-04   6.8656296e-01   5.4255469e-01
   6.7787869e-01   6.8205859e-06   0.0000000e+00   3.5913524e-03   8.0271491e-07   4.7911074e-04   2.3486598e-03   2.0003568e-03   5.3793162e-04   8.0890952e-04   2.0512626e-03   1.1314732e-04   1.5822711e-03   4.7238455e-05   1.1818168e-04   0.0000000e+00   1.0072381e-05   3.6799553e-07   5.8181779e-03   0.0000000e+00   4.3396669e-04   4.1651651e-04   9.2652685e-03   6.6910659e-05   0.0000000e+00   2.5987006e-03   7.6497950e-04   3.2519480e-03   7.3634121e-04   5.8624455e-04   6.7787869e-01   5.5746570e-01
   6.6570977e-01   0.0000000e+00   3.3371821e-04   4.0998666e-03   6.0160295e-08   4.8883897e-04   2.5048208e-04   1.9646950e-03   9.7426955e-04   7.8416670e-04   1.2085165e-03   1.2545012e-04   4.7940074e-03   2.7121169e-05   1.6216474e-04   5.2187928e-04   1.2528057e-05   0.0000000e+00   2.0355423e-04   0.0000000e+00   3.3254435e-04   3.5904674e-04   7.6746662e-03   1.6691119e-04   7.4945242e-04   2.4616387e-03   1.2387168e-04   3.2926397e-03   7.8411021e-04   7.1113226e-04   6.6570977e-01   5.7138975e-01
   6.5687389e-01   3.1907803e-05   2.2677501e-04   3.4378866e-03   2.9681495e-07   4.8213801e-04   3.7782182e-03   2.1782196e-03   3.8359635e-04   7.3841886e-04   1.3750229e-03   1.2499617e-04   0.0000000e+00   2.5124840e-05   5.4309463e-05   2.2990687e-05   3.3428525e-06   0.0000000e+00   5.3868112e-03   0.0000000e+00   4.9151632e-04   4.7998272e-04   9.2517300e-03   1.6538162e-04   2.4281872e-04   2.3522624e-03   7.2228104e-04   3.2975296e-03   7.5603539e-04   8.1048148e-04   6.5687389e-01   5.8481844e-01
   6.4475046e-01   0.0000000e+00   9.7280474e-04   0.0000000e+00   2.8098216e-05   5.1664303e-04   2.4513374e-03   1.5588765e-03   2.6895109e-03   1.2427008e-03   2.1168179e-03   2.0444153e-04   4.2965698e-05   4.4763705e-06   0.0000000e+00   5.4679607e-04   1.5830287e-06   2.9982350e-05   5.3670877e-03   0.0000000e+00   5.4263762e-04   2.1762575e-04   1.6804641e-03   4.2668322e-04   2.4996356e-04   2.2157684e-03   2.1040623e-03   2.9687121e-03   7.9538025e-04   3.0378704e-04   6.4475046e-01   5.9712683e-01
   6.3513679e-01   0.0000000e+00   3.3206520e-04   4.3501206e-03   3.9252614e-07   4.7277677e-04   1.3500113e-04   2.1615071e-03   8.9142222e-04   7.5617546e-04   1.2486671e-03   4.7504253e-05   3.2954584e-03   3.3446607e-05   1.5705486e-04   5.0940039e-04   0.0000000e+00   0.0000000e+00   3.8920405e-04   0.0000000e+00   2.9080245e-04   3.6055236e-04   8.7011039e-03   9.7601586e-05   6.1367084e-04   2.2609955e-03   0.0000000e+00   3.2277587e-03   7.7795864e-04   7.2116918e-04   6.3513679e-01   6.1042622e-01
   6.2340859e-01   0.0000000e+00   1.0190221e-03   0.0000000e+00   2.8851814e-05   5.1743347e-04   2.7992116e-03   1.5220001e-03   3.1002513e-03   1.2234057e-03   1.7439339e-03   2.3051960e-04   6.2386644e-05   5.8910909e-06   1.2990798e-05   5.3489342e-04   1.0143147e-06   3.2943710e-05   5.3566276e-03   0.0000000e+00   7.6437724e-04   2.2271381e-04   2.6673250e-03   3.7507844e-04   2.0402948e-04   2.2151529e-03   2.0583999e-03   3.1120113e-03   7.8154523e-04   2.4944425e-04   6.2340859e-01   6.2461779e-01
   6.1212812e-01   4.9537263e-06   8.0974347e-04   0.0000000e+00   2.6015631e-05   5.2275760e-04   3.0182368e-03   1.5157125e-03   2.7692177e-03   1.2340021e-03   1.6823875e-03   2.2997711e-04   6.2413427e-05   6.1471895e-06   1.4751581e-05   5.5222038e-04   8.0254520e-07   3.5137635e-05   5.2642181e-03   0.0000000e+00   7.2294580e-04   1.5579235e-04   2.6381499e-03   3.4115555e-04   0.0000000e+00   2.2775925e-03   2.0209256e-03   3.2476584e-03   7.5826150e-04   3.3311890e-04   6.1212812e-01   6.3816963e-01
   6.0128051e-01   3.9258778e-06   1.0491768e-03   9.5940729e-05   3.2680481e-05   5.2248435e-04   3.1266916e-03   1.5103285e-03   3.0301667e-03   1.2322156e-03   1.7060395e-03   2.3672270e-04   6.1928410e-05   6.3707178e-06   1.6154975e-05   5.5231344e-04   7.4191599e-07   4.2031855e-05   5.3150894e-03   0.0000000e+00   6.8412630e-04   1.5645234e-04   2.6453169e-03   3.4267349e-04   0.0000000e+00   2.2887079e-03   2.0341535e-03   3.3094581e-03   7.8207693e-04   2.1074984e-04   6.0128051e-01   6.5152532e-01
   5.9088028e-01   1.5834596e-05   7.4200163e-04   1.5737896e-03   2.3845458e-05   4.8751131e-04   1.5428706e-03   1.4812770e-03   3.9350532e-03   1.2940173e-03   2.0908246e-03   6.3253320e-04   1.1169887e-05   0.0000000e+00   6.9517380e-05   3.8989190e-04   4.5052608e-05   0.0000000e+00   6.4148525e-03   0.0000000e+00   7.4756248e-04   1.8886885e-04   0.0000000e+00   2.8144138e-04   1.6706154e-05   2.3547655e-03   4.9658437e-03   2.9717919e-03   7.5359656e-04   0.0000000e+00   5.9088028e-01   6.6465405e-01
   5.7841916e-01   1.3392015e-05   6.7024568e-04   1.1988320e-03   2.1870684e-05   4.8020734e-04   9.3670500e-04   1.4774597e-03   3.4456046e-03   1.3197435e-03   2.0379885e-03   5.3853573e-04   2.8683282e-05   0.0000000e+00   6.3557233e-05   4.3084431e-04   5.7468787e-05   2.6999196e-06   6.7196630e-03   0.0000000e+00   7.6282034e-04   2.3778141e-04   0.0000000e+00   2.0699650e-04   0.0000000e+00   2.2482585e-03   4.3785936e-03   2.9653453e-03   6.5807839e-04   0.0000000e+00   5.7841916e-01   6.7819942e-01
   5.6788176e-01   1.3594022e-05   7.6557998e-04   6.7459678e-04   2.2078354e-05   5.1674175e-04   1.1574776e-03   1.8090516e-03   3.4411007e-03   1.1900488e-03   1.9842078e-03   1.6642109e-04   5.8317047e-06   0.0000000e+00   6.2558417e-05   5.0531653e-04   1.1783211e-04   0.0000000e+00   6.0313225e-03   0.0000000e+00   7.3246068e-04   3.0184132e-04   8.4750883e-04   3.4570415e-04   0.0000000e+00   2.1786826e-03   4.6813291e-03   2.6408454e-03   7.4155181e-04   1.1285777e-05   5.6788176e-01   6.9018153e-01
   5.5546035e-01   1.4037154e-05   7.1830012e-04   6.8343930e-04   2.1698433e-05   5.1688986e-04   1.3760456e-03   1.7245058e-03   3.3965152e-03   1.1780195e-03   1.9865712e-03   1.6432404e-04   1.5893422e-06   0.0000000e+00   5.8288050e-05   5.0512517e-04   9.6289349e-05   2.6575470e-07   6.0482471e-03   0.0000000e+00   7.3274155e-04   3.0184541e-04   5.6730522e-04   3.3693047e-04   4.3948142e-07   2.1767718e-03   4.2233480e-03   2.5234727e-03   7.3604855e-04   1.7034810e-05   5.5546035e-01   7.0366312e-01
   5.4336161e-01   7.3027038e-06   1.0900423e-03   0.0000000e+00   1.5605646e-05   4.8269571e-04   1.3894227e-03   1.7209232e-03   2.9291866e-03   1.3669527e-03   2.0708700e-03   2.0043270e-04   0.0000000e+00   2.2877360e-06   3.5581135e-05   5.0102626e-04   9.3129106e-05   1.9852154e-06   5.5098058e-03   0.0000000e+00   6.9560792e-04   3.2754109e-04   0.0000000e+00   3.7526825e-04   2.8115755e-04   2.3152976e-03   1.8232439e-03   3.0060579e-03   8.0393086e-04   6.2740846e-05   5.4336161e-01   7.1563412e-01
   5.3259109e-01   1.3872414e-05   4.0497378e-04   1.6818070e-03   2.3718433e-07   4.2928170e-04   1.0177239e-03   1.6970517e-03   3.0775280e-03   8.7190858e-04   1.3674975e-03   2.0690536e-04   6.1451757e-05   1.0960322e-05   9.5953542e-05   6.2180159e-04   1.9167626e-05   8.3826114e-06   6.3196694e-03   0.0000000e+00   8.6733717e-04   3.9378724e-04   2.6921360e-03   4.9451055e-04   9.8969539e-04   1.6919881e-03   1.8345571e-03   3.7804160e-03   8.7629952e-04   8.0983003e-04   5.3259109e-01   7.2920059e-01
   5.1923416e-01   2.1459742e-05   3.7100243e-04   1.9794674e-03   1.2467421e-06   4.4608792e-04   6.9211353e-04   1.6860007e-03   2.8706377e-03   8.9759019e-04   1.4145060e-03   2.0217358e-04   6.9360296e-05   7.2536585e-06   1.0567720e-04   6.1590325e-04   8.8466738e-06   7.5196753e-06   6.1471713e-03   0.0000000e+00   8.5301329e-04   3.9550798e-04   3.2651233e-03   5.0644358e-04   9.2740988e-04   1.6826393e-03   2.2354496e-03   3.5572778e-03   7.8725227e-04   8.0362528e-04   5.1923416e-01   7.4319688e-01
   5.0680548e-01   2.2122947e-05   1.1585066e-03   2.9956331e-05   1.2055678e-05   5.5544640e-04   1.3650333e-03   1.7268042e-03   2.9156757e-03   1.7396327e-03   1.9910188e-03   1.7924718e-04   6.9285833e-07   0.0000000e+00   3.5550950e-05   4.9947821e-04   8.0391406e-05   1.4741866e-05   5.6006664e-03   0.0000000e+00   7.1983794e-04   4.0075938e-04   0.0000000e+00   3.8943805e-04   4.7974509e-04   2.3429010e-03   1.7620212e-03   3.0127809e-03   7.8356605e-04   0.0000000e+00   5.0680548e-01   7.5397988e-01
   4.9429553e-01   4.3046032e-05   3.8770150e-04   4.3755444e-06   0.0000000e+00   4.2492897e-04   8.5126911e-04   1.6375700e-03   2.9467060e-03   9.5528298e-04   1.0381885e-03   2.1797878e-04   2.8794567e-05   2.2109974e-05   3.4248651e-05   6.1106837e-04   6.0558726e-05   0.0000000e+00   5.2550385e-03   0.0000000e+00   9.2062593e-04   4.8270326e-04   3.7403464e-03   4.6588660e-04   1.0215656e-03   1.6879844e-03   1.9589497e-03   3.7285646e-03   6.5513703e-04   7.8634149e-04   4.9429553e-01   7.6722336e-01
   4.8241658e-01   1.4364171e-05   3.6817387e-04   1.7329784e-03   3.4137130e-07   4.4017321e-04   5.2165126e-04   1.6418102e-03   3.4141232e-03   8.9708577e-04   1.3243450e-03   2.5269539e-04   6.4875235e-05   8.5404202e-06   9.2714105e-05   6.5836298e-04   0.0000000e+00   8.1217501e-06   6.0559861e-03   0.0000000e+00   1.1335914e-03   3.8907584e-04   3.9207547e-03   3.1293900e-04   9.1518659e-04   1.8365866e-03   3.0263789e-03   3.5978320e-03   8.4010072e-04   7.9630070e-04   4.8241658e-01   7.8035700e-01
   4.6916891e-01   6.8843636e-05   3.6615627e-04   4.2499723e-05   6.5879393e-06   4.7754980e-04   1.4395569e-03   1.6255115e-03   2.9553212e-03   4.9026049e-04   1.0537840e-03   2.7686994e-04   5.2974535e-05   0.0000000e+00   5.8658577e-05   6.7679066e-04   0.0000000e+00   2.5476459e-05   4.5933465e-03   0.0000000e+00   9.8781866e-04   3.7057181e-04   2.9758826e-03   4.7911826e-04   6.8493418e-04   6.1541644e-04   2.1808939e-03   3.7325990e-03   7.4823370e-04   6.4074053e-04   4.6916891e-01   7.9032544e-01
   4.5663444e-01   5.8687979e-05   3.6865643e-04   0.0000000e+00   2.3832723e-06   4.2463259e-04   1.4798442e-03   1.6291764e-03   2.9648676e-03   4.6523735e-04   1.0038500e-03   2.5482280e-04   3.0171158e-05   0.0000000e+00   6.0410549e-05   6.2764106e-04   5.5986185e-05   3.2017400e-06   3.7979657e-03   0.0000000e+00   9.7858094e-04   3.7859165e-04   2.9335687e-03   4.8401119e-04   1.0142525e-03   7.5659624e-04   2.2326982e-03   3.7627955e-03   7.4608155e-04   8.5646257e-04   4.5663444e-01   8.0173580e-01
   4.4402338e-01   1.0918719e-04   3.4293251e-04   3.8008352e-03   4.1556294e-05   3.4183141e-04   1.0819945e-03   1.6605035e-03   2.7593011e-03   7.8469163e-04   0.0000000e+00   3.9199797e-05   6.4969886e-06   1.9978443e-03   2.5460060e-04   1.3222346e-04   4.1096821e-04   1.3301551e-04   4.4383653e-03   0.0000000e+00   5.3474575e-04   1.9923429e-04   3.2970793e-03   2.3516775e-05   1.6117765e-03   2.5564513e-03   4.2898572e-04   3.1959055e-03   4.8175181e-04   3.6643462e-03   4.4402338e-01   8.1557552e-01
   4.3095849e-01   1.6751179e-04   3.0863375e-04   4.6833410e-03   3.4977132e-05   3.3230958e-04   7.6954679e-04   1.7463852e-03   2.9666283e-03   9.1075105e-04   4.7381159e-04   0.0000000e+00   5.1175251e-06   8.7133987e-04   2.7177489e-04   2.4483272e-04   2.9409080e-04   1.8593654e-04   4.6473689e-03   0.0000000e+00   5.8452961e-04   1.0264087e-04   3.0989556e-03   2.9699894e-05   1.2236351e-03   2.5138743e-03   8.5180728e-05   3.2022088e-03   4.2198231e-04   3.6874453e-03   4.3095849e-01   8.2671607e-01
   4.1834319e-01   1.2843314e-04   3.5892608e-04   3.5964329e-03   3.5201814e-05   2.7312729e-04   1.0925266e-03   1.7097084e-03   3.1296814e-03   1.1493794e-03   0.0000000e+00   0.0000000e+00   6.5472137e-06   8.0284690e-04   2.8555880e-04   2.6987011e-04   5.2343045e-04   1.0988227e-04   4.3890317e-03   0.0000000e+00   6.5082604e-04   2.3630825e-04   2.8839518e-03   2.9215833e-05   1.8737415e-03   2.3678905e-03   5.5813787e-04   3.2026887e-03   5.5171488e-04   3.3247050e-03   4.1834319e-01   8.3720077e-01
   4.0523202e-01   1.2042008e-04   3.4713079e-04   3.9389965e-03   3.8159608e-05   3.2952590e-04   1.0790222e-03   1.7286288e-03   2.9042345e-03   1.1477847e-03   0.0000000e+00   6.2911721e-05   6.9771668e-06   1.2541135e-03   2.7848838e-04   2.7435641e-04   4.7344373e-04   1.3273573e-04   4.4916766e-03   0.0000000e+00   6.4823764e-04   2.3759992e-04   3.1901538e-03   1.0632502e-05   1.9612422e-03   2.3885232e-03   1.0072205e-03   3.1610748e-03   5.3295514e-04   3.2386184e-03   4.0523202e-01   8.4840816e-01
   3.9040546e-01   1.1083361e-05   0.0000000e+00   2.3365088e-04   2.2394688e-05   4.1733567e-04   1.2419752e-03   1.9559967e-03   3.0467938e-03   1.0962430e-03   3.2605725e-04   1.0759659e-04   9.2690072e-06   5.1970433e-04   2.1440674e-04   5.5656124e-04   1.4883313e-04   1.6738085e-04   4.3015522e-03   0.0000000e+00   7.0533301e-04   1.0804350e-04   2.9357910e-03   1.5634017e-04   3.2436938e-03   2.1069414e-03   8.6012418e-05   2.6054171e-03   1.3960867e-04   2.3166253e-03   3.9040546e-01   8.5786482e-01
   3.7757188e-01   5.8861773e-06   4.7761623e-05   2.2871204e-04   2.2351034e-05   4.1862414e-04   1.2102626e-03   1.9624009e-03   3.0455997e-03   1.1343927e-03   2.2296247e-05   1.0055345e-04   3.5834654e-06   6.0671066e-04   2.3670028e-04   5.6618269e-04   1.5085115e-04   1.4688231e-04   4.3156936e-03   0.0000000e+00   6.7350681e-04   3.7583897e-05   2.9371437e-03   1.3698295e-04   3.1358421e-03   2.7181469e-03   0.0000000e+00   2.7349893e-03   3.9596446e-04   2.1712905e-03   3.7757188e-01   8.6777012e-01
   3.6515952e-01   5.8207356e-06   3.9152079e-05   2.6729197e-04   0.0000000e+00   3.8642203e-04   1.2393193e-03   1.9558651e-03   3.0560930e-03   1.6574748e-03   2.0639801e-05   1.1045090e-04   3.8779271e-06   3.7802753e-04   2.3920003e-04   5.3426226e-04   1.5138645e-04   2.5428527e-04   4.3079915e-03   0.0000000e+00   6.9119332e-04   3.8210422e-05   3.5904074e-03   1.4285358e-04   3.1618172e-03   2.8522002e-03   2.0215275e-04   2.6974293e-03   3.8738130e-04   1.9564708e-03   3.6515952e-01   8.7731388e-01
   3.5180520e-01   1.0808079e-04   7.1621201e-05   5.6852261e-03   4.4069726e-05   4.0942518e-04   1.0956547e-03   1.7788462e-03   2.2097023e-03   6.3860905e-04   1.6479373e-07   4.9793759e-05   1.0165933e-06   1.6279544e-03   3.6932558e-04   1.9160290e-04   1.9217262e-04   1.3099768e-04   4.2399642e-03   0.0000000e+00   5.8310185e-04   2.8616375e-06   3.1703043e-03   3.2182456e-05   2.2298323e-03   2.4873927e-03   3.1802001e-04   3.2853170e-03   5.8009685e-04   2.7250382e-03   3.5180520e-01   8.8816705e-01
   3.3901696e-01   1.1477208e-04   6.9166229e-05   5.7881000e-03   4.4510938e-05   4.4523630e-04   1.0256299e-03   1.7962144e-03   2.2885302e-03   5.8928141e-04   8.7818116e-08   4.8777356e-05   1.8170410e-06   1.6931440e-03   3.8654111e-04   2.4762755e-04   1.8583438e-04   1.1932011e-04   4.3111405e-03   0.0000000e+00   7.0188158e-04   0.0000000e+00   4.8613009e-03   5.3705038e-05   2.1976799e-03   2.4770499e-03   3.3377963e-04   3.2913541e-03   5.7359257e-04   2.6822460e-03   3.3901696e-01   8.9762315e-01
   3.2543142e-01   0.0000000e+00   4.7759565e-05   2.9333415e-04   2.5155458e-05   4.2055673e-04   1.1291642e-03   1.8156267e-03   3.0396732e-03   1.1297709e-03   7.2087734e-06   8.9393858e-05   1.0688322e-06   8.7049486e-04   2.9178217e-04   5.6441815e-04   1.5571711e-04   1.5668422e-04   4.3435541e-03   0.0000000e+00   6.4700490e-04   6.3853544e-06   3.4472504e-03   2.0811743e-05   3.6383495e-03   2.6204363e-03   0.0000000e+00   2.6800825e-03   3.9114444e-04   2.6803072e-03   3.2543142e-01   9.0455746e-01
   3.1118604e-01   8.6596299e-05   6.3452392e-05   6.6674636e-03   1.1552097e-05   7.6968638e-05   1.1457153e-04   1.9241057e-03   3.1639173e-03   6.9856824e-04   9.5982637e-05   1.9985333e-05   2.7444595e-07   1.7014499e-03   4.9608173e-04   3.3663394e-04   1.6100145e-04   1.3070230e-04   4.0107497e-03   0.0000000e+00   4.9468562e-04   0.0000000e+00   4.9652537e-03   7.0230357e-06   2.0346086e-03   2.5808799e-03   9.2316407e-04   3.2809229e-03   8.2003137e-05   1.8597876e-03   3.1118604e-01   9.1540166e-01
   2.9690915e-01   0.0000000e+00   5.1222395e-05   6.2586878e-04   2.2998384e-05   4.1388694e-04   1.7744133e-03   2.0930862e-03   2.9978578e-03   9.6187152e-04   4.0471363e-05   9.6429186e-05   9.0608892e-07   6.0018259e-04   2.8750998e-04   5.7346894e-04   1.5909259e-04   1.1437055e-04   4.2937109e-03   0.0000000e+00   6.6189083e-04   0.0000000e+00   2.4635539e-03   2.9306983e-05   3.5315010e-03   2.6531730e-03   0.0000000e+00   2.5899680e-03   4.5004257e-04   2.5988310e-03   2.9690915e-01   9.2199736e-01
   2.8489975e-01   5.4438929e-05   7.0724794e-05   4.5261505e-03   2.6679627e-05   4.0457860e-04   1.1769699e-03   1.7180557e-03   2.9073647e-03   8.9180745e-04   0.0000000e+00   8.0223486e-05   9.0437414e-07   1.0561310e-03   2.9104232e-04   5.3918161e-04   1.5094431e-04   1.4397076e-04   4.3904199e-03   0.0000000e+00   6.1772355e-04   3.5654245e-06   3.4500258e-03   0.0000000e+00   3.1192746e-03   2.5700737e-03   1.3854705e-04   2.8931626e-03   4.7206727e-04   2.3816014e-03   2.8489975e-01   9.3025671e-01
   2.7213322e-01   7.2087044e-05   6.6371672e-05   4.1367535e-03   3.2451458e-05   2.6372503e-04   1.1616975e-03   1.7549268e-03   2.9763587e-03   7.7289608e-04   1.4911295e-06   6.0947981e-05   7.2694281e-07   4.8161366e-04   2.9978662e-04   5.4567416e-04   1.5191005e-04   1.6967949e-04   4.3707825e-03   0.0000000e+00   6.1755529e-04   1.6512799e-05   3.0911596e-03   0.0000000e+00   3.2411342e-03   2.6178208e-03   1.8386470e-04   2.8992987e-03   4.8242110e-04   2.5315988e-03   2.7213322e-01   9.3693606e-01
   2.5822313e-01   7.6033787e-05   7.3282110e-05   3.2498271e-03   3.8250842e-05   3.3577386e-04   1.1198564e-03   1.7647641e-03   3.0311014e-03   1.0119506e-03   0.0000000e+00   7.2427628e-05   0.0000000e+00   1.3588498e-03   2.9416786e-04   3.9811295e-04   1.6576329e-04   1.6398424e-04   4.3252671e-03   0.0000000e+00   6.8209706e-04   0.0000000e+00   2.6337909e-03   8.1646368e-05   3.5819978e-03   2.5527772e-03   0.0000000e+00   3.1716523e-03   4.3750008e-04   2.6379687e-03   2.5822313e-01   9.4432374e-01
   2.4618539e-01   7.4442189e-06   9.3283780e-05   5.1869192e-03   7.2303839e-05   4.6705650e-04   1.4868586e-03   1.6819471e-03   3.1799034e-03   0.0000000e+00   6.1466857e-05   6.5291846e-06   1.3412848e-07   2.0646091e-03   3.0257788e-04   4.1355229e-04   1.5392980e-04   3.8972106e-05   3.9861619e-03   0.0000000e+00   9.1274503e-04   4.0187660e-05   6.9301538e-04   1.5571336e-04   3.3972648e-03   2.1451654e-03   1.0182740e-03   2.8540554e-03   2.2097061e-04   3.0054641e-03   2.4618539e-01   9.5046110e-01
   2.3258406e-01   8.4915329e-06   9.1159958e-05   4.8589301e-03   7.8769882e-05   5.7446431e-04   1.3980742e-03   1.6896082e-03   3.1682545e-03   2.1731390e-04   4.5646912e-05   2.7565691e-05   1.1154969e-07   2.3914226e-03   3.1106649e-04   4.4316078e-04   1.5350297e-04   3.2197293e-05   4.1590343e-03   0.0000000e+00   9.8648343e-04   5.5001369e-05   2.7176879e-04   1.6373028e-04   3.3803165e-03   2.1921771e-03   6.4428039e-04   2.8544662e-03   2.4670643e-04   2.9543844e-03   2.3258406e-01   9.5682452e-01
   2.1960592e-01   0.0000000e+00   9.7543678e-05   5.0848656e-03   8.3037282e-05   6.0767983e-04   1.1889960e-03   1.7019606e-03   3.1608792e-03   1.3888670e-04   5.5428329e-05   3.1320819e-05   3.4656214e-08   2.3839585e-03   3.1045719e-04   4.0600211e-04   1.5198883e-04   5.3501743e-05   4.1518339e-03   0.0000000e+00   7.1143501e-04   5.4335872e-05   0.0000000e+00   1.8806820e-04   3.0067086e-03   2.3786087e-03   7.3635168e-04   2.8550288e-03   2.4083704e-04   2.9804385e-03   2.1960592e-01   9.6242558e-01
   2.0432325e-01   1.0660962e-07   9.8597547e-05   4.7425870e-03   8.6698075e-05   6.4023524e-04   1.1387737e-03   1.7632201e-03   3.1035313e-03   1.3847238e-04   5.7111198e-05   3.0776265e-05   1.0694783e-07   2.3891202e-03   3.0300479e-04   4.1436448e-04   1.5441763e-04   5.8258004e-05   4.1089267e-03   0.0000000e+00   7.5204524e-04   5.5033376e-05   1.1685535e-06   1.9468569e-04   2.9078837e-03   2.3958468e-03   7.2399894e-04   2.8610336e-03   2.4156218e-04   2.9734166e-03   2.0432325e-01   9.6870178e-01
   1.9358439e-01   0.0000000e+00   9.3739209e-05   3.9417935e-03   6.6304193e-05   6.6483042e-04   1.4323810e-03   1.6821364e-03   1.8632571e-03   1.9609408e-04   7.5535620e-05   2.8654697e-05   2.6074420e-07   2.4412066e-03   2.6759264e-04   2.7059647e-04   1.6243454e-04   6.6234570e-05   4.0740875e-03   0.0000000e+00   1.2652240e-03   8.1336634e-05   2.8027998e-05   1.4129382e-04   3.3446312e-03   2.3850966e-03   5.8778373e-04   2.9542623e-03   2.4190470e-04   2.9635591e-03   1.9358439e-01   9.7260592e-01
   1.7991692e-01   1.6918882e-06   9.6901572e-05   4.6037355e-03   6.7392905e-05   6.5062729e-04   1.3507602e-03   1.6812431e-03   3.2844790e-03   1.7657128e-04   7.9364083e-05   2.8554807e-05   2.2061521e-07   2.4802912e-03   2.6397241e-04   3.6171700e-04   1.6376363e-04   5.9236750e-05   4.0630255e-03   0.0000000e+00   1.0795870e-03   4.6352402e-05   1.2963889e-05   1.3649924e-04   3.2668489e-03   2.4083253e-03   5.3002118e-04   2.9282600e-03   2.5086554e-04   2.9429425e-03   1.7991692e-01   9.7820462e-01
   1.6720034e-01   0.0000000e+00   9.6131011e-05   4.1382642e-03   8.6902737e-05   6.6318734e-04   1.2864066e-03   3.5375787e-04   2.7629923e-03   1.9169897e-04   7.8519418e-05   2.7090321e-05   1.7320824e-07   2.4786617e-03   2.9619065e-04   3.2528921e-04   1.5738469e-04   5.9288872e-05   4.0580179e-03   0.0000000e+00   9.1963204e-04   4.4989907e-05   1.4946880e-05   1.3638154e-04   3.2383793e-03   2.3182233e-03   4.8778295e-04   2.9079019e-03   2.5267344e-04   2.9366959e-03   1.6720034e-01   9.8171353e-01
   1.5569327e-01   0.0000000e+00   8.0375259e-05   6.6985452e-03   5.8288916e-05   0.0000000e+00   7.6617004e-04   1.1855189e-03   2.2938808e-03   0.0000000e+00   5.2717404e-05   4.3280955e-05   1.9269016e-08   2.2049983e-03   2.9780480e-04   4.0846000e-04   1.6243790e-04   1.9063084e-05   4.2072694e-03   0.0000000e+00   4.9997836e-04   4.3356183e-05   1.1403630e-04   1.7512056e-04   4.0522793e-03   2.4507634e-03   9.8476056e-04   3.0411628e-03   2.1278429e-04   2.9415130e-03   1.5569327e-01   9.8624500e-01
   1.4355538e-01   0.0000000e+00   9.3032559e-05   5.8002271e-03   6.2623094e-05   4.3131472e-04   1.2575423e-03   1.6004910e-03   3.2073384e-03   0.0000000e+00   8.7682371e-05   3.7106959e-05   3.0576621e-07   2.1217823e-03   3.1252345e-04   4.0395304e-04   1.4736368e-04   0.0000000e+00   4.1456101e-03   0.0000000e+00   6.2751707e-04   5.4959602e-05   4.8471591e-06   2.1609823e-04   4.2005951e-03   2.3049500e-03   8.4447849e-04   3.0037053e-03   2.5513029e-04   2.9340878e-03   1.4355538e-01   9.9020792e-01
   1.3162099e-01   6.8138781e-06   7.1530043e-05   8.0768359e-03   5.5045782e-05   7.9147251e-04   9.7641258e-04   1.6831811e-03   9.2660805e-04   0.0000000e+00   1.9169711e-05   5.1014416e-05   5.1048007e-08   1.9119189e-03   3.3120609e-04   4.0919377e-04   1.5767377e-04   5.1049989e-05   4.2086599e-03   0.0000000e+00   8.1043708e-04   3.7351456e-05   1.1659913e-04   1.3995683e-04   3.7012582e-03   2.9103482e-03   4.8279008e-04   3.0381298e-03   2.7833343e-04   2.7535759e-03   1.3162099e-01   9.9340746e-01
   1.1890436e-01   3.9319427e-05   1.7000838e-04   0.0000000e+00   3.0956747e-05   7.2243910e-04   8.9180546e-04   2.6406165e-03   1.9763933e-03   4.3275588e-04   7.2489203e-05   2.9294233e-05   1.0434518e-06   2.2528332e-05   2.1917334e-04   4.8353242e-04   1.4387051e-04   7.0206134e-05   4.1334521e-03   0.0000000e+00   6.3504803e-05   2.3449291e-05   6.8267423e-05   1.2944586e-04   3.2429827e-03   3.1273970e-03   4.0205420e-04   3.0351160e-03   2.9439824e-04   2.8796910e-03   1.1890436e-01   9.9383816e-01
   1.0633069e-01   3.9605813e-05   1.6856423e-04   0.0000000e+00   3.3656980e-05   7.3548442e-04   8.7651690e-04   2.6195135e-03   1.9191027e-03   4.1191682e-04   7.2567970e-05   2.9229402e-05   1.0572768e-06   2.6714429e-04   2.1696054e-04   4.6744540e-04   1.4607072e-04   7.0582404e-05   4.1313197e-03   0.0000000e+00   6.7683349e-05   2.3964343e-05   7.0991583e-05   1.2785805e-04   3.2416646e-03   3.1136592e-03   3.8230591e-04   3.0367986e-03   2.9445791e-04   2.8832767e-03   1.0633069e-01   9.9668047e-01
   9.5411135e-02   3.8380620e-05   1.7559781e-04   0.0000000e+00   2.8857869e-05   7.2566139e-04   9.2196472e-04   2.5156626e-03   1.9478775e-03   4.3736785e-04   7.2394610e-05   2.9229857e-05   1.0284815e-06   3.0635643e-04   2.1071321e-04   5.0638474e-04   1.4338883e-04   6.9262736e-05   4.1345496e-03   0.0000000e+00   6.5647764e-05   2.3020726e-05   6.3733916e-05   1.3311801e-04   3.2404081e-03   3.1230811e-03   3.9766774e-04   3.0354660e-03   2.9410458e-04   2.8797622e-03   9.5411135e-02   9.9888846e-01
   8.0462641e-02   3.5697265e-05   1.7685146e-04   0.0000000e+00   3.2718869e-05   7.7407529e-04   7.3262338e-04   2.4676808e-03   1.8244225e-03   4.4525228e-04   7.2349216e-05   3.1321258e-05   1.1157750e-06   1.2344581e-04   2.5589389e-04   4.5796623e-04   1.3860443e-04   5.8341120e-05   4.1151916e-03   0.0000000e+00   2.8954093e-04   6.3822567e-06   9.7850695e-05   1.3087315e-04   3.3060879e-03   3.6265159e-03   3.8140984e-04   3.0331500e-03   2.9433092e-04   2.8990495e-03   8.0462641e-02   1.0015868e+00
   7.2365799e-02   2.5451357e-05   1.7160560e-04   7.8450490e-04   0.0000000e+00   6.9996181e-04   9.8167210e-04   2.5762425e-03   1.0513056e-03   4.2931472e-04   7.3515207e-05   3.5127218e-05   1.5213040e-06   7.9121316e-04   2.3927693e-04   4.6688315e-04   1.3591263e-04   5.8190649e-05   4.1255541e-03   0.0000000e+00   2.5015770e-04   3.7225180e-05   1.0619430e-05   1.2079415e-04   3.3220730e-03   2.8377075e-03   3.5093750e-04   3.0176660e-03   2.8342001e-04   2.8611344e-03   7.2365799e-02   1.0027927e+00
   6.0458907e-02   3.1991388e-05   1.6628872e-04   1.5230129e-04   1.8133669e-05   8.1882861e-04   7.5251429e-04   2.0014389e-03   1.8451867e-03   3.2232827e-04   7.4477392e-05   3.1902285e-05   8.0017910e-07   1.5683667e-03   2.5088251e-04   4.4019162e-04   1.3806576e-04   8.8045966e-05   4.1044334e-03   0.0000000e+00   0.0000000e+00   2.7170773e-05   1.6478046e-04   1.2421614e-04   3.1478595e-03   2.5362822e-03   4.1981196e-04   3.0425279e-03   2.9331193e-04   2.8723365e-03   6.0458907e-02   1.0042668e+00
   4.8653145e-02   3.5797494e-05   1.8589123e-04   0.0000000e+00   1.3751869e-05   7.4303031e-04   1.0073225e-03   2.2054767e-03   1.6413917e-03   4.7429847e-04   7.2973692e-05   3.0068427e-05   8.8638467e-07   1.5146614e-03   2.5949482e-04   4.5015944e-04   1.3917022e-04   6.3222908e-05   4.1249700e-03   0.0000000e+00   0.0000000e+00   2.8006264e-05   8.8951187e-05   1.1916421e-04   3.3241490e-03   2.5906477e-03   4.4245393e-04   3.0328672e-03   2.9308581e-04   2.8802431e-03   4.8653145e-02   1.0056468e+00
   3.2850500e-02   4.2658144e-05   3.0271814e-04   3.9049965e-04   1.1729797e-05   9.9811288e-04   3.0715292e-04   2.7388932e-03   5.3001575e-04   7.7675858e-04   6.8887599e-05   2.9051448e-05   8.1841760e-07   1.3584948e-03   2.3375286e-04   3.4779357e-04   1.4807442e-04   8.5796585e-05   4.1092187e-03   0.0000000e+00   1.1559789e-04   9.9288363e-06   9.1476455e-05   1.1543498e-04   3.1089415e-03   2.5044710e-03   2.9642293e-05   3.0288355e-03   3.9159580e-04   2.9143210e-03   3.2850500e-02   1.0066227e+00
   3.0281794e-02   2.4049099e-05   1.8325933e-04   1.2381752e-03   0.0000000e+00   6.8336164e-04   9.8587740e-04   2.3416316e-03   1.0940862e-03   4.3424006e-04   6.9485214e-05   3.5169361e-05   1.5506600e-06   8.7941958e-04   2.4533956e-04   4.6069904e-04   1.3349071e-04   4.8426622e-05   4.1312860e-03   0.0000000e+00   2.9571750e-04   3.7620597e-05   2.1654242e-06   1.0779300e-04   3.3244657e-03   2.8594308e-03   3.5417177e-05   3.0210114e-03   2.7935177e-04   2.8651231e-03   3.0281794e-02   1.0071027e+00
   1.7396555e-02   4.2554085e-05   3.0668038e-04   3.6835873e-04   7.1796843e-06   9.8659054e-04   4.4482365e-04   2.7493894e-03   1.8585501e-04   7.9240159e-04   6.9275114e-05   2.9009302e-05   7.1561150e-07   1.3768293e-03   2.2773031e-04   3.5797589e-04   1.4806703e-04   8.1252887e-05   4.0957482e-03   0.0000000e+00   9.9804843e-05   1.1339177e-05   9.2071779e-05   1.1853998e-04   3.1066485e-03   2.4732776e-03   0.0000000e+00   3.0284998e-03   4.0890623e-04   2.9185912e-03   1.7396555e-02   1.0073118e+00
   0.0000000e+00   4.1523894e-05   3.2691404e-04   3.5807466e-04   5.3190736e-06   9.2198336e-04   1.6641141e-04   2.7174521e-03   2.8638124e-04   9.0127817e-04   6.9461512e-05   2.8740777e-05   5.3210621e-07   1.4491417e-03   2.2765258e-04   3.6354624e-04   1.4657499e-04   8.1340090e-05   4.0923016e-03   0.0000000e+00   9.5176640e-05   1.5761697e-05   1.2658416e-04   1.1896820e-04   3.0770513e-03   2.5141164e-03   4.8960347e-05   3.0482792e-03   4.1546002e-04   2.9227058e-03   0.0000000e+00   1.0076245e+00
