   1.0000000e+00   1.6282555e-03   7.0666841e-04   3.4684913e-03   5.3510728e-03   3.3929868e-03   3.4655557e-04   2.1182236e-03   1.4996762e-03   9.0128890e-05   2.2675631e-03   6.4140521e-03   2.0349675e-05   0.0000000e+00   5.6254932e-05   1.0733512e-04   8.7154242e-04   0.0000000e+00   1.1561368e-02   8.5029774e-03   1.3219882e-03   3.0734103e-03   2.3783700e-04   0.0000000e+00   1.8068000e-03   1.5284586e-03   1.8566335e-03   0.0000000e+00   2.2296944e-05   9.7587765e-04   1.0000000e+00   3.6429711e-02
   9.9920911e-01   1.8428397e-03   7.0633464e-04   3.4579260e-03   5.3803444e-03   3.4211855e-03   4.3457651e-04   1.9255588e-03   1.4913567e-03   9.9020352e-05   2.2604601e-03   6.5732664e-03   5.3937799e-05   0.0000000e+00   5.4293940e-05   1.0121524e-04   1.1665297e-03   0.0000000e+00   1.1717742e-02   8.1728053e-03   1.1969760e-03   3.1255347e-03   2.2161273e-04   0.0000000e+00   1.8203715e-03   1.4779233e-03   1.8537944e-03   0.0000000e+00   1.5411831e-04   5.3883772e-04   9.9920911e-01   3.7995590e-02
   9.9318999e-01   2.1030231e-03   6.8725716e-04   3.4287880e-03   5.3838059e-03   3.8788685e-03   2.1829407e-04   2.2007380e-03   1.5101804e-03   9.0146664e-05   2.2457722e-03   6.4218431e-03   1.8025633e-05   1.1390871e-04   6.9019333e-05   1.2964871e-04   1.1431493e-03   0.0000000e+00   1.1471979e-02   8.4993342e-03   5.2632225e-04   3.0214256e-03   5.1917079e-04   0.0000000e+00   1.7054215e-03   1.5691807e-03   1.7733967e-03   0.0000000e+00   4.9126538e-05   6.5209937e-04   9.9318999e-01   4.9881349e-02
   9.8838745e-01   2.6572386e-03   6.7757969e-04   2.8265960e-03   5.0201352e-03   4.1847539e-03   6.5772051e-04   1.5064949e-03   2.0598841e-03   7.6355145e-06   2.1697757e-03   1.0720285e-02   1.3391858e-05   0.0000000e+00   4.5409210e-05   1.5521361e-04   1.8200373e-04   1.2626987e-06   8.5010314e-03   6.8773482e-03   2.5496653e-04   2.8473163e-03   3.0026173e-04   0.0000000e+00   1.3025117e-03   9.3254514e-04   2.0400680e-03   5.6025791e-03   3.8049566e-04   1.8672008e-03   9.8838745e-01   6.1852521e-02
   9.8383145e-01   2.1284618e-03   1.0703193e-03   2.9350914e-03   5.1061112e-03   4.0697809e-03   5.3383911e-04   1.4799798e-03   2.0971007e-03   0.0000000e+00   2.1690866e-03   1.0756922e-02   3.4202925e-05   5.6252053e-04   9.6448172e-05   2.6285923e-04   0.0000000e+00   0.0000000e+00   7.7449935e-03   6.4415995e-03   3.1339336e-04   2.9183190e-03   0.0000000e+00   0.0000000e+00   1.3675423e-03   1.1642052e-03   2.4510615e-03   5.5158565e-03   3.5950539e-04   2.6742424e-03   9.8383145e-01   7.0940151e-02
   9.7698186e-01   1.7187394e-03   6.6867321e-04   4.0642347e-03   5.5181859e-03   5.3245244e-03   5.9978549e-04   2.0706151e-03   1.5056540e-03   8.9367430e-05   2.2688491e-03   5.8666950e-03   0.0000000e+00   1.7681331e-03   5.1769955e-05   5.6777533e-04   1.3333894e-03   0.0000000e+00   1.0248485e-02   9.1842168e-03   3.7674827e-04   3.0821409e-03   1.8381316e-04   0.0000000e+00   1.9666067e-03   2.2131841e-03   1.7826209e-03   0.0000000e+00   6.5696899e-06   9.6473016e-04   9.7698186e-01   8.3615588e-02
   9.7007927e-01   3.7733158e-03   7.4887377e-04   4.2881816e-03   4.5350751e-03   4.1492352e-03   1.3499003e-03   1.3370953e-03   0.0000000e+00   1.8364356e-04   2.1545787e-03   5.2524188e-03   0.0000000e+00   0.0000000e+00   0.0000000e+00   3.7892268e-04   1.8363273e-04   3.1166604e-06   8.9994717e-03   5.7884413e-03   2.4446614e-04   2.2471786e-03   3.3786176e-04   0.0000000e+00   1.4707007e-03   9.4745992e-04   1.8347841e-03   5.5001188e-03   9.0076524e-04   2.0589808e-03   9.7007927e-01   9.3981321e-02
   9.6496646e-01   3.6843769e-03   6.5946690e-04   4.0216062e-03   3.2322901e-03   3.2647100e-03   2.0642332e-03   1.1795565e-03   0.0000000e+00   2.8008465e-04   2.0800015e-03   5.4316826e-03   1.2315888e-06   0.0000000e+00   5.9246449e-05   2.9131845e-04   0.0000000e+00   6.2580653e-06   9.9238442e-03   5.5717714e-03   3.0048256e-04   2.1644360e-03   3.2166319e-04   0.0000000e+00   1.4768981e-03   1.2539396e-03   1.6231901e-03   5.5624781e-03   9.0697933e-04   2.1814522e-03   9.6496646e-01   1.0303510e-01
   9.5923991e-01   3.7318388e-03   0.0000000e+00   2.1980294e-03   4.3474340e-03   3.5921002e-03   7.3151354e-04   1.3115156e-03   4.8626877e-04   6.6117380e-04   1.8361345e-03   5.5229068e-03   9.7739321e-05   9.5482197e-04   2.8073099e-05   1.6360535e-08   0.0000000e+00   2.4450043e-06   6.7218083e-03   5.7260900e-03   1.0188094e-04   7.5941440e-06   3.7748379e-04   0.0000000e+00   1.5709084e-03   8.3005236e-04   1.7629152e-03   4.9198859e-03   0.0000000e+00   4.8052778e-03   9.5923991e-01   1.1080135e-01
   9.5159684e-01   3.8089823e-03   1.1508854e-04   3.0893837e-03   4.2254081e-03   3.9312543e-03   7.1260994e-04   1.2006505e-03   2.6370771e-04   1.3874599e-04   2.1867565e-03   5.5028831e-03   5.9269529e-05   4.8037477e-04   1.1259167e-04   0.0000000e+00   0.0000000e+00   3.1297493e-06   6.8460159e-03   6.0221311e-03   6.9294113e-05   0.0000000e+00   3.7194297e-04   0.0000000e+00   1.5852866e-03   1.5086726e-03   1.9053737e-03   5.0519724e-03   0.0000000e+00   5.5306351e-03   9.5159684e-01   1.2656787e-01
   9.5159684e-01   3.8089823e-03   1.1508854e-04   3.0893837e-03   4.2254081e-03   3.9312543e-03   7.1260994e-04   1.2006505e-03   2.6370771e-04   1.3874599e-04   2.1867565e-03   5.5028831e-03   5.9269529e-05   4.8037477e-04   1.1259167e-04   0.0000000e+00   0.0000000e+00   3.1297493e-06   6.8460159e-03   6.0221311e-03   6.9294113e-05   0.0000000e+00   3.7194297e-04   0.0000000e+00   1.5852866e-03   1.5086726e-03   1.9053737e-03   5.0519724e-03   0.0000000e+00   5.5306351e-03   9.5159684e-01   1.2656787e-01
   9.4070726e-01   2.9659590e-03   1.4030753e-03   0.0000000e+00   2.3255324e-03   7.8662609e-04   7.3505940e-06   2.0021251e-03   7.4485922e-03   2.3122637e-03   1.9145097e-03   0.0000000e+00   2.0057988e-05   8.2747241e-03   2.2532017e-04   1.0820384e-05   3.6255918e-05   4.6941177e-05   3.4310503e-04   0.0000000e+00   7.1009552e-04   1.1125501e-03   0.0000000e+00   0.0000000e+00   1.3664292e-03   5.9662201e-03   1.0168342e-04   6.7177875e-03   2.0424480e-03   6.8071126e-03   9.4070726e-01   1.4695999e-01
   9.3517049e-01   2.9446654e-03   1.3685192e-03   2.6142370e-04   9.0407961e-04   2.9834333e-04   4.9993468e-05   2.0659430e-03   7.1431566e-03   2.9110881e-03   1.7963068e-03   0.0000000e+00   1.9954528e-05   7.7876998e-03   1.8403172e-04   2.3449739e-05   1.5220824e-07   4.9558526e-05   0.0000000e+00   0.0000000e+00   7.2847554e-04   1.1229721e-03   0.0000000e+00   0.0000000e+00   1.3636507e-03   7.2136610e-03   1.2659148e-04   6.5076567e-03   1.9078704e-03   7.0794518e-03   9.3517049e-01   1.5654841e-01
   9.2730712e-01   2.2465441e-03   1.9451412e-03   1.2236192e-04   4.2963067e-03   1.7013036e-03   1.8471561e-03   0.0000000e+00   2.7942274e-03   5.3041136e-04   2.3559170e-03   2.0455430e-03   5.7150977e-05   3.9365194e-03   1.8521537e-04   1.4945146e-03   4.9272054e-03   1.1800682e-06   1.4926366e-03   3.7710406e-03   1.5875789e-03   3.7345549e-03   1.5902454e-03   0.0000000e+00   2.3439618e-04   1.1952968e-04   2.6659578e-03   6.7622795e-03   9.3385250e-04   0.0000000e+00   9.2730712e-01   1.7068012e-01
   9.2119527e-01   2.0252823e-03   2.1684226e-03   2.0751234e-04   4.3607057e-03   1.3351794e-03   1.8190067e-03   3.5824084e-04   2.5064137e-03   7.0811228e-04   2.3808807e-03   1.0949943e-03   7.8754626e-05   5.1611987e-03   1.6481561e-04   1.6857801e-03   4.9544518e-03   3.0186753e-06   0.0000000e+00   3.4945882e-03   1.2627785e-03   3.7463866e-03   1.5741703e-03   0.0000000e+00   1.9630088e-04   1.5580605e-04   2.7481580e-03   6.5361415e-03   9.3790206e-04   2.1703972e-05   9.2119527e-01   1.8083722e-01
   9.1853653e-01   2.1576707e-03   1.5683571e-03   1.4862876e-03   3.8494969e-03   1.2716359e-03   1.6450098e-03   0.0000000e+00   4.9607418e-03   7.4935352e-04   2.3201609e-03   1.9167837e-04   1.9348316e-04   5.0181568e-03   6.8248259e-04   1.0021971e-03   4.9216758e-03   6.9361830e-06   1.2055216e-03   5.0194601e-03   1.5555220e-03   4.0690702e-03   3.0478379e-03   0.0000000e+00   1.0310973e-03   0.0000000e+00   3.4353422e-03   9.4534055e-03   0.0000000e+00   2.7159322e-04   9.1853653e-01   1.9096145e-01
   9.0959458e-01   2.7625095e-03   1.4398659e-03   1.4859496e-04   1.5200311e-03   8.2513203e-04   1.1715419e-04   2.0784088e-03   6.4706506e-03   2.8705986e-03   1.7826962e-03   4.9522235e-03   4.2142068e-05   6.5794807e-03   1.7199528e-04   6.2874444e-06   4.3670374e-04   8.7864498e-05   0.0000000e+00   4.1313989e-04   7.6368407e-04   1.9129190e-03   1.9264117e-04   0.0000000e+00   1.8135949e-03   3.5088512e-03   3.7923801e-04   6.7144704e-03   2.0615841e-03   5.2270686e-03   9.0959458e-01   2.0374802e-01
   9.0498230e-01   3.3838557e-03   1.9936322e-03   0.0000000e+00   1.5586866e-03   1.2008485e-03   1.4528380e-04   2.0569897e-03   8.1055104e-03   2.4152535e-03   1.8971094e-03   5.0134807e-03   3.5653091e-05   7.5557933e-03   1.5914802e-04   0.0000000e+00   4.7335116e-04   8.2477415e-05   0.0000000e+00   1.3473695e-04   7.5779960e-04   1.9267747e-03   2.5736532e-04   0.0000000e+00   1.7161368e-03   4.2102828e-03   0.0000000e+00   5.1469997e-03   2.0638542e-03   5.7476745e-03   9.0498230e-01   2.1350974e-01
   8.9576826e-01   2.1740654e-03   1.9778739e-03   2.3657658e-04   4.9653675e-03   1.3197310e-03   1.5951026e-03   3.5245736e-04   0.0000000e+00   5.2021725e-04   2.4049530e-03   1.9341349e-03   1.1038157e-04   5.7407978e-03   1.6797076e-04   1.2402972e-03   5.8381357e-03   0.0000000e+00   6.1502270e-04   3.7857426e-03   1.0110832e-03   4.9301981e-03   1.8664907e-03   0.0000000e+00   0.0000000e+00   0.0000000e+00   2.7464754e-03   7.3011694e-03   3.6462006e-04   0.0000000e+00   8.9576826e-01   2.2714168e-01
   8.8862556e-01   2.1544007e-03   1.8575462e-03   7.3395915e-04   4.1379831e-03   8.3549424e-04   1.6362284e-03   3.9432277e-04   4.4741753e-03   4.0739293e-04   2.3645164e-03   1.2278313e-03   8.9074148e-05   4.1378173e-03   6.2496932e-04   1.5000542e-03   5.3682694e-03   7.8323202e-06   1.4669745e-03   4.0118340e-03   1.4325751e-03   3.8900097e-03   2.9445753e-03   0.0000000e+00   7.1968552e-04   1.6005162e-04   3.1553988e-03   6.7394007e-03   5.4168622e-06   2.6072421e-04   8.8862556e-01   2.4161716e-01
   8.8344453e-01   1.7032537e-03   4.1017327e-03   2.6888692e-08   3.7959196e-03   2.1859677e-03   1.7428409e-03   6.5209998e-04   3.5561561e-03   8.0226845e-05   2.7777131e-03   1.5370278e-03   7.7808423e-05   4.0357967e-03   1.6543828e-04   3.5105541e-03   5.7382972e-03   0.0000000e+00   2.3874223e-03   2.8498318e-03   1.1688881e-03   3.4233072e-03   1.1461625e-03   0.0000000e+00   5.6139844e-04   0.0000000e+00   2.2560574e-03   6.4661982e-03   1.0808310e-03   9.9727248e-04   8.8344453e-01   2.5132493e-01
   8.7652474e-01   3.1536351e-03   1.1357548e-03   3.5726953e-06   1.2441099e-03   5.8869002e-05   1.4381151e-04   4.7008471e-04   6.1992553e-03   2.3248603e-03   4.5054309e-04   7.0512280e-03   2.2508158e-05   7.2703745e-03   3.1700939e-04   6.8079541e-06   1.6814621e-03   3.3824818e-04   1.7301989e-04   4.5167552e-04   4.8697698e-04   2.2055678e-03   6.6346465e-04   0.0000000e+00   3.6241628e-04   4.2237096e-03   3.2246047e-04   6.3342390e-03   2.5128874e-03   7.6864875e-03   8.7652474e-01   2.6290815e-01
   8.6920847e-01   2.1188595e-03   1.4936338e-03   2.2630377e-03   1.7552222e-03   1.9765015e-03   2.2412366e-03   5.9014681e-04   0.0000000e+00   1.0919447e-03   2.1182146e-03   3.1971375e-03   1.1634938e-04   3.7906341e-03   2.3071192e-04   3.8306800e-04   2.7075521e-03   0.0000000e+00   7.4137997e-03   2.8482269e-03   2.1111701e-03   2.3646800e-03   2.2945568e-03   0.0000000e+00   3.2943304e-03   2.4243778e-03   1.8767650e-03   6.2273662e-03   2.3892887e-03   1.2247305e-03   8.6920847e-01   2.7720000e-01
   8.6577351e-01   2.1154950e-03   8.6848888e-04   1.8487172e-03   1.1905904e-03   2.0781484e-03   2.3822307e-03   6.1967630e-04   6.9702055e-04   1.1968134e-03   1.9947075e-03   3.1330472e-03   1.5355645e-04   3.7980402e-03   2.2437718e-04   3.4870987e-04   2.5543885e-03   1.9932103e-07   7.7922221e-03   2.8548141e-03   2.9402405e-03   2.5868209e-03   2.2162464e-03   0.0000000e+00   2.3974765e-03   4.0151097e-03   1.8930196e-03   6.1734058e-03   2.2655541e-03   1.2115991e-03   8.6577351e-01   2.8358793e-01
   8.5664606e-01   1.5271542e-03   0.0000000e+00   6.1708729e-04   1.2658985e-03   2.0640560e-03   5.9960854e-04   1.4038831e-03   7.3480081e-03   3.0772855e-03   1.8684758e-03   6.3639396e-03   2.2090947e-05   6.1266120e-03   2.2295283e-04   0.0000000e+00   0.0000000e+00   0.0000000e+00   4.0670900e-04   0.0000000e+00   1.0102742e-03   6.8291624e-04   8.3588168e-04   0.0000000e+00   1.5602485e-03   4.6213219e-03   1.2599849e-04   5.3143690e-03   6.6178836e-04   4.3835537e-03   8.5664606e-01   2.9400854e-01
   8.4782088e-01   2.4428983e-03   1.0684268e-03   5.2952155e-05   1.6203334e-03   1.6752957e-03   2.8313403e-04   1.7181887e-03   7.3088512e-03   2.2470308e-03   1.6010612e-03   5.4114225e-03   5.0575312e-06   5.9760679e-03   1.7016310e-04   0.0000000e+00   2.8491041e-04   0.0000000e+00   0.0000000e+00   0.0000000e+00   6.7156155e-04   1.9652193e-03   7.2763947e-04   0.0000000e+00   1.5095201e-03   4.3335230e-03   0.0000000e+00   6.8899069e-03   7.3090415e-04   7.3716695e-03   8.4782088e-01   3.1089249e-01
   8.3737785e-01   1.5677498e-03   1.1082406e-03   1.1289960e-03   2.2334456e-03   2.0197275e-03   1.5067194e-03   1.0766054e-04   1.4938372e-03   8.9464255e-04   1.6258066e-03   3.4865228e-03   6.4598915e-05   3.2729205e-03   9.4330751e-05   4.1029275e-04   2.9174065e-03   0.0000000e+00   2.4848139e-03   4.6984955e-03   1.5683155e-03   3.0055426e-03   1.8473624e-03   0.0000000e+00   3.3022048e-03   2.7585258e-03   1.6269082e-03   5.7456323e-03   2.3784200e-03   1.3277597e-03   8.3737785e-01   3.2746696e-01
   8.3358520e-01   2.6174204e-03   1.2495423e-03   2.0191321e-06   1.7704688e-03   1.5620319e-03   0.0000000e+00   1.3408504e-03   6.2003247e-03   3.4720521e-03   1.8010432e-03   4.8026867e-03   6.5198500e-07   6.6107203e-03   0.0000000e+00   7.5620395e-06   1.1314804e-04   6.2667432e-06   0.0000000e+00   0.0000000e+00   6.6404704e-04   1.8398903e-03   7.9956498e-04   0.0000000e+00   1.2917778e-03   6.2896721e-03   0.0000000e+00   6.2760055e-03   0.0000000e+00   7.4491430e-03   8.3358520e-01   3.3447156e-01
   8.2299855e-01   1.8362055e-03   1.1679529e-03   1.1146675e-03   2.2020797e-03   2.0147711e-03   1.4125472e-03   9.5878487e-05   2.0348364e-03   1.3438492e-03   1.6913221e-03   3.0663433e-03   8.8764485e-05   2.6080752e-03   5.9103527e-05   3.4240615e-04   2.9325741e-03   3.9912643e-05   3.7349524e-03   5.1381595e-03   1.3282899e-03   3.1329988e-03   1.8215555e-03   0.0000000e+00   3.3735029e-03   2.9658637e-03   1.7145985e-03   5.7313223e-03   2.2853075e-03   8.5778610e-04   8.2299855e-01   3.5169272e-01
   8.1430888e-01   1.6874442e-03   3.0547783e-05   1.2101187e-03   2.7465703e-03   1.8327471e-03   1.6271484e-03   5.6887021e-05   2.5017137e-04   1.3236053e-03   1.6903437e-03   3.1787613e-03   1.0203642e-04   3.1737559e-03   8.5439658e-05   4.6837746e-04   3.4252954e-03   0.0000000e+00   1.8645412e-03   4.7591681e-03   1.5526011e-03   2.9927358e-03   1.4291991e-03   0.0000000e+00   2.8129597e-03   2.2370023e-03   1.6361993e-03   4.7120206e-03   2.5356346e-03   1.2814167e-03   8.1430888e-01   3.6290881e-01
   8.0728033e-01   1.8835586e-03   0.0000000e+00   1.2606521e-03   2.6762108e-03   1.7487119e-03   1.3955757e-03   0.0000000e+00   0.0000000e+00   7.3468995e-04   1.7979186e-03   6.0985827e-03   7.2352110e-05   4.0431009e-03   0.0000000e+00   4.9612606e-04   3.0604576e-03   2.2783051e-04   2.2698933e-03   4.5346347e-03   1.8896876e-03   2.9282433e-03   1.8631160e-03   0.0000000e+00   3.1237422e-03   2.5283194e-03   1.9340407e-03   5.2963488e-03   2.5981223e-03   1.3733646e-03   8.0728033e-01   3.7672712e-01
   7.9996850e-01   3.8646719e-03   4.2423444e-04   2.5254289e-04   0.0000000e+00   1.7064834e-03   2.6335558e-04   1.6760127e-03   7.4554507e-03   3.9599920e-03   1.7924192e-03   7.4764351e-03   1.2518486e-05   6.8788554e-03   1.7975575e-04   5.4296809e-05   1.0609849e-03   1.7210634e-06   1.8115324e-03   9.5463906e-05   1.0611504e-03   2.6642560e-03   7.0637999e-04   0.0000000e+00   2.6066539e-05   3.6634107e-03   1.8974495e-04   6.2337583e-03   1.5279627e-03   7.0995145e-03   7.9996850e-01   3.9144253e-01
   7.9208274e-01   1.8131852e-03   1.1378770e-03   1.1235894e-03   0.0000000e+00   1.8169514e-03   1.4147096e-03   1.4467475e-04   5.6393163e-04   1.7512547e-03   1.6726587e-03   3.0097757e-03   8.8823150e-05   1.5292375e-03   5.6436571e-05   2.8471703e-04   9.3667962e-04   4.2935550e-05   2.9598427e-03   5.2963521e-03   1.3444087e-03   3.1632042e-03   1.4495580e-03   0.0000000e+00   3.4085333e-03   2.8130827e-03   2.0447761e-03   5.3168106e-03   1.9355810e-03   6.9522071e-04   7.9208274e-01   3.9661785e-01
   7.8033047e-01   1.5337505e-03   1.2603252e-03   1.2113350e-03   1.4607993e-04   1.7729862e-03   1.2640596e-03   3.6458191e-04   1.2718828e-04   1.9780493e-03   1.6605135e-03   3.3333234e-03   1.1060758e-04   9.8821117e-04   6.3011822e-05   2.7683691e-04   1.1624492e-03   4.2515805e-05   2.3014778e-03   5.7931187e-03   1.7178791e-03   3.3550836e-03   1.5082909e-03   0.0000000e+00   3.3480257e-03   2.6148147e-03   1.5416374e-03   5.4567346e-03   2.2595615e-03   0.0000000e+00   7.8033047e-01   4.1451970e-01
   7.7552456e-01   4.7062255e-03   1.7456109e-03   4.7619395e-04   3.5259655e-04   2.5109069e-03   2.7230069e-04   1.6882622e-03   9.1194708e-03   2.7143740e-03   1.1691362e-03   3.1661400e-04   2.1301236e-05   9.7668895e-03   1.6418003e-05   3.1402323e-05   1.4349618e-03   1.9485686e-03   0.0000000e+00   1.9904071e-04   1.3823314e-03   3.4532500e-03   1.4271927e-03   0.0000000e+00   3.8279138e-05   4.0040856e-03   8.0136087e-04   6.4192635e-03   1.3452578e-03   4.1599858e-03   7.7552456e-01   4.2892247e-01
   7.6321483e-01   3.9532108e-03   9.8332447e-03   1.1121340e-03   1.6328449e-03   3.7850524e-05   8.1346251e-04   2.3078893e-03   3.9749542e-04   4.9582720e-05   2.5623114e-03   1.2074794e-02   2.6496020e-05   3.3036620e-03   1.0310543e-03   2.0788851e-03   1.2460629e-03   2.8876716e-03   3.2329395e-04   0.0000000e+00   6.5291137e-04   2.3093726e-04   5.1476213e-04   0.0000000e+00   2.6930895e-03   1.8732926e-03   2.2756463e-04   1.4926384e-03   2.1880680e-03   2.8833615e-04   7.6321483e-01   4.4475216e-01
   7.5388898e-01   3.9514242e-03   7.4894671e-03   1.0962120e-03   1.5533353e-03   0.0000000e+00   8.1233662e-04   2.3325352e-03   3.3079619e-04   5.8279265e-05   2.5756672e-03   1.2046226e-02   2.6054578e-05   3.0499585e-03   1.3192405e-03   2.1081327e-03   1.1983210e-03   2.7528201e-03   3.4595214e-04   4.4989357e-08   7.9145615e-04   1.9559919e-04   5.1606069e-04   0.0000000e+00   1.1854379e-03   1.8756937e-03   2.1591989e-04   1.3867673e-03   2.1564067e-03   2.3958413e-04   7.5388898e-01   4.5662784e-01
   7.4552531e-01   3.8538981e-03   8.0317936e-03   9.6877679e-04   1.5145221e-03   0.0000000e+00   7.6101217e-04   2.0475463e-03   7.1234424e-04   6.6961143e-05   2.6708246e-03   1.2293174e-02   1.8178604e-05   2.9126092e-03   1.4105072e-03   1.9806093e-03   1.1672456e-03   2.5660955e-03   3.6734219e-04   0.0000000e+00   7.4163461e-04   4.4057995e-04   5.3864524e-04   0.0000000e+00   1.1831224e-03   1.8739974e-03   2.2809683e-04   1.0888765e-03   2.1586958e-03   1.2076462e-04   7.4552531e-01   4.6902238e-01
   7.3516525e-01   4.0195322e-03   5.7956435e-03   2.0984230e-03   1.8160992e-03   0.0000000e+00   8.1492702e-04   2.3981219e-03   0.0000000e+00   0.0000000e+00   2.4226033e-03   1.3509162e-02   1.9647313e-05   3.8178600e-03   6.8734311e-04   1.8493231e-03   1.2595280e-03   2.7231631e-03   3.4268568e-04   1.3358108e-06   6.4723493e-04   2.2172647e-05   4.2634595e-04   0.0000000e+00   2.5545333e-03   9.7530216e-05   2.4608523e-04   1.7452687e-03   1.8331856e-03   6.8610720e-04   7.3516525e-01   4.8417495e-01
   7.2751432e-01   4.2271779e-03   4.7990118e-03   1.2515035e-03   1.4353941e-03   0.0000000e+00   3.5289794e-04   2.4193821e-03   6.9937689e-03   1.5914561e-04   2.9204175e-03   8.4802252e-03   0.0000000e+00   3.9422066e-03   9.6439114e-04   1.4617847e-03   7.4038200e-04   3.5682609e-03   2.2464157e-05   1.1234503e-03   3.5737006e-04   2.3046247e-03   4.4336812e-04   0.0000000e+00   2.9761166e-03   2.3817129e-03   1.7785175e-04   2.9361454e-04   2.0952710e-03   1.2213589e-03   7.2751432e-01   4.9766561e-01
   7.1440003e-01   4.0143048e-03   3.8066151e-03   1.1798839e-03   3.4449225e-04   2.0331881e-04   8.3360241e-04   2.7519321e-03   8.2273836e-04   2.0293175e-04   2.3391762e-03   1.4209228e-02   1.6873925e-05   6.9720929e-06   2.2719295e-03   2.2441131e-03   1.3353792e-03   2.3209626e-03   2.4547096e-04   4.7409493e-07   5.3466295e-04   6.1251588e-04   4.4037506e-04   0.0000000e+00   4.1141753e-03   1.8202722e-03   2.7782834e-04   6.5503141e-04   2.0025428e-03   9.2036438e-05   7.1440003e-01   5.1280906e-01
   7.0681927e-01   4.3545273e-03   0.0000000e+00   1.1190854e-03   5.3118821e-04   8.2563792e-05   9.0769308e-04   2.6446988e-03   8.5807321e-04   1.2614442e-04   2.5720837e-03   1.4309468e-02   1.7986926e-05   0.0000000e+00   2.2295646e-03   1.9365633e-03   1.2719088e-03   4.8265155e-03   9.7409251e-04   7.5959733e-05   6.4083991e-04   1.0545199e-05   1.5139987e-05   0.0000000e+00   3.1546780e-03   2.3905917e-03   3.0217951e-04   6.4675864e-04   1.9225543e-03   5.7426785e-05   7.0681927e-01   5.2262629e-01
   6.9624040e-01   3.8606847e-03   6.5683429e-03   5.3749996e-04   2.2244254e-03   3.8831290e-04   1.1695757e-04   2.4762839e-03   0.0000000e+00   2.9207858e-04   3.1966606e-03   1.1293435e-02   4.7209400e-06   2.1634878e-03   1.7455458e-04   7.6834087e-04   7.6760352e-05   1.2969463e-03   4.7538652e-03   1.4708167e-03   4.2129013e-05   1.4954173e-03   1.6475845e-03   0.0000000e+00   3.8690092e-04   0.0000000e+00   0.0000000e+00   0.0000000e+00   1.9496786e-03   3.5173019e-04   6.9624040e-01   5.3704994e-01
   6.8704015e-01   4.7724117e-03   7.2895610e-03   1.6963814e-03   2.4251533e-03   6.2977145e-04   3.1313870e-04   2.4501815e-03   1.1946348e-05   2.8973975e-04   3.0811661e-03   1.1970628e-02   3.7978814e-06   1.2741597e-03   0.0000000e+00   7.1344537e-04   0.0000000e+00   1.3586258e-03   4.4418177e-03   1.9965793e-03   1.3045767e-04   1.5140504e-03   1.7868743e-03   0.0000000e+00   6.1708099e-04   2.0860965e-04   1.8093822e-06   1.6973194e-04   1.8562935e-03   4.0206578e-04   6.8704015e-01   5.5134140e-01
   6.7809335e-01   6.5908780e-04   1.3108747e-02   6.8853806e-04   3.9153313e-03   5.7331755e-04   0.0000000e+00   2.5382074e-03   1.0957907e-04   5.5998713e-04   3.5806312e-03   0.0000000e+00   0.0000000e+00   5.6585767e-04   5.8487574e-05   9.6415627e-04   3.6782993e-04   1.2721727e-04   5.2598938e-03   9.2440639e-06   0.0000000e+00   2.1968991e-03   0.0000000e+00   0.0000000e+00   0.0000000e+00   1.7733940e-03   9.6181680e-05   2.6234033e-03   1.4474445e-03   4.9239759e-04   6.7809335e-01   5.5901246e-01
   6.6286262e-01   1.0090097e-03   1.2680368e-02   6.8142103e-04   3.5753602e-03   4.4242302e-04   0.0000000e+00   2.5055055e-03   1.3859438e-04   5.7712947e-04   3.5951027e-03   3.5640662e-03   2.0996102e-07   7.6507578e-04   1.2166610e-04   1.0860621e-03   3.1634433e-04   8.3772173e-05   4.3514920e-03   1.1814755e-05   2.0194175e-05   1.7170467e-03   1.4031417e-05   0.0000000e+00   4.5857994e-06   1.7911180e-03   5.4022955e-05   2.5407255e-03   1.3962529e-03   4.3630157e-04   6.6286262e-01   5.7995686e-01
   6.5432022e-01   1.2485293e-03   1.2700953e-02   6.8747819e-04   3.5693810e-03   4.3777499e-04   3.5135255e-07   2.5045054e-03   1.3229086e-04   5.7721170e-04   3.5906795e-03   3.5496813e-03   1.5161248e-07   7.3693520e-04   1.4765958e-04   1.1379016e-03   3.1876556e-04   1.5764423e-04   4.3532675e-03   1.3764150e-05   2.0739284e-05   1.7391289e-03   1.4567702e-05   0.0000000e+00   6.1965752e-06   1.7970605e-03   5.2232231e-05   2.4303457e-03   1.3479667e-03   4.3945925e-04   6.5432022e-01   5.9116137e-01
   6.4414611e-01   1.0725927e-03   1.2233260e-02   7.3068355e-04   3.4790104e-03   3.2837675e-04   0.0000000e+00   2.5039504e-03   1.4172895e-04   6.0101965e-04   3.7869907e-03   2.1690273e-03   2.0579342e-07   7.6647360e-04   1.1256972e-04   1.0640572e-03   3.2074503e-04   3.9325417e-05   4.2529903e-03   1.6323879e-05   1.5391264e-05   1.8494261e-03   0.0000000e+00   0.0000000e+00   0.0000000e+00   1.6879714e-03   6.3499271e-05   2.5376806e-03   1.4283102e-03   3.3004992e-04   6.4414611e-01   6.0324488e-01
   6.3161543e-01   1.0019125e-05   7.6016722e-03   6.3588808e-04   3.8293087e-03   0.0000000e+00   1.6973123e-04   2.4233455e-03   0.0000000e+00   5.3907806e-04   3.9574742e-03   3.9694291e-03   0.0000000e+00   0.0000000e+00   1.8287746e-07   1.9607106e-03   3.3816117e-04   0.0000000e+00   3.4186025e-03   1.5018165e-04   4.7537710e-04   2.1665288e-03   0.0000000e+00   0.0000000e+00   3.7427469e-04   1.8692069e-03   1.1163052e-04   2.0802238e-03   1.4649953e-03   0.0000000e+00   6.3161543e-01   6.1730913e-01
   6.2389782e-01   4.8511816e-04   1.1581350e-02   6.5815218e-04   5.1719544e-03   3.1449879e-04   1.6510829e-05   2.3149763e-03   0.0000000e+00   2.0113610e-04   3.7365278e-03   5.2298182e-03   0.0000000e+00   0.0000000e+00   1.1396510e-04   3.2154635e-03   1.7965325e-04   6.8749095e-07   7.0689086e-03   3.4364080e-04   9.4839727e-05   1.8446079e-03   0.0000000e+00   0.0000000e+00   0.0000000e+00   0.0000000e+00   1.0734124e-04   1.6669035e-03   1.4157324e-03   0.0000000e+00   6.2389782e-01   6.3040411e-01
   6.1189525e-01   2.1159427e-04   8.0252936e-03   6.5341254e-04   4.0021340e-03   5.8019002e-04   3.5037632e-05   2.2953300e-03   7.3055383e-04   0.0000000e+00   4.5163840e-03   5.9025918e-03   1.1918868e-06   7.2891408e-04   1.4041406e-04   3.2252037e-03   5.7330581e-05   2.7428433e-04   9.2656939e-03   3.4925972e-04   0.0000000e+00   2.2303024e-03   0.0000000e+00   0.0000000e+00   5.8088037e-06   0.0000000e+00   0.0000000e+00   1.5428755e-03   1.4349726e-03   6.0452678e-04   6.1189525e-01   6.4547418e-01
   5.9975271e-01   4.9937870e-04   8.1631069e-03   1.3450670e-03   3.2492059e-03   2.4394182e-03   1.2288072e-04   1.9080200e-03   5.8133134e-05   3.0810346e-04   3.1884436e-03   6.2771336e-03   0.0000000e+00   0.0000000e+00   1.4062807e-04   1.0290184e-03   3.8634717e-04   1.2258805e-03   4.7423295e-03   3.5409262e-04   6.5568222e-04   2.4292987e-03   1.8978878e-03   0.0000000e+00   4.9993863e-04   4.3531576e-03   1.2057772e-05   3.5793087e-03   1.3597658e-03   9.8915763e-05   5.9975271e-01   6.6144553e-01
   5.8897386e-01   1.4161147e-04   1.2329607e-02   9.9060728e-04   3.2858451e-03   2.8721498e-04   1.0284042e-04   2.8031207e-03   9.2278208e-04   2.2469484e-05   3.1853224e-03   6.2386287e-03   5.2561537e-06   9.8851501e-04   1.5357320e-04   4.0294174e-04   3.4814292e-04   1.9301336e-03   3.7168863e-03   2.5096190e-04   6.0293723e-05   1.6430256e-03   1.9220491e-03   0.0000000e+00   3.5821822e-04   3.6174986e-03   1.0087368e-05   2.3156084e-03   1.3967819e-03   1.2630274e-03   5.8897386e-01   6.7421498e-01
   5.6567048e-01   2.8118608e-04   7.8374144e-05   6.4588262e-05   1.3147759e-04   9.6763787e-04   1.2253668e-03   1.8264189e-03   1.3819671e-03   2.2595634e-04   1.4769236e-03   0.0000000e+00   1.4480768e-04   4.7492682e-04   1.7992037e-06   4.2980496e-03   9.0964619e-04   0.0000000e+00   2.6087053e-04   1.1943163e-04   5.4440328e-03   0.0000000e+00   1.1266735e-03   0.0000000e+00   1.1679089e-03   1.1960658e-03   6.2107935e-04   1.4402530e-03   7.6233752e-04   1.8418996e-03   5.6567048e-01   6.9124680e-01
   5.4947553e-01   1.4639881e-04   2.8157026e-03   2.7690894e-05   5.3141591e-04   1.0390272e-03   1.9722844e-03   1.6430784e-03   1.3011453e-03   2.2820857e-04   1.3697093e-03   1.1787246e-04   1.2306685e-04   4.4371771e-04   1.1885072e-05   5.3458460e-03   1.1777601e-03   0.0000000e+00   6.6335947e-04   1.0703936e-04   4.6840712e-03   0.0000000e+00   1.2001873e-03   0.0000000e+00   1.1742286e-03   1.1869766e-03   9.8774397e-04   1.8182999e-03   9.0329162e-04   1.9340139e-03   5.4947553e-01   7.1136030e-01
   5.4248966e-01   1.8166100e-03   3.5322831e-03   0.0000000e+00   1.0296493e-03   3.7768866e-04   0.0000000e+00   2.4739600e-03   2.2551983e-06   1.6813882e-04   3.3929991e-03   3.6902834e-04   2.6101207e-05   3.3318712e-03   1.8417227e-04   1.3682570e-03   4.3027853e-04   2.6407451e-04   3.9039333e-03   1.3074186e-03   3.5901789e-03   1.9451079e-03   1.7005979e-03   0.0000000e+00   2.6102212e-03   2.0695299e-03   3.8555315e-05   1.0631138e-03   8.8421611e-04   2.6855077e-04   5.4248966e-01   7.2098772e-01
   5.2775818e-01   2.0300192e-03   1.4470454e-03   0.0000000e+00   1.1547795e-03   3.9933275e-04   2.2061188e-04   2.8329448e-03   0.0000000e+00   7.3332782e-04   3.3108509e-03   0.0000000e+00   1.9790443e-05   3.1249855e-03   1.5842446e-04   1.3356673e-03   6.7655797e-04   3.8457788e-06   2.8966962e-03   1.0056660e-03   3.9724293e-03   2.6588002e-03   6.0071986e-04   0.0000000e+00   2.5360165e-03   2.6645257e-03   5.1243952e-05   8.2493215e-04   9.2004333e-04   4.3636196e-04   5.2775818e-01   7.3572734e-01
   5.1615274e-01   2.6093317e-03   3.6580900e-03   9.0365944e-06   1.1048678e-03   0.0000000e+00   2.5352500e-04   3.1005080e-03   9.6728843e-04   4.5029768e-05   3.9857694e-03   1.6652488e-05   2.8094686e-05   2.8893204e-03   1.2608475e-04   1.6663730e-03   5.9827922e-04   2.4906525e-05   3.4718449e-03   2.0656387e-03   3.8917614e-03   1.4406818e-03   3.0799593e-04   0.0000000e+00   3.9809165e-03   2.7611327e-03   1.5000313e-04   5.1836943e-04   7.8881111e-04   4.1970373e-04   5.1615274e-01   7.4961088e-01
   5.0256113e-01   2.6925832e-04   0.0000000e+00   6.7238561e-05   1.3696842e-04   9.7988058e-04   1.3054772e-03   8.9408835e-04   1.6344078e-03   3.9373524e-05   1.4725195e-03   0.0000000e+00   1.4104849e-04   6.3925334e-04   1.2899982e-06   4.3363550e-03   9.0978104e-04   0.0000000e+00   2.0146106e-04   1.3164406e-04   7.3558355e-03   0.0000000e+00   1.0182444e-03   0.0000000e+00   1.1581189e-03   1.2464222e-03   6.2509772e-04   1.2786424e-03   7.2715255e-04   2.4539350e-03   5.0256113e-01   7.5869424e-01
   4.9131905e-01   2.2318055e-04   0.0000000e+00   0.0000000e+00   6.9528237e-04   1.2699796e-03   1.2344858e-03   7.9960700e-04   1.7058364e-03   0.0000000e+00   2.2425527e-03   0.0000000e+00   1.3866156e-04   6.2958422e-04   1.7551904e-07   4.7384416e-03   9.8832169e-04   3.1085715e-04   0.0000000e+00   1.6149957e-04   6.2496129e-03   2.5401335e-04   8.7563885e-04   0.0000000e+00   1.1695011e-03   1.4498309e-03   6.8188634e-04   7.9575974e-04   4.1680737e-04   9.7010417e-04   4.9131905e-01   7.6937543e-01
   4.7748600e-01   3.4593512e-04   0.0000000e+00   2.8127293e-07   9.2573968e-04   1.0511959e-03   1.4196088e-03   5.3167689e-04   1.5384088e-03   4.3627747e-06   2.2437289e-03   0.0000000e+00   1.4044297e-04   6.3322318e-04   5.5737408e-09   6.5134216e-03   9.7007693e-04   3.1358013e-04   4.3514017e-05   1.6341003e-04   6.1027460e-03   2.8241452e-04   1.3420753e-03   0.0000000e+00   1.1005902e-03   7.4924814e-04   6.3256650e-04   9.3265051e-04   4.2025307e-04   2.1403008e-03   4.7748600e-01   7.8362622e-01
   4.6499940e-01   2.8973453e-04   0.0000000e+00   1.6678412e-05   0.0000000e+00   3.2739734e-04   1.2422719e-03   1.4666915e-03   1.1893373e-03   7.9166869e-06   2.2278335e-03   2.6865314e-06   1.7161590e-04   0.0000000e+00   0.0000000e+00   3.0690575e-03   8.8829630e-04   4.0619446e-06   2.2427737e-03   0.0000000e+00   9.7006811e-03   1.9305177e-05   2.4365395e-03   0.0000000e+00   2.4456469e-03   3.2328436e-04   6.7726003e-04   1.6922904e-04   5.1369998e-04   4.8206618e-03   4.6499940e-01   7.9668001e-01
   4.5314813e-01   6.1082897e-04   0.0000000e+00   3.2627282e-05   1.1654523e-05   4.4406116e-04   0.0000000e+00   1.4970224e-03   1.2238775e-03   0.0000000e+00   2.2124661e-03   5.8000709e-05   1.7171666e-04   5.1025073e-04   0.0000000e+00   3.6868824e-03   9.3814287e-04   0.0000000e+00   1.5599765e-03   4.5256276e-05   1.1340890e-02   2.2799122e-06   3.0508714e-03   0.0000000e+00   1.8557716e-03   7.6599062e-05   1.7776291e-04   5.6826572e-05   4.8495116e-04   5.9303602e-03   4.5314813e-01   8.0809022e-01
   4.4090950e-01   9.7269544e-04   8.8424303e-04   9.1527370e-05   7.4334004e-04   3.8928354e-04   2.8532006e-03   1.2670523e-03   4.6744555e-04   2.4275920e-03   2.5960403e-03   1.6549413e-03   8.0034002e-05   1.2333204e-03   2.9864602e-05   0.0000000e+00   1.3959598e-04   2.5154588e-05   1.1536469e-04   4.7604138e-04   1.9865756e-04   9.4874146e-05   2.0615806e-03   0.0000000e+00   8.2735949e-04   8.9279732e-05   1.2896767e-03   6.2949625e-04   3.9562384e-04   4.6496706e-03   4.4090950e-01   8.1547633e-01
   4.2761403e-01   4.7571334e-04   0.0000000e+00   6.4092382e-05   0.0000000e+00   4.3071488e-04   6.9995254e-06   1.3514288e-03   1.0989177e-03   1.1107182e-04   2.2054601e-03   2.3670873e-04   1.8864506e-04   5.3385940e-04   1.1268532e-06   2.6737620e-03   1.2352360e-03   0.0000000e+00   1.2445211e-03   0.0000000e+00   1.2084561e-02   0.0000000e+00   2.2134813e-03   0.0000000e+00   1.5090036e-03   7.4481304e-05   4.0138328e-04   2.4107375e-04   5.5672453e-04   5.6164516e-03   4.2761403e-01   8.2981048e-01
   4.1371080e-01   8.2261838e-04   8.8731832e-04   0.0000000e+00   1.0056628e-03   3.3750325e-04   2.3526316e-03   5.0288337e-04   5.3431633e-04   2.3764881e-03   2.5012629e-03   1.9442488e-03   8.1929012e-05   1.3014026e-03   3.0910491e-05   0.0000000e+00   2.3090632e-04   4.7271589e-05   1.0262566e-04   5.9336316e-04   2.4218159e-03   8.5763917e-05   2.4975711e-03   0.0000000e+00   6.5010564e-04   6.1905528e-05   1.3199626e-03   7.3260278e-04   4.2553343e-04   4.6816591e-03   4.1371080e-01   8.3919976e-01
   4.0146822e-01   1.3760898e-03   7.2832604e-04   1.3015659e-04   1.0006184e-03   2.4375765e-04   1.2886337e-03   1.9988819e-04   5.3357858e-04   2.6874307e-03   2.0429454e-03   3.3917096e-05   7.2577487e-05   7.5900210e-04   4.2043377e-05   7.9128826e-04   1.3955986e-04   8.6071818e-05   9.8367268e-04   3.9319526e-04   4.3883087e-03   6.1393297e-05   1.7631514e-03   0.0000000e+00   2.5822960e-04   2.0318209e-04   8.3463814e-04   4.5710721e-04   1.3858823e-04   4.9343868e-03   4.0146822e-01   8.4838793e-01
   3.8822510e-01   1.3180038e-03   7.2171503e-04   0.0000000e+00   1.6582885e-04   6.1467373e-04   1.0435185e-03   3.2983511e-03   7.4125936e-04   1.9374653e-03   3.3583099e-03   0.0000000e+00   7.9430620e-05   7.0266764e-05   1.8383408e-05   3.8892710e-03   7.7310686e-04   0.0000000e+00   5.7229206e-05   0.0000000e+00   0.0000000e+00   1.1185757e-04   1.5469782e-03   0.0000000e+00   1.6477582e-03   4.3747756e-04   7.0701398e-04   0.0000000e+00   9.5995412e-05   4.0982785e-03   3.8822510e-01   8.5881757e-01
   3.7312405e-01   1.3262098e-03   7.9386204e-04   2.5804876e-05   2.1730940e-04   6.1520001e-04   9.3512060e-04   2.4243416e-03   7.2434504e-04   1.2613748e-03   2.9758238e-03   3.3193206e-04   8.0900239e-05   0.0000000e+00   2.5577289e-05   4.8057226e-03   6.8196750e-04   1.1704269e-06   0.0000000e+00   4.6837322e-04   0.0000000e+00   1.9378146e-04   1.2899988e-03   0.0000000e+00   1.6200053e-03   5.3894348e-04   6.8223646e-04   0.0000000e+00   2.4854219e-04   4.5005278e-03   3.7312405e-01   8.7023316e-01
   3.6007546e-01   7.6980321e-04   8.1048232e-04   6.8183473e-04   4.7513545e-04   7.3957892e-04   3.7802426e-04   7.4073908e-04   2.0492512e-04   8.1615069e-05   2.6822657e-03   1.5846496e-03   4.9942921e-05   6.6530943e-04   0.0000000e+00   2.1649608e-03   3.8465623e-04   0.0000000e+00   6.4167683e-04   1.2788466e-03   6.1374522e-04   9.6342764e-06   6.2092464e-04   0.0000000e+00   2.3229803e-04   4.5580811e-04   5.6227784e-04   2.2088971e-04   3.8245067e-04   2.8582571e-03   3.6007546e-01   8.7745412e-01
   3.4909411e-01   7.7391012e-04   7.9673984e-04   6.1128305e-04   4.7154292e-04   6.9557702e-04   6.3863737e-04   7.5724778e-04   1.8990843e-04   6.6937455e-05   2.6693181e-03   1.6072608e-03   4.9765509e-05   6.4381898e-04   8.0097706e-06   2.1382690e-03   3.9071031e-04   1.5607755e-06   6.7031417e-04   1.5105922e-03   6.4549513e-04   0.0000000e+00   1.1215445e-04   0.0000000e+00   1.2540280e-04   4.7556412e-04   5.4796364e-04   2.4283995e-04   3.8501741e-04   3.1017987e-03   3.4909411e-01   8.8520587e-01
   3.3440990e-01   8.7596553e-04   5.9566114e-04   4.9919461e-04   4.9928407e-04   8.7818838e-04   5.2907452e-04   4.9335907e-04   1.1948874e-05   4.4210419e-05   2.6675293e-03   2.0018208e-03   8.4642248e-05   7.0596159e-04   8.9397811e-06   2.1491984e-03   4.3294284e-04   1.9041943e-06   5.5504449e-04   1.7862582e-03   2.6504784e-03   0.0000000e+00   2.2378813e-04   0.0000000e+00   0.0000000e+00   2.8448938e-04   5.4779273e-04   3.4434627e-04   4.5892389e-04   3.6427498e-03   3.3440990e-01   8.9609147e-01
   3.2092906e-01   8.8204626e-04   6.2701459e-04   5.7114308e-04   5.0017700e-04   9.2868759e-04   5.4076298e-04   5.5749662e-04   9.3062850e-06   4.4404383e-05   2.6651453e-03   2.0033568e-03   8.4568810e-05   7.4137159e-04   8.8121643e-06   2.1485515e-03   4.4584264e-04   1.7809421e-06   5.8169046e-04   1.8105894e-03   3.0075940e-03   0.0000000e+00   2.2397365e-04   0.0000000e+00   2.6696446e-04   2.8641180e-04   5.6310284e-04   3.5754184e-04   4.5961554e-04   3.6355615e-03   3.2092906e-01   9.0519839e-01
   3.0890114e-01   7.8113113e-04   7.0729112e-04   6.7808426e-04   4.7300010e-04   6.9435078e-04   6.3948208e-04   5.7072898e-04   1.9682951e-04   5.7370823e-05   2.6722171e-03   1.5663156e-03   7.5476981e-05   6.7062706e-04   8.0078084e-06   2.1594892e-03   3.8201989e-04   1.7936331e-06   6.2597099e-04   1.5294930e-03   0.0000000e+00   0.0000000e+00   1.0651838e-04   0.0000000e+00   0.0000000e+00   4.6161446e-04   5.5953879e-04   3.3440159e-04   4.2910908e-04   3.0910687e-03   3.0890114e-01   9.1119626e-01
   2.9235793e-01   5.1293785e-04   4.0054995e-04   7.8959470e-04   4.1518530e-04   5.8559471e-04   9.3529612e-05   0.0000000e+00   0.0000000e+00   3.6358667e-05   2.6947806e-03   1.1324178e-03   8.9293600e-05   2.8318993e-04   1.8877178e-05   3.2178812e-03   6.9289197e-06   1.9156756e-05   8.8003526e-06   9.4553898e-04   3.9487921e-03   2.3020558e-04   2.1120417e-04   0.0000000e+00   1.2745965e-03   8.9872536e-05   7.6279704e-04   3.9592585e-04   4.1058305e-04   1.9326950e-03   2.9235793e-01   9.2143171e-01
   2.8157880e-01   2.2610933e-04   3.1986549e-04   7.7881736e-04   5.9225472e-04   5.8731420e-04   2.0152598e-04   0.0000000e+00   8.6213064e-05   1.4894507e-04   2.6447689e-03   9.6004109e-04   8.8323740e-05   2.5304961e-04   1.8011787e-05   2.9432554e-03   0.0000000e+00   1.5789359e-05   4.1608837e-05   9.4748821e-04   2.8768860e-03   2.4604074e-04   1.0886486e-04   0.0000000e+00   9.9357259e-04   0.0000000e+00   7.6377619e-04   2.9528586e-04   3.8113435e-04   7.3631981e-04   2.8157880e-01   9.2649079e-01
   2.6749659e-01   9.9492245e-04   4.3170743e-04   7.5965037e-04   4.8776812e-04   9.6898182e-04   7.0247529e-04   3.3821550e-04   6.0530526e-05   3.1379079e-04   3.1031299e-03   1.9955116e-03   8.4366205e-05   1.4029615e-04   1.4790669e-05   2.8348255e-03   3.2617678e-04   0.0000000e+00   2.1840859e-04   1.5048446e-03   4.4434136e-03   8.9670507e-06   8.6520950e-05   0.0000000e+00   7.9641138e-04   1.4264638e-04   3.6573045e-04   1.3111659e-04   4.6702341e-04   1.9375433e-03   2.6749659e-01   9.3630983e-01
   2.5671751e-01   8.9352165e-04   4.6631369e-04   1.2004074e-03   5.4653362e-04   7.0426906e-04   6.2075330e-04   4.2607482e-04   1.5245166e-05   0.0000000e+00   2.8134034e-03   1.9305847e-03   9.3610479e-05   5.5829273e-04   9.9654407e-06   2.4865329e-03   2.7788748e-04   0.0000000e+00   2.1597567e-04   1.5884711e-03   5.5046436e-03   2.0134785e-06   6.2263964e-05   0.0000000e+00   8.0456225e-04   1.7090165e-04   4.1393649e-04   7.5479870e-05   4.8892350e-04   3.2801633e-03   2.5671751e-01   9.4257718e-01
   2.4151043e-01   5.5540490e-04   4.7700474e-04   1.7421429e-03   8.6274180e-04   6.3578260e-04   5.5414619e-04   8.0093262e-05   9.8986702e-05   3.6287881e-05   2.7317262e-03   2.3677035e-03   8.7453270e-05   6.8231980e-04   6.0103002e-06   1.8629050e-03   8.3998010e-05   0.0000000e+00   1.6916310e-04   1.2214013e-03   3.8277941e-04   2.5408986e-06   0.0000000e+00   0.0000000e+00   1.3063841e-03   1.0195051e-04   8.9593197e-04   3.6992938e-04   3.9294520e-04   3.1953239e-03   2.4151043e-01   9.4853581e-01
   2.2469527e-01   5.5480152e-04   4.8691387e-04   1.4666109e-03   8.3718452e-04   6.5928201e-04   5.0513420e-04   5.9581749e-05   1.0093710e-04   2.7456369e-05   2.8447399e-03   2.3125786e-03   8.7479271e-05   6.8031489e-04   4.5988527e-06   1.6894833e-03   1.5276508e-04   0.0000000e+00   1.1377248e-04   1.5800960e-03   7.6163777e-05   1.7786011e-06   1.7402740e-05   0.0000000e+00   1.4363930e-03   1.0211429e-04   7.7197423e-04   3.4282936e-04   3.9825472e-04   4.3071460e-03   2.2469527e-01   9.5655747e-01
   2.1614892e-01   4.6257931e-04   4.3288044e-04   1.7764814e-03   9.0743201e-04   6.4671550e-04   5.1886388e-04   7.8378416e-06   8.8092955e-05   2.8054700e-05   2.8323729e-03   2.2284534e-03   8.6138244e-05   6.7989978e-04   2.3086825e-06   1.6396964e-03   9.7385487e-05   5.8409760e-07   3.5226371e-04   1.2494889e-03   2.3025061e-04   0.0000000e+00   2.5853557e-05   0.0000000e+00   1.6484889e-03   1.0175356e-04   8.3298826e-04   3.4293737e-04   4.1786048e-04   3.7963016e-03   2.1614892e-01   9.6024029e-01
   2.0356664e-01   4.6215266e-04   4.5940821e-04   1.6135333e-03   9.9842295e-04   6.3849864e-04   5.3685949e-04   2.1208708e-05   1.4178904e-04   2.3155861e-08   2.8348956e-03   2.5272806e-03   8.6091317e-05   6.6747530e-04   5.3271064e-06   1.6156754e-03   2.8082547e-07   2.7585571e-07   2.0437573e-04   7.0279419e-04   8.6057186e-06   2.2387567e-07   6.7048400e-07   0.0000000e+00   1.2035760e-03   8.3577266e-05   7.5905447e-04   3.4111609e-04   5.5337142e-04   3.6519014e-03   2.0356664e-01   9.6506141e-01
   1.9185779e-01   4.1533538e-04   4.2654412e-04   1.6938248e-03   1.0013657e-03   6.7138198e-04   5.2151889e-04   0.0000000e+00   1.5054694e-04   1.3317407e-05   2.8839636e-03   2.6738356e-03   8.6419708e-05   5.5877491e-04   7.2371552e-06   1.7200216e-03   0.0000000e+00   4.4083036e-06   1.7409076e-04   6.6187169e-04   9.2732665e-05   6.1527451e-05   4.3667054e-06   0.0000000e+00   1.0417675e-03   7.3437223e-05   7.5841808e-04   3.4092658e-04   4.7428503e-04   3.6076708e-03   1.9185779e-01   9.6966301e-01
   1.7911837e-01   4.5231581e-04   4.7420850e-04   1.6036987e-03   8.3107679e-04   6.3529816e-04   7.2992262e-04   1.8539598e-05   1.5136468e-04   0.0000000e+00   2.8542406e-03   2.5768576e-03   8.5806495e-05   7.9246927e-04   2.4686390e-06   1.4415424e-03   3.1815134e-05   6.1250190e-06   2.0712633e-04   7.5305571e-04   4.5253684e-05   0.0000000e+00   3.8808225e-07   0.0000000e+00   1.0636139e-03   8.5624924e-05   7.6018529e-04   3.3540058e-04   5.5726485e-04   3.8117376e-03   1.7911837e-01   9.7441984e-01
   1.6572555e-01   1.6817637e-03   4.1310257e-04   7.1002670e-04   4.1554237e-04   8.8245083e-04   4.5847777e-04   2.7818627e-05   3.8679498e-05   3.1452390e-05   2.7347016e-03   1.7990771e-03   8.6716396e-05   6.3698326e-04   4.0532504e-06   2.3963721e-03   3.8508585e-04   9.8281219e-07   2.8506778e-04   1.8330502e-03   0.0000000e+00   1.2595881e-05   1.0201126e-05   0.0000000e+00   1.7994267e-03   5.9723215e-05   7.8352298e-04   3.3870969e-04   1.8642914e-05   2.7241631e-03   1.6572555e-01   9.7909254e-01
   1.5209911e-01   7.7071065e-04   3.9776082e-04   8.7407385e-04   4.2353546e-04   7.5399992e-04   4.5278177e-04   3.1150536e-05   6.3112375e-05   1.2214075e-05   2.7310482e-03   1.8210989e-03   8.6668132e-05   6.2630463e-04   3.2165608e-06   2.3828200e-03   5.5538271e-04   7.6972719e-07   2.2527482e-04   2.6398670e-03   7.7630343e-06   8.6601733e-06   0.0000000e+00   0.0000000e+00   1.3880720e-03   7.2082197e-05   7.7839585e-04   3.3859048e-04   1.4323230e-04   2.7689720e-03   1.5209911e-01   9.8332896e-01
   1.4202487e-01   4.5226941e-04   4.4870117e-04   1.2853559e-03   7.7178777e-04   6.1351757e-04   4.2629831e-04   0.0000000e+00   6.2578288e-05   2.3009309e-04   2.8060790e-03   3.1256614e-03   8.7195151e-05   4.7634578e-04   1.0508358e-05   1.9145546e-03   0.0000000e+00   0.0000000e+00   2.6439154e-04   1.1340263e-03   0.0000000e+00   0.0000000e+00   0.0000000e+00   0.0000000e+00   1.1650447e-03   8.3131049e-05   7.7685474e-04   3.3299939e-04   3.8585254e-04   4.0369168e-03   1.4202487e-01   9.8644202e-01
   1.2622486e-01   8.0620073e-04   5.6379196e-04   0.0000000e+00   0.0000000e+00   4.6376503e-04   2.2477233e-04   1.3037050e-04   2.7327706e-05   1.4564839e-03   2.7491048e-03   4.1613771e-05   7.7300057e-05   9.0911888e-05   3.6223481e-05   2.5918361e-03   5.2588035e-04   2.2972406e-05   2.4248544e-04   0.0000000e+00   4.0856328e-03   3.9288921e-05   5.4257956e-05   0.0000000e+00   0.0000000e+00   4.2311864e-05   7.7227508e-04   5.0783850e-04   6.6526420e-04   3.4433828e-04   1.2622486e-01   9.8928877e-01
   1.1538960e-01   8.0113873e-04   6.6726145e-04   0.0000000e+00   5.4475435e-05   4.6588218e-04   3.8638263e-04   0.0000000e+00   2.6110857e-05   1.2425014e-03   2.7752067e-03   0.0000000e+00   6.9388832e-05   1.3262752e-04   4.8165585e-05   2.4211993e-03   5.2285877e-04   2.8527048e-05   2.5277099e-04   1.6684792e-05   4.6193298e-03   1.2325835e-04   5.0118697e-05   0.0000000e+00   1.2911563e-04   3.2712455e-05   8.0713342e-04   5.3763631e-04   5.8064073e-04   1.0209705e-03   1.1538960e-01   9.9228633e-01
   1.0651475e-01   9.4968149e-04   4.0868878e-04   4.9688406e-04   8.9030649e-04   7.5012653e-04   5.2103102e-04   5.8833115e-06   4.4423266e-05   0.0000000e+00   2.7394257e-03   1.5341967e-03   8.7929011e-05   6.4056127e-04   5.3402281e-06   2.4456704e-03   0.0000000e+00   0.0000000e+00   2.6252709e-04   2.3351685e-03   0.0000000e+00   0.0000000e+00   5.3325943e-05   0.0000000e+00   1.1617732e-03   5.4781439e-05   7.7604676e-04   1.7859911e-04   1.5203647e-04   2.5075596e-03   1.0651475e-01   9.9461828e-01
   9.4906284e-02   9.9620427e-04   4.3590057e-04   4.3882553e-04   1.2999293e-03   9.6654519e-04   4.0232352e-04   4.3424495e-07   5.4179772e-05   1.6397492e-04   2.6888838e-03   1.5958347e-03   9.3765408e-05   6.5959054e-04   0.0000000e+00   2.2442676e-03   5.7191540e-05   0.0000000e+00   2.9377657e-04   1.7503831e-03   0.0000000e+00   2.8935848e-06   4.6545653e-05   0.0000000e+00   1.0463499e-03   4.9196191e-05   8.0505618e-04   2.5544121e-04   2.5952634e-04   1.3142679e-03   9.4906284e-02   9.9660440e-01
   8.2111284e-02   7.0549232e-04   3.1774650e-04   3.2406191e-04   3.0310395e-04   5.1026341e-04   1.0797058e-04   1.2952373e-04   5.8912784e-05   1.3662085e-03   2.7842377e-03   7.0202976e-04   8.0412014e-05   3.1679933e-04   3.9937913e-05   2.3710066e-03   4.0135065e-04   3.7382567e-05   2.2916658e-04   3.9400761e-04   3.9748792e-03   2.3503457e-05   3.9953630e-06   0.0000000e+00   0.0000000e+00   4.6699229e-05   7.4565490e-04   3.6653765e-04   6.6549781e-04   0.0000000e+00   8.2111284e-02   9.9857098e-01
   7.1956620e-02   7.2055401e-04   4.0795428e-04   0.0000000e+00   1.3419024e-04   5.1059063e-04   1.3176357e-04   1.2721636e-04   0.0000000e+00   1.4382718e-03   2.7907442e-03   6.8155992e-04   8.0003474e-05   3.2192455e-04   3.3366713e-05   2.6981901e-03   4.9505716e-04   3.2642001e-05   2.3045225e-04   2.5814316e-04   4.3170386e-03   3.7750120e-05   4.5247706e-06   0.0000000e+00   0.0000000e+00   4.5295612e-05   7.4981487e-04   3.6222915e-04   7.2944702e-04   3.6095891e-04   7.1956620e-02   1.0003435e+00
   5.8681772e-02   7.4301184e-04   4.0150687e-04   0.0000000e+00   1.8935924e-04   3.8858375e-04   0.0000000e+00   1.3774745e-04   0.0000000e+00   1.2741191e-03   2.8175544e-03   1.3913953e-04   7.1803658e-05   2.4189385e-04   3.5260494e-05   2.6994026e-03   6.1235612e-04   2.9673618e-05   2.4251014e-04   0.0000000e+00   3.8730283e-03   4.5299557e-05   0.0000000e+00   0.0000000e+00   0.0000000e+00   6.5444193e-05   7.6402383e-04   3.4870703e-04   8.4164290e-04   0.0000000e+00   5.8681772e-02   1.0015272e+00
   4.9692046e-02   7.4567113e-04   4.2827397e-04   0.0000000e+00   9.2480687e-05   5.1482131e-04   1.1371943e-04   1.3520986e-04   1.1684698e-05   1.3190315e-03   2.8228543e-03   2.1623826e-04   7.7151681e-05   3.0240578e-04   3.7806265e-05   2.7079455e-03   4.6334342e-04   2.1424299e-05   2.2993275e-04   2.9286126e-04   3.9900705e-03   4.5532593e-05   3.8770006e-06   0.0000000e+00   0.0000000e+00   6.9406162e-05   7.4903885e-04   3.6376242e-04   7.1165392e-04   0.0000000e+00   4.9692046e-02   1.0026535e+00
   3.8786973e-02   9.1205678e-04   3.8307194e-04   2.3786355e-04   1.7238865e-04   5.1564987e-04   2.7346224e-04   1.2795306e-04   0.0000000e+00   6.3300381e-04   2.8069781e-03   0.0000000e+00   9.4808336e-05   7.6285506e-05   2.6686129e-05   2.9704519e-03   4.9187602e-04   2.2843201e-05   1.4771084e-04   9.4613445e-05   2.1209660e-03   9.3233773e-05   1.9778777e-05   0.0000000e+00   4.5252098e-04   0.0000000e+00   6.5150426e-04   3.9836646e-04   5.8212714e-04   1.2690999e-03   3.8786973e-02   1.0033365e+00
   2.7631110e-02   9.2705863e-04   3.8612463e-04   0.0000000e+00   1.5442021e-04   5.3119986e-04   2.6650669e-04   1.2742260e-04   0.0000000e+00   6.2049960e-04   2.8070076e-03   1.3423689e-04   9.5798317e-05   4.3025497e-06   2.8403013e-05   2.7814152e-03   4.7134486e-04   2.0291740e-05   2.0978864e-04   1.2836629e-04   2.1731491e-03   9.4741889e-05   2.1748507e-05   0.0000000e+00   3.9667553e-04   0.0000000e+00   6.7063002e-04   4.0950002e-04   5.9854355e-04   0.0000000e+00   2.7631110e-02   1.0036030e+00
   6.8448211e-03   9.6734437e-04   4.1844170e-04   0.0000000e+00   3.0213521e-04   5.0744799e-04   2.7485304e-04   9.7455063e-05   0.0000000e+00   8.2762779e-04   2.8426195e-03   0.0000000e+00   8.9904402e-05   3.9243293e-05   3.5198069e-05   2.7307066e-03   5.3979239e-04   2.2530006e-05   1.8234328e-04   0.0000000e+00   1.9774929e-03   1.5627214e-04   0.0000000e+00   0.0000000e+00   7.6312446e-04   1.3926689e-05   6.6872770e-04   3.6485366e-04   6.2287582e-04   0.0000000e+00   6.8448211e-03   1.0044363e+00
   6.8448211e-03   9.6734437e-04   4.1844170e-04   0.0000000e+00   3.0213521e-04   5.0744799e-04   2.7485304e-04   9.7455063e-05   0.0000000e+00   8.2762779e-04   2.8426195e-03   0.0000000e+00   8.9904402e-05   3.9243293e-05   3.5198069e-05   2.7307066e-03   5.3979239e-04   2.2530006e-05   1.8234328e-04   0.0000000e+00   1.9774929e-03   1.5627214e-04   0.0000000e+00   0.0000000e+00   7.6312446e-04   1.3926689e-05   6.6872770e-04   3.6485366e-04   6.2287582e-04   0.0000000e+00   6.8448211e-03   1.0044363e+00
   0.0000000e+00   9.6760380e-04   4.1431318e-04   2.1609466e-06   6.2573926e-05   5.2887864e-04   2.7872800e-04   1.0004430e-04   8.7432702e-06   9.5267890e-04   2.8356801e-03   6.9296371e-05   8.8546219e-05   4.5891518e-05   2.9033562e-05   2.7158841e-03   4.9910827e-04   2.1331078e-05   1.9160159e-04   1.5010558e-04   1.9107570e-03   7.4768857e-05   0.0000000e+00   0.0000000e+00   6.9752899e-04   4.4498341e-06   6.7757848e-04   3.7386685e-04   6.2067538e-04   0.0000000e+00   0.0000000e+00   1.0044447e+00
