   0.0000000e+00   4.9995691e-01   4.6326547e-03   2.3600514e-04   5.3364989e-03   7.2100529e-03   1.1210544e-02   2.9347082e-02   2.0716539e-02   5.1914126e-03   7.0824722e-01   7.0815135e-01   0.0000000e+00
   0.0000000e+00   0.0000000e+00   0.0000000e+00   2.4940307e-09   0.0000000e+00   0.0000000e+00   0.0000000e+00   0.0000000e+00   0.0000000e+00   0.0000000e+00   1.0000000e+00   0.0000000e+00   0.0000000e+00
   0.0000000e+00   0.0000000e+00   0.0000000e+00   2.4940307e-09   0.0000000e+00   0.0000000e+00   0.0000000e+00   0.0000000e+00   0.0000000e+00   0.0000000e+00   1.0000000e+00   0.0000000e+00   0.0000000e+00
   0.0000000e+00   0.0000000e+00   0.0000000e+00   2.4940307e-09   0.0000000e+00   0.0000000e+00   0.0000000e+00   0.0000000e+00   0.0000000e+00   0.0000000e+00   1.0000000e+00   0.0000000e+00   0.0000000e+00
   0.0000000e+00   0.0000000e+00   0.0000000e+00   0.0000000e+00   0.0000000e+00   0.0000000e+00   0.0000000e+00   0.0000000e+00   0.0000000e+00   0.0000000e+00   1.0000000e+00   0.0000000e+00   0.0000000e+00
   0.0000000e+00   0.0000000e+00   0.0000000e+00   0.0000000e+00   0.0000000e+00   0.0000000e+00   0.0000000e+00   0.0000000e+00   0.0000000e+00   0.0000000e+00   1.0000000e+00   0.0000000e+00   0.0000000e+00
   0.0000000e+00   0.0000000e+00   0.0000000e+00   0.0000000e+00   0.0000000e+00   0.0000000e+00   0.0000000e+00   0.0000000e+00   0.0000000e+00   0.0000000e+00   1.0000000e+00   0.0000000e+00   0.0000000e+00
   0.0000000e+00   0.0000000e+00   0.0000000e+00   0.0000000e+00   0.0000000e+00   0.0000000e+00   0.0000000e+00   0.0000000e+00   0.0000000e+00   0.0000000e+00   1.0000000e+00   0.0000000e+00   0.0000000e+00
   0.0000000e+00   0.0000000e+00   0.0000000e+00   0.0000000e+00   0.0000000e+00   0.0000000e+00   0.0000000e+00   0.0000000e+00   0.0000000e+00   0.0000000e+00   1.0000000e+00   0.0000000e+00   0.0000000e+00
   0.0000000e+00   0.0000000e+00   0.0000000e+00   0.0000000e+00   0.0000000e+00   0.0000000e+00   0.0000000e+00   0.0000000e+00   0.0000000e+00   0.0000000e+00   1.0000000e+00   0.0000000e+00   0.0000000e+00
   0.0000000e+00   0.0000000e+00   0.0000000e+00   0.0000000e+00   0.0000000e+00   0.0000000e+00   0.0000000e+00   0.0000000e+00   0.0000000e+00   0.0000000e+00   1.0000000e+00   0.0000000e+00   0.0000000e+00
   0.0000000e+00   0.0000000e+00   0.0000000e+00   0.0000000e+00   0.0000000e+00   0.0000000e+00   0.0000000e+00   0.0000000e+00   0.0000000e+00   0.0000000e+00   1.0000000e+00   0.0000000e+00   0.0000000e+00
   0.0000000e+00   0.0000000e+00   0.0000000e+00   0.0000000e+00   0.0000000e+00   0.0000000e+00   0.0000000e+00   0.0000000e+00   0.0000000e+00   0.0000000e+00   1.0000000e+00   0.0000000e+00   0.0000000e+00
   0.0000000e+00   0.0000000e+00   0.0000000e+00   3.0546334e-09   0.0000000e+00   0.0000000e+00   0.0000000e+00   0.0000000e+00   0.0000000e+00   0.0000000e+00   1.0000000e+00   0.0000000e+00   0.0000000e+00
   0.0000000e+00   0.0000000e+00   0.0000000e+00   3.0546334e-09   0.0000000e+00   0.0000000e+00   0.0000000e+00   0.0000000e+00   0.0000000e+00   0.0000000e+00   1.0000000e+00   0.0000000e+00   0.0000000e+00
   0.0000000e+00   0.0000000e+00   0.0000000e+00   3.0546334e-09   0.0000000e+00   0.0000000e+00   0.0000000e+00   0.0000000e+00   0.0000000e+00   0.0000000e+00   1.0000000e+00   0.0000000e+00   0.0000000e+00
   0.0000000e+00   0.0000000e+00   0.0000000e+00   1.2173582e-09   0.0000000e+00   0.0000000e+00   0.0000000e+00   0.0000000e+00   0.0000000e+00   0.0000000e+00   1.0000000e+00   0.0000000e+00   0.0000000e+00
   0.0000000e+00   0.0000000e+00   0.0000000e+00   1.2173582e-09   0.0000000e+00   0.0000000e+00   0.0000000e+00   0.0000000e+00   0.0000000e+00   0.0000000e+00   1.0000000e+00   0.0000000e+00   0.0000000e+00
   0.0000000e+00   0.0000000e+00   0.0000000e+00   1.2173582e-09   0.0000000e+00   0.0000000e+00   0.0000000e+00   0.0000000e+00   0.0000000e+00   0.0000000e+00   1.0000000e+00   0.0000000e+00   0.0000000e+00
   0.0000000e+00   0.0000000e+00   0.0000000e+00   1.2173582e-09   0.0000000e+00   0.0000000e+00   0.0000000e+00   0.0000000e+00   0.0000000e+00   0.0000000e+00   1.0000000e+00   0.0000000e+00   0.0000000e+00
   5.0071424e-01   0.0000000e+00   2.6075733e-03   6.2885968e-04   3.9773774e-02   1.4568855e-03   0.0000000e+00   3.8257508e-05   2.5991966e-02   7.6545078e-04   7.0791453e-01   0.0000000e+00   7.0950478e-01
   0.0000000e+00   1.0000000e+00   0.0000000e+00   6.8552711e-10   0.0000000e+00   0.0000000e+00   0.0000000e+00   0.0000000e+00   0.0000000e+00   0.0000000e+00   2.8327694e-16   1.0000000e+00   0.0000000e+00
   1.9216508e-02   4.9995765e-01   3.9122687e-03   2.3821196e-04   0.0000000e+00   4.9424494e-03   1.0987876e-02   2.9405505e-02   2.0380652e-02   1.4758867e-03   7.0785147e-01   7.0775730e-01   3.0224180e-02
   1.9148824e-02   2.9475092e-01   1.1564570e-03   2.6578759e-04   3.0164730e-03   3.0115117e-02   1.4699211e-02   2.7083715e-02   1.7203123e-02   4.4009098e-05   8.9624912e-01   4.4739217e-01   3.0139416e-02
   0.0000000e+00   2.0445964e-01   0.0000000e+00   1.6914248e-04   2.8385574e-03   2.0264311e-03   0.0000000e+00   9.7339577e-04   1.8496285e-04   0.0000000e+00   9.4888098e-01   3.1567584e-01   0.0000000e+00
   2.9659254e-02   1.5586489e-01   1.1586391e-03   8.5262052e-03   6.8999571e-03   1.4873320e-02   4.7419515e-03   2.4328262e-03   4.9683399e-03   3.5110296e-03   9.6952104e-01   2.4222918e-01   4.6590810e-02
   2.5669227e-02   1.2536949e-01   3.1298313e-04   8.5441595e-03   6.4249389e-04   6.8882999e-03   6.9561589e-03   2.1500241e-02   0.0000000e+00   4.8421452e-04   9.8049394e-01   1.9562403e-01   4.0335672e-02
   3.4843690e-02   1.0428501e-01   1.3026759e-03   8.7725174e-03   5.2979351e-03   1.1558336e-02   4.7314313e-03   8.2472884e-03   1.9877967e-03   1.3515597e-03   9.8546714e-01   1.6288948e-01   5.4723427e-02
   3.6284024e-02   9.0066705e-02   2.0695096e-03   8.4596910e-03   9.2255412e-03   7.8946849e-03   1.9828087e-04   1.2503896e-02   2.0222808e-03   3.5244451e-03   9.8879294e-01   1.4083178e-01   5.6986528e-02
   3.5948057e-02   7.8973979e-02   2.6583274e-03   7.1894544e-03   5.3599189e-03   8.0370783e-03   2.5848845e-04   8.4460825e-03   2.5830951e-03   3.3197216e-03   9.9097275e-01   1.2356669e-01   5.6450684e-02
   4.1353454e-02   7.0420309e-02   2.1229559e-03   9.3155213e-03   6.7334318e-03   4.1474242e-03   0.0000000e+00   1.5876817e-02   2.1506912e-03   1.3598683e-03   9.9220115e-01   1.1020313e-01   6.4938950e-02
   4.5079941e-02   6.3161871e-02   4.0331940e-03   6.2562821e-03   6.2783342e-03   2.7609044e-03   3.3220123e-04   1.3496689e-02   7.0790408e-04   1.3800230e-03   9.9287352e-01   9.8831883e-02   7.0772557e-02
   4.8502012e-02   5.7207714e-02   3.9418924e-03   1.2241904e-02   7.0652918e-03   2.3323010e-03   1.7156344e-05   1.5443917e-02   3.5099636e-03   4.9437496e-03   9.9356865e-01   8.9524840e-02   7.6150855e-02
   5.2162314e-02   5.2782618e-02   5.6865791e-03   1.1446259e-02   7.5433382e-03   6.2134957e-04   4.1285454e-04   1.5166906e-02   3.2966637e-03   1.9064350e-03   9.9368369e-01   8.2576354e-02   8.1882808e-02
   5.7441974e-02   4.8221830e-02   2.5875006e-03   1.1125486e-02   1.5703669e-03   8.5971502e-03   5.1603087e-03   1.4121782e-02   2.2348344e-03   5.3823318e-03   9.9353996e-01   7.5401608e-02   9.0149328e-02
   6.2849358e-02   4.5076589e-02   4.7497798e-03   9.2132328e-03   3.9629352e-03   5.9664659e-03   6.7097852e-03   1.6725861e-02   4.5516533e-03   4.1583245e-03   9.9315497e-01   7.0439226e-02   9.8614657e-02
   7.0165084e-02   4.1692865e-02   4.6856598e-03   1.0810543e-02   5.4244533e-03   6.7891313e-03   6.4923917e-05   1.6433704e-02   4.3576379e-03   5.1917822e-04   9.9230125e-01   6.5079871e-02   1.1004745e-01
   7.8448500e-02   3.4503364e-02   5.2264829e-03   1.2312957e-02   4.4414333e-03   6.1686591e-03   8.4677018e-04   1.1121829e-02   4.7530467e-03   6.5975324e-03   9.9138337e-01   5.3783427e-02   1.2296750e-01
   9.0076222e-02   3.5083729e-02   7.0824178e-03   1.4318506e-02   7.1150341e-03   0.0000000e+00   1.0297350e-03   1.2993173e-02   1.0382638e-02   5.9437461e-03   9.8911551e-01   5.4564805e-02   1.4110703e-01
   1.0491245e-01   0.0000000e+00   0.0000000e+00   8.5957444e-10   0.0000000e+00   0.0000000e+00   3.4888599e-05   0.0000000e+00   0.0000000e+00   1.4855535e-03   9.8645400e-01   0.0000000e+00   1.6405156e-01
   1.2563921e-01   1.3033239e-03   1.0989789e-04   1.0025290e-03   5.3068272e-03   6.4107886e-03   7.9179855e-04   0.0000000e+00   8.9635052e-04   0.0000000e+00   9.8065716e-01   2.0076594e-03   1.9608906e-01
   1.5551526e-01   1.5103199e-03   2.2642231e-04   7.8146062e-04   5.4178952e-03   5.8833992e-03   6.3874151e-04   0.0000000e+00   1.1207102e-03   0.0000000e+00   9.7037263e-01   2.3021212e-03   2.4187651e-01
   2.0418430e-01   2.0232737e-03   8.7895975e-04   0.0000000e+00   0.0000000e+00   0.0000000e+00   3.7121974e-05   3.4151555e-04   3.2869970e-05   1.4000511e-03   9.4900283e-01   3.0160843e-03   3.1526216e-01
   2.9478613e-01   1.0373060e-02   5.8518420e-03   0.0000000e+00   1.9130355e-03   3.6959993e-02   1.9782060e-03   0.0000000e+00   1.8493576e-02   9.4438969e-04   8.9614217e-01   1.4603001e-02   4.4746011e-01
   5.0017069e-01   4.2257311e-03   2.6584185e-03   1.1722509e-03   3.8108568e-02   1.7117505e-03   0.0000000e+00   4.2064840e-05   1.4992057e-02   7.6522768e-04   7.0809554e-01   4.7002393e-03   7.0849095e-01
   1.0000000e+00   3.8094236e-01   0.0000000e+00   0.0000000e+00   0.0000000e+00   0.0000000e+00   0.0000000e+00   0.0000000e+00   0.0000000e+00   0.0000000e+00   5.0593076e-17   3.4492609e-17   1.0000000e+00
   0.0000000e+00   1.0000000e+00   0.0000000e+00   6.8552711e-10   0.0000000e+00   0.0000000e+00   0.0000000e+00   0.0000000e+00   0.0000000e+00   0.0000000e+00   2.8327694e-16   1.0000000e+00   0.0000000e+00
   0.0000000e+00   7.0691627e-01   0.0000000e+00   0.0000000e+00   7.4338970e-03   0.0000000e+00   1.9755759e-04   8.3100364e-03   0.0000000e+00   0.0000000e+00   4.4433921e-01   8.9599743e-01   0.0000000e+00
   3.6485446e-02   4.9989295e-01   1.0276944e-02   2.8152941e-04   3.4868024e-03   3.7345940e-03   1.1041435e-02   2.8945480e-02   2.2719297e-02   0.0000000e+00   7.0719968e-01   7.0696188e-01   5.7371926e-02
   3.9546206e-02   3.7449798e-01   1.0875915e-03   2.1239134e-06   1.8262939e-03   3.5816676e-02   3.3662712e-02   2.6797710e-02   1.8164368e-02   5.6781339e-03   8.3320965e-01   5.5578301e-01   6.2296421e-02
   5.8507970e-02   2.9510956e-01   1.0102537e-02   1.4643507e-03   1.4249248e-02   2.7797279e-02   6.8129917e-03   1.7369938e-03   2.0778964e-03   1.5707406e-03   8.9170483e-01   4.4575144e-01   9.1879054e-02
   5.6774694e-02   2.4215408e-01   1.0458099e-02   1.4708843e-04   1.8994898e-02   2.6300751e-02   9.9731221e-03   6.1776463e-04   1.3712278e-04   7.8174206e-04   9.2600310e-01   3.7025984e-01   8.9175747e-02
   6.6422418e-02   2.0397667e-01   1.1010978e-02   2.0107447e-03   1.9019799e-02   2.7208294e-02   3.2720341e-03   0.0000000e+00   8.7666986e-03   0.0000000e+00   9.4518756e-01   3.1365088e-01   1.0428383e-01
   7.3864877e-02   1.7673955e-01   8.8910040e-03   3.3861066e-03   1.1660656e-02   3.1146237e-02   3.5559385e-04   0.0000000e+00   8.2027019e-05   6.4357639e-04   9.5638738e-01   2.7255249e-01   1.1590511e-01
   8.7212898e-02   1.3916016e-01   1.8571368e-03   9.5160759e-03   9.2169109e-03   0.0000000e+00   5.4281696e-04   1.4183779e-02   3.9355474e-03   2.0808248e-03   9.6744473e-01   2.1490988e-01   1.3662026e-01
   9.4489890e-02   1.2205145e-01   7.6930466e-03   1.0930889e-02   9.0301687e-03   2.4769722e-03   0.0000000e+00   1.4727899e-02   8.2314816e-03   1.1250371e-03   9.7142128e-01   1.8855476e-01   1.4796168e-01
   9.9998292e-02   1.1338492e-01   3.2975527e-04   8.2646875e-03   0.0000000e+00   2.2499991e-03   2.6565342e-04   1.4246170e-02   0.0000000e+00   5.7086721e-05   9.7233354e-01   1.7503175e-01   1.5647507e-01
   1.2412832e-01   9.7097361e-02   1.0475248e-02   4.9612066e-04   4.9872131e-03   3.4338974e-02   2.6527304e-02   6.2061511e-03   1.3508113e-02   0.0000000e+00   9.7183356e-01   1.4938438e-01   1.9418095e-01
   1.3765707e-01   8.9851065e-02   1.7934409e-02   1.7174269e-03   1.9165465e-02   4.0690213e-02   1.5673139e-02   8.1195478e-03   6.4244242e-04   4.7229179e-03   9.6959452e-01   1.3776232e-01   2.1512554e-01
   1.5473984e-01   8.0393424e-02   1.7792651e-02   1.9226279e-03   1.8274315e-02   4.0588745e-02   1.4435760e-02   5.1455196e-03   0.0000000e+00   5.1611894e-03   9.6534406e-01   1.2255745e-01   2.4129534e-01
   2.0347315e-01   4.6099087e-02   0.0000000e+00   0.0000000e+00   1.5153305e-02   6.1173183e-03   4.5861137e-03   1.0641745e-02   1.5053016e-02   3.0176465e-05   9.4746314e-01   6.8728131e-02   3.1439826e-01
   2.4000883e-01   6.8444356e-02   1.1077487e-02   0.0000000e+00   1.3668568e-02   1.8711578e-02   2.6827517e-04   7.8674554e-04   4.0398310e-02   2.4381314e-05   9.2652209e-01   9.9997960e-02   3.6898136e-01
   3.7372564e-01   2.0920033e-03   0.0000000e+00   1.5337571e-03   6.5505060e-03   3.7183202e-04   9.1348344e-05   0.0000000e+00   2.3055070e-04   0.0000000e+00   8.3261342e-01   2.7360701e-03   5.5392990e-01
   5.0017069e-01   4.2257311e-03   2.6584185e-03   1.1722509e-03   3.8108568e-02   1.7117505e-03   0.0000000e+00   4.2064840e-05   1.4992057e-02   7.6522768e-04   7.0809554e-01   4.7002393e-03   7.0849095e-01
   7.0483526e-01   1.4242408e-02   2.3207529e-02   7.4918872e-03   3.1579595e-02   3.2969803e-02   0.0000000e+00   1.2254843e-03   2.2958654e-04   3.8499605e-04   4.4829672e-01   1.0030933e-02   8.9682664e-01
   1.0000000e+00   3.8094236e-01   0.0000000e+00   0.0000000e+00   0.0000000e+00   0.0000000e+00   0.0000000e+00   0.0000000e+00   0.0000000e+00   0.0000000e+00   5.0593076e-17   3.4492609e-17   1.0000000e+00
   0.0000000e+00   1.0000000e+00   0.0000000e+00   6.8552711e-10   0.0000000e+00   0.0000000e+00   0.0000000e+00   0.0000000e+00   0.0000000e+00   0.0000000e+00   2.8327694e-16   1.0000000e+00   0.0000000e+00
   5.1074069e-02   6.2535876e-01   1.1843449e-02   5.5210057e-04   2.5764863e-02   3.4422080e-02   1.1949502e-02   2.0259236e-02   1.6437800e-03   1.1026012e-02   5.5479169e-01   8.3131822e-01   8.0354645e-02
   7.0740515e-02   4.9993831e-01   1.3479740e-02   2.5588124e-04   2.5003530e-02   4.2011934e-02   1.1676358e-02   2.0854895e-02   0.0000000e+00   1.1105674e-02   7.0510966e-01   7.0497303e-01   1.1125264e-01
   9.4093725e-02   3.4379066e-01   7.3397865e-03   2.2947735e-02   0.0000000e+00   6.0888512e-03   4.3144649e-02   2.3327006e-02   0.0000000e+00   7.8496771e-05   8.5090912e-01   5.1008917e-01   1.4770974e-01
   1.0097660e-01   2.9465597e-01   5.5257206e-03   1.3507192e-02   0.0000000e+00   5.7545210e-03   3.7135884e-02   3.4546253e-02   0.0000000e+00   4.1579131e-04   8.8604453e-01   4.4213316e-01   1.5839466e-01
   1.1496020e-01   2.5680040e-01   6.2872031e-03   2.1471504e-02   4.6706322e-03   0.0000000e+00   3.9950040e-02   3.7616364e-02   2.8838220e-03   3.4577744e-04   9.0798854e-01   3.8751540e-01   1.8023536e-01
   1.2608647e-01   2.2849070e-01   6.8985943e-03   6.2472428e-03   2.5610203e-02   3.7127480e-02   8.4255720e-03   7.2088440e-03   3.5921846e-04   6.6371778e-04   9.2003638e-01   3.4516233e-01   1.9720550e-01
   1.4970319e-01   1.8545802e-01   1.8949793e-03   1.0970516e-02   9.1420768e-03   3.1314127e-02   6.5506040e-03   2.2717175e-02   4.0510880e-03   6.7590105e-03   9.3318999e-01   2.7981457e-01   2.3341351e-01
   1.6368536e-01   1.6919931e-01   1.1327864e-02   5.7020050e-03   9.2713159e-03   4.7292033e-02   1.2707277e-02   1.4804489e-02   5.0095301e-05   1.2013781e-02   9.3597729e-01   2.5478955e-01   2.5505777e-01
   1.7850022e-01   1.5591300e-01   4.1033975e-04   1.1694122e-03   1.1951855e-02   3.1290314e-02   2.3301138e-02   1.5155664e-02   1.6070025e-03   1.3036731e-02   9.3420188e-01   2.3347989e-01   2.7730049e-01
   1.9918924e-01   1.4372394e-01   7.1165217e-05   2.6081794e-03   1.0444610e-02   3.1577691e-02   1.9386060e-02   1.8615496e-02   1.9475348e-04   1.6726198e-02   9.2926679e-01   2.1343066e-01   3.0845661e-01
   2.2320425e-01   1.3378592e-01   1.6187371e-02   1.7326951e-04   4.2436654e-02   8.5124248e-03   3.6418440e-03   4.6953445e-03   3.5559973e-02   1.5583428e-04   9.2165715e-01   1.9658921e-01   3.4464918e-01
   2.5310417e-01   1.2383585e-01   1.8285421e-02   2.7906227e-04   2.9629001e-02   9.1713185e-03   5.0249717e-04   2.3582111e-03   3.1163793e-02   1.3192152e-03   9.0667212e-01   1.7862534e-01   3.8806462e-01
   2.9106443e-01   1.1130151e-01   2.2338137e-03   0.0000000e+00   2.2983575e-02   1.6394486e-02   2.4198730e-03   8.2039624e-03   1.4373513e-02   9.6007077e-03   8.8464956e-01   1.5626040e-01   4.4195828e-01
   3.3942598e-01   1.0809821e-01   8.4965117e-03   0.0000000e+00   3.1532320e-02   2.2198184e-02   1.6752689e-02   5.4352328e-03   0.0000000e+00   6.6488124e-03   8.5043966e-01   1.4580892e-01   5.0923774e-01
   4.0594195e-01   9.7582591e-02   3.9317946e-04   1.0824377e-04   3.9913140e-02   2.5627769e-02   2.0849204e-02   4.2079068e-03   2.2123172e-03   0.0000000e+00   7.9622469e-01   1.2301213e-01   5.9692226e-01
   6.2533190e-01   2.3219090e-02   2.2626180e-02   4.9532821e-03   2.9398761e-02   3.0289665e-02   6.3049040e-06   1.2673496e-03   4.6029097e-04   2.8165296e-04   5.5605462e-01   2.0289678e-02   8.3368893e-01
   7.9323148e-01   8.8768800e-02   3.4532672e-03   5.3578297e-03   2.5094504e-02   1.7664330e-02   6.6706123e-03   0.0000000e+00   2.7194934e-03   0.0000000e+00   3.1634059e-01   4.4397921e-02   9.4869758e-01
   1.0000000e+00   5.0844434e-01   0.0000000e+00   0.0000000e+00   0.0000000e+00   0.0000000e+00   0.0000000e+00   0.0000000e+00   0.0000000e+00   0.0000000e+00   8.1728405e-16   8.3925828e-16   1.0000000e+00
   0.0000000e+00   1.0000000e+00   0.0000000e+00   6.8552711e-10   0.0000000e+00   0.0000000e+00   0.0000000e+00   0.0000000e+00   0.0000000e+00   0.0000000e+00   2.8327694e-16   1.0000000e+00   0.0000000e+00
   3.0015872e-02   8.4415680e-01   1.4593308e-05   0.0000000e+00   0.0000000e+00   7.0428227e-03   0.0000000e+00   0.0000000e+00   0.0000000e+00   8.3302536e-03   2.4211976e-01   9.6922347e-01   4.7136964e-02
   4.7696801e-02   7.0513460e-01   1.4915572e-02   3.3174769e-03   3.2939414e-02   3.2776534e-02   8.7354880e-03   1.1998563e-02   2.4497224e-03   0.0000000e+00   4.4670296e-01   8.9446590e-01   7.5047927e-02
   7.4299244e-02   5.9039134e-01   8.4040247e-03   0.0000000e+00   3.8172469e-02   2.7919308e-02   1.1216468e-02   8.0175655e-03   0.0000000e+00   6.6172593e-03   5.9736148e-01   7.9663023e-01   1.1674011e-01
   1.0400144e-01   5.0046119e-01   2.5460233e-02   8.4509074e-05   3.7967090e-02   3.1521268e-02   1.2077135e-02   1.4077060e-02   3.0722312e-03   8.2869885e-03   6.9963040e-01   7.0064482e-01   1.6320952e-01
   1.1978516e-01   4.3048416e-01   8.1826080e-03   9.4589041e-03   3.5977554e-03   6.2263950e-03   3.3933060e-02   3.6331711e-02   8.2547273e-05   7.4927657e-04   7.6824232e-01   6.1643800e-01   1.8755113e-01
   1.3843598e-01   3.7425040e-01   3.5021438e-02   1.0515452e-03   1.2267797e-02   3.0730925e-02   3.2057602e-02   1.6925968e-02   4.3731335e-02   2.1254774e-03   8.1703895e-01   5.4453752e-01   2.1694316e-01
   1.6755755e-01   2.9470878e-01   0.0000000e+00   4.8510571e-03   1.4678926e-02   2.2766882e-02   3.0361931e-02   1.2782336e-02   0.0000000e+00   5.5398868e-05   8.6552813e-01   4.3198522e-01   2.6064988e-01
   1.8749383e-01   2.6631191e-01   1.1877756e-02   1.2219555e-02   2.1779184e-02   2.2190057e-02   5.4399823e-04   2.3108946e-02   1.3568028e-04   0.0000000e+00   8.7599433e-01   3.8943304e-01   2.9079543e-01
   2.0749932e-01   2.4085410e-01   0.0000000e+00   8.3350217e-04   1.2936520e-02   5.2774906e-02   1.9359128e-02   3.9446684e-02   2.7214758e-04   0.0000000e+00   8.8465525e-01   3.5163344e-01   3.2176253e-01
   2.2885660e-01   2.2133075e-01   0.0000000e+00   8.7097368e-04   1.4767660e-02   4.5527487e-02   1.9131707e-02   3.8698268e-02   2.8948074e-04   0.0000000e+00   8.8372939e-01   3.2025046e-01   3.5325597e-01
   2.5225349e-01   2.0485170e-01   7.5604268e-02   9.8059218e-03   6.0421657e-03   3.6720342e-04   8.0266898e-03   2.4118416e-02   9.8889768e-03   3.3314158e-02   8.8191086e-01   2.9399944e-01   3.8892416e-01
   3.1913724e-01   1.7633454e-01   4.0402902e-03   2.9576687e-03   5.1387706e-02   3.2404523e-02   1.5850198e-02   2.7038709e-03   0.0000000e+00   8.6155887e-03   8.4694780e-01   2.4078180e-01   4.8251126e-01
   3.6384152e-01   1.6534406e-01   1.9313894e-02   2.1680806e-02   0.0000000e+00   1.7854852e-02   1.5595215e-02   1.4424243e-03   1.4353568e-02   1.1667507e-02   8.1429266e-01   2.1637688e-01   5.4185813e-01
   4.2135828e-01   1.4656268e-01   4.1467909e-03   2.9130388e-05   3.6203465e-02   1.0653464e-02   0.0000000e+00   1.2842121e-02   9.8708200e-03   1.4140042e-02   7.6949486e-01   1.8035079e-01   6.1576150e-01
   4.9183418e-01   1.4270125e-01   8.0641336e-03   1.4668259e-04   4.1435208e-02   1.3080264e-02   2.1597152e-02   4.2997720e-03   1.7876824e-03   1.4392021e-02   7.0005176e-01   1.5960190e-01   6.9982736e-01
   7.0467639e-01   2.3705177e-02   2.3202379e-02   7.7258995e-03   3.0771257e-02   3.0874131e-02   0.0000000e+00   8.0522954e-04   1.2870822e-04   6.7779949e-04   4.4824061e-01   1.6698408e-02   8.9655243e-01
   8.4193762e-01   1.2029833e-01   3.2932082e-03   4.2220740e-03   3.0085963e-02   1.9953005e-02   4.8523759e-03   0.0000000e+00   1.1606518e-03   4.5853009e-05   2.4169390e-01   4.6222969e-02   9.7065084e-01
   1.0000000e+00   5.0838746e-01   0.0000000e+00   0.0000000e+00   0.0000000e+00   0.0000000e+00   0.0000000e+00   0.0000000e+00   0.0000000e+00   0.0000000e+00   8.1735903e-16   8.3918525e-16   1.0000000e+00
   0.0000000e+00   1.0000000e+00   0.0000000e+00   2.8145663e-10   0.0000000e+00   0.0000000e+00   0.0000000e+00   0.0000000e+00   0.0000000e+00   0.0000000e+00   6.1232340e-17   1.0000000e+00   0.0000000e+00
   3.0133890e-02   8.7470980e-01   0.0000000e+00   0.0000000e+00   1.8794711e-03   9.7229286e-03   7.4676332e-04   0.0000000e+00   0.0000000e+00   4.4284488e-03   1.9534147e-01   9.7971364e-01   4.7322125e-02
   8.8784134e-02   6.5669615e-01   1.5639347e-02   4.9703692e-04   2.4864661e-02   3.6858320e-02   9.4170851e-03   2.2140976e-02   1.8075133e-03   1.4735765e-02   5.1005210e-01   8.5232453e-01   1.3943009e-01
   1.2287174e-01   5.6990568e-01   9.4476656e-03   4.2109652e-03   4.7015137e-02   2.2968230e-02   1.3859647e-02   8.2115934e-03   4.0595759e-03   0.0000000e+00   6.1566209e-01   7.6823863e-01   1.9240905e-01
   1.7060178e-01   4.4230163e-01   1.2638180e-02   0.0000000e+00   3.3605914e-04   5.6700310e-02   3.0334424e-02   1.5518354e-02   3.1375277e-02   6.2440423e-03   7.4490274e-01   6.2078700e-01   2.6625669e-01
   1.9293494e-01   3.9427167e-01   0.0000000e+00   4.3547121e-03   2.1425734e-02   3.3599617e-02   3.5055530e-02   1.3726203e-02   9.0429269e-03   7.5573739e-03   7.7962274e-01   5.5578031e-01   2.9938760e-01
   2.1459048e-01   3.5538602e-01   5.6062086e-03   3.6467579e-03   2.3174955e-02   3.7309702e-02   2.7460581e-02   1.1183137e-02   1.4649088e-03   1.3818714e-02   8.0289568e-01   5.0140765e-01   3.3173831e-01
   2.4047120e-01   3.2311163e-01   5.5830412e-04   2.4262949e-02   1.0885958e-03   4.1793615e-02   6.6913679e-03   3.5439791e-03   2.6491184e-02   1.1527423e-02   8.1495488e-01   4.5322640e-01   3.7000348e-01
   2.6691920e-01   2.9378717e-01   4.7012385e-03   2.0062341e-02   5.4213739e-03   4.6093107e-02   1.4155838e-02   3.2121698e-02   1.2503583e-02   6.6063608e-03   8.2111924e-01   4.0833700e-01   4.0873176e-01
   2.9839505e-01   2.6655530e-01   3.8934167e-05   3.0885532e-02   0.0000000e+00   4.6177798e-02   2.3010043e-03   3.3161702e-02   1.2276725e-02   4.6192102e-03   8.1863791e-01   3.6430949e-01   4.5371391e-01
   4.2484654e-01   2.1254027e-01   2.3928111e-03   0.0000000e+00   4.3495928e-02   1.0784184e-02   2.4317656e-04   1.4170667e-02   5.4376950e-03   1.9623012e-02   7.4404816e-01   2.5806615e-01   6.2053198e-01
   4.8699430e-01   1.9368719e-01   1.4589194e-02   0.0000000e+00   3.8911523e-02   5.7364330e-02   1.8617626e-02   5.2631126e-03   1.5576983e-02   3.3762897e-04   6.9215090e-01   2.1732953e-01   6.9641664e-01
   5.5594167e-01   1.8993131e-01   2.8582335e-02   3.8408932e-04   4.6622565e-02   2.9296537e-02   2.6916168e-03   1.5622108e-02   1.2199704e-03   0.0000000e+00   6.1646640e-01   1.8957702e-01   7.6957794e-01
   6.4492910e-01   1.7871209e-01   1.9515845e-02   5.2928020e-06   3.7429864e-02   3.3988277e-02   0.0000000e+00   9.5403126e-03   2.9320560e-03   0.0000000e+00   5.1010001e-01   1.4707935e-01   8.5102775e-01
   7.5795514e-01   5.2065670e-02   2.1865263e-02   5.2768101e-03   2.1035623e-02   3.5238603e-02   1.3828150e-03   1.4563342e-03   6.2031749e-04   5.7165022e-04   3.7068056e-01   3.0383721e-02   9.3062745e-01
   8.7286272e-01   1.1967572e-01   2.4887798e-03   4.1644193e-03   2.7684483e-02   2.0314806e-02   5.6384213e-03   0.0000000e+00   6.9615274e-04   3.0008640e-06   1.9512764e-01   3.7119587e-02   9.8133518e-01
   1.0000000e+00   5.0838746e-01   0.0000000e+00   0.0000000e+00   0.0000000e+00   0.0000000e+00   0.0000000e+00   0.0000000e+00   0.0000000e+00   0.0000000e+00   8.1735903e-16   8.3918525e-16   1.0000000e+00
   0.0000000e+00   1.0000000e+00   0.0000000e+00   2.8145663e-10   0.0000000e+00   0.0000000e+00   0.0000000e+00   0.0000000e+00   0.0000000e+00   0.0000000e+00   6.1232340e-17   1.0000000e+00   0.0000000e+00
   3.3322900e-02   8.9492378e-01   0.0000000e+00   2.2416462e-04   5.0720867e-03   7.6718446e-03   1.9843046e-03   1.4671947e-02   1.0818742e-02   6.2120854e-03   1.6415530e-01   9.8551121e-01   5.2343629e-02
   6.9140546e-02   7.9519542e-01   6.2169098e-03   0.0000000e+00   4.1101013e-03   4.8977827e-02   4.2204206e-03   1.9361779e-02   1.4102759e-02   2.3756032e-02   3.1545766e-01   9.4651265e-01   1.0878367e-01
   1.0376078e-01   7.0740120e-01   1.3182684e-02   4.4651552e-04   2.7008767e-02   0.0000000e+00   9.7291511e-03   2.2668704e-02   5.7144643e-03   1.3401502e-02   4.3847709e-01   8.8587134e-01   1.6254617e-01
   1.6641597e-01   5.5766539e-01   2.3231623e-02   3.9674793e-03   4.3932281e-02   2.6591348e-02   1.9068654e-02   1.8546081e-02   1.0320184e-02   9.5472988e-03   6.2102918e-01   7.4511486e-01   2.5949768e-01
   1.9942387e-01   4.9982925e-01   5.6950698e-03   1.2299543e-03   4.0333550e-02   2.1750066e-02   1.8237867e-02   1.7866736e-02   0.0000000e+00   1.2936477e-02   6.7486338e-01   6.7450147e-01   3.0906617e-01
   2.3092187e-01   4.4963644e-01   1.2930074e-02   2.5016948e-02   3.1296895e-02   3.8347594e-02   8.5798102e-02   4.6563357e-04   2.1793319e-02   3.9312713e-04   7.1915460e-01   6.1350612e-01   3.5876046e-01
   2.6165362e-01   4.0895607e-01   1.0988861e-03   4.6124868e-03   1.7972357e-03   4.7053553e-02   5.9145054e-02   0.0000000e+00   2.4374922e-02   5.5033243e-03   7.3865832e-01   5.5270861e-01   4.0207235e-01
   2.9291166e-01   3.7423933e-01   3.0237741e-02   0.0000000e+00   5.0512264e-03   1.2886229e-02   1.0077585e-01   3.3452783e-02   4.1244690e-02   2.3641664e-02   7.5651221e-01   5.0417885e-01   4.5054292e-01
   3.2904558e-01   3.4490104e-01   1.4194761e-04   1.3518301e-02   4.5014420e-03   4.4955527e-02   5.7014919e-02   6.3729519e-02   1.0985339e-03   4.0420188e-04   7.5198136e-01   4.5257035e-01   4.9886890e-01
   3.7204726e-01   3.1760513e-01   1.9104264e-03   1.8301941e-02   3.3195530e-04   3.8981948e-02   7.7099743e-02   4.2132313e-02   0.0000000e+00   2.7720838e-03   7.3939917e-01   4.0287343e-01   5.5699619e-01
   4.1496454e-01   2.8246360e-01   1.0102337e-02   0.0000000e+00   4.3834211e-02   1.1499406e-02   1.1387985e-04   1.4060157e-02   2.9600493e-03   2.4357358e-02   7.2012452e-01   3.4227492e-01   6.0843097e-01
   4.7076526e-01   2.7176728e-01   3.6730936e-02   2.5749967e-06   3.2326841e-02   4.1055973e-02   0.0000000e+00   2.8367417e-02   2.5684588e-02   2.8160659e-03   6.7625168e-01   3.0760220e-01   6.7764269e-01
   6.0458107e-01   2.4245263e-01   2.9954356e-02   8.4931510e-03   5.1915808e-02   1.6024206e-02   7.1810063e-03   9.1662008e-03   0.0000000e+00   0.0000000e+00   5.4244445e-01   2.1719006e-01   8.1652494e-01
   6.9035759e-01   2.1158250e-01   2.1738691e-02   2.6396939e-04   4.6426572e-02   2.5146469e-02   0.0000000e+00   1.0141730e-02   1.0631930e-03   0.0000000e+00   4.4334067e-01   1.5302172e-01   8.8700255e-01
   7.8472504e-01   2.0788190e-01   3.2496537e-04   0.0000000e+00   2.6023191e-02   2.1096108e-07   4.3516003e-03   0.0000000e+00   2.2083741e-03   7.7444909e-09   3.1443552e-01   1.0648788e-01   9.4403039e-01
   8.9296236e-01   1.3444290e-01   5.6749837e-03   2.9401580e-03   1.5943690e-02   9.6070424e-03   5.5551512e-03   1.8758609e-02   5.4898130e-03   6.1086324e-03   1.6376258e-01   3.5107239e-02   9.8672443e-01
   1.0000000e+00   5.0838746e-01   0.0000000e+00   0.0000000e+00   0.0000000e+00   0.0000000e+00   0.0000000e+00   0.0000000e+00   0.0000000e+00   0.0000000e+00   8.1735903e-16   8.3918525e-16   1.0000000e+00
   0.0000000e+00   1.0000000e+00   0.0000000e+00   2.8145663e-10   0.0000000e+00   0.0000000e+00   0.0000000e+00   0.0000000e+00   0.0000000e+00   0.0000000e+00   6.1232340e-17   1.0000000e+00   0.0000000e+00
   3.6630110e-02   9.1032778e-01   0.0000000e+00   4.0545284e-04   0.0000000e+00   7.1407290e-03   2.5991738e-03   1.3511553e-02   1.2587490e-02   9.7901143e-05   1.4021505e-01   9.8885191e-01   5.7529641e-02
   7.3273451e-02   8.2281905e-01   3.3064346e-03   0.0000000e+00   6.3889247e-03   4.8449950e-02   2.7793807e-03   1.9586683e-02   1.5047657e-02   2.4368406e-02   2.7390372e-01   9.5860671e-01   1.1525838e-01
   1.1505474e-01   7.4276849e-01   1.0610081e-02   0.0000000e+00   2.2785617e-02   3.3862937e-02   1.6474259e-03   1.1012985e-03   1.1817751e-02   0.0000000e+00   3.8749322e-01   9.0623622e-01   1.8009082e-01
   1.5470919e-01   6.6891591e-01   1.4632070e-02   0.0000000e+00   2.7591872e-02   3.2815464e-02   0.0000000e+00   1.6918641e-02   3.4979417e-02   3.8548671e-02   4.8477024e-01   8.4653986e-01   2.4184642e-01
   1.9323230e-01   6.0566486e-01   8.7538952e-03   2.1897356e-02   3.9009695e-02   4.1597682e-02   2.8642009e-02   2.1274337e-02   3.6992074e-02   2.3118263e-02   5.5789368e-01   7.8242222e-01   3.0097681e-01
   2.3107733e-01   5.4895300e-01   0.0000000e+00   0.0000000e+00   3.7134944e-02   6.0236425e-03   0.0000000e+00   1.9618320e-02   2.6662960e-02   1.2779843e-02   6.0992807e-01   7.1176034e-01   3.5600693e-01
   3.0639831e-01   4.5742914e-01   3.3570246e-03   2.3541528e-02   1.2044690e-02   2.1831662e-03   5.4422741e-02   1.8176474e-02   4.0243499e-02   3.0857913e-02   6.7164940e-01   5.8733520e-01   4.6596813e-01
   3.5086326e-01   4.2115985e-01   5.9140703e-03   6.8228038e-05   7.2890529e-05   1.2214348e-03   7.8547649e-02   5.7924622e-02   5.4005811e-02   2.1386142e-02   6.8090031e-01   5.3015016e-01   5.3042798e-01
   3.9611640e-01   3.8649564e-01   0.0000000e+00   0.0000000e+00   0.0000000e+00   5.9547881e-04   7.6347660e-02   4.3475142e-02   2.7127689e-02   2.3315146e-03   6.7302678e-01   4.6749770e-01   5.8777032e-01
   5.0227029e-01   3.3326977e-01   8.1681346e-04   6.4161379e-02   8.4422895e-03   2.0358719e-02   4.2527584e-02   1.0471266e-02   0.0000000e+00   3.9393050e-03   6.1420882e-01   3.5453187e-01   7.1426265e-01
   5.7005025e-01   2.9986095e-01   4.2363003e-02   3.0863109e-02   4.2048306e-02   9.4929869e-03   1.0742418e-02   5.4721609e-02   2.0141568e-04   5.0579166e-02   5.6282575e-01   2.8661922e-01   7.8849800e-01
   7.1959875e-01   2.7616919e-01   7.7638485e-03   0.0000000e+00   3.0124233e-03   5.5032555e-03   4.5407273e-04   5.1651830e-04   6.0609353e-03   2.1685919e-03   3.8691268e-01   1.7923153e-01   9.0468655e-01
   8.1162885e-01   2.3669428e-01   1.7864428e-03   8.4852371e-04   0.0000000e+00   1.5891617e-02   0.0000000e+00   0.0000000e+00   1.1824862e-02   0.0000000e+00   2.7177853e-01   1.0597560e-01   9.5692127e-01
   9.0688679e-01   1.7599304e-01   7.3389835e-05   4.0001029e-03   1.2508450e-02   7.0117682e-03   3.2093102e-03   1.2935426e-02   2.5548394e-04   6.0963511e-03   1.4026846e-01   3.9796106e-02   9.8975461e-01
   1.0000000e+00   5.1591811e-01   0.0000000e+00   0.0000000e+00   0.0000000e+00   0.0000000e+00   0.0000000e+00   0.0000000e+00   0.0000000e+00   0.0000000e+00   4.2201759e-17   4.4366778e-17   1.0000000e+00
   0.0000000e+00   1.0000000e+00   0.0000000e+00   2.8145663e-10   0.0000000e+00   0.0000000e+00   0.0000000e+00   0.0000000e+00   0.0000000e+00   0.0000000e+00   6.1232340e-17   1.0000000e+00   0.0000000e+00
   7.9308968e-02   8.4430621e-01   1.3814277e-02   0.0000000e+00   2.4482918e-02   3.9856997e-02   6.1982233e-03   0.0000000e+00   1.0506135e-02   1.7831118e-02   2.4093976e-01   9.6546345e-01   1.2460983e-01
   1.2544975e-01   7.7162076e-01   0.0000000e+00   1.1040565e-06   2.7299597e-02   3.0365938e-02   0.0000000e+00   2.0542412e-02   2.3264223e-02   2.2248686e-02   3.4537369e-01   9.2109006e-01   1.9639509e-01
   1.7051739e-01   7.0487653e-01   0.0000000e+00   1.5462015e-02   3.1308781e-02   6.9023960e-03   2.8133046e-03   1.7407311e-02   5.3083915e-03   2.1465905e-02   4.3209908e-01   8.6434672e-01   2.6520388e-01
   2.1592106e-01   6.4418634e-01   0.0000000e+00   9.9998381e-03   3.4676668e-02   2.1395658e-02   2.0988625e-02   2.1995363e-02   4.0456004e-02   3.0169868e-02   5.0267094e-01   8.0371638e-01   3.3444313e-01
   2.6183327e-01   5.8906371e-01   6.6795654e-02   2.0541389e-02   3.1930494e-02   5.4038928e-02   5.9650938e-04   8.1991469e-03   5.6493122e-02   5.6097616e-02   5.5982479e-01   7.4333722e-01   4.0587763e-01
   3.5695192e-01   5.0032190e-01   3.6851106e-04   6.3057642e-04   0.0000000e+00   2.1592579e-02   1.1010009e-01   7.9785362e-02   1.8463370e-02   1.0881704e-03   6.1008403e-01   6.1070130e-01   5.4203960e-01
   4.1039535e-01   4.6153483e-01   4.6107185e-03   4.2549221e-03   2.1555478e-03   6.7764233e-03   8.3723934e-02   6.3948995e-02   3.2306327e-02   5.7264047e-03   6.0563484e-01   5.3653948e-01   6.0828732e-01
   5.2490777e-01   3.9778419e-01   2.8785532e-02   6.4213727e-02   0.0000000e+00   2.1058836e-02   6.0392320e-02   0.0000000e+00   1.3804623e-02   3.1141054e-02   5.5625114e-01   4.0118950e-01   7.4171548e-01
   5.9042945e-01   3.7244732e-01   2.7910150e-02   3.7519419e-02   8.8322843e-03   3.7709331e-02   5.5405570e-02   8.9587815e-04   5.2366341e-03   2.7364711e-03   5.0351173e-01   3.3352323e-01   8.0552386e-01
   6.6638844e-01   3.5280822e-01   1.3584518e-02   0.0000000e+00   2.6317867e-02   6.5710404e-03   0.0000000e+00   2.8090430e-03   2.0229480e-04   4.8772775e-03   4.2589042e-01   2.6357716e-01   8.6663110e-01
   7.4284230e-01   3.2734771e-01   1.0867219e-02   1.3106865e-04   2.5257369e-02   9.6118369e-03   1.3058207e-03   1.7433113e-03   0.0000000e+00   0.0000000e+00   3.4251288e-01   1.9347913e-01   9.2030312e-01
   8.2486494e-01   3.1202943e-01   2.1648197e-03   2.9713758e-03   3.1222709e-02   0.0000000e+00   0.0000000e+00   1.8002936e-03   7.0187081e-03   0.0000000e+00   2.3991322e-01   1.2800838e-01   9.6339937e-01
   9.1232064e-01   2.8442108e-01   2.6062731e-06   3.1056311e-03   1.2441632e-02   6.9627446e-03   9.0201195e-03   1.7137063e-02   6.6958982e-06   6.7195309e-03   1.2389443e-01   5.9354674e-02   9.9115782e-01
   1.0000000e+00   5.1591811e-01   0.0000000e+00   0.0000000e+00   0.0000000e+00   0.0000000e+00   0.0000000e+00   0.0000000e+00   0.0000000e+00   0.0000000e+00   4.2201759e-17   4.4366778e-17   1.0000000e+00
   0.0000000e+00   1.0000000e+00   0.0000000e+00   2.8145663e-10   0.0000000e+00   0.0000000e+00   0.0000000e+00   0.0000000e+00   0.0000000e+00   0.0000000e+00   6.1232340e-17   1.0000000e+00   0.0000000e+00
   3.9302851e-02   9.2976044e-01   2.8503261e-03   1.3626502e-04   1.4330147e-02   0.0000000e+00   1.9071139e-03   1.1353568e-02   1.2936211e-02   3.4234794e-03   1.0995626e-01   9.9254698e-01   6.1729961e-02
   8.5736979e-02   8.6169042e-01   1.3065330e-02   1.3168447e-11   2.5759404e-02   2.9553028e-02   5.0876901e-03   0.0000000e+00   1.3522128e-02   1.3635555e-02   2.1404834e-01   9.6968468e-01   1.3455086e-01
   1.3549880e-01   7.9537415e-01   0.0000000e+00   0.0000000e+00   2.8627019e-02   2.2278494e-02   2.6112874e-03   2.0453324e-02   2.4652362e-02   3.1808073e-02   3.0982829e-01   9.3049285e-01   2.1194752e-01
   1.8707308e-01   7.3641079e-01   3.6119389e-04   4.7275396e-02   3.0313279e-02   4.8151423e-03   0.0000000e+00   1.7752670e-02   0.0000000e+00   2.3396436e-02   3.8662600e-01   8.7979766e-01   2.9081295e-01
   2.3973696e-01   6.7687938e-01   4.5690289e-02   2.5684094e-03   2.4287762e-02   1.1962351e-02   9.6840317e-03   2.4449118e-02   1.0684858e-02   2.1844967e-02   4.5384332e-01   8.1603703e-01   3.6925181e-01
   2.9544903e-01   6.2818737e-01   8.1673865e-03   1.3428635e-02   3.3586228e-02   1.9809765e-02   1.7688137e-02   2.1932982e-02   5.4033432e-02   2.4356158e-02   4.9607336e-01   7.5053381e-01   4.5032835e-01
   3.5123635e-01   5.8151159e-01   2.0677032e-02   3.6612342e-03   2.9060637e-02   4.2778168e-02   0.0000000e+00   5.6254007e-02   6.4107665e-02   3.9190881e-03   5.2578149e-01   6.8116692e-01   5.2960732e-01
   4.0918182e-01   5.3816404e-01   3.8638044e-02   6.2009967e-03   1.3420625e-02   7.9407341e-03   5.0336960e-02   7.3368050e-02   4.6753295e-03   1.0495608e-02   5.3629713e-01   6.0478468e-01   6.0527994e-01
   4.7033878e-01   4.9853676e-01   7.7234911e-03   2.5821820e-02   2.3169808e-02   0.0000000e+00   5.6675262e-02   4.9488100e-02   5.5613246e-02   8.7878790e-05   5.2919345e-01   5.2676638e-01   6.8015170e-01
   5.3629050e-01   4.6815325e-01   1.0317310e-03   3.8278410e-03   5.7358767e-03   5.5223645e-02   9.6026377e-02   5.7673028e-03   3.1009294e-03   0.0000000e+00   4.9975139e-01   4.5209571e-01   7.5547022e-01
   6.0398241e-01   4.3711690e-01   2.0270871e-02   6.9284877e-02   1.3768837e-02   3.4159868e-02   3.9189392e-02   6.8128740e-03   1.0389269e-02   2.3354779e-02   4.5463294e-01   3.7265000e-01   8.1983238e-01
   6.7850904e-01   4.1014627e-01   3.6421996e-02   3.5767916e-02   3.2657122e-03   2.2353728e-02   5.4534735e-02   3.0019559e-03   6.6982120e-03   2.9968036e-05   3.8920112e-01   2.9236033e-01   8.8055325e-01
   8.3737851e-01   3.5291322e-01   1.6061834e-02   1.7245054e-04   2.6421651e-02   9.3758312e-03   1.3269413e-03   1.6729771e-03   3.5307103e-05   0.0000000e+00   2.1506077e-01   1.3314693e-01   9.6856545e-01
   9.1813972e-01   3.4330986e-01   0.0000000e+00   5.1518638e-03   1.0614627e-02   1.1316707e-02   1.0060273e-02   1.3625530e-02   9.4957681e-04   6.9384741e-03   1.1009998e-01   6.5887963e-02   9.9234244e-01
   1.0000000e+00   5.0276749e-01   0.0000000e+00   0.0000000e+00   0.0000000e+00   0.0000000e+00   0.0000000e+00   0.0000000e+00   0.0000000e+00   0.0000000e+00   5.1208483e-16   5.1655653e-16   1.0000000e+00
   0.0000000e+00   1.0000000e+00   0.0000000e+00   8.1583396e-11   0.0000000e+00   0.0000000e+00   0.0000000e+00   0.0000000e+00   0.0000000e+00   0.0000000e+00   1.1714554e-15   1.0000000e+00   0.0000000e+00
   4.3882307e-02   9.3665592e-01   2.0184551e-03   8.5704920e-05   1.4165213e-02   2.9953606e-03   1.7306896e-03   1.3306978e-02   1.4026773e-02   3.7702172e-03   9.9160574e-02   9.9329122e-01   6.8917247e-02
   9.4629986e-02   8.7464564e-01   5.7116515e-03   0.0000000e+00   3.5324807e-02   4.0952256e-02   4.3295179e-03   6.3888427e-03   1.2970233e-02   1.4899995e-02   1.9413815e-01   9.7316702e-01   1.4860227e-01
   1.4963119e-01   8.1712251e-01   1.6786067e-03   3.7302006e-05   2.1989175e-02   3.4324464e-02   1.9216767e-03   1.9493633e-02   2.1292579e-02   5.2107527e-03   2.7623535e-01   9.3501296e-01   2.3347090e-01
   2.0727671e-01   7.5853117e-01   4.1247551e-02   2.7476834e-03   0.0000000e+00   3.1835569e-02   9.6427876e-04   4.4960649e-02   0.0000000e+00   1.8388422e-02   3.5259889e-01   8.8459473e-01   3.2149323e-01
   2.6714547e-01   7.0465223e-01   3.4214369e-02   1.8234988e-03   5.6118488e-02   5.4817765e-03   7.5374184e-03   4.7995995e-02   9.0958364e-02   1.6444221e-02   4.1487956e-01   8.2917120e-01   4.1363989e-01
   3.2880021e-01   6.5656656e-01   0.0000000e+00   3.1880590e-04   2.1318206e-02   7.1870221e-02   3.3289006e-02   1.6743170e-02   6.3283889e-02   7.0627556e-03   4.5161578e-01   7.5432577e-01   4.9928395e-01
   3.9639556e-01   6.1208238e-01   2.3242365e-02   0.0000000e+00   8.6726419e-03   3.6723109e-02   0.0000000e+00   4.8136537e-02   3.8881875e-02   1.2499529e-03   4.6761268e-01   6.6999337e-01   5.8657466e-01
   6.1074424e-01   4.9705352e-01   3.4396221e-03   4.0189832e-02   2.5273737e-02   4.1731435e-02   0.0000000e+00   9.4118455e-03   1.1174462e-02   4.5768701e-04   4.0950913e-01   4.0573589e-01   8.2227760e-01
   6.8708908e-01   4.7158432e-01   3.4243953e-02   2.3059963e-02   5.4446179e-03   2.2493732e-02   3.3465938e-02   5.7385594e-03   1.1288826e-03   0.0000000e+00   3.4947124e-01   3.1958778e-01   8.8460919e-01
   8.4295585e-01   4.1813923e-01   1.2156957e-03   2.5642842e-02   0.0000000e+00   2.0112978e-02   1.5008831e-02   0.0000000e+00   2.1005657e-02   1.4603186e-03   1.9371961e-01   1.4935948e-01   9.7140716e-01
   1.0000000e+00   5.1257512e-01   0.0000000e+00   0.0000000e+00   0.0000000e+00   0.0000000e+00   0.0000000e+00   0.0000000e+00   0.0000000e+00   0.0000000e+00   6.5794384e-16   6.8446380e-16   1.0000000e+00
   4.6348030e-02   9.4230044e-01   2.6953888e-03   1.1190554e-04   1.0912318e-02   1.5194626e-02   1.4219073e-03   1.6152967e-02   2.3674301e-03   5.6721600e-03   9.0329849e-02   9.9391092e-01   7.2786878e-02
   1.0332255e-01   8.8631404e-01   5.1064831e-03   3.0344594e-07   3.5527912e-02   3.4138892e-02   5.6307776e-03   6.9303790e-03   1.1230873e-02   1.5818583e-02   1.7580562e-01   9.7399077e-01   1.6205730e-01
   2.2780136e-01   7.7833039e-01   3.4623892e-02   2.6657248e-04   3.0981025e-02   2.5379164e-02   1.9621302e-03   2.6920208e-02   0.0000000e+00   1.8645335e-02   3.2083188e-01   8.8386477e-01   3.5160067e-01
   2.9686843e-01   7.2932326e-01   2.3986648e-02   1.9669510e-04   3.5335613e-02   2.3602232e-02   1.1566853e-03   6.1111214e-02   6.4757619e-02   1.7179507e-02   3.7234929e-01   8.2233042e-01   4.5437045e-01
   3.6983278e-01   6.8199654e-01   5.6018801e-02   8.7925282e-04   1.2374898e-02   0.0000000e+00   1.5331231e-02   7.0370687e-02   5.0541081e-02   6.3788162e-03   4.0485772e-01   7.4193566e-01   5.5488081e-01
   4.4631228e-01   6.3926586e-01   0.0000000e+00   9.0052974e-03   0.0000000e+00   4.0253234e-02   3.6109320e-02   0.0000000e+00   2.6262578e-03   4.1103136e-03   4.1144112e-01   6.4667791e-01   6.4698627e-01
   5.2600376e-01   5.9933318e-01   4.1641692e-03   5.8157665e-02   2.2442872e-03   3.3214901e-02   4.4443832e-03   0.0000000e+00   2.3473020e-02   1.3072324e-03   4.0090851e-01   5.5058953e-01   7.3912792e-01
   6.0360167e-01   5.6316330e-01   5.7683155e-04   3.9203970e-02   1.2334395e-02   3.9137125e-02   3.0859441e-02   9.1296405e-03   1.2642578e-02   1.7565475e-03   3.7114064e-01   4.5319824e-01   8.1591968e-01
   6.8858327e-01   5.3420126e-01   5.4263740e-03   2.2872289e-02   2.4817817e-03   2.4666987e-02   1.0747462e-02   6.6715331e-03   1.0213523e-02   5.5455026e-04   3.1439454e-01   3.5012927e-01   8.8398604e-01
   7.6648503e-01   4.9779682e-01   2.3844241e-03   2.1741179e-02   3.0917511e-03   3.2532171e-02   2.5444426e-02   6.5596974e-03   8.3881057e-03   5.7439217e-04   2.5505601e-01   2.5329672e-01   9.3563205e-01
   8.4629541e-01   4.7130828e-01   6.3444288e-04   3.0976610e-02   9.2793680e-04   3.2051615e-02   1.0353141e-02   5.9001451e-03   2.2836791e-02   1.1013383e-03   1.7698281e-01   1.6170806e-01   9.7357092e-01
   9.2541246e-01   4.4512046e-01   0.0000000e+00   6.7038466e-03   1.2634154e-03   4.2163397e-03   2.1095212e-04   1.0829857e-02   2.5500659e-04   4.4077564e-03   8.9484131e-02   7.5248172e-02   9.9334416e-01
   1.0000000e+00   5.1257512e-01   0.0000000e+00   0.0000000e+00   0.0000000e+00   0.0000000e+00   0.0000000e+00   0.0000000e+00   0.0000000e+00   0.0000000e+00   6.5794384e-16   6.8446380e-16   1.0000000e+00
   0.0000000e+00   1.0000000e+00   0.0000000e+00   8.1583396e-11   0.0000000e+00   0.0000000e+00   0.0000000e+00   0.0000000e+00   0.0000000e+00   0.0000000e+00   1.1714554e-15   1.0000000e+00   0.0000000e+00
   5.2334615e-02   9.4949819e-01   4.6938912e-03   1.9000622e-05   1.4122591e-02   1.0356021e-03   1.3440885e-03   1.3964954e-02   1.1034443e-02   4.1822515e-03   7.9021379e-02   9.9404370e-01   8.2160332e-02
   1.1073368e-01   8.9494558e-01   5.4751024e-03   3.2337432e-06   3.1523599e-02   3.7663136e-02   7.2968949e-03   0.0000000e+00   1.0179987e-02   1.7173931e-02   1.6226063e-01   9.7434239e-01   1.7356515e-01
   1.8045837e-01   8.4635296e-01   3.0049480e-03   2.9492561e-06   3.4358103e-03   3.7650135e-02   2.5488724e-03   3.2671419e-02   1.1369290e-03   3.5801312e-02   2.3034455e-01   9.3580407e-01   2.8074393e-01
   2.5437566e-01   7.9546798e-01   1.9439663e-02   1.5148543e-05   2.1318088e-02   0.0000000e+00   2.3685655e-03   3.1121837e-02   0.0000000e+00   1.6551366e-02   2.9151003e-01   8.7590915e-01   3.8983377e-01
   4.1474882e-01   7.0496904e-01   5.4790241e-02   2.7611390e-04   2.6804713e-02   4.1597277e-02   1.2278240e-02   3.2635252e-02   7.1563219e-03   1.1474903e-02   3.5789947e-01   7.1618217e-01   6.1052202e-01
   5.0248684e-01   6.6360506e-01   4.8501979e-02   2.1200808e-03   2.5638583e-02   2.3947248e-02   1.6993502e-02   4.2227672e-02   1.7735754e-02   1.2410023e-02   3.5727513e-01   6.1200263e-01   7.1421380e-01
   6.7770587e-01   5.9046912e-01   0.0000000e+00   3.7360690e-02   1.5251369e-02   1.4240108e-02   2.3906865e-02   0.0000000e+00   3.9763291e-04   3.4943444e-03   2.9156546e-01   3.8892529e-01   8.7667711e-01
   7.6480900e-01   5.5411118e-01   6.1436362e-03   2.8639218e-02   1.3139328e-04   2.6574582e-02   3.4382849e-02   0.0000000e+00   3.0046803e-03   6.0868785e-04   2.3337291e-01   2.7684497e-01   9.3510056e-01
   8.4793863e-01   5.3361283e-01   0.0000000e+00   3.9411858e-03   0.0000000e+00   5.9950067e-03   4.2233686e-03   1.1478063e-03   0.0000000e+00   3.3130884e-03   1.5824709e-01   1.7590645e-01   9.7168822e-01
   9.2551834e-01   4.9835814e-01   9.6901252e-03   2.1041931e-03   4.5052145e-03   0.0000000e+00   1.0210104e-02   1.1266863e-02   2.0891452e-04   5.2077769e-03   8.2783521e-02   8.2357617e-02   9.9353823e-01
   1.0000000e+00   5.1257512e-01   0.0000000e+00   0.0000000e+00   0.0000000e+00   0.0000000e+00   0.0000000e+00   0.0000000e+00   0.0000000e+00   0.0000000e+00   6.5794384e-16   6.8446380e-16   1.0000000e+00
   0.0000000e+00   1.0000000e+00   0.0000000e+00   8.1583396e-11   0.0000000e+00   0.0000000e+00   0.0000000e+00   0.0000000e+00   0.0000000e+00   0.0000000e+00   1.1714554e-15   1.0000000e+00   0.0000000e+00
   1.2341228e-01   9.0858824e-01   6.8780640e-03   9.2660323e-06   3.3180654e-02   7.9831236e-03   0.0000000e+00   1.7064285e-03   2.6762549e-02   5.5396257e-04   1.4068719e-01   9.7304607e-01   1.9301574e-01
   1.9964774e-01   8.5667816e-01   3.1667096e-03   4.6248015e-06   2.3464383e-02   4.0597621e-02   3.2739643e-03   2.3968857e-02   7.5101979e-03   5.1128487e-02   2.1350524e-01   9.3229019e-01   3.1017645e-01
   3.7521160e-01   7.7514677e-01   9.3250906e-04   8.5135638e-04   3.2286433e-03   2.7912095e-02   2.3436698e-03   8.4025577e-03   2.2757692e-02   2.6221983e-02   2.8813807e-01   7.8158726e-01   5.5699867e-01
   4.7075421e-01   7.2667453e-01   2.7662313e-02   1.1323072e-02   4.1263712e-02   3.2294733e-02   6.0316035e-03   9.5956593e-02   0.0000000e+00   9.5635855e-03   3.1154417e-01   6.8049370e-01   6.8263170e-01
   5.6797350e-01   6.8377141e-01   3.6706672e-04   2.5785546e-02   7.3681488e-03   3.5675823e-02   3.5621812e-03   0.0000000e+00   2.1801562e-03   7.2704155e-04   2.9974551e-01   5.5296963e-01   7.8000087e-01
   6.6346459e-01   6.4924592e-01   3.2805790e-03   2.8912899e-02   1.6388001e-02   1.3963933e-02   2.3682186e-02   8.0759516e-03   1.4976585e-02   0.0000000e+00   2.6460160e-01   4.3064474e-01   8.6536527e-01
   7.5604108e-01   6.1569357e-01   0.0000000e+00   2.0492429e-02   1.4455148e-02   5.8552678e-03   2.5226338e-02   0.0000000e+00   2.7445006e-03   4.9052187e-04   2.1252716e-01   3.0821860e-01   9.2868178e-01
   8.4421321e-01   5.8177408e-01   1.0027734e-03   1.7772056e-02   1.1694390e-02   1.9330761e-02   9.0475260e-03   1.5292736e-04   5.2174011e-03   4.2555354e-03   1.4809881e-01   1.9203044e-01   9.7113385e-01
   9.2519824e-01   5.5560166e-01   7.6134679e-03   2.7742982e-03   3.4843167e-03   0.0000000e+00   7.6117163e-03   1.3563259e-02   0.0000000e+00   7.5114971e-03   7.5374639e-02   8.9841210e-02   9.9347854e-01
   1.0000000e+00   5.1257512e-01   0.0000000e+00   0.0000000e+00   0.0000000e+00   0.0000000e+00   0.0000000e+00   0.0000000e+00   0.0000000e+00   0.0000000e+00   6.5794384e-16   6.8446380e-16   1.0000000e+00
   0.0000000e+00   1.0000000e+00   0.0000000e+00   8.1583396e-11   0.0000000e+00   0.0000000e+00   0.0000000e+00   0.0000000e+00   0.0000000e+00   0.0000000e+00   1.1714554e-15   1.0000000e+00   0.0000000e+00
   6.3282212e-02   9.5498693e-01   7.5922927e-04   2.7994304e-05   1.2565624e-02   0.0000000e+00   2.0677414e-03   8.3392712e-03   1.7497579e-02   2.7761403e-03   7.0337110e-02   9.9311933e-01   9.9294046e-02
   1.3784962e-01   9.1205913e-01   6.7604691e-03   1.0127444e-05   3.2549500e-02   4.3033374e-03   0.0000000e+00   1.6697441e-03   2.5028843e-02   4.4232156e-03   1.3472114e-01   9.6905931e-01   2.1522635e-01
   2.2358566e-01   8.7176939e-01   0.0000000e+00   2.7731278e-06   2.4407133e-02   4.9029574e-02   9.6326153e-04   2.2988746e-02   9.8506485e-03   2.4778584e-02   1.8864905e-01   9.2387544e-01   3.4549059e-01
   3.1964189e-01   8.2684782e-01   1.0739060e-02   1.2095971e-05   2.5603244e-02   1.5610793e-02   3.0501023e-03   2.7812897e-02   3.2453507e-02   2.0484658e-02   2.3625893e-01   8.4711497e-01   4.8283451e-01
   4.2372312e-01   7.8342939e-01   9.6381347e-04   7.0774246e-04   6.3166949e-03   2.7755341e-02   1.6825656e-03   9.6705998e-03   2.3189987e-02   2.6034729e-02   2.6300361e-01   7.4305557e-01   6.1882896e-01
   6.3852969e-01   7.0445598e-01   1.1838115e-05   3.5157249e-02   1.7973196e-03   2.2744007e-03   1.4533329e-02   0.0000000e+00   0.0000000e+00   5.2099647e-03   2.4114214e-01   4.8157153e-01   8.4433828e-01
   7.4168023e-01   6.6922847e-01   1.4026876e-05   2.8129340e-02   1.4352820e-02   6.5091817e-03   2.4038511e-02   6.3794327e-04   3.7383001e-03   1.5979634e-03   1.9630527e-01   3.4319269e-01   9.2030132e-01
   8.3641479e-01   6.3912502e-01   1.2360976e-03   2.1088661e-02   1.2496504e-02   9.8945767e-03   1.8498231e-02   2.2305886e-04   8.8026969e-03   1.2135326e-03   1.3662320e-01   2.1463111e-01   9.6825197e-01
   9.2277322e-01   6.1042515e-01   1.2539867e-02   9.3381242e-04   2.4989054e-03   1.2478533e-03   1.8635530e-03   0.0000000e+00   9.5689832e-04   7.5243757e-03   6.9531171e-02   9.9073425e-02   9.9287652e-01
   1.0000000e+00   5.1257512e-01   0.0000000e+00   0.0000000e+00   0.0000000e+00   0.0000000e+00   0.0000000e+00   0.0000000e+00   0.0000000e+00   0.0000000e+00   6.5794384e-16   6.8446380e-16   1.0000000e+00
   0.0000000e+00   1.0000000e+00   0.0000000e+00   8.1583396e-11   0.0000000e+00   0.0000000e+00   0.0000000e+00   0.0000000e+00   0.0000000e+00   0.0000000e+00   1.1714554e-15   1.0000000e+00   0.0000000e+00
   1.5414378e-01   9.1709365e-01   4.2652898e-03   0.0000000e+00   3.7334540e-02   1.2897983e-02   0.0000000e+00   1.7981175e-03   2.2411898e-02   8.8144207e-03   1.2634564e-01   9.6468983e-01   2.4028786e-01
   2.5240068e-01   8.7458928e-01   0.0000000e+00   1.5241372e-05   2.7649024e-02   5.4042296e-02   8.1891126e-04   2.4365351e-02   1.1788889e-02   2.6241220e-02   1.8146280e-01   9.0920905e-01   3.8813676e-01
   3.6432774e-01   8.3769137e-01   1.0298685e-02   3.6407248e-07   2.3310747e-02   3.9923559e-02   2.0718969e-05   2.5060985e-02   2.9225227e-02   2.1376868e-02   2.1290328e-01   8.1689374e-01   5.4381915e-01
   4.8501025e-01   8.0357703e-01   3.2527663e-03   2.3583525e-04   4.1290645e-03   2.2714130e-02   1.5799983e-03   1.0573398e-02   4.2706907e-02   3.4315832e-02   2.2052592e-01   6.9191336e-01   6.9278882e-01
   6.0455435e-01   7.6359938e-01   0.0000000e+00   3.5977800e-02   0.0000000e+00   3.7267868e-02   6.2975880e-03   0.0000000e+00   4.1512623e-03   4.2127198e-03   2.1176169e-01   5.4381204e-01   8.1544400e-01
   7.1954608e-01   7.2609172e-01   5.2562959e-03   4.3099544e-02   4.8756346e-03   8.8655801e-05   6.4830815e-03   4.9388159e-03   1.0606451e-02   7.1341003e-03   1.7824276e-01   3.8838884e-01   9.0645782e-01
   8.2708338e-01   7.0766332e-01   0.0000000e+00   2.1271045e-02   1.4194701e-02   1.3916880e-02   1.3756402e-02   3.9133821e-04   1.3088392e-02   1.0950924e-03   1.1905834e-01   2.4078723e-01   9.6450357e-01
   9.1935430e-01   6.7458805e-01   0.0000000e+00   5.8348034e-03   0.0000000e+00   0.0000000e+00   0.0000000e+00   0.0000000e+00   0.0000000e+00   9.0784201e-05   6.1805550e-02   1.1019443e-01   9.9202085e-01
   1.0000000e+00   5.1257512e-01   0.0000000e+00   0.0000000e+00   0.0000000e+00   0.0000000e+00   0.0000000e+00   0.0000000e+00   0.0000000e+00   0.0000000e+00   6.5794384e-16   6.8446380e-16   1.0000000e+00
   0.0000000e+00   1.0000000e+00   0.0000000e+00   8.1583396e-11   0.0000000e+00   0.0000000e+00   0.0000000e+00   0.0000000e+00   0.0000000e+00   0.0000000e+00   1.1714554e-15   1.0000000e+00   0.0000000e+00
   1.7592195e-01   9.2284962e-01   1.1531313e-03   1.3531782e-05   3.4472241e-02   9.6043948e-03   6.9120953e-03   3.8260591e-03   3.2839392e-02   1.1299731e-03   1.1658657e-01   9.5732011e-01   2.7349535e-01
   2.9079851e-01   8.8529148e-01   2.4069461e-02   1.0031148e-04   1.8150841e-02   3.4493298e-04   2.7018015e-02   1.1179555e-02   1.3744472e-03   1.8255986e-02   1.6117439e-01   8.8479898e-01   4.4199103e-01
   5.5608561e-01   8.0816563e-01   4.5903251e-03   5.4369821e-03   1.3373683e-03   2.0806733e-02   3.0171463e-04   1.5217762e-02   3.1029552e-02   2.5941034e-02   1.9103400e-01   6.1465823e-01   7.6838296e-01
   6.9099355e-01   7.7597700e-01   2.7228986e-02   4.3238894e-03   7.9971477e-03   2.8350474e-03   0.0000000e+00   5.0359696e-03   3.2819273e-03   3.3547698e-03   1.6095040e-01   4.3834564e-01   8.8527274e-01
   8.0918206e-01   7.4921439e-01   3.7549118e-03   2.6283877e-02   1.7589258e-02   8.4113463e-03   1.5210974e-02   3.6940604e-05   0.0000000e+00   1.6258510e-03   1.1348025e-01   2.7301216e-01   9.5667472e-01
   9.1268406e-01   7.0302187e-01   0.0000000e+00   3.2476770e-03   1.2175841e-04   6.3245959e-04   1.5511768e-04   0.0000000e+00   0.0000000e+00   0.0000000e+00   6.1493991e-02   1.2211832e-01   9.9061980e-01
   1.0000000e+00   5.1257512e-01   0.0000000e+00   0.0000000e+00   0.0000000e+00   0.0000000e+00   0.0000000e+00   0.0000000e+00   0.0000000e+00   0.0000000e+00   6.5794384e-16   6.8446380e-16   1.0000000e+00
   0.0000000e+00   1.0000000e+00   0.0000000e+00   8.1583396e-11   0.0000000e+00   0.0000000e+00   0.0000000e+00   0.0000000e+00   0.0000000e+00   0.0000000e+00   1.1714554e-15   1.0000000e+00   0.0000000e+00
   2.0338035e-01   9.3672596e-01   3.1958270e-03   2.3338281e-05   1.0680960e-03   0.0000000e+00   1.7794206e-03   0.0000000e+00   1.0735365e-02   3.3794905e-02   9.4326230e-02   9.4591836e-01   3.1446202e-01
   4.9204479e-01   8.6037734e-01   3.6177246e-03   9.9387384e-04   2.4561384e-03   6.8404180e-02   6.9818083e-04   1.3285849e-02   2.1770500e-02   1.9056053e-02   1.5664172e-01   7.0273105e-01   7.0220492e-01
   6.4410665e-01   8.1817544e-01   1.8475734e-02   0.0000000e+00   9.3544156e-03   0.0000000e+00   0.0000000e+00   5.0667332e-03   2.0253979e-05   5.0664675e-03   1.4949912e-01   5.0912836e-01   8.4817389e-01
   7.8385260e-01   7.8451741e-01   2.4729152e-03   4.0245051e-02   2.3370507e-04   1.4873717e-03   9.0812286e-03   4.4391025e-03   2.2666309e-02   1.2641407e-02   1.1085205e-01   3.1489667e-01   9.4518002e-01
   9.0265972e-01   7.5445355e-01   1.5395672e-02   0.0000000e+00   1.2383646e-03   9.1266437e-03   3.2789174e-03   7.7959655e-04   3.8611907e-03   6.3884790e-03   5.7321731e-02   1.4117220e-01   9.8871768e-01
   1.0000000e+00   5.1257512e-01   0.0000000e+00   0.0000000e+00   0.0000000e+00   0.0000000e+00   0.0000000e+00   0.0000000e+00   0.0000000e+00   0.0000000e+00   8.1182126e-16   8.4454361e-16   1.0000000e+00
   0.0000000e+00   1.0000000e+00   0.0000000e+00   8.1583396e-11   0.0000000e+00   0.0000000e+00   0.0000000e+00   0.0000000e+00   0.0000000e+00   0.0000000e+00   1.1714554e-15   1.0000000e+00   0.0000000e+00
   2.4178385e-01   9.6234767e-01   0.0000000e+00   5.2321645e-05   0.0000000e+00   0.0000000e+00   1.0185398e-03   4.6678908e-03   1.2723522e-02   1.3437369e-02   5.4917650e-02   9.2745608e-01   3.7086381e-01
   4.0555444e-01   8.9768013e-01   6.0217167e-03   0.0000000e+00   2.3735271e-03   3.4376772e-02   2.3487278e-03   1.1416571e-02   1.4451441e-02   1.1090508e-02   1.2886105e-01   7.9483965e-01   5.9582743e-01
   5.8905035e-01   9.1423626e-01   5.9165080e-04   6.0290709e-03   2.5226823e-03   4.2017963e-02   1.3612094e-03   9.0690093e-03   3.0906840e-02   1.4752609e-02   8.1050418e-02   5.9798901e-01   8.0123684e-01
   7.5194561e-01   8.4367451e-01   1.6234909e-02   1.1097495e-02   1.4413185e-02   8.0719241e-03   1.0355271e-02   6.0347583e-03   1.1608235e-02   0.0000000e+00   9.2428306e-02   3.6880893e-01   9.2591247e-01
   8.9059784e-01   8.1080652e-01   1.9547640e-02   3.5989154e-03   3.5781354e-03   9.0106851e-03   4.5394477e-03   5.7537415e-04   0.0000000e+00   6.0847841e-03   5.0102334e-02   1.6359736e-01   9.8580931e-01
   0.0000000e+00   1.0000000e+00   0.0000000e+00   8.1583396e-11   0.0000000e+00   0.0000000e+00   0.0000000e+00   0.0000000e+00   0.0000000e+00   0.0000000e+00   1.1714554e-15   1.0000000e+00   0.0000000e+00
   1.2538412e-01   1.0000000e+00   0.0000000e+00   0.0000000e+00   0.0000000e+00   0.0000000e+00   6.5134071e-05   7.1127856e-04   0.0000000e+00   0.0000000e+00   6.0048590e-17   9.8066789e-01   1.9568217e-01
   2.9413635e-01   9.4487377e-01   3.1092494e-05   1.6185754e-05   4.1228786e-03   4.8455730e-03   4.2297793e-03   0.0000000e+00   3.8697507e-03   4.0918071e-03   7.7423059e-02   8.9187663e-01   4.4580482e-01
   4.9609998e-01   9.0065619e-01   9.9591764e-03   1.1223347e-04   1.9947701e-03   3.7185391e-02   3.6652761e-03   9.2999427e-03   2.7434774e-02   1.5252283e-02   1.1085140e-01   7.0458779e-01   7.0456861e-01
   7.0037360e-01   8.7677459e-01   1.6024182e-02   2.4211083e-04   1.4896368e-02   1.0974836e-02   8.2504778e-03   3.5171439e-03   1.1390442e-02   0.0000000e+00   8.7297622e-02   4.4535932e-01   8.9199416e-01
   8.7098151e-01   8.4501475e-01   1.1367757e-02   0.0000000e+00   1.8118747e-02   2.2569816e-05   7.5555924e-04   6.0844098e-03   1.2164587e-02   8.1414288e-03   4.8552838e-02   1.9548065e-01   9.8022914e-01
   1.0000000e+00   5.0150125e-01   0.0000000e+00   4.4474933e-12   0.0000000e+00   0.0000000e+00   0.0000000e+00   0.0000000e+00   0.0000000e+00   0.0000000e+00   4.3195579e-17   4.3399786e-17   1.0000000e+00
   0.0000000e+00   1.0000000e+00   0.0000000e+00   8.1583396e-11   0.0000000e+00   0.0000000e+00   0.0000000e+00   0.0000000e+00   0.0000000e+00   0.0000000e+00   1.1714554e-15   1.0000000e+00   0.0000000e+00
   1.5550738e-01   9.8505304e-01   7.4659027e-04   7.7652053e-06   6.5355093e-03   2.0488370e-04   0.0000000e+00   1.5922492e-04   1.3348545e-02   2.4380580e-04   2.2784593e-02   9.7026154e-01   2.4190206e-01
   3.7337831e-01   9.4885272e-01   0.0000000e+00   9.3031179e-06   0.0000000e+00   1.4275867e-04   0.0000000e+00   7.1737447e-04   0.0000000e+00   5.1177249e-03   6.6845200e-02   8.3021772e-01   5.5346518e-01
   6.2551207e-01   9.6666535e-01   6.1329414e-05   2.2634986e-03   9.7794551e-04   2.3720035e-02   3.4447285e-03   1.8509162e-02   2.1916447e-02   1.9958375e-02   2.9094764e-02   5.5513920e-01   8.3341520e-01
   8.4396928e-01   9.6115113e-01   1.0118428e-02   1.0188761e-05   1.3605830e-02   1.0388518e-03   8.9714337e-04   6.7148345e-03   1.0197864e-02   9.2091893e-03   1.4805706e-02   2.4232112e-01   9.7062253e-01
   1.0000000e+00   5.0150125e-01   0.0000000e+00   4.4474933e-12   0.0000000e+00   0.0000000e+00   0.0000000e+00   0.0000000e+00   0.0000000e+00   0.0000000e+00   4.3195579e-17   4.3399786e-17   1.0000000e+00
   1.0000000e+00   5.0150125e-01   0.0000000e+00   4.4474933e-12   0.0000000e+00   0.0000000e+00   0.0000000e+00   0.0000000e+00   0.0000000e+00   0.0000000e+00   4.3195579e-17   4.3399786e-17   1.0000000e+00
   0.0000000e+00   1.0000000e+00   0.0000000e+00   8.1583396e-11   0.0000000e+00   0.0000000e+00   0.0000000e+00   0.0000000e+00   0.0000000e+00   0.0000000e+00   1.1714554e-15   1.0000000e+00   0.0000000e+00
   2.9456047e-01   9.7168008e-01   1.2408649e-03   1.6430369e-05   3.7198933e-03   3.6333311e-03   5.4828391e-03   0.0000000e+00   5.0711628e-04   3.3559392e-03   3.9797041e-02   8.9403048e-01   4.4639223e-01
   7.0497672e-01   9.6461324e-01   3.4942637e-03   5.1325140e-05   1.8675937e-03   1.3448341e-02   8.0469518e-04   1.3756304e-02   2.5093563e-02   1.3108122e-02   2.4864009e-02   4.4685115e-01   8.9559095e-01
   1.0000000e+00   5.0150125e-01   0.0000000e+00   4.4474933e-12   0.0000000e+00   0.0000000e+00   0.0000000e+00   0.0000000e+00   0.0000000e+00   0.0000000e+00   4.3195579e-17   4.3399786e-17   1.0000000e+00
   0.0000000e+00   1.0000000e+00   0.0000000e+00   8.1583396e-11   0.0000000e+00   0.0000000e+00   0.0000000e+00   0.0000000e+00   0.0000000e+00   0.0000000e+00   1.1714554e-15   1.0000000e+00   0.0000000e+00
   4.9999516e-01   1.0000000e+00   3.8414033e-03   3.7475003e-05   7.3832848e-04   3.6224684e-02   2.2083590e-03   1.2850976e-02   2.9014782e-02   3.0740277e-02   3.5849258e-16   7.0943459e-01   7.0942379e-01
   1.0000000e+00   5.0150125e-01   0.0000000e+00   4.4474933e-12   0.0000000e+00   0.0000000e+00   0.0000000e+00   0.0000000e+00   0.0000000e+00   0.0000000e+00   4.3195579e-17   4.3399786e-17   1.0000000e+00
   0.0000000e+00   1.0000000e+00   0.0000000e+00   8.1583396e-11   0.0000000e+00   0.0000000e+00   0.0000000e+00   0.0000000e+00   0.0000000e+00   0.0000000e+00   1.1714554e-15   1.0000000e+00   0.0000000e+00
   1.0000000e+00   5.0150125e-01   0.0000000e+00   4.4474933e-12   0.0000000e+00   0.0000000e+00   0.0000000e+00   0.0000000e+00   0.0000000e+00   0.0000000e+00   4.3195579e-17   4.3399786e-17   1.0000000e+00
   4.9999516e-01   1.0000000e+00   3.8414033e-03   3.7475003e-05   7.3832848e-04   3.6224684e-02   2.2083590e-03   1.2850976e-02   2.9014782e-02   3.0740277e-02   3.5849258e-16   7.0943459e-01   7.0942379e-01
