   0.0000000e+00   7.3118473e-06   8.7788342e-07   5.9716221e-07   8.1663149e-06   2.0801381e-05   0.0000000e+00   1.1244332e-05   8.2315880e-06   3.9682989e-05   7.2362559e-05   0.0000000e+00   2.3149504e-04   2.0525567e-05   4.7970329e-05   0.0000000e+00   8.7466427e-06   6.3785875e-06   6.4874115e-05   9.6578145e-05   4.7238582e-05   0.0000000e+00   0.0000000e+00   0.0000000e+00   3.1942353e-08   0.0000000e+00   0.0000000e+00   0.0000000e+00   9.6300766e-06   3.9676166e-08   0.0000000e+00   1.0002181e+00   1.0000000e+00             Inf
   1.0000000e+00   2.3298896e-06   1.1201777e-06   1.2069293e-08   2.7247783e-05   0.0000000e+00   3.4675720e-07   0.0000000e+00   2.1860145e-06   1.1621002e-05   7.0388827e-05   5.5950251e-06   5.6098851e-06   1.5645737e-05   9.8995971e-06   0.0000000e+00   0.0000000e+00   1.1476539e-05   5.4965494e-05   2.5816796e-05   0.0000000e+00   0.0000000e+00   9.1641401e-05   6.4240932e-06   7.3300239e-06   0.0000000e+00   0.0000000e+00   2.6392636e-05   3.1039907e-05   0.0000000e+00   1.0000000e+00   2.5266038e-04   1.0000000e+00             Inf
   5.2040023e-01   1.4407492e-05   1.9906817e-05   1.5186312e-07   7.9275362e-05   7.7326550e-04   3.3725933e-05   2.5768954e-04   9.4250714e-06   0.0000000e+00   1.5126561e-05   3.6834650e-04   2.8821165e-03   2.3061083e-05   5.6412826e-05   0.0000000e+00   8.6548214e-05   1.6224220e-06   1.0947634e-04   1.8099523e-04   5.6102108e-05   1.4768856e-04   0.0000000e+00   1.0733784e-03   2.0092778e-07   6.8927068e-05   1.6090321e-06   1.2033030e-05   7.0454379e-06   1.7788810e-07   5.2040023e-01   7.3165884e-01   1.0000000e+00   6.0489267e-02
   6.2801841e-01   1.0089211e-05   4.6905691e-05   6.3432551e-08   2.1934243e-06   1.7922300e-04   0.0000000e+00   1.4384427e-04   2.6143353e-04   1.0043363e-05   3.0553673e-04   2.6667174e-04   2.4512872e-05   5.8430060e-05   6.7521569e-05   0.0000000e+00   1.5329154e-04   8.7299474e-06   4.6527108e-05   6.7900858e-05   4.2854760e-06   5.6139850e-04   2.3008266e-06   1.0413756e-04   2.8362768e-06   1.8455030e-04   1.0451651e-04   7.9813360e-06   1.3113686e-05   2.3463979e-07   6.2801841e-01   6.0673432e-01   1.0000000e+00   5.0960733e-02
   5.3795668e-01   1.0988717e-05   5.4307606e-05   0.0000000e+00   2.3987893e-06   1.6464202e-04   5.9041470e-07   1.5112569e-04   2.2480017e-04   6.5943680e-06   3.0402087e-04   1.8887093e-04   0.0000000e+00   6.1687444e-05   5.8646191e-05   6.5196144e-06   1.3860648e-04   8.7909364e-06   4.4734888e-05   1.1182932e-04   8.8799926e-07   4.5018501e-04   0.0000000e+00   9.4275034e-05   2.7018494e-06   2.5687600e-04   9.3513642e-05   1.5350557e-05   8.4106774e-06   3.0698993e-07   5.3795668e-01   7.1158749e-01   1.0000000e+00   5.0713971e-02
   7.3070504e-01   1.7317616e-06   3.0700349e-06   7.8127108e-08   0.0000000e+00   0.0000000e+00   1.5167963e-05   3.2766803e-04   5.0013321e-06   0.0000000e+00   7.0040549e-05   3.9850724e-05   3.5445873e-05   2.9388151e-05   1.6833947e-04   8.8919799e-05   5.9783667e-06   8.8769304e-07   5.5932294e-05   0.0000000e+00   0.0000000e+00   0.0000000e+00   5.4828973e-04   1.5705092e-04   2.3602514e-06   0.0000000e+00   1.6994465e-04   3.9413628e-04   2.1106996e-05   0.0000000e+00   7.3070504e-01   4.6708883e-01   1.0000000e+00   5.0390252e-02
   3.2618883e-01   2.7214611e-05   6.1557388e-05   3.1397869e-07   0.0000000e+00   0.0000000e+00   1.7607360e-05   5.6770490e-06   2.9858524e-05   1.9197456e-07   2.2204619e-05   9.5278475e-05   4.0164604e-04   1.0283818e-05   0.0000000e+00   7.4453433e-07   8.9463734e-05   1.7247255e-06   8.7497059e-05   1.4097446e-04   1.3821508e-04   5.1924855e-05   2.5048121e-04   2.1362674e-04   4.2507724e-07   8.7599267e-06   4.3192110e-05   5.6869214e-05   7.6578263e-06   1.3768538e-07   3.2618883e-01   8.9420635e-01   1.0000000e+00   4.4922964e-02
   7.0301913e-01   1.9772130e-05   0.0000000e+00   2.3646378e-08   1.7702826e-04   5.1466083e-04   2.0801143e-04   5.2299634e-04   1.0050985e-04   2.9733818e-05   5.9786827e-05   4.5273043e-04   2.9866739e-05   3.9921534e-06   3.4059801e-04   3.5886646e-04   4.4938048e-05   6.8954714e-07   5.7909538e-05   9.9596541e-05   6.2263247e-06   1.3504545e-03   1.9635255e-06   2.7359499e-05   9.9503904e-06   2.9378519e-05   5.2760579e-05   0.0000000e+00   2.9597038e-05   1.2074032e-07   7.0301913e-01   5.0786360e-01   1.0000000e+00   4.0906988e-02
   5.9142267e-01   0.0000000e+00   1.1691979e-05   5.9761316e-08   5.7869429e-06   3.9644580e-06   1.1167405e-05   2.4892434e-04   0.0000000e+00   4.3715913e-07   5.9160096e-05   4.6724851e-05   0.0000000e+00   2.9173637e-05   1.9609391e-04   6.5747139e-05   0.0000000e+00   2.5535320e-06   5.7707523e-05   0.0000000e+00   0.0000000e+00   4.3827909e-06   2.6813469e-04   9.9413255e-05   3.1085511e-06   5.9375328e-07   1.5531331e-04   1.4060663e-04   2.3247518e-05   4.6615385e-09   5.9142267e-01   6.5081985e-01   1.0000000e+00   4.0390158e-02
   6.9417557e-01   4.9359352e-06   0.0000000e+00   1.8024911e-08   2.0864836e-05   0.0000000e+00   1.2809455e-05   0.0000000e+00   1.3734527e-05   8.4796819e-06   6.3477184e-05   0.0000000e+00   7.0877571e-05   1.2028763e-05   3.9168417e-05   1.9160729e-05   0.0000000e+00   1.5484344e-05   5.2864381e-05   3.9629202e-05   0.0000000e+00   7.2928327e-05   7.7338343e-05   3.0686503e-04   4.1998429e-06   5.9135119e-06   2.1383447e-04   2.4235335e-05   2.9591476e-05   8.0295449e-08   6.9417557e-01   5.1863003e-01   1.0000000e+00   3.9594784e-02
   8.5984340e-01   5.3885195e-06   4.5794566e-06   9.9926648e-08   2.4079789e-07   3.5225170e-04   0.0000000e+00   3.3482940e-04   4.3514407e-05   0.0000000e+00   1.6458403e-04   1.8197184e-04   1.6918143e-06   3.5611700e-05   1.2655243e-04   2.5010387e-04   8.3493807e-05   1.2517204e-06   6.4289673e-05   5.8518237e-05   0.0000000e+00   7.4394499e-04   1.2706545e-04   2.6035466e-05   4.9385576e-06   3.4592609e-06   1.6302425e-04   2.6609377e-05   3.1911029e-05   2.0913318e-08   8.5984340e-01   2.6219959e-01   1.0000000e+00   3.8320933e-02
   1.8441864e-01   1.5871383e-06   3.4727977e-07   2.9260302e-08   2.0968367e-05   2.9860329e-04   7.9974879e-05   3.4561713e-04   1.2492340e-04   4.5118346e-05   8.5832610e-05   1.1906796e-04   1.4877291e-04   3.7515884e-05   2.9851568e-04   0.0000000e+00   6.4468666e-04   2.9664849e-06   5.2917508e-05   8.8811864e-05   6.0689940e-05   3.4784065e-04   2.1242872e-04   2.0464717e-05   0.0000000e+00   4.6954468e-07   4.9872701e-05   0.0000000e+00   0.0000000e+00   1.8014760e-07   1.8441864e-01   9.6698074e-01   1.0000000e+00   3.8289367e-02
   7.6131173e-01   0.0000000e+00   5.4013335e-06   7.8108148e-08   0.0000000e+00   0.0000000e+00   2.3301820e-07   2.5649325e-04   0.0000000e+00   5.5671119e-07   6.6239204e-05   8.2121715e-05   9.7027002e-07   2.6812459e-05   1.6268428e-04   1.4561336e-04   9.9221717e-06   0.0000000e+00   5.9552622e-05   1.4039179e-05   9.5409522e-06   8.7426572e-06   2.6800942e-04   1.4421377e-04   3.1212236e-06   0.0000000e+00   1.9823050e-04   1.5577863e-04   2.2512029e-05   2.3787810e-08   7.6131173e-01   4.2120869e-01   1.0000000e+00   3.8153955e-02
   6.0364563e-01   1.7594925e-05   1.1981836e-04   2.5653674e-07   2.0483487e-04   2.9688987e-03   1.4518838e-04   4.2512423e-04   6.7052560e-05   9.1547388e-06   6.4618613e-05   1.6640533e-04   2.9136884e-04   3.8223726e-06   2.0362784e-04   3.2909976e-05   6.8215360e-06   1.5156036e-06   4.3599943e-05   1.6966431e-04   1.7012442e-05   3.6774048e-04   0.0000000e+00   0.0000000e+00   1.4211725e-05   3.8280054e-05   5.8975066e-05   0.0000000e+00   3.9436137e-05   8.6491581e-08   6.0364563e-01   6.3793046e-01   1.0000000e+00   3.8125824e-02
   7.1628108e-01   0.0000000e+00   0.0000000e+00   3.5605017e-08   3.2339504e-06   0.0000000e+00   9.7429603e-06   3.3490499e-04   2.7908464e-06   2.5781900e-06   5.4688546e-05   5.8844594e-05   0.0000000e+00   2.8776804e-05   1.7430234e-04   8.9796989e-05   3.1114964e-06   9.2782297e-07   5.6138268e-05   1.4181211e-05   0.0000000e+00   0.0000000e+00   3.1584264e-04   2.0960838e-04   2.8544309e-06   0.0000000e+00   2.2852703e-04   1.5553972e-04   2.3101648e-05   2.5543482e-08   7.1628108e-01   4.8777219e-01   1.0000000e+00   3.8091303e-02
   6.1399989e-01   9.9054301e-06   5.2352438e-06   9.5198331e-08   1.3013234e-05   1.2121519e-04   3.2146235e-05   1.1438369e-04   7.1282553e-04   5.5085514e-06   1.3982649e-04   7.8454134e-05   0.0000000e+00   3.0111834e-05   3.8405010e-05   2.1438669e-05   2.4892188e-04   2.3000998e-06   4.8039828e-05   1.1573863e-04   6.7154651e-06   7.5732085e-04   6.6478041e-05   3.5312350e-04   2.8729450e-06   2.4984826e-04   9.0959294e-05   2.8755470e-05   1.1612036e-05   2.8359690e-07   6.1399989e-01   6.2441634e-01   1.0000000e+00   3.8066759e-02
   3.0559192e-01   5.6219246e-06   6.9165944e-05   1.1214817e-07   2.6426217e-05   6.6506879e-05   0.0000000e+00   5.0398370e-04   1.6674838e-05   9.2350735e-06   1.7997135e-05   7.5687644e-05   1.8088807e-04   1.4918151e-05   4.1671709e-05   3.4890961e-06   5.9824992e-04   1.2603300e-06   6.1096669e-05   3.4854982e-04   6.1519338e-05   3.7188245e-05   1.3342645e-04   1.7639754e-04   1.2886163e-07   5.7406480e-08   9.9429743e-06   3.4285803e-05   1.3090115e-05   0.0000000e+00   3.0559192e-01   9.0746441e-01   1.0000000e+00   3.5974808e-02
   5.8476506e-01   2.4431282e-05   1.1924341e-05   0.0000000e+00   1.5211692e-04   4.5995953e-04   2.6337943e-04   4.4549217e-04   5.4487494e-05   2.6853868e-05   5.4339292e-05   1.6358369e-04   0.0000000e+00   4.4763560e-06   4.3050733e-04   6.5212643e-05   2.0260633e-05   1.6748930e-06   3.3974437e-05   1.2511880e-04   2.8966732e-05   7.9721198e-04   3.1263476e-05   0.0000000e+00   1.8822059e-05   2.3374611e-05   6.6621172e-05   1.7031309e-06   3.1324498e-05   1.0798663e-07   5.8476506e-01   6.5943929e-01   1.0000000e+00   3.4407846e-02
   6.8589552e-01   0.0000000e+00   0.0000000e+00   9.2553541e-08   4.1928782e-06   1.0174808e-08   1.1147698e-05   3.2120379e-04   2.2778598e-06   3.1768962e-06   5.0772220e-05   4.8282762e-05   6.7808286e-06   2.8992070e-05   1.8384344e-04   4.6380162e-05   2.6255314e-06   8.5554718e-07   5.6374000e-05   2.7770071e-05   1.7767819e-07   0.0000000e+00   3.2575231e-04   2.0771239e-04   2.7995650e-06   0.0000000e+00   2.1526455e-04   1.5455153e-04   2.3073095e-05   3.2325277e-08   6.8589552e-01   5.3033400e-01   1.0000000e+00   3.2621762e-02
   8.7247776e-01   1.2798897e-06   2.4130900e-05   1.0094818e-07   2.6151157e-05   8.3834911e-05   5.4625106e-05   1.2875933e-05   2.3340807e-06   2.0226909e-05   8.1629964e-05   3.3831862e-05   9.4860089e-05   1.0289899e-05   0.0000000e+00   1.3918509e-05   3.6563933e-05   1.4099218e-05   5.9988956e-05   0.0000000e+00   2.1062810e-05   2.3668233e-04   1.0972697e-04   1.1670052e-04   3.7068316e-06   4.3380731e-07   7.5758900e-05   1.4070717e-05   3.4267988e-05   2.0623332e-08   8.7247776e-01   2.3942916e-01   1.0000000e+00   3.2426559e-02
   6.3657632e-01   9.6832143e-06   6.1331736e-06   9.5743732e-08   1.0834680e-05   1.2244240e-04   4.0847034e-05   1.1463039e-04   3.7956492e-04   4.1945869e-06   1.3985559e-04   7.8286180e-05   1.2769280e-07   3.2836696e-05   3.4375169e-05   2.0962817e-05   2.3949570e-04   5.8152977e-06   5.0773692e-05   1.2963923e-04   8.1469332e-06   7.6428042e-04   5.2443656e-05   2.5307681e-04   2.6644745e-06   2.6462971e-04   9.1729216e-05   2.9952563e-05   7.7761054e-06   2.3703542e-07   6.3657632e-01   5.9603302e-01   1.0000000e+00   3.2092325e-02
   7.3683396e-01   0.0000000e+00   4.1124463e-06   8.8465585e-08   4.7691207e-06   0.0000000e+00   8.0656572e-06   3.0174614e-04   2.6033460e-06   3.9291494e-06   8.0951747e-05   3.9958934e-05   1.3621857e-04   2.8630120e-05   2.2679657e-04   8.2942645e-05   9.8615379e-06   8.4483289e-07   6.3426815e-05   1.4775527e-06   0.0000000e+00   8.0911191e-06   3.3375289e-04   1.3763939e-04   3.2800639e-06   2.6114493e-05   1.5102559e-04   1.1690950e-04   2.3374944e-05   1.7442534e-08   7.3683396e-01   4.5793585e-01   1.0000000e+00   3.1099626e-02
   2.8179184e-01   6.9018143e-06   8.0205354e-05   1.2150276e-07   2.6569661e-05   6.4951167e-05   0.0000000e+00   4.7927206e-04   1.9008918e-05   1.0087011e-05   0.0000000e+00   8.0487281e-05   2.1036675e-04   1.5827130e-05   3.0713804e-05   5.7275794e-06   6.3481386e-04   1.9551085e-06   6.1064951e-05   3.4472552e-04   8.2582149e-05   3.0042810e-05   1.3213824e-04   2.4384016e-04   1.6072079e-09   0.0000000e+00   0.0000000e+00   3.5695748e-05   1.0850826e-05   0.0000000e+00   2.8179184e-01   9.2146694e-01   1.0000000e+00   3.1052097e-02
   6.5215135e-01   8.2149985e-06   6.3389231e-06   9.5059515e-08   1.2796640e-05   1.2712122e-04   4.3078673e-05   1.5157944e-04   3.9376062e-04   4.0357496e-06   1.5186872e-04   6.9840474e-05   0.0000000e+00   3.2208409e-05   3.5255856e-05   2.3708846e-05   1.4258701e-04   5.7790522e-06   5.1248796e-05   1.2236387e-04   1.5530291e-05   8.6920354e-04   5.1212823e-05   2.3981296e-04   2.4442543e-06   4.5223804e-04   8.3198910e-05   4.3043256e-05   7.5718178e-06   2.3031675e-07   6.5215135e-01   5.7608996e-01   1.0000000e+00   3.0966619e-02
   6.6422295e-01   4.0696464e-06   9.8319053e-05   1.0252156e-07   1.6410443e-05   1.8731424e-04   2.6048258e-06   3.6843632e-04   5.4461580e-05   1.8867172e-06   6.4985312e-05   1.4800222e-05   8.1150349e-05   1.6827296e-05   0.0000000e+00   2.8598407e-04   2.2985831e-04   2.0150024e-06   7.6487171e-05   3.5921609e-05   1.7706689e-05   3.2861332e-04   2.5016309e-04   1.0214417e-04   5.4256224e-06   5.4159985e-06   5.8926246e-05   1.3402260e-06   2.7764706e-05   0.0000000e+00   6.6422295e-01   5.5985386e-01   1.0000000e+00   3.0615711e-02
   7.7526432e-01   0.0000000e+00   0.0000000e+00   8.2481418e-08   3.2120505e-06   0.0000000e+00   9.9202227e-06   3.2924802e-04   2.8865758e-06   2.8218309e-06   5.5614945e-05   4.7676479e-05   0.0000000e+00   2.8664721e-05   1.8059859e-04   8.5077020e-05   0.0000000e+00   8.4363477e-07   5.7183709e-05   1.5062316e-05   0.0000000e+00   0.0000000e+00   3.0327115e-04   2.1312728e-04   2.8462850e-06   0.0000000e+00   2.3155678e-04   1.5516822e-04   2.3285640e-05   3.2222107e-08   7.7526432e-01   3.9983368e-01   1.0000000e+00   3.0262784e-02
   1.9997066e-01   2.8925858e-05   5.0554765e-05   1.8897898e-07   4.9289597e-05   1.1307298e-04   3.6140325e-05   2.8701006e-06   2.6072556e-05   0.0000000e+00   2.0868947e-05   1.3470841e-04   1.8243748e-04   8.3650872e-06   4.2151346e-05   0.0000000e+00   8.7623028e-05   3.9270498e-07   5.6856740e-05   1.4741086e-04   8.6098603e-05   1.1589395e-04   3.6508403e-04   3.4570583e-04   2.4593758e-06   1.0086435e-05   0.0000000e+00   8.1584012e-05   0.0000000e+00   1.7597753e-07   1.9997066e-01   9.6065562e-01   1.0000000e+00   2.9869062e-02
   7.8295442e-01   4.1592049e-06   1.2647035e-04   1.1832531e-07   1.6267954e-05   2.0628519e-04   3.7546385e-06   3.7251217e-04   3.8866123e-05   1.1498354e-06   6.4786206e-05   5.7651046e-06   8.7213041e-05   1.5364721e-05   0.0000000e+00   2.0053973e-04   9.8509144e-05   1.9689887e-06   7.7556092e-05   2.6878824e-05   5.4505267e-06   3.2932541e-04   2.4717918e-04   1.3333319e-04   5.2117081e-06   5.7234066e-06   6.4568087e-05   1.0637189e-06   2.1868931e-05   1.4430146e-08   7.8295442e-01   3.8806434e-01   1.0000000e+00   2.9806835e-02
   1.5440705e-02   6.7795025e-06   6.9114976e-07   8.9947544e-07   0.0000000e+00   0.0000000e+00   8.6322460e-06   2.6794206e-05   9.4933894e-06   3.8822905e-05   7.3273202e-05   3.0782141e-05   2.0369164e-04   2.0158833e-05   4.2985158e-05   1.4465164e-05   4.0677032e-05   4.4047945e-06   4.9792012e-05   7.6968491e-05   2.8840543e-05   5.8939692e-06   1.0070256e-05   3.5437978e-04   1.4177188e-07   1.0662044e-05   5.7141363e-06   9.9921808e-08   9.9101383e-06   4.1558854e-09   1.5440705e-02   1.0000953e+00   1.0000000e+00   2.9328714e-02
   9.4966666e-01   6.1036410e-06   1.9556087e-06   9.2199856e-08   0.0000000e+00   1.8905356e-04   2.4453778e-05   1.6451013e-04   3.4332094e-05   4.4736830e-07   1.0062679e-04   1.8695767e-04   0.0000000e+00   2.8419003e-05   8.6147699e-05   1.8538438e-04   5.5329730e-05   5.7516689e-07   7.2500247e-05   3.5012619e-05   1.3566671e-05   6.8773335e-04   1.2469891e-04   0.0000000e+00   6.0695652e-06   2.9379806e-05   1.1810765e-04   1.8480949e-05   1.5961156e-05   4.7197516e-08   9.4966666e-01   9.9423049e-02   1.0000000e+00   2.8870067e-02
   8.3466239e-01   1.0172327e-05   3.5246776e-06   3.8443252e-08   0.0000000e+00   0.0000000e+00   3.2852680e-07   3.3681282e-05   1.0487390e-05   5.7804733e-06   3.2939437e-05   1.8079663e-05   5.4240733e-05   1.6632352e-06   6.8917983e-05   2.0337956e-05   0.0000000e+00   9.6394390e-06   4.4938440e-05   2.8332902e-05   1.3987971e-05   5.7542721e-05   1.6336929e-04   5.2657300e-05   2.5356106e-06   9.0311859e-07   1.6543186e-04   1.5479342e-05   5.0113609e-05   3.6962325e-08   8.3466239e-01   3.0379419e-01   1.0000000e+00   2.8711365e-02
   7.1143152e-01   1.7999029e-06   5.0199035e-05   4.4344728e-08   1.5098520e-06   0.0000000e+00   2.2846867e-04   2.8955963e-04   1.1644266e-04   3.0368694e-05   8.5067643e-05   4.3780395e-05   1.2921156e-04   3.7116223e-05   2.8440962e-04   0.0000000e+00   3.4724200e-04   3.4342489e-06   5.8329910e-05   1.1118581e-04   1.5191072e-05   1.7289343e-04   3.1307240e-04   1.4552183e-05   2.0893065e-06   1.6479454e-05   2.6264930e-05   6.2683263e-06   0.0000000e+00   2.0268653e-07   7.1143152e-01   4.9497980e-01   1.0000000e+00   2.8676224e-02
   6.7450460e-01   1.2861763e-05   9.4702914e-06   0.0000000e+00   1.1154040e-04   4.9320587e-04   2.0027640e-04   4.2780293e-04   2.2129682e-05   3.5534556e-05   5.5075579e-05   1.5336967e-04   2.8924240e-05   1.1697242e-05   3.4005713e-04   4.8591165e-05   1.0328469e-05   1.2549269e-06   3.4279342e-05   1.0750381e-04   3.3729980e-05   1.0040686e-03   4.9342059e-05   0.0000000e+00   1.7076932e-05   2.0649041e-05   8.0219579e-05   1.6769557e-05   3.0613037e-05   2.7055683e-08   6.7450460e-01   5.4655859e-01   1.0000000e+00   2.8633852e-02
   8.4993005e-01   1.2078634e-06   1.2293884e-05   8.8138437e-08   7.3953378e-06   9.0592234e-05   5.1910146e-05   3.7151745e-05   4.3987722e-08   2.2542107e-05   1.0011464e-04   2.8236970e-05   7.3978826e-05   7.3270860e-06   6.8498337e-07   1.2019798e-05   1.1364352e-05   1.3635394e-05   6.0002916e-05   0.0000000e+00   0.0000000e+00   2.0042881e-04   1.1339611e-04   5.7257419e-05   3.8321378e-06   4.7180176e-07   9.2207801e-05   1.0890083e-05   3.6477770e-05   1.4330130e-08   8.4993005e-01   2.7817773e-01   1.0000000e+00   2.8134059e-02
   2.4099995e-01   2.2797489e-06   1.4888649e-06   0.0000000e+00   2.7510495e-05   2.9235964e-04   6.0197224e-05   3.2279683e-04   1.3967594e-04   2.5950873e-05   7.2814671e-05   5.3091611e-05   2.5648535e-04   3.1666804e-05   2.9726800e-04   0.0000000e+00   5.9322776e-04   2.6647073e-06   5.3614349e-05   8.8068290e-05   5.7751042e-05   3.4490889e-04   2.4624036e-04   0.0000000e+00   0.0000000e+00   3.0878899e-06   3.9638988e-05   4.0717837e-08   6.5755058e-06   2.9198077e-07   2.4099995e-01   9.4291055e-01   1.0000000e+00   2.7986044e-02
   4.5377592e-01   2.5296792e-05   4.4350920e-05   2.8102051e-07   3.7036043e-06   2.1642385e-05   2.8759588e-05   9.6879311e-06   2.1424011e-05   0.0000000e+00   1.1782950e-07   1.0693730e-04   1.8440569e-04   4.9057991e-07   0.0000000e+00   3.6095807e-05   9.1178628e-05   1.5532256e-06   5.6726872e-05   1.2928195e-04   1.6727279e-04   1.0097077e-04   2.6462150e-04   3.2465460e-04   1.1150739e-06   4.4569885e-06   1.0588454e-05   6.4029092e-05   0.0000000e+00   1.6227025e-07   4.5377592e-01   7.9472351e-01   1.0000000e+00   2.7897884e-02
   9.7642887e-01   0.0000000e+00   6.1176886e-06   0.0000000e+00   3.6232018e-05   2.9543504e-05   9.0770137e-07   0.0000000e+00   5.0443009e-06   1.8414709e-05   1.2013006e-04   0.0000000e+00   3.2564012e-05   1.0956099e-05   4.0648481e-05   0.0000000e+00   0.0000000e+00   1.1685953e-05   6.0276446e-05   4.8698343e-05   0.0000000e+00   8.0125978e-06   6.6416194e-05   0.0000000e+00   7.9713327e-06   3.7761031e-06   2.0005096e-04   0.0000000e+00   3.9619085e-05   9.7230054e-09   9.7642887e-01   4.7039516e-02   1.0000000e+00   2.7635692e-02
   9.8310771e-01   4.2053195e-06   0.0000000e+00   1.1476690e-07   1.6766484e-05   0.0000000e+00   5.3853885e-07   3.1335805e-05   0.0000000e+00   7.2586205e-06   2.4027067e-05   1.6697578e-07   4.1145469e-05   3.3804902e-05   0.0000000e+00   1.3487936e-04   7.8315657e-06   0.0000000e+00   1.0333949e-04   9.6774912e-05   5.9502345e-05   2.1356309e-05   3.6427436e-04   8.5943272e-05   0.0000000e+00   0.0000000e+00   1.0782436e-04   9.7176492e-05   1.3813659e-05   2.3965009e-08   9.8310771e-01   3.4263243e-02   1.0000000e+00   2.7621351e-02
   5.7555103e-01   1.1851694e-06   5.2938939e-06   5.2673579e-08   5.2525460e-06   0.0000000e+00   1.4447900e-05   2.7227086e-04   0.0000000e+00   3.7760986e-07   6.9265050e-05   4.5280788e-05   4.1602650e-05   2.8984814e-05   1.8930000e-04   5.4606724e-05   0.0000000e+00   1.9149867e-06   5.7772115e-05   0.0000000e+00   7.4452237e-07   0.0000000e+00   2.6821906e-04   1.0293484e-04   2.9186856e-06   0.0000000e+00   1.6317775e-04   1.4214307e-04   1.9540264e-05   0.0000000e+00   5.7555103e-01   6.6935541e-01   1.0000000e+00   2.7328355e-02
   4.4916626e-01   3.5183722e-05   1.6223434e-04   3.5909695e-07   0.0000000e+00   2.7639319e-05   3.6556834e-05   7.5243429e-05   0.0000000e+00   0.0000000e+00   5.7173584e-06   8.7225106e-05   1.7427529e-04   7.6567815e-06   0.0000000e+00   0.0000000e+00   7.8371604e-05   1.3655124e-06   5.5843244e-05   1.5150318e-04   2.3789428e-04   0.0000000e+00   2.1131084e-04   3.6406970e-04   6.6819242e-07   4.5867941e-06   2.9043168e-05   7.9326918e-05   7.2645709e-06   1.4188462e-07   4.4916626e-01   7.9893342e-01   1.0000000e+00   2.7210094e-02
   7.5163031e-01   0.0000000e+00   0.0000000e+00   0.0000000e+00   3.0161843e-05   0.0000000e+00   1.4007181e-06   2.5334556e-05   4.0511280e-05   8.5222829e-06   6.8155207e-05   2.2993680e-06   6.0464202e-05   1.3727964e-05   6.4863493e-05   1.9961670e-05   1.2803165e-05   2.0458114e-05   1.8141862e-05   0.0000000e+00   7.2386520e-06   3.6521842e-05   8.4216673e-05   7.6228005e-05   4.0159628e-06   0.0000000e+00   4.4269996e-04   3.0900590e-05   3.0789319e-05   0.0000000e+00   7.5163031e-01   4.3558577e-01   1.0000000e+00   2.7114051e-02
   4.6373305e-01   2.5754626e-05   3.2999112e-05   3.5729659e-07   0.0000000e+00   0.0000000e+00   0.0000000e+00   0.0000000e+00   1.1816037e-05   0.0000000e+00   1.9729645e-05   8.6849223e-05   1.1218690e-04   1.1359535e-07   1.5043544e-04   5.3070397e-05   1.3065997e-04   1.5304580e-06   5.5817814e-05   1.3146878e-04   1.6759679e-04   1.0618300e-05   3.4261007e-04   3.1359840e-04   0.0000000e+00   3.4773515e-06   1.1631661e-05   6.2080026e-05   2.3211786e-06   1.6650448e-07   4.6373305e-01   7.8560278e-01   1.0000000e+00   2.6639900e-02
   2.6886285e-01   3.2100340e-05   5.9499617e-05   2.3330051e-07   5.1001505e-05   1.8390348e-04   3.4857248e-05   8.5291960e-05   3.9258918e-05   0.0000000e+00   3.0870269e-05   1.2225012e-04   1.7812006e-04   0.0000000e+00   6.2141594e-05   1.8801674e-06   7.2080929e-05   2.1242283e-06   5.7514563e-05   1.8465848e-04   2.3801465e-04   1.4326032e-04   4.1399150e-04   4.4646547e-04   3.7709626e-06   8.3126818e-06   7.9128934e-06   1.1306818e-04   0.0000000e+00   1.1615716e-07   2.6886285e-01   9.2856886e-01   1.0000000e+00   2.6562078e-02
   8.2594237e-01   2.8721927e-06   1.3402819e-04   0.0000000e+00   0.0000000e+00   1.1992077e-04   6.2756749e-06   3.7735927e-04   1.7091156e-05   9.5857600e-06   5.1552828e-05   4.3287779e-06   5.5235726e-05   1.9177301e-05   3.2606079e-05   2.3416757e-04   4.1737165e-05   4.2896011e-06   8.2126970e-05   0.0000000e+00   5.9962021e-06   6.4627008e-04   2.2938386e-04   2.8878701e-04   1.3591902e-05   2.3096879e-05   6.4464887e-05   0.0000000e+00   3.4489098e-05   9.5985042e-09   8.2594237e-01   3.1912311e-01   1.0000000e+00   2.6508060e-02
   5.6510155e-01   1.8872348e-05   9.1714950e-06   3.7466893e-10   1.1703973e-04   4.6109801e-04   1.7978180e-04   4.2145912e-04   1.2714334e-05   2.8043941e-05   5.5334111e-05   1.6305372e-04   3.0840524e-05   9.4476601e-06   3.4023257e-04   6.1264032e-05   6.0536526e-06   1.4774387e-06   3.4428794e-05   1.0374932e-04   3.5339303e-05   1.1003947e-03   4.2010569e-05   0.0000000e+00   1.9900824e-05   2.2882733e-05   7.8618743e-05   0.0000000e+00   3.1488918e-05   2.5729187e-08   5.6510155e-01   6.8204577e-01   1.0000000e+00   2.6477957e-02
   3.4261268e-02   1.0426137e-05   1.9008668e-06   4.7873778e-07   5.3403196e-05   1.3251835e-05   0.0000000e+00   8.5130831e-05   1.2531182e-05   3.5745165e-05   7.0802495e-05   3.7486119e-05   2.1564256e-04   1.8478767e-05   1.0530007e-04   2.8126813e-05   1.5232163e-05   7.1575788e-06   6.7718969e-05   9.8116225e-05   3.6834368e-05   0.0000000e+00   0.0000000e+00   0.0000000e+00   0.0000000e+00   2.2798219e-05   1.1350519e-05   8.0346634e-06   3.4525120e-05   0.0000000e+00   3.4261268e-02   9.9913391e-01   1.0000000e+00   2.5430969e-02
   2.1702748e-01   2.9905322e-05   5.6156249e-05   2.2112113e-07   4.9345372e-05   1.1032258e-04   3.5897470e-05   0.0000000e+00   2.7166679e-05   0.0000000e+00   2.8616731e-05   1.2738921e-04   1.8168655e-04   6.8804621e-06   4.5033221e-05   0.0000000e+00   8.5402162e-05   1.0651384e-06   5.7796552e-05   1.5797685e-04   7.1844586e-05   1.2085894e-04   4.5829336e-04   3.7556536e-04   3.2208376e-06   6.4200734e-06   0.0000000e+00   7.1766961e-05   5.8593105e-08   1.7638833e-07   2.1702748e-01   9.5358442e-01   1.0000000e+00   2.5410383e-02
   5.0851529e-01   1.9331199e-05   1.2511730e-05   4.5456478e-08   1.5634120e-04   3.8782317e-04   2.4322463e-04   4.2260066e-04   4.3785829e-05   2.8961549e-05   5.4207594e-05   2.1824467e-04   0.0000000e+00   4.0885841e-06   5.6639076e-04   6.2669336e-05   2.8070388e-05   1.2551130e-06   4.1314329e-05   1.3089438e-04   3.2425902e-05   4.9934245e-04   3.3407011e-05   0.0000000e+00   2.5224525e-05   2.4636924e-05   6.1165385e-05   1.6870124e-06   2.9696970e-05   9.0612194e-08   5.0851529e-01   7.4263430e-01   1.0000000e+00   2.4940460e-02
   7.6668608e-01   5.0505665e-06   2.0606785e-05   1.2771990e-07   5.4051729e-05   2.1945417e-05   1.7307646e-06   1.1583895e-05   2.1244687e-07   1.3183525e-05   8.9876681e-05   0.0000000e+00   6.5178885e-05   1.1546245e-05   0.0000000e+00   0.0000000e+00   0.0000000e+00   1.1563011e-05   6.1872608e-05   2.1274937e-05   1.2415569e-06   1.3235469e-05   7.1954755e-05   0.0000000e+00   3.8429611e-06   0.0000000e+00   6.8550424e-05   2.1300289e-05   3.0612102e-05   3.1762338e-08   7.6668608e-01   4.1248838e-01   1.0000000e+00   2.4525402e-02
   8.4399523e-01   9.2886481e-07   1.5986562e-04   2.5987972e-07   2.6349996e-05   3.0875203e-05   1.5860664e-05   6.3834256e-04   6.7735260e-05   1.2295639e-05   6.4997334e-05   0.0000000e+00   7.7789760e-05   2.1431497e-05   1.3788805e-10   2.8916258e-04   3.8793328e-05   2.1149093e-06   7.8978206e-05   4.2390883e-05   0.0000000e+00   5.0886719e-04   1.5464658e-04   2.1370055e-04   3.0672938e-06   0.0000000e+00   1.2097502e-06   6.5421518e-06   3.9522831e-05   6.5548109e-08   8.4399523e-01   2.8899791e-01   1.0000000e+00   2.4342603e-02
   4.3938777e-01   2.5872395e-05   4.0991852e-05   2.8492703e-07   4.1657552e-06   1.7151427e-05   2.7576346e-05   2.7801841e-06   2.2174074e-05   0.0000000e+00   0.0000000e+00   1.0429988e-04   1.9128924e-04   1.3864322e-06   0.0000000e+00   4.4567058e-05   9.1206360e-05   1.5014875e-06   5.6689624e-05   1.2456473e-04   1.7673681e-04   4.9595273e-05   2.6596340e-04   3.2176849e-04   1.1385921e-06   4.9218678e-06   0.0000000e+00   6.1718741e-05   0.0000000e+00   1.5662573e-07   4.3938777e-01   8.0754501e-01   1.0000000e+00   2.4109875e-02
   8.1090476e-01   1.9452388e-06   1.5799370e-06   9.6334033e-08   2.8546280e-06   0.0000000e+00   4.4806432e-06   3.2117113e-04   2.9355062e-06   0.0000000e+00   5.7847088e-05   2.0570105e-05   5.9205012e-07   2.7042526e-05   1.3507543e-04   1.3239855e-04   1.2213367e-05   0.0000000e+00   6.7122168e-05   5.5809680e-05   3.5957429e-05   0.0000000e+00   2.6154795e-04   4.5829361e-05   3.2431435e-06   0.0000000e+00   3.6380453e-04   1.3432638e-04   3.4490081e-05   4.9737038e-08   8.1090476e-01   3.4331962e-01   1.0000000e+00   2.3875813e-02
   8.0229215e-01   7.3020585e-06   0.0000000e+00   0.0000000e+00   6.1268104e-05   9.8263350e-05   3.5471904e-06   8.8702162e-05   4.2856171e-07   3.4389485e-05   8.9983433e-05   0.0000000e+00   4.1295117e-05   1.9593592e-05   4.4086405e-05   0.0000000e+00   1.7297490e-05   1.2236603e-05   5.9236193e-05   9.0367252e-05   3.8593329e-06   0.0000000e+00   1.0742095e-04   8.2587204e-05   5.0525786e-06   0.0000000e+00   7.7167643e-05   6.0489270e-05   6.8407587e-05   3.1733203e-08   8.0229215e-01   3.5687458e-01   1.0000000e+00   2.3573659e-02
   2.2560796e-01   0.0000000e+00   1.8826830e-07   0.0000000e+00   2.5560094e-05   2.8917788e-04   6.9636150e-05   2.8567475e-04   1.3558006e-04   2.7927433e-05   8.6283897e-05   5.7064708e-05   1.6135473e-04   3.4956096e-05   4.4279120e-04   0.0000000e+00   7.2986916e-04   3.0155985e-06   4.6339620e-05   8.4501207e-05   5.1075515e-05   3.1125135e-04   2.2454884e-04   3.6863449e-05   2.7034023e-08   1.0987362e-06   6.9580739e-05   1.8271329e-08   0.0000000e+00   3.2909611e-07   2.2560796e-01   9.5013640e-01   1.0000000e+00   2.3535048e-02
   5.7220803e-01   3.3933319e-05   3.3700837e-05   3.8811185e-08   1.2668127e-04   6.8476324e-04   3.1528650e-04   8.7271057e-04   6.1547929e-05   1.8858557e-05   4.4163405e-05   1.7080484e-04   3.0386074e-05   5.4438845e-06   3.1250612e-04   1.4887122e-06   0.0000000e+00   1.8913822e-06   5.5399707e-05   0.0000000e+00   3.3494225e-05   8.8720146e-04   4.5944665e-05   9.1024285e-06   9.4900687e-06   5.9468049e-05   1.0370680e-04   1.0803118e-05   3.4204050e-05   1.0518311e-07   5.7220803e-01   6.7421012e-01   1.0000000e+00   2.3140276e-02
   8.9054087e-01   5.1912119e-06   1.4226387e-05   0.0000000e+00   5.4741586e-05   2.2307383e-05   1.6790485e-06   1.1693963e-05   0.0000000e+00   1.2843964e-05   8.7998496e-05   0.0000000e+00   9.0209448e-06   1.1490737e-05   0.0000000e+00   0.0000000e+00   0.0000000e+00   1.1338471e-05   6.1420619e-05   3.7017987e-07   1.0485815e-05   1.4416530e-05   7.3387687e-05   0.0000000e+00   4.0331955e-06   0.0000000e+00   8.5033454e-05   1.9266353e-05   3.3411270e-05   2.7434261e-08   8.9054087e-01   2.0723987e-01   1.0000000e+00   2.2842053e-02
   6.4249837e-01   0.0000000e+00   1.9956538e-05   7.3964408e-08   0.0000000e+00   0.0000000e+00   1.6077291e-05   2.1720182e-04   0.0000000e+00   0.0000000e+00   6.5848760e-05   4.9836190e-05   5.6584790e-05   3.7939335e-05   1.7557824e-04   8.3309586e-05   9.8720934e-06   8.2068593e-07   5.7388701e-05   0.0000000e+00   0.0000000e+00   0.0000000e+00   2.9693823e-04   2.1294684e-05   2.4721870e-06   8.7634300e-07   1.6630373e-04   1.6957212e-04   2.4811663e-05   3.6530326e-08   6.4249837e-01   5.8784151e-01   1.0000000e+00   2.2686035e-02
   2.3354353e-01   6.2826942e-07   0.0000000e+00   0.0000000e+00   3.7446194e-05   3.3235494e-04   5.9912937e-05   4.1374872e-04   1.3732064e-04   2.7333770e-05   9.9689558e-05   8.3712072e-05   0.0000000e+00   3.3632738e-05   3.4435567e-04   5.0669263e-09   1.0305788e-03   3.1306527e-06   4.8379576e-05   6.7447287e-05   5.4398259e-05   3.1033446e-04   2.4871632e-04   2.2716712e-06   1.7577958e-08   6.2312387e-06   3.8618535e-05   1.1015665e-06   4.8560066e-06   2.7808477e-07   2.3354353e-01   9.4656567e-01   1.0000000e+00   2.2618093e-02
   6.8051114e-01   8.8518878e-06   0.0000000e+00   1.5552507e-07   0.0000000e+00   2.9678132e-04   2.6211048e-05   1.7031602e-04   4.6561775e-05   2.8944909e-06   1.3187994e-04   9.0231941e-05   1.3425154e-05   2.8643009e-05   3.4400461e-05   1.7735907e-04   6.8582002e-05   0.0000000e+00   6.4424000e-05   6.1912998e-05   1.5362557e-05   0.0000000e+00   1.3355468e-04   1.7564103e-06   4.8133288e-06   5.1315612e-07   9.5873037e-05   6.9503870e-06   2.0970783e-05   5.9775367e-08   6.8051114e-01   5.3758671e-01   1.0000000e+00   2.2559604e-02
   1.7195261e-01   7.2755835e-06   2.7179820e-06   1.5081051e-06   0.0000000e+00   8.6166587e-05   6.6317934e-05   0.0000000e+00   0.0000000e+00   4.9197737e-05   1.1116704e-04   7.2578226e-05   5.9360480e-04   1.3980900e-05   4.8671454e-05   3.9404826e-05   0.0000000e+00   1.3088810e-05   5.3099854e-05   1.0120130e-04   4.5737693e-05   0.0000000e+00   2.8161173e-05   1.8340598e-04   3.0834483e-06   1.3266332e-05   0.0000000e+00   8.3734566e-06   4.9647342e-06   0.0000000e+00   1.7195261e-01   9.7092658e-01   1.0000000e+00   2.2470927e-02
   5.4445074e-01   2.4622519e-05   1.8001270e-05   0.0000000e+00   1.8313620e-04   4.8179127e-04   2.9647257e-04   5.8182316e-04   6.3961042e-05   3.1921881e-05   3.8595636e-05   1.8845347e-04   4.2015925e-05   4.9796598e-06   3.3465220e-04   6.3788756e-05   0.0000000e+00   1.6145872e-06   3.5058822e-05   1.2510537e-04   3.9751115e-05   8.2659228e-04   0.0000000e+00   8.2765922e-06   3.3517484e-05   2.4221609e-05   5.4061485e-05   5.5258991e-06   2.9464737e-05   9.8993099e-08   5.4445074e-01   7.0499631e-01   1.0000000e+00   2.1476773e-02
   6.5629706e-01   1.1031551e-05   7.7668056e-05   1.1386171e-07   1.1624021e-04   8.4413615e-04   1.6397313e-04   2.8535859e-04   6.8569037e-05   6.8335517e-06   6.8908339e-05   1.3184104e-04   2.1484870e-04   8.8000212e-06   3.8706045e-04   8.6094655e-06   3.1020218e-08   4.3292192e-06   4.9468497e-05   1.1581853e-04   2.4477908e-05   3.7100205e-04   0.0000000e+00   0.0000000e+00   9.8862148e-06   8.3565978e-05   6.0986785e-05   0.0000000e+00   4.0377693e-05   4.0137490e-08   6.5629706e-01   5.7067418e-01   1.0000000e+00   2.1269927e-02
   7.7101616e-01   4.5454986e-07   6.0219541e-07   7.0013513e-08   4.5418727e-06   0.0000000e+00   9.5916960e-06   3.7012571e-04   3.1971036e-06   2.9880239e-06   5.3170927e-05   4.2829744e-05   6.2823474e-06   2.8666489e-05   1.6548849e-04   9.0257134e-05   0.0000000e+00   1.9007734e-06   5.7894702e-05   9.6774538e-06   0.0000000e+00   1.0459178e-05   2.8257084e-04   1.8098018e-04   2.8916046e-06   0.0000000e+00   2.1645229e-04   1.6053991e-04   2.4798380e-05   3.2744773e-08   7.7101616e-01   4.0638823e-01   1.0000000e+00   2.1233383e-02
   3.4325743e-01   2.2390374e-05   3.6473425e-05   2.1745469e-07   1.5006917e-06   3.1434748e-07   2.0887103e-05   1.1439855e-04   1.8508412e-05   0.0000000e+00   0.0000000e+00   1.1928430e-04   2.0474054e-04   1.1679050e-05   2.9533133e-06   2.8200789e-07   1.5055849e-04   1.5092029e-06   5.7267872e-05   1.5868344e-04   1.3747718e-04   1.2217374e-05   2.8812961e-04   2.6420971e-04   6.1139740e-07   9.7978380e-06   2.6041375e-05   8.0393810e-05   3.1794173e-06   3.0856870e-07   3.4325743e-01   8.8277932e-01   1.0000000e+00   2.0909238e-02
   8.2072016e-01   3.3918647e-06   1.1572653e-04   1.1050860e-07   4.4258803e-05   2.0308338e-04   1.2263085e-05   3.7796336e-04   3.8902765e-05   2.6957465e-06   6.5312545e-05   0.0000000e+00   9.1212255e-05   2.7692231e-05   8.7339513e-05   1.8531851e-04   1.2380110e-04   1.9573962e-06   8.7087477e-05   2.2925165e-05   5.7569284e-06   4.6855782e-04   2.2993378e-04   1.1228922e-04   2.3161428e-06   3.3312570e-06   6.8155068e-05   1.1070822e-06   2.2218603e-05   2.3870603e-08   8.2072016e-01   3.2766703e-01   1.0000000e+00   2.0829917e-02
   3.5423854e-01   2.8169357e-05   5.0395146e-05   2.1101539e-07   4.6596747e-06   2.6181326e-05   1.8947605e-05   1.3950165e-05   1.8752336e-05   0.0000000e+00   0.0000000e+00   1.0971934e-04   1.1986753e-04   1.1561581e-05   4.7178822e-06   1.5758098e-07   1.2117033e-04   2.1461230e-06   3.9986869e-05   1.8335296e-04   1.5333345e-04   0.0000000e+00   3.1321876e-04   2.6253318e-04   6.9112866e-07   8.7838302e-06   2.2937470e-05   7.7020762e-05   2.4014759e-06   1.2249875e-07   3.5423854e-01   8.7507214e-01   1.0000000e+00   2.0751389e-02
   4.9276741e-01   8.5765222e-06   1.0513592e-04   1.0234441e-07   2.9999585e-05   7.8841979e-05   1.0135686e-06   4.8960195e-04   0.0000000e+00   1.3279543e-05   0.0000000e+00   7.0673569e-05   2.2462636e-04   1.2840266e-05   5.0220971e-06   4.7955844e-06   5.4019656e-04   1.8920084e-06   5.8475510e-05   4.2994880e-04   8.9671961e-05   2.2127966e-05   0.0000000e+00   3.0605636e-04   3.4895954e-08   0.0000000e+00   4.9856324e-06   3.7922837e-05   9.6266450e-06   4.2743265e-08   4.9276741e-01   7.5816193e-01   1.0000000e+00   2.0160166e-02
   9.5506014e-01   5.8367986e-06   2.5192188e-05   5.9790580e-09   4.1303959e-06   4.0016847e-06   0.0000000e+00   2.4019372e-05   5.3508083e-06   9.7045162e-06   1.0071173e-04   1.3152101e-05   4.0340709e-05   1.1438883e-05   0.0000000e+00   0.0000000e+00   8.8500819e-07   1.3184196e-05   6.0391731e-05   1.7849746e-06   8.6602313e-06   4.3022925e-05   1.1294698e-04   1.9827927e-05   4.2418628e-06   0.0000000e+00   9.1266524e-05   3.2242416e-05   3.7647857e-05   2.1296999e-08   9.5506014e-01   8.8257690e-02   1.0000000e+00   1.9947592e-02
   8.7888052e-01   8.3409794e-06   1.3422678e-05   5.0379667e-09   5.4362636e-05   2.1011014e-05   2.8142499e-06   4.7208142e-05   1.4450474e-07   1.2744005e-05   8.4919157e-05   0.0000000e+00   1.6074808e-05   7.2506174e-06   2.1513465e-05   7.1309198e-06   0.0000000e+00   9.6899326e-06   6.1889325e-05   8.7820541e-07   9.7719282e-06   1.8473760e-05   8.5437785e-05   0.0000000e+00   3.7646223e-06   0.0000000e+00   1.3197290e-04   2.2866051e-05   3.3655073e-05   2.6040516e-08   8.7888052e-01   2.2794049e-01   1.0000000e+00   1.9935775e-02
   7.9673167e-01   4.5571635e-06   1.3614889e-04   6.1786566e-08   0.0000000e+00   0.0000000e+00   1.3814296e-05   3.3895942e-04   2.1860732e-05   1.2134528e-06   6.5960326e-05   0.0000000e+00   5.2510021e-05   1.4738272e-05   0.0000000e+00   1.7020278e-04   1.1533649e-04   0.0000000e+00   9.7712052e-05   3.6097514e-05   0.0000000e+00   3.6189036e-04   2.5574967e-04   6.9079746e-05   5.4289047e-06   0.0000000e+00   7.4954580e-05   2.2493538e-06   1.6637527e-05   1.5914446e-09   7.9673167e-01   3.6615965e-01   1.0000000e+00   1.9747757e-02
   4.7970208e-01   2.5681157e-05   3.4914923e-05   3.9914803e-07   0.0000000e+00   0.0000000e+00   0.0000000e+00   0.0000000e+00   1.2700526e-05   0.0000000e+00   1.5743656e-05   7.9430093e-05   1.4927332e-04   8.8312837e-07   9.5855127e-05   4.5990945e-05   1.3496758e-04   1.5617933e-06   5.5605238e-05   1.2457816e-04   1.6595243e-04   2.0214973e-05   3.3228289e-04   3.1349190e-04   0.0000000e+00   4.0748704e-06   1.2559688e-05   5.7895973e-05   1.8597607e-06   1.6561926e-07   4.7970208e-01   7.7052953e-01   1.0000000e+00   1.9737271e-02
   8.3041423e-01   1.0626877e-05   4.1268730e-06   2.5975347e-08   0.0000000e+00   0.0000000e+00   0.0000000e+00   7.4558979e-05   1.0797918e-05   5.9466663e-06   3.0495419e-05   1.3232929e-05   6.0523080e-05   1.6650036e-06   5.3807886e-05   2.5518070e-05   0.0000000e+00   1.0696578e-05   4.5649433e-05   2.2948039e-05   1.3800644e-05   6.8001899e-05   1.4266898e-04   2.0510199e-05   2.5809303e-06   8.8606851e-07   1.5032736e-04   2.0851029e-05   5.1626349e-05   3.7484991e-08   8.3041423e-01   3.1085362e-01   1.0000000e+00   1.9467737e-02
   8.1769067e-01   4.9786427e-06   1.1823379e-05   1.8849645e-09   5.2137429e-05   1.8548164e-05   3.0450849e-06   6.7264980e-06   1.3075031e-05   1.2744038e-05   8.8163501e-05   1.0448732e-05   8.4340669e-06   8.1308766e-06   2.3692789e-05   0.0000000e+00   0.0000000e+00   1.8454954e-05   6.1511205e-05   9.7546034e-06   1.3666346e-05   4.3397503e-05   6.7570175e-05   0.0000000e+00   3.3162239e-06   0.0000000e+00   7.9105731e-05   1.8423866e-05   3.8725808e-05   3.2169356e-08   8.1769067e-01   3.3170089e-01   1.0000000e+00   1.9425931e-02
   4.9958738e-01   2.7983874e-05   7.1391479e-06   1.2625526e-07   1.5140055e-04   6.2998780e-04   7.4040771e-05   4.2764708e-04   3.5345251e-05   5.0840083e-06   5.2711868e-05   1.4514241e-04   6.1046095e-05   8.9442880e-07   3.2598871e-04   1.0853998e-05   0.0000000e+00   3.9587862e-07   4.7935958e-05   1.2891774e-04   3.5767309e-06   2.1396770e-05   5.2832708e-05   7.3400005e-06   5.6797333e-05   6.2820525e-05   4.1424658e-05   8.8770154e-06   3.7075216e-05   8.7723129e-08   4.9958738e-01   7.5135268e-01   1.0000000e+00   1.9296393e-02
   9.2452773e-01   5.1832397e-06   1.4274477e-05   0.0000000e+00   4.3204300e-05   6.0366652e-06   5.2658845e-06   4.4079963e-05   0.0000000e+00   0.0000000e+00   8.9835623e-05   3.7621748e-05   5.5835298e-05   1.0300718e-05   7.3563977e-05   0.0000000e+00   3.3346422e-06   1.1683448e-05   6.1120395e-05   0.0000000e+00   9.1285904e-06   0.0000000e+00   1.1842960e-04   2.3261823e-05   5.2236753e-06   0.0000000e+00   9.2693054e-05   1.8578619e-05   3.8779454e-05   2.8030864e-08   9.2452773e-01   1.4569019e-01   1.0000000e+00   1.9219277e-02
   9.0884787e-01   1.0838524e-06   3.2183851e-05   0.0000000e+00   1.9973206e-08   9.7380591e-06   5.2671592e-05   2.2735413e-04   1.3443311e-05   9.8273871e-06   6.8142038e-05   0.0000000e+00   1.0544476e-05   1.5867648e-05   0.0000000e+00   3.3112007e-05   8.3925159e-06   1.0069731e-05   5.8790205e-05   1.5028143e-05   1.6579404e-05   1.1435000e-05   7.6783932e-05   0.0000000e+00   7.3338905e-06   5.8514525e-06   9.1292306e-05   2.2178197e-05   3.3883340e-05   3.8729606e-08   9.0884787e-01   1.7446678e-01   1.0000000e+00   1.9127938e-02
   3.6239313e-01   1.7610667e-05   4.9617272e-05   2.0770718e-07   1.4581518e-06   1.2982535e-05   1.9329257e-05   9.4177170e-06   2.0695323e-05   0.0000000e+00   0.0000000e+00   1.1189216e-04   2.2304797e-04   1.1246103e-05   4.4222045e-06   0.0000000e+00   1.5364691e-04   1.9775250e-06   5.8025573e-05   1.6564884e-04   1.9608807e-04   2.8756707e-05   3.2240871e-04   2.1855246e-04   0.0000000e+00   1.0563994e-05   1.6623290e-05   7.3636841e-05   3.9263795e-06   1.8864852e-07   3.6239313e-01   8.6927928e-01   1.0000000e+00   1.9108628e-02
   8.6728580e-01   6.0105845e-06   0.0000000e+00   1.4535881e-07   5.4993330e-06   0.0000000e+00   0.0000000e+00   2.5715002e-04   0.0000000e+00   0.0000000e+00   6.5685221e-05   1.0026457e-04   1.9162838e-06   2.5946027e-05   1.5699524e-04   1.6785310e-04   1.5381890e-05   7.3140751e-07   5.9617588e-05   0.0000000e+00   1.6093232e-06   9.9934900e-05   2.6118375e-04   1.5896241e-04   5.8130218e-06   3.5537995e-06   2.0522501e-04   1.3629757e-04   2.3100690e-05   4.6996591e-08   8.6728580e-01   2.4877160e-01   1.0000000e+00   1.9065732e-02
   4.8880036e-01   3.1818006e-05   2.2221116e-04   3.7287742e-07   0.0000000e+00   3.1288686e-05   2.8773353e-05   5.8932255e-05   0.0000000e+00   2.7762241e-07   0.0000000e+00   8.9783191e-05   1.7013880e-04   7.2962737e-06   0.0000000e+00   1.7285782e-06   6.9917578e-05   0.0000000e+00   5.4760581e-05   1.7298106e-04   3.2905673e-04   0.0000000e+00   2.0204026e-04   3.3578253e-04   3.9489620e-08   2.5925989e-06   3.0290023e-05   8.7228303e-05   6.5160837e-06   1.6565146e-07   4.8880036e-01   7.6181773e-01   1.0000000e+00   1.8902650e-02
   6.6104554e-01   0.0000000e+00   2.2946752e-05   7.5348666e-08   0.0000000e+00   4.4163001e-06   1.8438834e-05   2.9327548e-04   0.0000000e+00   0.0000000e+00   5.6096404e-05   4.4353096e-05   1.0102511e-04   3.3945810e-05   1.7915031e-04   8.0767720e-05   1.0227879e-05   0.0000000e+00   5.5736296e-05   1.7782864e-06   1.8438808e-06   1.0754364e-06   2.5717624e-04   4.0310085e-05   3.7739045e-06   3.6984848e-07   1.6893365e-04   1.6423262e-04   2.0611302e-05   3.2087550e-08   6.6104554e-01   5.6371465e-01   1.0000000e+00   1.8746576e-02
   7.9118840e-01   1.4055977e-05   0.0000000e+00   1.8180686e-08   2.1731724e-07   1.5414142e-06   0.0000000e+00   5.4688282e-05   1.1346530e-05   5.1713656e-06   4.6699309e-05   4.1507139e-06   8.4891716e-05   1.6301405e-06   3.7170604e-05   2.4597288e-05   2.6896459e-05   9.6151686e-06   4.1356463e-05   1.2965903e-05   1.2880688e-05   7.2059915e-05   1.5352035e-04   9.3607603e-06   2.3017078e-06   4.5869720e-07   1.9890754e-04   1.2470787e-05   5.3515354e-05   4.3797832e-08   7.9118840e-01   3.7447125e-01   1.0000000e+00   1.8614491e-02
   9.3489424e-01   5.2898281e-06   1.2448429e-04   0.0000000e+00   0.0000000e+00   1.1917355e-04   8.7419363e-06   4.5012418e-04   1.6945466e-05   5.8028257e-06   6.7679706e-05   5.7778060e-05   1.8407726e-04   1.8507876e-05   4.1462119e-05   2.0802198e-04   3.7643315e-05   4.9060257e-06   8.0888225e-05   4.0777877e-05   6.1922810e-06   5.1667413e-04   1.2787202e-04   2.5517874e-04   1.1366829e-05   1.6315008e-05   4.7544159e-05   6.1931802e-07   2.3971827e-05   9.6513188e-09   9.3489424e-01   1.2741346e-01   1.0000000e+00   1.7925317e-02
   4.1333627e-01   2.9986312e-05   5.0556955e-05   2.7468814e-07   0.0000000e+00   0.0000000e+00   2.4400496e-05   2.5900207e-05   3.0904822e-05   4.2226550e-07   6.3850679e-06   1.0046043e-04   1.2411482e-04   9.0437047e-06   5.3867235e-06   0.0000000e+00   9.1768096e-05   1.6294984e-06   5.9157511e-05   1.3001585e-04   1.4926936e-04   3.8894850e-05   2.3682742e-04   4.4536415e-04   1.4113701e-06   4.0739624e-06   4.6619648e-06   7.1069149e-05   9.7632487e-06   1.0421046e-07   4.1333627e-01   8.2975331e-01   1.0000000e+00   1.7828980e-02
   7.4726030e-01   0.0000000e+00   0.0000000e+00   0.0000000e+00   3.0936915e-05   0.0000000e+00   1.9392570e-06   2.5510803e-05   4.0368617e-05   8.2154935e-06   6.6005879e-05   2.4663438e-06   5.7886848e-05   1.2409973e-05   5.8767260e-05   1.4053875e-05   1.3267680e-05   1.3381536e-05   5.0128179e-05   0.0000000e+00   4.5769568e-06   3.9135967e-05   7.4683833e-05   7.5795900e-05   3.7479692e-06   0.0000000e+00   4.3273072e-04   2.0757405e-05   3.1086685e-05   0.0000000e+00   7.4726030e-01   4.4212327e-01   1.0000000e+00   1.7827926e-02
   3.3351631e-01   8.9465199e-06   1.1607388e-04   1.0227898e-07   4.9322965e-05   6.8724443e-05   0.0000000e+00   5.1001995e-04   0.0000000e+00   4.2316819e-05   0.0000000e+00   9.5406505e-05   1.7634037e-04   1.7993598e-05   1.0675874e-05   5.4615282e-06   4.9981133e-04   1.8151790e-06   5.6823111e-05   3.2880462e-04   7.3928202e-05   3.6559692e-05   2.0236453e-05   4.0698940e-04   3.5528546e-07   0.0000000e+00   0.0000000e+00   4.1068292e-05   9.5145088e-06   4.4052026e-08   3.3351631e-01   8.8965564e-01   1.0000000e+00   1.7428483e-02
   3.8513340e-01   3.0271135e-05   3.8678071e-05   3.1611622e-07   3.4875759e-06   3.1535886e-05   2.4741102e-05   1.0941335e-05   2.0394839e-05   0.0000000e+00   0.0000000e+00   9.5332929e-05   1.7771077e-04   1.3783760e-06   0.0000000e+00   4.0999197e-05   8.9923615e-05   2.1000418e-06   5.8804065e-05   1.6554172e-04   1.8529025e-04   5.2212583e-05   2.4168944e-04   3.2567319e-04   1.1682372e-06   5.4307373e-06   0.0000000e+00   6.0387109e-05   3.4011497e-06   2.1648505e-07   3.8513340e-01   8.5226653e-01   1.0000000e+00   1.7246556e-02
   1.4816905e-01   4.2476011e-05   7.1938597e-05   3.0888470e-07   2.3079072e-06   0.0000000e+00   1.7497403e-05   1.3543887e-05   4.1866956e-05   0.0000000e+00   4.1835405e-05   1.2359575e-04   3.5867411e-04   0.0000000e+00   1.1153975e-05   5.1037907e-07   8.3470696e-05   1.7706883e-06   5.6208094e-05   1.8079724e-04   1.5505165e-04   7.4105222e-05   3.6468794e-04   3.2711057e-04   6.4342672e-07   9.9216838e-06   1.2056371e-05   7.2537782e-05   5.9260407e-06   1.1245651e-07   1.4816905e-01   9.7870248e-01   1.0000000e+00   1.7204330e-02
   9.9679247e-01   1.6669952e-06   1.1657396e-06   5.1410003e-08   3.3103025e-05   0.0000000e+00   0.0000000e+00   0.0000000e+00   1.5612487e-05   7.4490244e-06   5.4875371e-05   0.0000000e+00   1.0549204e-05   1.1363338e-05   3.8085819e-06   5.6661808e-05   0.0000000e+00   8.5441130e-06   5.5500847e-05   2.2234124e-05   5.1704802e-06   0.0000000e+00   4.1529284e-05   1.4766790e-07   7.4833224e-06   0.0000000e+00   6.6150612e-05   2.8476360e-05   2.8779603e-05   0.0000000e+00   9.9679247e-01   6.6895568e-03   1.0000000e+00   1.7180928e-02
   2.5218684e-01   4.4950569e-06   7.5792043e-05   1.6785799e-07   1.8774660e-05   6.1417887e-05   7.7804741e-06   5.2469955e-04   1.6392006e-05   8.8204928e-06   0.0000000e+00   8.1018858e-05   2.1367633e-04   1.3542571e-05   3.0340979e-05   6.1636560e-06   4.5179295e-04   1.9255680e-06   5.9272719e-05   3.5572872e-04   1.1551459e-04   3.0519771e-05   1.4114937e-04   2.2979801e-04   4.3059088e-08   3.7602907e-07   0.0000000e+00   2.8839411e-05   1.0692712e-05   0.0000000e+00   2.5218684e-01   9.3722325e-01   1.0000000e+00   1.7168712e-02
   8.1315843e-01   1.9671995e-06   1.5619016e-06   9.6323628e-08   0.0000000e+00   0.0000000e+00   4.2611866e-06   2.0980981e-04   3.2013221e-06   2.2829752e-07   6.0056548e-05   1.8835801e-05   4.4123525e-07   2.7443841e-05   1.4497502e-04   9.3719291e-05   9.7262809e-06   9.7222786e-07   6.4730745e-05   5.9429579e-05   3.0626688e-05   0.0000000e+00   2.9415339e-04   5.2253455e-05   3.3479833e-06   0.0000000e+00   2.2141349e-04   1.3096839e-04   3.5215507e-05   4.4541058e-08   8.1315843e-01   3.3953082e-01   1.0000000e+00   1.6697262e-02
   9.5216787e-02   1.0227234e-05   0.0000000e+00   6.0195996e-07   6.6490988e-05   1.0970932e-04   0.0000000e+00   5.1926107e-05   1.2911359e-05   4.2660500e-05   6.1606748e-05   4.8417081e-05   2.3716702e-04   1.8312616e-05   9.6865390e-05   2.2892961e-05   1.8821782e-05   6.6727824e-06   6.7560904e-05   1.0812228e-04   3.6038360e-05   1.2840428e-05   1.7372946e-05   1.3476021e-05   2.3626447e-07   2.7897998e-05   1.3275183e-05   3.1102087e-07   1.7642381e-05   2.1057297e-08   9.5216787e-02   9.9128452e-01   1.0000000e+00   1.6603113e-02
   8.4922637e-01   3.5686559e-06   0.0000000e+00   6.6530729e-08   0.0000000e+00   3.2192346e-05   0.0000000e+00   3.3753240e-04   0.0000000e+00   2.5255345e-06   7.6494645e-05   3.8134289e-05   0.0000000e+00   2.9121955e-05   8.3211066e-05   1.5130307e-04   6.1091985e-06   2.7634406e-06   5.6507033e-05   0.0000000e+00   1.7821607e-05   7.6637285e-05   2.7310391e-04   1.2506286e-04   2.6939242e-06   1.8026695e-06   2.0323907e-04   1.5247331e-04   1.5589019e-05   1.3873790e-08   8.4922637e-01   2.7971602e-01   1.0000000e+00   1.6542394e-02
   1.5389303e-01   1.8560494e-06   6.8797197e-06   0.0000000e+00   1.9341263e-05   1.4592748e-04   7.1589580e-05   4.3880592e-04   1.7400124e-04   4.3221644e-05   7.6255495e-05   1.1519927e-04   2.0635008e-04   3.6946004e-05   3.2412306e-04   0.0000000e+00   6.9629289e-04   2.4954330e-06   0.0000000e+00   9.7990484e-05   6.1098436e-05   3.4904541e-04   2.1515735e-04   1.1128657e-04   5.8101440e-07   1.0443551e-05   6.9983649e-05   2.4984896e-06   0.0000000e+00   2.3687935e-07   1.5389303e-01   9.7735819e-01   1.0000000e+00   1.6534222e-02
   1.6442269e-01   8.1987306e-06   1.1157307e-06   1.6635995e-06   1.6089144e-05   2.1698847e-05   7.0866213e-05   0.0000000e+00   0.0000000e+00   4.9317825e-05   1.0872768e-04   7.2299236e-05   4.9313219e-04   1.6172256e-05   9.4102558e-05   4.0275093e-05   0.0000000e+00   1.5597130e-05   5.2807835e-05   1.0705316e-04   5.3004159e-05   8.0599782e-06   3.2268579e-05   1.8513806e-04   2.0225932e-06   1.3204335e-05   1.4968517e-07   2.5103023e-05   3.8987574e-06   1.8407898e-08   1.6442269e-01   9.7344072e-01   1.0000000e+00   1.6489031e-02
   1.3787686e-01   4.3664970e-06   6.3818685e-05   2.0519647e-07   6.7546809e-05   5.1208149e-04   5.1379313e-05   2.1238905e-04   0.0000000e+00   7.6330312e-06   2.2887746e-06   1.1935390e-04   2.3716696e-04   2.7588484e-05   2.0907083e-04   8.4554260e-06   2.4834967e-04   0.0000000e+00   6.1011633e-05   1.3700315e-04   6.9123010e-05   2.0984397e-04   7.1184335e-05   3.3110023e-04   1.3044580e-05   1.4544839e-05   8.6403401e-06   6.0442049e-05   1.3044358e-05   1.7618101e-07   1.3787686e-01   9.8186306e-01   1.0000000e+00   1.6374442e-02
   8.6398443e-01   9.8921139e-06   8.0602073e-06   1.0599833e-07   5.0423079e-05   2.2019486e-05   2.1655482e-06   1.2630877e-05   5.4679977e-06   1.1477970e-05   6.2054615e-05   1.0935851e-06   3.3906072e-05   2.8210101e-05   0.0000000e+00   0.0000000e+00   2.6628592e-06   9.8229497e-06   6.1048259e-05   6.3726715e-06   5.8922061e-05   1.4211509e-05   9.1082811e-05   5.2272441e-06   3.3578506e-06   7.6471400e-07   1.5477229e-04   1.8142298e-05   2.9269127e-05   2.5466674e-08   8.6398443e-01   2.5391201e-01   1.0000000e+00   1.6339843e-02
   9.1949736e-01   6.0640770e-06   8.4661559e-07   1.5823934e-07   5.6037660e-06   3.2061636e-04   1.9208169e-05   1.1268739e-04   4.0596246e-05   0.0000000e+00   7.8319145e-05   1.6590116e-04   5.3784974e-06   3.0259914e-05   8.5818192e-05   1.8147435e-04   7.0844253e-05   1.7174520e-06   6.5079804e-05   2.2594195e-05   2.2738379e-06   6.2208653e-04   1.4263035e-04   3.0361814e-05   5.9805682e-06   1.0323492e-05   1.5349590e-04   1.9186799e-05   1.8671862e-05   0.0000000e+00   9.1949736e-01   1.5579463e-01   1.0000000e+00   1.6295242e-02
   7.4304843e-01   1.3568830e-05   4.4751193e-06   1.8886282e-08   0.0000000e+00   0.0000000e+00   7.1096203e-06   9.8555900e-05   1.3383212e-05   1.9759151e-05   3.8752371e-05   6.4149767e-06   1.6154575e-04   1.4366643e-06   5.3485251e-05   2.0132082e-05   0.0000000e+00   1.0682618e-05   4.5481165e-05   2.9848411e-05   7.9877759e-06   6.2366578e-05   1.0066283e-04   0.0000000e+00   2.5569805e-06   8.5872625e-08   1.4630522e-04   2.1304366e-05   7.7070851e-05   4.0748177e-08   7.4304843e-01   4.4833324e-01   1.0000000e+00   1.6264219e-02
   2.0787573e-01   7.4067306e-06   1.7735805e-05   2.0643098e-07   3.3963601e-05   2.9786016e-04   1.8831573e-05   1.3968572e-05   1.5098251e-05   2.0867711e-06   2.9417579e-05   8.6357383e-05   1.1980231e-03   2.4608293e-05   3.2511055e-05   7.4933436e-05   1.5530247e-04   8.5513880e-07   5.4746146e-05   2.5354067e-04   6.1427067e-05   1.7134404e-05   7.6129075e-06   7.2517142e-04   0.0000000e+00   1.7220558e-05   8.1086084e-06   1.6833579e-05   0.0000000e+00   1.0291131e-07   2.0787573e-01   9.5781429e-01   1.0000000e+00   1.6136553e-02
   9.0092652e-01   0.0000000e+00   1.3250288e-05   1.1503014e-09   3.1738646e-05   1.0262087e-04   4.5144688e-05   5.2661684e-05   1.3409610e-04   1.1700934e-05   7.6230458e-05   5.9212222e-06   3.2204024e-08   1.1132544e-05   0.0000000e+00   9.4158788e-06   5.3839892e-05   1.2426077e-05   6.2721252e-05   0.0000000e+00   1.0229875e-05   1.3815663e-04   1.1397216e-04   6.7909801e-06   3.6146836e-06   4.2415859e-05   8.4473386e-05   1.8692780e-05   3.4933015e-05   1.7942289e-08   9.0092652e-01   1.8893641e-01   1.0000000e+00   1.6128634e-02
