   0.0000000e+00   8.7932309e-05   3.8714996e-06   2.8765079e-04   2.9804927e-04   7.4338958e-05   0.0000000e+00   7.3432194e-06   0.0000000e+00   3.8097701e-05   1.7175327e-06   4.9923465e-05   8.1844372e-06   1.4303564e-05   0.0000000e+00   2.5148327e-06   1.1725287e-05   1.2505422e-05   2.7104422e-05   4.4820043e-05   3.4014673e-05   1.9618297e-04   2.3501246e-05   2.0454394e-04   1.9245782e-04   5.1694368e-04   4.9577981e-04   3.1113259e-06   1.8247594e-04   0.0000000e+00   0.0000000e+00   1.0008749e+00   1.0000000e+00             Inf
   1.0000000e+00   2.0759915e-04   0.0000000e+00   3.3540707e-04   1.6202817e-04   2.3616099e-05   1.4431653e-04   1.8996519e-05   1.1700678e-04   7.6157918e-07   2.0733564e-05   1.6063327e-04   1.1827583e-05   1.2991141e-06   8.6362645e-04   1.1902667e-05   5.6233431e-06   5.7743497e-05   2.1049925e-05   5.8751240e-06   8.7309364e-04   1.4740057e-05   4.2487805e-05   9.9112051e-05   4.6737885e-05   0.0000000e+00   0.0000000e+00   3.4021107e-07   3.8908144e-06   0.0000000e+00   1.0000000e+00   2.0165034e-03   1.0000000e+00             Inf
   8.2195367e-01   1.1025716e-03   6.3673197e-06   4.6995442e-04   3.1863770e-04   1.4341978e-05   1.3340602e-04   1.6301675e-03   1.4896015e-04   1.8411823e-04   3.4070157e-04   6.0104484e-05   0.0000000e+00   1.6663318e-06   9.1901007e-04   1.1291650e-05   1.3429837e-05   9.0273576e-06   2.2705414e-05   2.3848508e-05   1.4311281e-03   1.6083006e-04   3.4110989e-05   7.4660585e-05   3.3492691e-04   1.0062820e-03   3.0089437e-04   1.0790814e-06   1.6895979e-04   7.8721360e-04   8.2195367e-01   3.2943562e-01   1.0000000e+00   7.8937010e-02
   6.3955653e-01   0.0000000e+00   0.0000000e+00   3.2174177e-04   1.2666350e-04   0.0000000e+00   9.8500260e-05   1.9768245e-04   1.1031001e-04   3.6535262e-05   7.7698765e-05   2.1114125e-04   2.9282010e-06   5.9328369e-06   1.1685169e-03   1.8069739e-05   4.3998850e-06   4.1180242e-05   2.3011752e-05   1.0355584e-05   1.1578623e-03   0.0000000e+00   4.6618663e-05   2.2511399e-04   2.0034803e-04   8.2421346e-04   1.7368596e-04   1.8309627e-05   1.2209898e-05   7.0319151e-04   6.3955653e-01   5.9350947e-01   1.0000000e+00   6.9490442e-02
   3.1768303e-01   1.6999594e-04   2.2041107e-06   5.4907734e-04   2.8551260e-04   3.4354657e-05   8.2490870e-04   2.8916784e-04   3.0386894e-04   2.8597529e-04   1.4053807e-04   2.7129443e-05   3.8795457e-06   1.7293639e-05   1.0969674e-03   9.0880273e-06   2.2324709e-05   1.6834704e-04   1.2659571e-04   1.7086929e-05   8.3255080e-04   4.2928437e-05   8.9665179e-06   4.7471697e-04   1.8168598e-03   1.1591450e-03   8.9428076e-05   2.7201019e-04   9.1981067e-04   9.4283280e-04   3.1768303e-01   9.0281196e-01   1.0000000e+00   6.7658801e-02
   6.1438336e-01   4.0285749e-04   2.6336521e-06   3.5080228e-04   9.2215613e-05   0.0000000e+00   2.6791913e-04   1.6604273e-03   1.7594122e-04   8.9123740e-05   1.5994794e-04   2.1437799e-05   1.9842652e-06   1.3435005e-06   1.5882092e-03   9.0045146e-06   1.3287275e-05   3.3728817e-05   3.7519445e-05   3.3152561e-05   1.2520363e-03   1.4758241e-04   2.9419098e-05   1.2544608e-04   0.0000000e+00   8.7911516e-04   2.2296931e-04   0.0000000e+00   1.3663456e-04   1.0287067e-03   6.1438336e-01   6.2627658e-01   1.0000000e+00   6.1913160e-02
   3.4409512e-01   0.0000000e+00   1.5311625e-06   5.1674251e-04   2.7862540e-04   3.7421496e-05   9.4188188e-04   0.0000000e+00   4.0984872e-04   6.6209359e-05   9.8528372e-05   1.3661121e-05   3.7493049e-06   9.1903749e-06   8.4140726e-04   6.7439850e-06   2.3111068e-05   2.1485085e-04   7.9171449e-05   1.8750042e-05   7.9654924e-04   4.5763280e-05   7.4748279e-06   3.3994343e-04   1.8052968e-03   1.1514989e-03   1.5158747e-05   2.5190519e-04   6.6986625e-04   2.0973786e-04   3.4409512e-01   8.8467101e-01   1.0000000e+00   6.1609767e-02
   8.4350726e-01   7.9670763e-05   4.6691769e-06   9.7499913e-05   4.8706606e-04   2.4475415e-04   2.8791851e-03   1.2988696e-04   5.6841128e-05   3.5962722e-04   3.7754832e-05   2.9243077e-04   3.4308217e-05   4.8142300e-05   1.3247436e-03   5.4408853e-06   3.7685304e-05   6.7996004e-05   1.6914441e-05   0.0000000e+00   6.3648413e-05   4.5681133e-05   6.9019739e-06   6.0505678e-04   0.0000000e+00   0.0000000e+00   3.5912115e-04   8.5956409e-06   1.7537944e-05   2.5845884e-04   8.4350726e-01   2.9251224e-01   1.0000000e+00   6.0007519e-02
   5.3734373e-01   5.2250046e-05   0.0000000e+00   2.8780003e-04   1.8126100e-04   1.5962569e-05   9.5182958e-06   1.1737322e-04   1.9443149e-04   1.7186668e-05   2.2040068e-04   7.4341720e-05   5.3698589e-06   0.0000000e+00   1.2999705e-03   1.5022867e-05   1.4491599e-06   5.4664989e-04   5.1119309e-07   2.9439187e-05   1.0222489e-03   1.6176481e-04   1.2763182e-05   2.2184831e-04   1.0885350e-05   0.0000000e+00   1.7699608e-04   4.3286613e-05   2.5944018e-05   6.3413733e-04   5.3734373e-01   7.1341219e-01   1.0000000e+00   5.7840336e-02
   7.9501314e-01   1.0687349e-03   8.2928673e-06   7.1029219e-04   3.3436961e-04   3.7659389e-08   1.3204908e-04   1.4074259e-03   1.6024431e-04   1.5026528e-04   3.2626829e-04   7.2095449e-05   1.2205395e-07   1.2562997e-05   1.0949687e-03   1.5980391e-05   1.0329622e-05   0.0000000e+00   9.0971753e-06   2.7403247e-05   9.2020700e-04   1.6297702e-04   3.3180860e-05   6.9194596e-05   3.2736874e-04   9.4141541e-04   0.0000000e+00   9.5148303e-06   1.6398388e-04   6.4528975e-04   7.9501314e-01   3.7241349e-01   1.0000000e+00   5.3175092e-02
   5.1712015e-01   3.6959225e-04   5.2935402e-07   4.4422198e-04   5.3346099e-04   8.6194750e-05   5.5680618e-04   3.3551783e-06   2.2834640e-04   8.4026387e-05   7.3688643e-05   1.6372359e-06   9.4974889e-07   9.3737280e-08   9.7163107e-04   1.0005862e-05   3.9062641e-05   5.3818995e-04   5.0590301e-05   2.6432256e-05   2.5105541e-04   2.6628504e-04   0.0000000e+00   2.4577511e-04   1.4305700e-04   1.4927226e-03   5.2908301e-04   2.0498211e-04   5.5125817e-06   6.9970446e-04   5.1712015e-01   7.3567560e-01   1.0000000e+00   5.0441809e-02
   7.2806857e-01   4.8197654e-04   2.6616140e-06   3.6799620e-04   9.2802691e-05   3.1696752e-06   2.8702672e-04   2.7865280e-03   2.3146612e-04   5.9769838e-05   1.8406230e-04   9.6891498e-06   3.0160394e-06   1.5891126e-06   1.4963168e-03   1.0859872e-05   1.3687814e-05   3.4775708e-05   3.8627359e-05   2.6962258e-05   1.5120678e-03   1.2586634e-04   2.9746732e-05   1.1901043e-04   4.9203471e-05   8.3525567e-04   3.4575906e-04   2.1785145e-06   1.4250082e-04   1.3128331e-03   7.2806857e-01   4.7494740e-01   1.0000000e+00   4.7048369e-02
   5.5214970e-01   2.6865044e-04   1.7558454e-07   4.9867290e-04   8.9084483e-04   6.1493031e-05   5.9771308e-04   0.0000000e+00   2.7743957e-04   2.1192222e-04   1.9549097e-05   3.7424220e-05   5.6589169e-07   0.0000000e+00   8.7122207e-04   1.1747029e-05   2.4566648e-05   2.3353073e-04   2.5343361e-05   3.1192500e-05   0.0000000e+00   2.2077805e-04   6.4250528e-06   3.1606079e-04   0.0000000e+00   2.0015681e-03   1.0521234e-03   2.2708053e-04   1.2457871e-04   5.1950772e-04   5.5214970e-01   6.9858295e-01   1.0000000e+00   4.5193795e-02
   7.3997953e-01   0.0000000e+00   0.0000000e+00   3.4695005e-04   2.1563501e-04   7.5243591e-06   0.0000000e+00   3.7885437e-04   6.1189583e-05   0.0000000e+00   4.6200915e-05   2.5264975e-04   3.5252394e-06   6.7196885e-06   1.2222235e-03   2.6841252e-05   7.8059566e-08   2.0992263e-05   3.4896626e-05   3.0260385e-06   9.4144787e-04   1.0476214e-05   5.4534153e-05   2.5170297e-04   1.1358776e-04   0.0000000e+00   8.4325869e-05   1.4451194e-05   3.9923282e-06   6.2149984e-04   7.3997953e-01   4.5469765e-01   1.0000000e+00   4.0643350e-02
   8.1411108e-01   1.0929628e-03   1.0370818e-05   6.4015665e-04   2.7433545e-04   0.0000000e+00   2.2324356e-04   1.3871488e-03   1.5319410e-04   2.2611782e-04   3.1682386e-04   5.4919107e-05   9.4080579e-07   1.4940795e-05   1.0677399e-03   1.5398973e-05   1.0692037e-05   9.0447442e-06   2.0540891e-05   3.3064728e-05   9.3223278e-04   1.4344265e-04   2.5715971e-05   8.7876359e-05   3.2932328e-04   1.3472908e-03   2.3658037e-05   6.6844117e-06   1.6834835e-04   6.4449501e-04   8.1411108e-01   3.4199653e-01   1.0000000e+00   3.9388481e-02
   5.1321285e-01   3.4371241e-04   4.6479437e-07   4.7487695e-04   5.7312870e-04   9.1579885e-05   4.9535493e-04   9.1549707e-05   2.3733454e-04   8.0771712e-05   1.0675782e-04   0.0000000e+00   8.5559139e-07   7.0996736e-07   9.8390290e-04   1.0403568e-05   3.8466547e-05   4.9979888e-04   4.1248755e-05   2.8035088e-05   1.4939303e-04   2.1323738e-04   5.7914307e-06   2.4152836e-04   1.0793120e-04   1.8573211e-03   5.2014724e-04   2.5498369e-04   6.0970755e-06   4.0534040e-04   5.1321285e-01   7.3969308e-01   1.0000000e+00   3.8662980e-02
   3.6307838e-01   1.8081441e-03   8.7384075e-06   4.7366661e-04   3.0023749e-04   0.0000000e+00   1.4235856e-04   1.6699440e-03   1.4607398e-04   2.3962480e-04   3.8661064e-04   5.6306553e-05   1.6628217e-07   1.2752631e-05   1.0013145e-03   1.3525362e-05   1.9745279e-05   5.6562446e-04   1.7520006e-04   0.0000000e+00   9.6435355e-04   1.8460031e-04   3.7627283e-05   1.0844180e-04   3.3198938e-04   8.6224871e-04   8.1954202e-05   1.6432157e-06   1.9380624e-04   8.2789767e-04   3.6307838e-01   8.7190111e-01   1.0000000e+00   3.8628184e-02
   3.0449195e-01   4.5486669e-04   3.4833240e-06   4.0215126e-04   3.1050927e-04   4.4385624e-05   1.2596496e-03   5.1557137e-04   1.0050151e-03   2.2241237e-05   2.1761712e-04   0.0000000e+00   3.2726952e-07   1.1615951e-06   1.0203930e-03   7.5335791e-06   1.8830961e-05   1.9325124e-04   2.4348936e-05   0.0000000e+00   4.9063710e-04   2.1419554e-04   2.5928571e-05   3.5650364e-04   6.3161896e-03   1.5318049e-03   6.4475252e-05   5.8227964e-05   6.6206299e-04   7.3828080e-04   3.0449195e-01   9.1269460e-01   1.0000000e+00   3.7842848e-02
   5.6661123e-01   2.5396436e-04   5.0840188e-07   5.0246021e-04   7.1223628e-04   7.6550587e-05   4.9312698e-04   9.2146291e-05   2.3113992e-04   8.7395015e-05   1.0555094e-04   3.3922914e-06   0.0000000e+00   7.8886769e-07   1.0110715e-03   1.0961437e-05   2.1948464e-05   2.7172180e-04   4.2133556e-05   2.9784033e-05   1.5204753e-04   2.3388091e-04   5.7326364e-06   2.4805185e-04   7.2224291e-05   1.7890582e-03   5.7003136e-04   3.4108656e-04   7.0276470e-06   5.4630185e-04   5.6661123e-01   6.8219368e-01   1.0000000e+00   3.7145524e-02
   7.5318126e-01   2.9695702e-05   9.9341823e-06   6.6148729e-05   1.8341748e-04   1.1955259e-04   5.3609078e-03   2.3028912e-04   0.0000000e+00   1.5768060e-04   1.2182350e-04   1.2448445e-04   1.7107578e-05   2.6844983e-05   1.3644278e-03   1.2812684e-05   2.5190259e-05   3.1655294e-04   0.0000000e+00   1.0451706e-05   0.0000000e+00   1.0682233e-04   7.6753498e-06   4.0500859e-04   1.8369878e-04   2.7638152e-04   3.8629202e-04   3.4610406e-05   0.0000000e+00   1.8886538e-04   7.5318126e-01   4.3746328e-01   1.0000000e+00   3.6552523e-02
   7.8537658e-01   8.5829111e-04   7.9102928e-06   8.2674570e-04   3.0336590e-04   3.6086023e-06   1.2824863e-04   1.5583603e-03   1.5455026e-04   1.7278865e-04   2.4218797e-04   6.8276639e-05   0.0000000e+00   1.4965810e-05   1.1521928e-03   2.0191038e-05   9.7849215e-06   0.0000000e+00   2.0237553e-05   2.3558308e-05   9.4440188e-04   1.5887630e-04   3.8529495e-05   5.0131007e-05   3.0449064e-04   1.0011737e-03   1.6076959e-05   6.5986485e-06   1.8816925e-04   7.3818004e-04   7.8537658e-01   3.8770071e-01   1.0000000e+00   3.4936000e-02
   7.5933192e-01   1.0665662e-03   6.5224640e-06   4.8934100e-04   3.1884457e-04   0.0000000e+00   1.3946635e-04   1.6022770e-03   1.5678025e-04   1.9429403e-04   3.5092724e-04   6.5679706e-05   0.0000000e+00   2.3629625e-06   1.0755285e-03   1.4925436e-05   1.3268173e-05   1.0603931e-05   2.3864094e-05   2.5323199e-05   9.1260191e-04   1.6072920e-04   3.6756446e-05   7.9944777e-05   2.9842921e-04   9.7092268e-04   7.8694146e-05   0.0000000e+00   1.6945986e-04   7.4356386e-04   7.5933192e-01   4.2781786e-01   1.0000000e+00   3.4782998e-02
   9.7925037e-01   0.0000000e+00   1.0641872e-06   3.6965449e-04   2.0096367e-04   2.7807689e-05   2.7506767e-04   1.5730977e-04   1.0597180e-04   0.0000000e+00   0.0000000e+00   1.3885489e-04   1.0521503e-05   5.9837948e-06   1.4711414e-03   1.2777474e-05   0.0000000e+00   4.0777687e-05   1.8873888e-05   1.5370910e-05   7.8587008e-04   2.3024245e-05   6.3714570e-05   4.6262992e-05   6.5777567e-04   3.8302647e-04   0.0000000e+00   5.5855637e-07   0.0000000e+00   1.0331027e-05   9.7925037e-01   4.3998497e-02   1.0000000e+00   3.4677875e-02
   9.8983589e-01   1.0764025e-04   1.6381940e-07   3.4977107e-04   2.1961627e-04   1.6566717e-05   5.1212778e-05   0.0000000e+00   3.0338668e-05   1.0498663e-05   0.0000000e+00   2.1440561e-04   8.4822648e-06   4.2027325e-06   1.2516155e-03   2.1183274e-06   8.7935662e-06   5.7239304e-06   0.0000000e+00   9.6004420e-07   3.7628496e-04   0.0000000e+00   2.3309218e-05   4.5174236e-05   2.0091445e-04   0.0000000e+00   7.1994924e-05   1.5585845e-05   7.8734665e-06   4.3071219e-04   9.8983589e-01   2.2345946e-02   1.0000000e+00   3.4118423e-02
   4.9786636e-01   0.0000000e+00   1.5529697e-06   3.2964443e-04   1.8500550e-04   1.2398225e-05   3.7402511e-04   1.1556303e-03   2.1744179e-04   1.2273912e-05   1.6740267e-04   6.3902409e-05   4.6771552e-06   2.2725862e-06   1.3714974e-03   0.0000000e+00   1.4206896e-06   4.4138779e-04   5.2922426e-05   2.5272493e-05   1.0044492e-03   3.3047272e-05   2.8450676e-05   2.6019912e-04   2.1841501e-04   8.8999439e-04   7.7488188e-05   2.6510745e-05   2.5302435e-05   5.9588732e-04   4.9786636e-01   7.5506263e-01   1.0000000e+00   3.3631287e-02
   9.8392792e-01   8.7632182e-05   2.3259322e-07   3.5272064e-04   2.1472693e-04   1.8553502e-05   3.8368525e-05   0.0000000e+00   2.0933530e-05   0.0000000e+00   1.1601648e-05   2.1067407e-04   8.8191122e-06   4.6516543e-07   1.2849508e-03   7.2596565e-06   8.7257501e-06   0.0000000e+00   9.2948071e-06   1.3569126e-05   7.1342530e-04   5.4720535e-05   2.1287881e-05   0.0000000e+00   2.0110377e-04   0.0000000e+00   0.0000000e+00   1.4162119e-05   1.1740969e-05   3.3735517e-04   9.8392792e-01   3.4109314e-02   1.0000000e+00   3.2262814e-02
   3.5321898e-01   0.0000000e+00   7.4753032e-06   2.7952760e-04   3.7774457e-04   8.7903461e-05   3.2922773e-05   1.3800850e-04   0.0000000e+00   0.0000000e+00   0.0000000e+00   4.8260735e-05   7.0894283e-06   9.7604432e-06   5.0269800e-04   0.0000000e+00   1.2554883e-05   0.0000000e+00   1.7064087e-05   7.1925590e-05   2.8986746e-04   1.6835559e-04   7.8210775e-06   1.9377378e-04   1.7002280e-04   6.7133078e-04   5.2225560e-04   5.4661538e-06   2.0052354e-04   5.6588914e-04   3.5321898e-01   8.7676790e-01   1.0000000e+00   3.1767744e-02
   2.8131150e-01   2.0703308e-04   3.0048224e-06   3.6670835e-04   9.8661014e-05   2.1294314e-05   1.0810770e-04   9.7049093e-04   0.0000000e+00   2.9989851e-04   2.6713691e-05   8.5701906e-05   3.7067154e-05   6.2235136e-05   4.2292862e-04   2.8153975e-05   3.8038298e-06   2.5670085e-04   6.1306289e-04   9.4397292e-05   8.1269828e-04   9.0699399e-06   1.8418213e-05   3.0630988e-04   3.2386944e-05   0.0000000e+00   1.4804699e-04   7.8265152e-05   0.0000000e+00   5.1361289e-04   2.8131150e-01   9.2274736e-01   1.0000000e+00   3.1248246e-02
   8.0556964e-01   6.3550726e-05   5.0562228e-06   2.2571483e-05   4.6418705e-04   2.5250241e-04   2.4376412e-03   1.3132545e-04   0.0000000e+00   3.5096174e-04   4.6363091e-05   3.5778139e-04   3.3578557e-05   7.2631024e-05   1.3157535e-03   5.4850975e-06   4.2788654e-05   0.0000000e+00   2.0129577e-05   0.0000000e+00   0.0000000e+00   5.0311020e-05   3.9172992e-06   5.0938452e-04   1.5911379e-04   6.6196458e-05   3.4498413e-04   3.8268462e-06   1.0808194e-04   3.6606121e-04   8.0556964e-01   3.5475632e-01   1.0000000e+00   2.9996807e-02
   3.8184802e-01   1.0424848e-04   4.0686691e-07   2.6766487e-04   1.4181638e-04   3.4603354e-05   2.1298810e-04   8.4641135e-04   1.6021071e-05   6.4293090e-05   2.6677341e-05   8.1964113e-05   2.7369776e-05   4.6168753e-05   5.8390186e-04   2.0781851e-05   0.0000000e+00   5.7136819e-04   1.3391597e-03   9.7198188e-05   8.3684623e-04   2.1499426e-07   0.0000000e+00   4.0040703e-05   2.2978658e-05   1.7850838e-04   2.1991621e-05   7.6875189e-06   8.2250769e-05   4.7531261e-04   3.8184802e-01   8.5637807e-01   1.0000000e+00   2.9788180e-02
   5.4475255e-01   1.5178589e-06   0.0000000e+00   2.8184710e-04   1.2381391e-04   0.0000000e+00   1.9010991e-04   1.3065165e-04   1.8504315e-04   1.5564207e-05   1.5887542e-04   9.0768644e-05   5.4813705e-06   7.7625259e-06   1.4038120e-03   1.2006380e-05   1.6380394e-06   7.1046820e-04   0.0000000e+00   1.7325231e-05   9.3579647e-04   1.4900359e-04   1.2901449e-05   2.3812798e-04   1.3210855e-05   3.5913840e-05   2.2703226e-04   4.7063715e-05   0.0000000e+00   6.1599551e-04   5.4475255e-01   7.0550215e-01   1.0000000e+00   2.9652160e-02
   6.4479658e-01   1.3943459e-05   9.4026466e-06   4.7322236e-05   4.5755323e-04   2.4409558e-04   2.2109760e-03   1.8874629e-04   1.4305000e-05   3.6173469e-04   4.3826384e-08   2.4720311e-04   4.2865045e-05   8.9580033e-05   1.2600498e-03   5.9617540e-06   4.6354916e-05   0.0000000e+00   2.6078140e-05   0.0000000e+00   2.3408805e-05   8.3813705e-05   1.3704559e-06   6.6859770e-04   1.7570230e-04   7.2493261e-05   3.2528325e-04   3.5920505e-06   8.1166800e-05   1.4551042e-04   6.4479658e-01   5.8724397e-01   1.0000000e+00   2.9143189e-02
   3.1239535e-02   1.0003649e-04   5.5829153e-06   1.7228986e-04   2.8341474e-04   6.1235679e-05   5.7066808e-05   9.5724182e-06   0.0000000e+00   1.0198085e-05   2.4956475e-05   3.9485034e-05   7.6399864e-06   1.5537882e-05   5.5033283e-04   0.0000000e+00   7.1208224e-06   0.0000000e+00   1.6822196e-05   6.5820170e-05   7.1939805e-05   1.6735691e-04   1.2239408e-05   2.0312100e-04   2.0535122e-04   5.5481465e-04   5.5482914e-04   1.3376924e-05   3.2440445e-04   2.4462704e-04   3.1239535e-02   1.0001981e+00   1.0000000e+00   2.9037548e-02
   4.5040390e-01   3.0010168e-05   2.4005166e-06   3.3033146e-04   1.7953313e-04   1.2088938e-05   4.0216049e-04   1.3056946e-03   2.1485857e-04   1.4988990e-05   1.5386193e-04   7.1700069e-05   4.7872303e-06   2.3272763e-06   1.3717702e-03   0.0000000e+00   1.4204004e-06   5.0511337e-04   4.8992208e-05   2.3491332e-05   1.0191673e-03   3.0815161e-05   1.7201932e-05   2.5555326e-04   2.5542449e-04   5.7486316e-04   8.3577036e-05   2.5225257e-05   2.5680548e-05   6.1278347e-04   4.5040390e-01   7.9996328e-01   1.0000000e+00   2.8864169e-02
   4.4071972e-01   3.4790850e-04   1.2723489e-06   4.7512043e-04   3.4826435e-04   1.0544018e-04   6.2925625e-04   2.3295844e-04   2.3012547e-04   8.1515668e-05   1.4835472e-04   0.0000000e+00   1.2737204e-06   2.9153051e-07   7.7605507e-04   1.2704200e-05   3.7391773e-05   4.6786906e-04   3.9073362e-05   2.9808291e-05   4.7926570e-04   2.2131704e-04   0.0000000e+00   2.0981675e-04   1.0189353e-04   1.7865939e-03   5.6033386e-04   2.6665479e-04   3.0667940e-06   5.3084261e-04   4.4071972e-01   8.0877602e-01   1.0000000e+00   2.8371309e-02
   3.7623403e-01   4.5352275e-04   2.3144406e-06   3.5354628e-04   2.1333380e-04   0.0000000e+00   4.4152346e-04   3.8985267e-04   1.6768045e-04   7.0939572e-05   2.7223262e-04   2.2258429e-05   4.4962494e-06   1.0260994e-05   1.4553093e-03   7.8199581e-06   1.7492986e-05   5.3620253e-06   4.7736426e-07   2.8575361e-05   1.1396462e-03   1.4770353e-04   3.4055738e-05   2.6913097e-05   3.9454284e-05   6.2401096e-04   2.8359506e-04   0.0000000e+00   3.3423866e-05   1.4472226e-03   3.7623403e-01   8.6117259e-01   1.0000000e+00   2.8328911e-02
   6.9322574e-01   0.0000000e+00   0.0000000e+00   3.8627403e-04   1.4080987e-04   9.2133544e-06   1.4282181e-04   1.5531888e-04   5.6613066e-05   3.6836102e-05   5.6790630e-05   2.1845188e-04   2.1922207e-06   9.2495746e-06   1.2689061e-03   2.2824606e-05   5.4222293e-06   3.8905779e-05   2.6895482e-05   7.7771031e-06   9.5922150e-04   1.2258557e-07   4.2162604e-05   2.9227204e-04   8.6491300e-05   5.2585434e-04   1.0606774e-04   1.6681890e-05   4.7351259e-08   8.1163272e-04   6.9322574e-01   5.2192980e-01   1.0000000e+00   2.7741692e-02
   6.5215826e-01   0.0000000e+00   4.2297175e-07   3.2421486e-04   1.5621309e-04   0.0000000e+00   1.5970784e-04   2.1508543e-04   7.5422371e-05   3.4942320e-05   8.3325957e-05   2.2676787e-04   3.8656366e-06   5.6916959e-06   9.5385893e-04   1.9857069e-05   5.1669799e-06   2.1978903e-05   2.6996339e-05   1.1520837e-05   9.5779925e-04   0.0000000e+00   5.6081177e-05   2.6177582e-04   1.1868773e-04   4.6153982e-04   1.2003233e-04   2.1017684e-05   1.9656466e-05   8.5441977e-04   6.5215826e-01   5.7698690e-01   1.0000000e+00   2.7464286e-02
   4.3528118e-01   4.6823896e-05   2.5720774e-06   3.1667002e-04   2.0037878e-04   1.5911342e-05   3.8839806e-04   1.1232741e-03   1.9842657e-04   0.0000000e+00   1.6828459e-04   7.0660226e-05   3.2587344e-06   3.8344216e-06   1.2822296e-03   1.0461653e-07   1.1899371e-06   5.8695248e-04   3.1071376e-05   2.3375195e-05   7.9303196e-04   4.1877217e-05   1.7451359e-05   3.5440858e-04   2.5558094e-04   5.7385447e-04   6.1885195e-05   2.2645413e-05   3.2268742e-05   6.0949981e-04   4.3528118e-01   8.1319676e-01   1.0000000e+00   2.6820606e-02
   5.8452328e-01   9.7402547e-04   3.0811875e-06   3.3250224e-04   0.0000000e+00   3.8480213e-06   1.9451882e-04   3.7047512e-04   1.6657928e-04   9.2394525e-05   2.9615259e-04   2.2967648e-05   4.4399713e-06   1.0245601e-05   1.2543164e-03   8.9534540e-06   1.0225123e-05   6.6534315e-05   9.5630160e-06   1.8611351e-05   9.3757791e-04   1.0433318e-04   2.8882320e-05   0.0000000e+00   4.4828879e-05   1.0126050e-03   2.6197102e-04   0.0000000e+00   3.3050670e-05   1.1606256e-03   5.8452328e-01   6.6142164e-01   1.0000000e+00   2.6729943e-02
   7.2098573e-01   0.0000000e+00   0.0000000e+00   3.2889821e-04   1.6583925e-04   4.4787896e-06   1.1489765e-04   1.9236191e-04   7.5351368e-05   3.4996139e-05   9.0166024e-05   2.2017440e-04   2.9160189e-06   6.5363187e-06   1.2701981e-03   2.1958604e-05   4.5820136e-06   2.4908519e-05   2.6988034e-05   7.5883330e-06   9.7321125e-04   7.4981162e-06   4.4652103e-05   2.7108539e-04   1.1759165e-04   4.5990851e-04   1.3560590e-04   1.7767654e-05   0.0000000e+00   7.6937719e-04   7.2098573e-01   4.8272019e-01   1.0000000e+00   2.6701095e-02
   4.8800076e-01   2.3196745e-05   0.0000000e+00   5.3628334e-04   8.1426871e-04   7.1662455e-05   5.3568834e-04   0.0000000e+00   3.7915980e-04   1.2696439e-04   1.4292088e-04   1.9020860e-06   0.0000000e+00   6.8655470e-06   1.0405104e-03   1.1596764e-06   1.9450026e-05   2.6358563e-04   4.2765204e-05   2.7143161e-05   2.1337856e-04   4.1283209e-04   7.7519625e-06   2.1130065e-04   0.0000000e+00   1.4423745e-03   5.4958280e-04   1.7124392e-04   8.1925663e-05   5.5089948e-04   4.8800076e-01   7.6480298e-01   1.0000000e+00   2.5831024e-02
   2.4245350e-01   1.8713373e-04   2.1376265e-06   3.6781168e-04   8.1971945e-05   2.8947928e-05   1.2255518e-04   1.1870178e-03   5.5385969e-06   3.2946807e-04   2.8973684e-05   8.9566340e-05   4.2044100e-05   4.7349164e-05   5.7340417e-04   2.9402747e-05   4.2718669e-06   4.1562266e-04   4.6735635e-04   1.1094216e-04   2.2045567e-03   0.0000000e+00   1.4264575e-05   2.8348923e-04   0.0000000e+00   1.2135729e-04   1.7291993e-04   7.5059356e-05   0.0000000e+00   4.8252966e-04   2.4245350e-01   9.4367241e-01   1.0000000e+00   2.5586463e-02
   1.6535846e-02   8.0612393e-05   8.0673982e-06   1.2725661e-04   2.4148276e-04   4.6648976e-05   0.0000000e+00   2.1428007e-05   0.0000000e+00   6.1732149e-05   5.7635426e-06   0.0000000e+00   9.7358695e-06   1.3822190e-05   4.6797240e-04   0.0000000e+00   0.0000000e+00   5.0447399e-05   2.1432093e-05   3.3955187e-05   0.0000000e+00   1.6921616e-04   1.1942416e-05   1.8890737e-04   1.7519084e-04   7.6140782e-04   5.9013133e-04   0.0000000e+00   2.6465224e-04   0.0000000e+00   1.6535846e-02   1.0007671e+00   1.0000000e+00   2.5446310e-02
   7.7590779e-01   1.1072947e-03   9.2198133e-06   6.2922461e-04   3.3442715e-04   2.4466647e-06   1.5163109e-04   1.5582896e-03   1.6087745e-04   1.4441243e-04   2.4434588e-04   7.2922024e-05   0.0000000e+00   1.2508944e-05   1.1096232e-03   3.6715639e-05   1.0358206e-05   0.0000000e+00   1.1593783e-05   2.7399442e-05   6.8319662e-04   1.4781733e-04   3.2107387e-05   6.9108509e-05   3.0880671e-04   9.3586645e-04   2.1757322e-05   9.3030998e-06   2.0047471e-04   6.4650364e-04   7.7590779e-01   4.0227742e-01   1.0000000e+00   2.4991506e-02
   3.9608406e-01   1.4455432e-03   7.3504950e-06   5.1440822e-04   2.5962318e-04   0.0000000e+00   1.8090447e-04   1.4945061e-03   1.4621467e-04   2.2914207e-04   4.2664445e-04   7.6847331e-05   0.0000000e+00   1.2712828e-05   9.5554819e-04   1.3968244e-05   1.9297467e-05   6.6969821e-04   1.6454912e-04   3.1868288e-07   1.0654177e-03   1.7139010e-04   3.9938643e-05   1.1009471e-04   3.3478839e-04   8.4941736e-04   7.9973769e-05   1.5901057e-06   1.9054011e-04   8.5218797e-04   3.9608406e-01   8.4681838e-01   1.0000000e+00   2.4810526e-02
   7.0901605e-01   3.6905878e-04   3.5520168e-06   3.6299573e-04   4.1171134e-05   4.9331633e-06   0.0000000e+00   8.4466302e-04   1.7270197e-04   8.6213735e-05   2.8398894e-04   0.0000000e+00   7.1900262e-06   9.6490944e-06   1.3854346e-03   0.0000000e+00   1.2974319e-05   1.7775619e-04   1.4989431e-05   4.7175702e-05   1.2869629e-03   4.6519119e-05   9.6022577e-05   1.1096931e-04   0.0000000e+00   1.6360199e-03   6.4902702e-04   2.2638445e-06   1.4924551e-05   1.5803794e-03   7.0901605e-01   5.0160476e-01   1.0000000e+00   2.4614757e-02
   9.7280931e-01   1.1083839e-04   7.8865241e-07   3.5383256e-04   2.0353107e-04   0.0000000e+00   2.6880420e-03   4.3300948e-07   1.6329309e-05   0.0000000e+00   1.3127941e-05   2.1834500e-04   9.1145523e-06   2.9311731e-06   9.1064167e-04   6.9062216e-06   3.1097209e-05   4.7864042e-06   1.4265757e-05   1.5685864e-05   1.2173242e-03   1.0196125e-04   1.8724063e-05   1.3886667e-05   1.7549033e-04   0.0000000e+00   1.7620172e-04   1.2078938e-05   0.0000000e+00   3.1167794e-04   9.7280931e-01   5.7641675e-02   1.0000000e+00   2.3449767e-02
   7.6712606e-01   5.0794557e-05   2.2952792e-06   3.4933495e-04   1.3076169e-04   3.9074757e-05   9.0706293e-04   1.7650379e-04   1.2401980e-04   0.0000000e+00   3.2051245e-04   1.7311347e-04   3.1723228e-06   1.1932152e-05   1.2394299e-03   2.4215688e-05   6.8250360e-06   1.2672703e-03   2.1550743e-04   5.9412314e-05   1.1832879e-03   4.9956366e-06   2.4082131e-08   1.6917138e-04   0.0000000e+00   9.4607169e-04   2.0706377e-04   6.1622870e-06   1.8545824e-04   4.7995845e-04   7.6712606e-01   4.1559727e-01   1.0000000e+00   2.3169608e-02
   4.4114621e-02   1.1250100e-04   4.7813540e-06   2.5543807e-04   3.3818563e-04   6.9468806e-05   0.0000000e+00   2.0358435e-05   6.3809609e-05   1.3335382e-05   0.0000000e+00   2.0125031e-05   1.5359457e-05   1.2783768e-05   3.7561514e-04   1.0641821e-07   9.8197166e-06   5.7605479e-05   0.0000000e+00   3.3210007e-05   2.1574214e-05   1.8126283e-04   1.5269937e-05   2.0752797e-04   2.3512248e-04   6.4231970e-04   5.5646030e-04   5.3638369e-06   8.4620985e-05   6.8742035e-04   4.4114621e-02   9.9930996e-01   1.0000000e+00   2.3086754e-02
   1.7716689e-01   9.1450853e-05   4.7909288e-06   2.9741694e-04   4.5954099e-04   4.3193804e-05   0.0000000e+00   0.0000000e+00   7.0440193e-05   1.1228941e-04   1.4946444e-05   2.4765738e-05   1.6830288e-05   1.5888917e-05   4.9089658e-04   9.4282599e-07   1.0538827e-05   3.0494103e-05   0.0000000e+00   3.0385924e-05   9.6064360e-05   1.6923591e-04   0.0000000e+00   1.4547574e-04   2.5325348e-04   1.1551445e-04   7.3710664e-04   4.1509099e-06   1.1307516e-05   7.0882288e-04   1.7716689e-01   9.6987803e-01   1.0000000e+00   2.2321451e-02
   7.4407911e-01   0.0000000e+00   0.0000000e+00   3.1863017e-04   1.7399846e-04   4.5372764e-07   2.9351069e-04   1.9446749e-04   6.9315857e-06   0.0000000e+00   7.9791284e-05   2.4104522e-04   2.8578478e-06   5.9418559e-06   1.2654289e-03   2.2440218e-05   8.9694218e-06   3.0675776e-05   1.7066804e-05   8.0422185e-06   9.8975273e-04   8.8550865e-06   3.5074748e-05   2.9202802e-04   2.3926208e-04   4.7180253e-04   1.3086408e-04   4.2738289e-05   0.0000000e+00   8.2007163e-04   7.4407911e-01   4.4909325e-01   1.0000000e+00   2.1996305e-02
   5.9409137e-01   0.0000000e+00   2.5983693e-06   3.3143240e-04   1.5215861e-04   0.0000000e+00   2.7857719e-04   1.6558044e-03   1.7466823e-04   1.2734780e-04   1.6785803e-04   3.4152618e-05   1.9799333e-06   1.1421650e-06   1.6016725e-03   8.5547855e-06   1.3290589e-05   3.5228335e-05   3.4074165e-05   3.2424247e-05   1.3410732e-03   1.4993621e-04   3.2176184e-05   1.2402524e-04   0.0000000e+00   8.2746340e-04   1.9990992e-04   0.0000000e+00   1.3343237e-04   1.0109137e-03   5.9409137e-01   6.5061019e-01   1.0000000e+00   2.1821432e-02
   9.0136473e-01   5.7195819e-05   0.0000000e+00   2.8442854e-04   2.2217427e-04   2.1072204e-05   7.1573525e-05   0.0000000e+00   1.6712411e-05   3.7282858e-06   0.0000000e+00   1.8135851e-04   8.7364925e-06   0.0000000e+00   1.3383987e-03   7.2229555e-06   7.6342160e-06   0.0000000e+00   8.1183561e-06   1.5149661e-05   8.4210877e-04   5.5837248e-05   3.4701632e-05   0.0000000e+00   2.2324242e-04   1.8320087e-04   0.0000000e+00   1.5897926e-05   9.7024977e-05   3.4890457e-04   9.0136473e-01   1.8981529e-01   1.0000000e+00   2.1704779e-02
   8.5058384e-01   7.1049847e-04   2.7535462e-06   2.9476482e-04   1.0077301e-06   8.3305882e-06   0.0000000e+00   2.1982284e-04   0.0000000e+00   5.9862343e-05   3.5918575e-04   2.5504338e-05   0.0000000e+00   8.3244152e-06   1.0692956e-03   6.9325704e-06   1.5670606e-05   6.8892482e-05   6.8134017e-06   2.8042770e-05   8.0040388e-04   1.1636307e-04   3.8755811e-05   6.6352418e-05   4.0696027e-04   1.0309025e-03   2.4268931e-04   1.0528024e-05   1.2862985e-06   1.2838788e-03   8.5058384e-01   2.8018583e-01   1.0000000e+00   2.1684858e-02
   6.0692985e-01   6.3501941e-04   2.1042095e-06   3.1870094e-04   9.4277226e-05   0.0000000e+00   3.2139779e-04   2.1907223e-03   1.9079332e-04   9.4238895e-05   2.0693238e-04   1.0000768e-05   4.7373553e-06   6.1441443e-06   1.3803447e-03   9.6851908e-06   8.4186299e-06   5.1637308e-05   5.2311184e-05   2.2826857e-05   1.5272372e-03   1.4725928e-04   3.1815786e-05   1.3813212e-04   5.7407637e-05   8.7152953e-04   6.6506438e-04   2.2675728e-07   1.3759877e-04   1.2901954e-03   6.0692985e-01   6.3607715e-01   1.0000000e+00   2.1379705e-02
   6.0121801e-01   3.5048613e-05   0.0000000e+00   2.9831952e-04   8.1178960e-05   6.1749565e-06   1.2474452e-04   1.2943263e-04   1.7414505e-04   1.5512383e-05   1.2765503e-04   7.8254550e-05   6.4210524e-06   5.4968172e-06   1.0679660e-03   1.1893368e-05   1.3410907e-06   7.4102922e-04   0.0000000e+00   1.7284862e-05   8.3795358e-04   1.3671557e-04   1.2816330e-05   2.4297479e-04   1.9674503e-05   5.4585654e-05   2.3286810e-04   4.5289175e-05   0.0000000e+00   6.0620920e-04   6.0121801e-01   6.4069550e-01   1.0000000e+00   2.1212684e-02
   9.9543023e-01   7.5886423e-05   0.0000000e+00   5.6636718e-04   2.2975823e-04   1.8993631e-05   0.0000000e+00   3.5934443e-05   4.3016677e-05   0.0000000e+00   3.4352857e-06   1.8677666e-04   9.3376131e-06   8.4607079e-06   1.2727904e-03   8.7442816e-06   1.4133189e-05   3.6274590e-05   3.2266848e-06   1.0802503e-05   8.4130569e-04   4.8959551e-05   2.6181120e-05   0.0000000e+00   3.6907709e-04   0.0000000e+00   5.1429042e-05   1.7405625e-05   9.0005180e-06   0.0000000e+00   9.9543023e-01   1.1519018e-02   1.0000000e+00   2.1026987e-02
   9.6708413e-01   9.2018875e-05   3.5192735e-06   3.3685454e-04   2.8952701e-04   0.0000000e+00   0.0000000e+00   0.0000000e+00   2.1437414e-05   1.6606758e-05   8.6815983e-06   2.0972329e-04   8.8992159e-06   0.0000000e+00   1.2871977e-03   7.2633698e-06   1.8829189e-05   2.7108793e-05   2.6281538e-05   1.2714967e-05   6.7827636e-04   5.5222780e-05   1.8612965e-05   1.8931629e-05   1.8957043e-04   2.2450904e-05   1.6435351e-05   1.5031117e-05   1.2053048e-05   2.8197420e-04   9.6708413e-01   6.6954401e-02   1.0000000e+00   2.1002189e-02
   9.6051899e-01   1.0544187e-04   2.3292632e-07   3.4839814e-04   2.1715896e-04   1.6656406e-05   6.0092239e-05   0.0000000e+00   2.1514799e-05   0.0000000e+00   1.1792197e-05   2.1409295e-04   8.4572799e-06   4.4695273e-06   1.2484402e-03   4.7159306e-06   8.8061898e-06   0.0000000e+00   0.0000000e+00   0.0000000e+00   2.9202375e-04   0.0000000e+00   2.0504990e-05   0.0000000e+00   1.9267573e-04   5.5968096e-05   5.9192300e-05   1.4388780e-05   8.1128490e-06   3.3480881e-04   9.6051899e-01   7.9340285e-02   1.0000000e+00   2.0883266e-02
   7.0141105e-01   6.8370743e-05   7.1244731e-06   5.2903949e-06   1.7983181e-04   1.0135755e-04   5.4434351e-03   2.3406818e-04   4.7432251e-06   2.1021708e-04   1.2519647e-04   9.7919083e-05   2.3021763e-05   2.8220485e-05   1.5197633e-03   1.1506296e-05   2.6487533e-05   3.0213413e-04   3.9593457e-05   1.6567111e-05   3.9745602e-05   8.9043518e-05   0.0000000e+00   5.0298454e-04   6.6310419e-06   0.0000000e+00   5.5399142e-04   3.0687022e-05   1.0178679e-04   5.5788276e-05   7.0141105e-01   5.1256746e-01   1.0000000e+00   2.0654287e-02
   6.6508174e-01   1.8092802e-05   2.8987928e-06   3.0474349e-04   2.0357109e-04   1.6555355e-06   4.2332352e-04   1.6848982e-03   2.1570968e-04   3.4626455e-06   1.4065940e-04   6.7513290e-05   1.6229343e-05   0.0000000e+00   2.0240478e-03   4.9356978e-06   1.9152588e-06   4.5788051e-04   2.5684895e-05   0.0000000e+00   1.1638305e-03   0.0000000e+00   1.6807620e-05   2.4195178e-04   2.7879072e-04   1.3275961e-03   1.1326101e-04   1.6683762e-05   4.2011934e-05   5.7834431e-04   6.6508174e-01   5.6185966e-01   1.0000000e+00   2.0599824e-02
   5.2467013e-02   9.8544669e-05   4.6756908e-06   2.3043568e-04   2.9116802e-04   5.5927686e-05   4.5386945e-05   5.6613444e-06   1.9313506e-05   4.3516850e-05   0.0000000e+00   3.7338655e-05   9.2251938e-06   1.4674715e-05   4.0419488e-04   0.0000000e+00   1.1731264e-05   0.0000000e+00   3.3958374e-05   4.4551959e-05   2.9153981e-04   2.2124727e-04   2.8600457e-05   2.2638656e-04   2.6981573e-04   5.4214396e-04   5.8047839e-04   0.0000000e+00   0.0000000e+00   4.0122224e-06   5.2467013e-02   9.9834093e-01   1.0000000e+00   2.0562500e-02
   6.7014579e-01   4.4606234e-04   2.6060188e-06   3.4664575e-04   2.1861221e-04   0.0000000e+00   3.3582893e-04   2.6030390e-04   1.5993723e-04   7.3561046e-05   3.1781477e-04   2.1990935e-05   1.5891094e-06   8.8968831e-06   1.0210138e-03   6.2139861e-06   1.3939479e-05   1.3356867e-06   2.8850620e-06   2.4279215e-05   1.2101444e-03   1.1746404e-04   3.4901573e-05   1.9109727e-05   0.0000000e+00   3.0158966e-05   3.1146315e-04   0.0000000e+00   3.1213410e-05   1.5136194e-03   6.7014579e-01   5.5384017e-01   1.0000000e+00   2.0154916e-02
   7.6650800e-01   8.2177893e-04   9.6507878e-07   2.9310801e-04   2.3066877e-05   0.0000000e+00   0.0000000e+00   2.3722678e-04   1.1898408e-05   6.1816740e-05   3.1875164e-04   2.5663622e-05   1.0445852e-07   2.5452197e-06   1.0834581e-03   6.6662834e-06   1.3576738e-05   1.3132284e-04   6.1750455e-06   3.0753426e-05   8.6934623e-04   1.2273105e-04   3.8619690e-05   1.0866880e-04   4.9374152e-04   9.7654644e-04   2.7214868e-04   6.7197990e-06   5.6051041e-05   1.2305652e-03   7.6650800e-01   4.1603152e-01   1.0000000e+00   2.0028697e-02
   9.2212178e-01   4.6117266e-04   4.6382753e-06   9.9077475e-04   8.6246829e-05   0.0000000e+00   0.0000000e+00   1.8906789e-04   1.6568706e-04   1.0482728e-05   7.1725392e-05   8.5783811e-05   5.0830956e-06   1.3981494e-05   1.6550345e-03   9.3447517e-07   4.4781223e-07   2.9037843e-04   5.4718698e-05   2.0528914e-05   6.2649674e-04   3.6333509e-05   7.0941958e-06   1.9114500e-04   3.1199171e-04   8.0617696e-04   6.9742739e-05   5.3109990e-08   3.2471624e-05   6.6655822e-04   9.2212178e-01   1.5362381e-01   1.0000000e+00   2.0023200e-02
   2.3538984e-01   4.8182282e-04   3.5228933e-06   4.5056315e-04   2.5936919e-04   4.3049793e-05   1.2144461e-03   5.8501475e-04   9.1569375e-04   2.0540889e-05   2.3897566e-04   1.6703072e-05   2.2269915e-07   0.0000000e+00   1.0836097e-03   8.1909340e-06   2.2932196e-05   1.8319780e-04   4.3710355e-05   0.0000000e+00   3.0219034e-04   1.4111922e-04   2.5872630e-05   3.5466205e-04   3.0832195e-03   1.7960899e-03   2.2274230e-05   6.4628610e-05   5.3976787e-04   8.7835602e-04   2.3538984e-01   9.4877664e-01   1.0000000e+00   1.9691805e-02
   4.2624858e-01   0.0000000e+00   2.5127450e-06   3.1612958e-04   1.6710051e-04   1.2563939e-05   4.1141400e-04   1.2721116e-03   2.3491202e-04   4.6391145e-05   2.3062775e-04   6.8727986e-05   4.0429556e-06   3.4436266e-06   1.3325624e-03   0.0000000e+00   4.4846379e-06   5.7168141e-04   3.4349195e-05   2.3482594e-05   1.0556277e-03   3.5235332e-05   1.5863714e-05   2.3897507e-04   2.3205720e-04   6.2718001e-04   9.0598777e-05   2.4996770e-05   3.8736351e-05   5.3994824e-04   4.2624858e-01   8.2111139e-01   1.0000000e+00   1.9659590e-02
   2.7075312e-01   1.8156637e-04   5.4976373e-06   2.5017117e-04   4.4078904e-04   3.2519581e-05   0.0000000e+00   5.2093380e-05   8.4146205e-05   3.8543857e-05   6.9369733e-06   6.6282604e-05   2.5720616e-06   4.5579781e-05   1.1653138e-04   1.8532162e-06   0.0000000e+00   2.3976739e-04   1.7366307e-05   8.3073949e-05   8.2509246e-06   3.6131179e-04   1.0886612e-05   2.9006270e-04   0.0000000e+00   1.6068017e-03   4.2827522e-04   2.8605389e-05   1.5460759e-04   9.1998553e-04   2.7075312e-01   9.2851593e-01   1.0000000e+00   1.9657782e-02
   4.9669826e-01   1.1935860e-05   2.2568905e-06   2.9944719e-04   3.4339725e-04   2.5297959e-05   4.6567857e-04   1.8046518e-03   1.5946608e-04   0.0000000e+00   1.5918655e-04   6.0378977e-05   3.0898867e-05   3.4739703e-07   1.3973480e-03   5.9824886e-06   0.0000000e+00   5.6302390e-04   2.8049771e-05   0.0000000e+00   1.1918679e-03   3.3113797e-05   1.3567579e-05   2.3850603e-04   2.6907434e-04   1.3381411e-03   0.0000000e+00   1.5264743e-05   2.8216333e-05   5.6436629e-04   4.9669826e-01   7.5679023e-01   1.0000000e+00   1.9617082e-02
   8.0647307e-01   6.2203042e-05   5.1275322e-06   1.7296136e-05   4.6402908e-04   2.5362827e-04   2.5517500e-03   1.2774436e-04   0.0000000e+00   3.2463664e-04   4.6217263e-05   3.5747222e-04   3.3573242e-05   7.3979928e-05   1.3103584e-03   5.1904354e-06   4.2794097e-05   2.5677154e-05   2.0365854e-05   2.7222673e-07   0.0000000e+00   5.0266613e-05   3.9140345e-06   5.1178669e-04   1.5887085e-04   5.6439227e-05   3.4163326e-04   3.9956836e-06   1.0902354e-04   3.0137051e-04   8.0647307e-01   3.5331621e-01   1.0000000e+00   1.9552866e-02
   8.9055445e-02   7.0386180e-05   4.6764479e-06   3.0012319e-04   2.9473632e-04   8.4783486e-05   2.0985694e-04   3.6571376e-05   2.4966813e-06   5.4053747e-05   1.5448096e-06   0.0000000e+00   0.0000000e+00   0.0000000e+00   4.2274417e-05   3.1159439e-06   1.6838462e-05   3.9718787e-05   2.7017145e-05   6.6009934e-05   3.3583316e-05   2.1922427e-04   2.3493644e-05   1.1518883e-04   1.9699455e-04   5.1965152e-04   5.2007463e-04   3.1811444e-06   2.0637189e-04   0.0000000e+00   8.9055445e-02   9.9303631e-01   1.0000000e+00   1.9209888e-02
   8.8518329e-01   1.0169402e-03   5.9286761e-06   3.3378664e-04   2.6606090e-04   6.9096649e-06   1.2291645e-04   1.2077164e-03   3.6499349e-05   4.7495979e-04   2.7759013e-04   3.4013192e-05   1.2673531e-06   6.8751800e-05   8.7091271e-05   2.8565395e-05   1.3226657e-05   4.3501062e-05   2.2732893e-05   1.8578129e-06   9.5603009e-04   1.7069281e-04   4.0443625e-05   1.5191106e-04   8.1391128e-05   1.1978138e-03   1.5808556e-05   1.1728604e-07   3.6464391e-04   2.0343681e-03   8.8518329e-01   2.2146116e-01   1.0000000e+00   1.9130652e-02
   9.1570321e-01   1.2143198e-04   0.0000000e+00   3.4507975e-04   1.6301517e-04   4.1098880e-06   2.6390595e-05   6.6374078e-04   1.6081921e-04   0.0000000e+00   2.5108243e-04   6.8565066e-05   4.7970864e-06   0.0000000e+00   1.3351128e-03   0.0000000e+00   9.5200283e-06   3.1820106e-04   6.2586661e-05   2.7837750e-05   5.4744718e-04   1.3706940e-05   1.9663844e-05   1.3524959e-04   7.1916039e-04   6.2928065e-04   8.0031033e-05   0.0000000e+00   5.6833597e-05   7.3921024e-04   9.1570321e-01   1.6519458e-01   1.0000000e+00   1.9069510e-02
   9.0699846e-01   1.3919314e-04   3.1992303e-06   1.0239632e-03   5.3949598e-05   1.4322883e-05   0.0000000e+00   0.0000000e+00   1.5162638e-04   0.0000000e+00   1.0089137e-04   1.0606339e-04   1.7257018e-06   3.1034065e-06   2.6959662e-03   4.5078476e-06   1.2410226e-07   3.9689549e-04   3.9422888e-04   2.9467902e-05   7.0614829e-04   2.7174036e-05   1.0221234e-05   2.1625140e-04   3.6871033e-04   9.2594416e-04   0.0000000e+00   0.0000000e+00   4.7653999e-05   6.7505764e-04   9.0699846e-01   1.8192832e-01   1.0000000e+00   1.9059065e-02
   2.6872706e-01   1.6205150e-04   2.1547506e-06   3.7084511e-04   1.0910700e-04   2.2937306e-05   1.3164591e-04   1.0691767e-03   4.6154483e-06   2.7387165e-04   3.4296268e-05   8.3298148e-05   4.8209813e-05   5.3591957e-05   5.5401596e-04   3.6790308e-05   7.7020615e-06   4.0919565e-04   6.5726149e-04   1.1444195e-04   8.8556485e-04   4.6567016e-06   1.4219077e-05   2.9898797e-04   8.7862926e-05   0.0000000e+00   1.4916711e-04   7.9960696e-05   0.0000000e+00   4.2624187e-04   2.6872706e-01   9.2981262e-01   1.0000000e+00   1.9055902e-02
   1.9064537e-01   1.8576228e-04   5.2018587e-06   1.6796752e-04   4.3214588e-04   5.4444245e-05   1.9596986e-04   9.1226905e-05   0.0000000e+00   1.1205483e-06   2.6478643e-05   2.6170923e-05   8.0306536e-06   4.4912965e-05   2.5116445e-05   0.0000000e+00   0.0000000e+00   2.1894811e-04   1.2240731e-05   3.9517977e-05   2.3969632e-04   4.6510256e-04   1.2766077e-05   2.4747025e-04   7.6569939e-05   1.2919088e-03   4.2129076e-04   2.9805377e-05   1.2801713e-04   6.3864407e-04   1.9064537e-01   9.6529021e-01   1.0000000e+00   1.9031885e-02
   9.5512747e-01   9.8571769e-05   3.2503628e-06   1.0315164e-03   4.5632519e-05   0.0000000e+00   0.0000000e+00   1.3629971e-05   1.6582775e-04   0.0000000e+00   1.1175920e-04   1.0632459e-04   4.7469171e-06   1.3941692e-05   1.6092682e-03   1.3773576e-06   0.0000000e+00   3.9445218e-04   4.4067756e-05   2.0847597e-05   7.2756088e-04   2.3123302e-05   9.4055557e-06   1.9279791e-04   3.1479072e-04   7.9334561e-04   6.7762307e-05   0.0000000e+00   2.9205487e-05   6.9084852e-04   9.5512747e-01   9.1593641e-02   1.0000000e+00   1.8998778e-02
   7.0169269e-01   0.0000000e+00   0.0000000e+00   3.4118243e-04   2.1703170e-04   5.4274912e-06   0.0000000e+00   2.2089642e-04   6.2682104e-05   0.0000000e+00   5.4515100e-05   2.4348514e-04   3.0485652e-06   6.7570439e-06   1.2569914e-03   2.3605498e-05   0.0000000e+00   1.8949183e-05   3.2609106e-05   0.0000000e+00   9.7292826e-04   2.5987130e-05   5.3368792e-05   2.2561859e-04   1.1098606e-04   0.0000000e+00   1.1025834e-04   1.4364081e-05   4.1199260e-06   5.9416556e-04   7.0169269e-01   5.0975638e-01   1.0000000e+00   1.8580235e-02
   2.9083604e-01   2.1900432e-04   5.5824645e-06   3.7213309e-04   1.0226452e-04   2.0623783e-05   1.0680405e-04   1.0375768e-03   0.0000000e+00   3.8862652e-04   2.2803439e-05   7.4094410e-05   3.9963998e-05   6.7535129e-05   4.9030071e-04   2.9583972e-05   2.7844854e-06   2.8973466e-04   5.6812112e-04   7.8803643e-05   9.0260735e-04   1.1244299e-05   2.0683571e-05   3.2937860e-04   0.0000000e+00   0.0000000e+00   1.3585272e-04   9.4452847e-05   0.0000000e+00   3.8042995e-04   2.9083604e-01   9.1736335e-01   1.0000000e+00   1.8486871e-02
   2.9272902e-01   5.4520550e-05   7.0499861e-06   2.7911534e-04   3.5047612e-04   6.1286024e-05   0.0000000e+00   0.0000000e+00   0.0000000e+00   1.9951921e-05   7.6719978e-06   4.4914588e-05   7.6838311e-06   1.5240905e-05   5.5137571e-04   1.2224924e-06   1.2138098e-05   2.7853335e-06   1.5775939e-05   4.6069241e-05   2.9538357e-04   1.6826105e-04   1.2936512e-05   1.8897922e-04   1.6869210e-04   7.2617191e-04   5.3182365e-04   8.5475511e-06   1.7393941e-04   3.3330280e-04   2.9272902e-01   9.1568608e-01   1.0000000e+00   1.8329985e-02
   9.2873126e-01   3.0122793e-05   0.0000000e+00   3.3847474e-04   1.7500511e-04   1.8549310e-05   6.9929959e-05   2.8278792e-04   1.3411916e-04   1.7730152e-06   0.0000000e+00   9.1374967e-05   1.2489363e-05   5.7681367e-07   1.2524430e-03   1.2823149e-05   5.4774777e-06   3.7360776e-05   1.9994618e-05   1.5550607e-05   7.4008152e-04   1.0040374e-05   6.6504979e-05   1.4157119e-04   6.1254332e-05   0.0000000e+00   0.0000000e+00   0.0000000e+00   0.0000000e+00   0.0000000e+00   9.2873126e-01   1.3949090e-01   1.0000000e+00   1.8320247e-02
   8.8078343e-01   1.0678827e-03   5.6230126e-06   4.3837675e-04   3.0624157e-04   7.2516920e-07   2.2825709e-06   1.4419640e-03   1.6447838e-05   4.4485490e-04   2.0172615e-04   2.8969437e-05   1.5673153e-06   7.5536266e-05   1.0500358e-04   2.9718703e-05   1.6281750e-05   5.7237807e-05   1.4290066e-05   0.0000000e+00   7.3896302e-04   1.6762374e-04   4.3964844e-05   1.3312024e-04   0.0000000e+00   1.1278673e-03   0.0000000e+00   0.0000000e+00   3.5011267e-04   9.7699544e-04   8.8078343e-01   2.2851098e-01   1.0000000e+00   1.8114135e-02
   8.7534947e-01   2.5179702e-04   9.3068786e-08   3.3281261e-04   1.9150577e-04   2.3564985e-05   1.3047936e-04   1.9020783e-05   1.3254892e-04   0.0000000e+00   2.7411051e-05   1.7805231e-04   1.5356664e-05   1.3582255e-06   1.3150906e-03   1.3082570e-05   0.0000000e+00   5.3284787e-05   3.4436459e-05   1.1557701e-05   1.7241735e-03   2.4580689e-05   4.6500856e-05   1.4842956e-04   0.0000000e+00   3.9338152e-06   3.6902284e-06   3.5167300e-06   0.0000000e+00   0.0000000e+00   8.7534947e-01   2.3633044e-01   1.0000000e+00   1.8024476e-02
   2.5838081e-01   1.8710741e-04   2.2316898e-06   3.6692934e-04   9.9873287e-05   2.5075336e-05   1.0631597e-04   1.0500715e-03   0.0000000e+00   2.6993249e-04   3.0606154e-05   8.4666271e-05   4.5019931e-05   4.7994625e-05   5.5397911e-04   2.8583215e-05   3.7212781e-06   3.9026400e-04   6.3771501e-04   1.1473351e-04   8.1082209e-04   8.9715180e-06   1.4617937e-05   2.9699076e-04   0.0000000e+00   0.0000000e+00   1.4713266e-04   7.5240753e-05   0.0000000e+00   4.9982612e-04   2.5838081e-01   9.3519189e-01   1.0000000e+00   1.7943088e-02
   8.4623253e-01   3.8893412e-04   1.1605383e-06   4.5227785e-04   5.4783635e-04   9.0820567e-05   4.6152200e-04   1.6928228e-04   2.7094755e-04   8.3019163e-05   3.1924014e-04   0.0000000e+00   5.0863380e-06   1.3383116e-05   9.0669544e-04   1.2268700e-05   3.8640177e-05   4.9362127e-04   3.6179465e-05   3.2565311e-05   0.0000000e+00   2.0411750e-04   8.9183583e-06   2.5122922e-04   2.1121247e-04   1.9393320e-03   4.4334916e-04   2.7124538e-04   5.5411715e-06   3.8135912e-04   8.4623253e-01   2.8816794e-01   1.0000000e+00   1.7928733e-02
   9.3260760e-01   1.0388014e-04   6.5930388e-07   3.3724094e-04   2.2116959e-04   0.0000000e+00   1.4024525e-03   0.0000000e+00   1.7078492e-05   3.4233640e-06   1.6064929e-05   2.1139377e-04   8.7889743e-06   2.6809904e-07   1.2822776e-03   7.3049002e-06   2.3062676e-05   3.3106187e-06   9.1765817e-06   1.4359307e-05   6.5607819e-04   5.8235427e-05   1.9036628e-05   0.0000000e+00   1.7068157e-04   0.0000000e+00   3.4861058e-06   1.3655069e-05   1.8044048e-05   3.3816716e-04   9.3260760e-01   1.3310714e-01   1.0000000e+00   1.7802361e-02
   2.2169994e-01   1.7885031e-04   5.7060588e-06   2.5659481e-04   3.6314857e-04   6.4854709e-05   0.0000000e+00   2.4844297e-04   5.2153287e-05   4.2045353e-05   0.0000000e+00   8.1838773e-05   5.9094717e-06   2.7845076e-05   3.6182705e-04   9.4434137e-07   6.4792799e-06   6.7337767e-05   3.3288333e-06   4.8886193e-05   1.3359888e-04   4.6360027e-04   1.7693746e-05   2.0603014e-04   0.0000000e+00   9.7977355e-04   4.0401883e-04   0.0000000e+00   0.0000000e+00   8.0961654e-04   2.2169994e-01   9.5242184e-01   1.0000000e+00   1.7802317e-02
   9.1023684e-01   1.2161306e-04   0.0000000e+00   3.5164805e-04   1.6179058e-04   3.4529960e-06   2.4731245e-05   5.0156315e-04   1.6648976e-04   0.0000000e+00   2.6462512e-04   9.7346893e-05   4.7262915e-06   0.0000000e+00   1.3391443e-03   0.0000000e+00   9.4136373e-06   3.8487874e-04   1.2719696e-04   2.7946179e-05   5.0488055e-04   1.6336479e-05   1.9908344e-05   1.1366064e-04   6.5278138e-04   6.0164975e-04   7.3141418e-05   1.2237251e-07   6.7084430e-05   7.1713194e-04   9.1023684e-01   1.7507100e-01   1.0000000e+00   1.7265666e-02
   6.7886113e-01   6.3731300e-04   1.9352625e-06   3.4199636e-04   8.3410649e-05   4.2221267e-06   1.7156378e-04   4.1129805e-04   1.4760441e-04   7.8181224e-05   3.2408489e-04   0.0000000e+00   4.9971410e-06   9.7338092e-06   1.4401010e-03   6.7226591e-06   1.7697934e-05   6.4196436e-05   0.0000000e+00   2.8312686e-05   1.0244452e-03   5.8456768e-05   3.2585402e-05   0.0000000e+00   5.1558640e-05   9.3812593e-04   2.9941026e-04   2.1528058e-06   3.7449325e-05   1.2913314e-03   6.7886113e-01   5.4254936e-01   1.0000000e+00   1.7261538e-02
   4.8337347e-01   2.3411299e-06   2.5976366e-06   3.0632974e-04   1.9553344e-04   1.4718433e-05   2.4712891e-04   1.1212893e-03   2.2032342e-04   0.0000000e+00   1.2318571e-04   6.5959560e-05   1.4975326e-05   0.0000000e+00   1.2326003e-03   6.8855253e-06   3.9951661e-06   6.1404315e-04   2.7886935e-05   4.4102281e-06   1.2097136e-03   2.5055971e-05   1.5841588e-05   2.4270335e-04   2.6377320e-04   1.1847685e-03   0.0000000e+00   2.5671362e-05   2.6900764e-05   4.6329887e-04   4.8337347e-01   7.6928219e-01   1.0000000e+00   1.7153830e-02
   8.6367627e-01   2.2124103e-04   7.2176401e-08   3.2953413e-04   1.9182086e-04   2.3316645e-05   1.2302627e-04   1.6917219e-05   1.3451803e-04   5.6016114e-06   2.6641321e-05   1.8342635e-04   1.2135247e-05   5.9794403e-07   1.3108209e-03   1.2728753e-05   6.7749969e-06   6.1530206e-05   2.4155349e-05   1.4863269e-05   8.9998871e-04   2.9554405e-05   4.5957810e-05   1.3547559e-04   0.0000000e+00   0.0000000e+00   2.2444953e-06   2.3384357e-06   0.0000000e+00   0.0000000e+00   8.6367627e-01   2.5612953e-01   1.0000000e+00   1.7022718e-02
   6.3776056e-03   8.0574027e-05   3.8391400e-06   3.0544910e-04   3.4649661e-04   7.6885984e-05   8.0871552e-06   0.0000000e+00   0.0000000e+00   5.0312860e-05   4.5084722e-06   4.9672638e-05   8.0355090e-06   1.0407586e-05   0.0000000e+00   2.3787237e-06   9.3405882e-06   4.2202108e-05   2.5318344e-05   4.5661013e-05   3.1533298e-05   1.3184677e-04   2.4503981e-05   2.0456336e-04   1.7684655e-04   2.7932603e-04   4.9167069e-04   0.0000000e+00   1.8441053e-04   5.6199539e-05   6.3776056e-03   1.0007818e+00   1.0000000e+00   1.6643795e-02
   8.6949567e-01   1.1042705e-03   4.6234901e-06   4.0156891e-04   2.4461588e-04   0.0000000e+00   2.8094759e-05   1.5509097e-03   9.3046149e-05   5.0510379e-04   1.9900602e-04   4.2434304e-05   1.0816426e-06   8.3318362e-05   0.0000000e+00   2.2459272e-05   1.6368420e-05   6.6871231e-05   0.0000000e+00   5.9592445e-06   7.0785418e-04   2.3513627e-04   5.6282602e-05   2.2821956e-04   5.7103963e-05   1.1499468e-03   0.0000000e+00   1.8794795e-05   1.0312420e-04   1.0432644e-03   8.6949567e-01   2.4831580e-01   1.0000000e+00   1.6628893e-02
   7.1696951e-01   2.6957665e-04   2.8982417e-06   3.6264991e-04   0.0000000e+00   4.8168558e-06   0.0000000e+00   7.8421984e-04   2.0019446e-04   6.8501314e-05   2.2129855e-04   0.0000000e+00   7.4988882e-06   1.0220706e-05   1.3572099e-03   2.0570718e-06   1.0609476e-05   2.6548746e-04   1.4713805e-05   5.0430904e-05   1.5707827e-03   4.5671724e-05   9.7472290e-05   1.1402113e-04   0.0000000e+00   2.3043809e-03   5.3334265e-04   1.9202390e-06   1.3323743e-05   1.4373537e-03   7.1696951e-01   4.9053163e-01   1.0000000e+00   1.6318386e-02
   4.1125816e-01   2.0184234e-04   2.9505153e-06   3.8748532e-04   3.0037103e-05   2.2823564e-05   1.0842559e-04   7.8740325e-04   1.9761971e-05   3.3090634e-04   2.4395735e-05   9.4799826e-05   4.1688735e-05   6.3749057e-05   4.1611510e-04   1.5001249e-05   3.9218633e-06   1.9624931e-04   7.3712721e-04   8.2855251e-05   1.0816573e-03   5.9697184e-06   1.8446472e-05   3.2114910e-04   4.2365400e-05   9.3197163e-05   0.0000000e+00   9.1354861e-05   0.0000000e+00   5.4573970e-04   4.1125816e-01   8.3295881e-01   1.0000000e+00   1.6017755e-02
   1.0248352e-01   2.0745840e-04   0.0000000e+00   5.1101822e-04   4.3076699e-04   8.3630151e-05   0.0000000e+00   0.0000000e+00   2.5494752e-04   4.4491396e-05   5.2142891e-05   0.0000000e+00   3.5120084e-06   2.7892040e-05   1.0885080e-03   7.0823217e-06   1.0058700e-05   2.2990264e-04   4.6016883e-05   3.6699721e-05   0.0000000e+00   2.6909569e-04   9.4067813e-06   1.7942268e-04   0.0000000e+00   1.1254337e-03   5.3787162e-04   9.1065511e-05   3.1740118e-04   4.3866094e-04   1.0248352e-01   9.9137950e-01   1.0000000e+00   1.6015139e-02
   6.2429750e-02   8.8224778e-05   2.6048183e-06   2.9120974e-04   2.7917506e-04   7.3917169e-05   0.0000000e+00   5.6180127e-06   0.0000000e+00   3.6953417e-05   5.3384882e-07   6.9490213e-05   8.3045188e-06   1.3460911e-05   1.6983866e-04   7.0266113e-07   1.1843530e-05   1.2198035e-05   3.5708069e-05   4.7077127e-05   0.0000000e+00   1.9471112e-04   2.3354345e-05   1.7886818e-04   1.9110406e-04   5.3402305e-04   6.7321501e-04   3.8748144e-06   1.4375685e-04   0.0000000e+00   6.2429750e-02   9.9706515e-01   1.0000000e+00   1.5936809e-02
   4.6135298e-01   1.1180893e-03   6.1344412e-07   5.8994790e-04   6.2719484e-04   7.6370724e-05   4.6692497e-04   2.0891718e-04   1.7408226e-04   2.7498996e-05   1.0200413e-04   0.0000000e+00   0.0000000e+00   3.1478923e-06   9.7171843e-04   1.4587005e-05   1.5585895e-05   2.8766584e-04   0.0000000e+00   5.2971592e-05   1.2063325e-04   3.4511970e-04   1.6778555e-06   2.5791989e-04   7.7771712e-05   2.2155934e-03   5.6414558e-04   3.6241309e-04   7.8630348e-06   5.9577079e-04   4.6135298e-01   7.9064701e-01   1.0000000e+00   1.5921978e-02
   2.5047133e-01   7.3988850e-05   1.5139818e-06   2.4032856e-04   2.9618405e-04   2.5902027e-05   2.6844115e-04   0.0000000e+00   2.5694314e-06   3.2037170e-05   1.6737063e-06   6.7251810e-05   6.2231992e-06   2.3627112e-06   6.7813042e-05   1.7375858e-06   9.4087868e-06   1.5492243e-05   2.7215101e-05   5.1292034e-05   3.4463862e-05   1.6270908e-04   2.2130790e-05   3.3555515e-04   1.9210146e-04   4.4445042e-04   5.1062744e-04   3.2064268e-06   1.9473448e-04   3.2333778e-08   2.5047133e-01   9.3828366e-01   1.0000000e+00   1.5809410e-02
