   5.4456986e-01   0.0000000e+00   8.8425248e-03   1.4888613e-02   1.0769520e-02   0.0000000e+00   1.5549769e-02   1.9853266e-03   9.3731657e-03   3.4150524e-03   6.5640955e-01   0.0000000e+00   7.5541332e-01   1.0000000e+00             Inf
   1.0000000e+00   1.0000000e+00   0.0000000e+00   0.0000000e+00   0.0000000e+00   0.0000000e+00   0.0000000e+00   2.0251165e-06   0.0000000e+00   0.0000000e+00   3.7493995e-33   6.1232340e-17   1.0000000e+00   1.0000000e+00             Inf
   0.0000000e+00   0.0000000e+00   0.0000000e+00   0.0000000e+00   0.0000000e+00   0.0000000e+00   0.0000000e+00   0.0000000e+00   0.0000000e+00   0.0000000e+00   1.0000000e+00   0.0000000e+00   0.0000000e+00   1.0000000e+00             Inf
   0.0000000e+00   0.0000000e+00   0.0000000e+00   0.0000000e+00   0.0000000e+00   0.0000000e+00   0.0000000e+00   0.0000000e+00   0.0000000e+00   0.0000000e+00   1.0000000e+00   0.0000000e+00   0.0000000e+00   1.0000000e+00             Inf
   0.0000000e+00   1.0000000e+00   0.0000000e+00   0.0000000e+00   0.0000000e+00   0.0000000e+00   0.0000000e+00   0.0000000e+00   0.0000000e+00   0.0000000e+00   6.1232340e-17   1.0000000e+00   0.0000000e+00   1.0000000e+00             Inf
   9.4660959e-01   0.0000000e+00   1.0899361e-01   1.4048759e-01   4.0732623e-01   0.0000000e+00   0.0000000e+00   1.4144093e-02   6.8132665e-02   0.0000000e+00   1.0071941e-01   0.0000000e+00   1.1981472e+00   1.0000000e+00             Inf
   1.0000000e+00   5.9506594e-01   0.0000000e+00   6.4362534e-02   1.6035753e-01   0.0000000e+00   1.0860744e-01   0.0000000e+00   9.9050613e-03   0.0000000e+00   3.7892977e-17   5.1314111e-17   1.0417508e+00   1.0000000e+00   1.4122297e-01
   8.7763593e-02   6.4881177e-01   8.9490058e-03   2.7960892e-02   1.5536404e-02   1.4200607e-02   1.8500897e-02   1.1009303e-02   2.5381180e-02   0.0000000e+00   5.2036923e-01   8.4561857e-01   1.3775403e-01   1.0000000e+00   2.1421384e-02
   3.1017308e-01   8.2719280e-01   2.9256994e-03   0.0000000e+00   5.5799382e-02   1.6493020e-03   7.8773752e-03   1.0563869e-02   1.4586410e-02   1.6759010e-02   2.3782286e-01   8.5451168e-01   4.6994543e-01   1.0000000e+00   1.9774190e-02
   4.0054727e-02   7.5075311e-01   0.0000000e+00   2.5022876e-03   2.0011024e-03   1.5416231e-03   8.3399985e-03   1.5658917e-04   0.0000000e+00   0.0000000e+00   3.8086650e-01   9.2257850e-01   6.2881484e-02   1.0000000e+00   1.8773914e-02
   4.8408034e-02   8.4150327e-01   0.0000000e+00   1.5087124e-04   5.5579586e-04   6.3256662e-03   2.7971615e-02   5.7187072e-05   1.8012017e-02   3.6242828e-04   2.4597194e-01   9.6747594e-01   7.6053065e-02   1.0000000e+00   1.8394804e-02
   1.0000000e+00   2.4720384e-01   8.9016280e-02   2.3549344e-05   0.0000000e+00   4.7598239e-02   7.4050004e-02   8.4701985e-04   7.3640870e-02   4.2599030e-02   5.7972146e-17   2.3715077e-17   1.0229113e+00   1.0000000e+00   1.8385066e-02
   6.3273974e-02   7.6524289e-01   4.0314902e-03   2.0197886e-03   4.5608001e-02   2.3473650e-03   0.0000000e+00   5.4320064e-03   1.7853180e-02   9.1454940e-03   3.5958632e-01   9.3052873e-01   9.9478788e-02   1.0000000e+00   1.7523905e-02
   4.5163098e-01   7.8388963e-01   1.0766438e-02   1.7421866e-03   7.8086278e-03   1.3410522e-02   1.0942489e-02   4.9619428e-03   7.7974831e-04   6.9454814e-03   2.5278713e-01   7.1583612e-01   6.5175423e-01   1.0000000e+00   1.7484532e-02
   7.1377898e-01   4.1877198e-01   9.3369043e-03   3.9634962e-03   1.4388491e-02   1.6475165e-02   1.9353598e-02   9.9007185e-03   2.1021189e-03   3.2218575e-03   3.4428269e-01   2.6599093e-01   9.0158575e-01   1.0000000e+00   1.6426155e-02
   1.0000000e+00   3.1600684e-01   2.7625928e-02   2.9156279e-04   4.5924874e-02   4.8757545e-03   7.6461648e-03   1.1780959e-02   0.0000000e+00   1.9859083e-02   5.4030072e-17   2.9263468e-17   1.0034878e+00   1.0000000e+00   1.6321001e-02
   3.1645142e-01   2.4438521e-01   1.3543967e-02   0.0000000e+00   1.2064757e-02   1.5310161e-02   1.8126348e-02   4.2129109e-03   0.0000000e+00   2.3672858e-03   8.1575120e-01   3.2949659e-01   4.7729808e-01   1.0000000e+00   1.6310757e-02
   6.4269527e-01   5.8876230e-01   6.6728655e-02   5.9189531e-02   4.3297285e-02   0.0000000e+00   3.3937654e-02   1.3202796e-04   3.1405376e-04   1.2793887e-02   3.2397025e-01   4.2974522e-01   8.5602525e-01   1.0000000e+00   1.6214825e-02
   2.2776231e-01   6.9060938e-01   2.1755224e-03   0.0000000e+00   5.0156677e-02   2.0137643e-03   8.6035265e-03   1.0270793e-02   1.8129287e-02   1.1675417e-02   4.3889469e-01   8.3085000e-01   3.5129434e-01   1.0000000e+00   1.6057977e-02
   6.1555796e-01   3.8611037e-01   1.1888656e-02   0.0000000e+00   3.0416236e-02   1.4185715e-03   1.4101234e-02   1.1862327e-03   1.2243578e-02   1.7893621e-02   4.6737618e-01   3.2422959e-01   8.2456981e-01   1.0000000e+00   1.5993930e-02
   2.4671213e-01   9.0896879e-02   2.3161573e-02   3.5635941e-02   2.7333700e-03   4.2138650e-03   2.3205057e-02   7.8461225e-03   3.1297415e-02   1.5016573e-02   9.1975510e-01   1.3222281e-01   3.7928122e-01   1.0000000e+00   1.5959015e-02
   2.3978769e-01   7.4278340e-01   0.0000000e+00   7.5984201e-03   1.6403181e-02   2.4190531e-03   8.9750888e-03   2.1032787e-02   1.5214488e-02   3.8228238e-03   3.6597545e-01   8.5596776e-01   3.6821967e-01   1.0000000e+00   1.5828561e-02
   1.1051015e-01   7.3133781e-01   3.3493486e-02   3.4162704e-02   9.2457219e-03   2.9273017e-03   0.0000000e+00   2.2674840e-02   2.8678794e-02   1.0967099e-02   4.0499161e-01   9.0200612e-01   1.7338167e-01   1.0000000e+00   1.5721934e-02
   3.9779692e-01   2.8419418e-01   1.7196245e-03   3.3869799e-02   1.3885383e-02   2.1174496e-02   9.2949831e-03   3.0024033e-03   5.6289781e-04   1.0839999e-04   7.3294606e-01   3.5081470e-01   5.8608593e-01   1.0000000e+00   1.5407974e-02
   3.5064321e-01   1.4885671e-01   5.2674511e-02   3.5920855e-02   5.9550758e-03   3.3567580e-03   0.0000000e+00   5.1093964e-03   3.3329560e-02   2.9381931e-02   8.3399011e-01   1.9863992e-01   5.2655850e-01   1.0000000e+00   1.5311070e-02
   5.2657728e-01   9.6862743e-01   5.1225367e-03   9.8109373e-04   0.0000000e+00   3.1591546e-04   2.5828368e-02   4.3522203e-03   8.9155774e-03   1.9006161e-03   3.3374542e-02   6.7669599e-01   7.3658822e-01   1.0000000e+00   1.4664403e-02
   1.6362016e-01   8.5064082e-01   0.0000000e+00   1.0815430e-02   1.2626295e-02   6.6615714e-03   7.8707850e-03   1.0593051e-02   1.7789412e-02   5.5510833e-03   2.2502006e-01   9.4144983e-01   2.5440781e-01   1.0000000e+00   1.4338610e-02
   3.0378013e-01   2.3301428e-01   1.6056304e-02   0.0000000e+00   9.1436597e-03   2.0735161e-02   1.8635305e-02   0.0000000e+00   0.0000000e+00   2.3569322e-03   8.3038683e-01   3.1827825e-01   4.5978941e-01   1.0000000e+00   1.4313201e-02
   1.4657350e-01   3.7267415e-01   1.9858832e-02   7.3241140e-03   1.0054609e-01   0.0000000e+00   2.0094975e-02   1.0036809e-02   2.5191056e-02   1.2796437e-02   8.2112455e-01   5.4432914e-01   2.3091504e-01   1.0000000e+00   1.4308862e-02
   3.4245406e-01   6.9328628e-02   1.7894063e-02   6.0897774e-03   5.5773614e-03   1.2953969e-02   1.9710203e-02   1.1517301e-02   2.1204003e-03   0.0000000e+00   8.5460965e-01   9.3437643e-02   5.1290993e-01   1.0000000e+00   1.4168843e-02
   6.4619835e-01   8.3710014e-02   1.5902598e-02   2.0416068e-02   1.2923663e-02   8.8999011e-04   1.3509406e-02   1.8086660e-03   8.3331553e-03   2.7919818e-03   5.2360211e-01   6.9248729e-02   8.5043972e-01   1.0000000e+00   1.4161496e-02
   4.4506986e-01   4.5645807e-01   3.6889000e-02   3.5674187e-02   2.9185730e-02   6.4633551e-03   3.0436149e-02   0.0000000e+00   0.0000000e+00   9.2415221e-03   5.7957042e-01   5.0525717e-01   6.4646076e-01   1.0000000e+00   1.4044002e-02
   9.5825444e-01   9.5600014e-01   1.2610962e-03   9.0182024e-04   5.0612895e-04   0.0000000e+00   1.5661978e-03   3.1831435e-04   0.0000000e+00   0.0000000e+00   4.5252909e-03   6.5370692e-02   9.9785601e-01   1.0000000e+00   1.3949538e-02
   4.2014037e-01   9.6010946e-01   1.0505414e-04   5.1310149e-03   1.3187535e-02   1.5293627e-04   2.2968741e-02   1.2636382e-02   0.0000000e+00   8.1707564e-03   4.9517399e-02   7.8922187e-01   6.1366631e-01   1.0000000e+00   1.3852136e-02
   3.8389127e-01   8.7183196e-01   0.0000000e+00   7.7579419e-03   2.3382677e-02   1.1136643e-03   1.1379743e-02   2.2292614e-02   2.4830443e-02   0.0000000e+00   1.6500493e-01   8.0848795e-01   5.6817814e-01   1.0000000e+00   1.3768871e-02
   6.8534590e-01   9.8983512e-01   1.8438327e-02   3.3066424e-03   3.0138318e-02   1.7104108e-03   1.2327885e-02   2.1714875e-03   1.1826690e-02   1.8055608e-02   7.5883302e-03   4.7521163e-01   8.8198034e-01   1.0000000e+00   1.3704660e-02
   1.9598624e-01   1.4078061e-01   2.3639766e-02   4.5358840e-02   5.6447213e-04   4.6949653e-03   2.1023256e-02   1.3211758e-02   3.7235667e-02   1.6044396e-02   9.3433435e-01   2.1005171e-01   3.0449916e-01   1.0000000e+00   1.3677271e-02
   3.7681045e-01   4.4912967e-01   1.8629562e-03   2.9939647e-02   3.0877363e-02   9.1059161e-03   7.8860157e-03   6.1662676e-03   5.5724674e-04   0.0000000e+00   6.3307349e-01   5.3920078e-01   5.5906890e-01   1.0000000e+00   1.3592292e-02
   3.3136167e-01   3.8133059e-01   2.2436101e-02   1.0811634e-02   9.8693630e-02   0.0000000e+00   1.7461521e-02   1.0510387e-02   3.2705855e-02   2.4569109e-02   7.2544968e-01   4.9523480e-01   5.0350673e-01   1.0000000e+00   1.3556678e-02
   2.4012479e-01   3.2446892e-01   6.5870469e-02   3.2363587e-02   1.0508315e-03   4.0833325e-03   1.4279414e-02   8.4836587e-03   4.2160622e-02   2.9333085e-02   8.1829232e-01   4.5736941e-01   3.7137035e-01   1.0000000e+00   1.3554956e-02
   1.0000000e+00   1.9079758e-01   9.9132944e-02   2.3786472e-04   1.6895625e-03   4.7572080e-02   7.5801989e-02   0.0000000e+00   8.5453018e-02   6.1642546e-02   6.0195989e-17   1.8601289e-17   1.0289413e+00   1.0000000e+00   1.3550056e-02
   3.8863028e-03   5.2819220e-01   3.1204871e-02   2.2405880e-02   0.0000000e+00   3.0229133e-03   1.9179219e-03   5.5215752e-03   1.9528054e-02   8.7960956e-03   6.7643274e-01   7.3916225e-01   6.1166257e-03   1.0000000e+00   1.3509606e-02
   3.3710694e-01   3.4954246e-01   2.5344858e-02   2.7154973e-02   1.9860027e-02   5.8425499e-03   2.0445698e-02   8.1264374e-03   2.8517891e-02   0.0000000e+00   7.3847830e-01   4.5181035e-01   5.0669334e-01   1.0000000e+00   1.3319572e-02
   4.6103042e-01   6.5396736e-02   5.6074051e-04   1.5051997e-02   0.0000000e+00   0.0000000e+00   0.0000000e+00   5.4139051e-03   9.4813112e-03   4.6901201e-03   7.4536534e-01   7.6838086e-02   6.6276898e-01   1.0000000e+00   1.3235626e-02
   2.2644804e-01   4.0874064e-01   1.1315999e-02   1.2702815e-03   6.2453571e-03   1.9837364e-02   1.6566090e-02   2.7494845e-02   0.0000000e+00   0.0000000e+00   7.5193326e-01   5.6224490e-01   3.4880476e-01   1.0000000e+00   1.3222645e-02
   5.9878265e-01   2.9150733e-01   4.1930850e-03   2.4419460e-02   4.4344378e-03   0.0000000e+00   2.6937937e-03   9.6043994e-04   5.1166265e-03   0.0000000e+00   5.2897337e-01   2.6069623e-01   8.0843115e-01   1.0000000e+00   1.3187667e-02
   1.1537977e-01   5.1179988e-01   3.8012312e-03   0.0000000e+00   3.5263383e-04   6.8669415e-03   8.9145060e-03   1.4728965e-03   1.9933325e-02   0.0000000e+00   6.8288387e-01   7.0867975e-01   1.8034502e-01   1.0000000e+00   1.3080042e-02
   3.2969547e-02   5.0446963e-01   1.7172184e-02   0.0000000e+00   3.7682206e-02   8.9371347e-03   3.1616567e-02   6.9993730e-02   2.4910052e-02   1.6722659e-02   7.0720922e-01   7.1721005e-01   5.2210147e-02   1.0000000e+00   1.3079190e-02
   4.5552535e-01   7.5529019e-01   8.0655006e-04   3.0877979e-03   4.8395082e-04   1.2382740e-02   9.7710519e-03   2.7438470e-04   6.2161184e-03   8.6261509e-03   2.8312790e-01   6.9992600e-01   6.5626749e-01   1.0000000e+00   1.3064278e-02
   4.7282390e-01   2.0577658e-01   1.9686906e-03   2.8870493e-03   2.1231240e-02   1.1265629e-03   4.7378146e-03   9.5113125e-05   3.0692328e-02   5.3928059e-03   6.9950878e-01   2.3432244e-01   6.7727261e-01   1.0000000e+00   1.2882387e-02
   2.6185180e-01   6.3626681e-01   2.1076036e-03   4.7668253e-05   5.1493828e-02   2.2038141e-03   1.0352101e-02   1.0337351e-02   1.3537555e-02   1.8582813e-02   4.9735324e-01   7.7363801e-01   4.0117656e-01   1.0000000e+00   1.2830337e-02
   5.1453579e-01   7.0791833e-01   8.5024781e-03   8.1649707e-03   2.8716865e-02   1.8738356e-03   2.1791171e-02   4.4014940e-04   1.1449463e-03   1.6612106e-02   3.0645343e-01   6.2040619e-01   7.2430954e-01   1.0000000e+00   1.2818552e-02
   7.8323606e-01   1.8198059e-01   3.2329417e-03   1.7808438e-03   1.9925046e-02   1.8640415e-03   3.7408218e-03   1.3515249e-04   2.7488527e-02   2.8824867e-03   3.2078145e-01   9.4278830e-02   9.4371408e-01   1.0000000e+00   1.2741720e-02
   3.2355129e-01   5.4944709e-01   4.9134791e-02   1.3669588e-03   4.6292494e-02   2.1178634e-02   3.5607799e-02   3.1043502e-02   1.3044891e-02   1.4544596e-02   5.7226646e-01   6.6886076e-01   4.9034312e-01   1.0000000e+00   1.2727637e-02
   6.1496284e-01   4.0015000e-01   1.2635142e-02   0.0000000e+00   3.1360355e-02   1.4224238e-03   1.4097681e-02   1.7408015e-03   1.2955920e-02   2.0702764e-02   4.6083011e-01   3.3497860e-01   8.2420597e-01   1.0000000e+00   1.2688446e-02
   2.9260369e-01   3.5871052e-01   1.8389340e-02   2.4160772e-03   4.5724232e-02   5.4290322e-03   1.0748973e-02   4.8695492e-03   1.0948309e-02   1.0243633e-02   7.5981825e-01   4.8003925e-01   4.4486293e-01   1.0000000e+00   1.2511480e-02
   4.1972813e-02   9.3748780e-01   1.1326395e-03   1.9378655e-03   1.6736482e-02   9.1542255e-03   1.1368480e-02   3.4469252e-04   1.7213797e-02   0.0000000e+00   9.7900950e-02   9.9380975e-01   6.5935338e-02   1.0000000e+00   1.2445465e-02
   7.7099847e-02   7.2900395e-01   1.9155489e-02   4.0180188e-03   1.9561111e-02   4.6485890e-03   5.7750581e-03   4.2613694e-03   9.1714554e-03   0.0000000e+00   4.1029353e-01   9.0492176e-01   1.2092382e-01   1.0000000e+00   1.2437522e-02
   8.5949084e-02   9.4267373e-01   0.0000000e+00   1.1506555e-02   1.6576877e-02   7.9211015e-03   9.5792077e-03   1.1674696e-02   1.8065873e-02   4.3091985e-03   8.9200873e-02   9.8791475e-01   1.3473912e-01   1.0000000e+00   1.2430407e-02
   0.0000000e+00   6.3079693e-01   2.7263803e-02   3.2773804e-02   1.1803403e-03   3.3611504e-03   4.6461996e-03   1.5058116e-02   3.2126075e-02   1.1611851e-02   5.4975450e-01   8.3920872e-01   0.0000000e+00   1.0000000e+00   1.2411503e-02
   6.4444088e-01   6.5201830e-01   3.1462349e-02   3.4524897e-03   3.3812546e-02   0.0000000e+00   1.3718507e-02   7.4843451e-03   6.5033444e-03   4.7437572e-02   2.7674031e-01   4.5482959e-01   8.5201561e-01   1.0000000e+00   1.2406903e-02
   7.1743284e-02   8.3998702e-01   0.0000000e+00   4.8374909e-03   1.4618754e-04   6.8019801e-03   2.7248627e-02   0.0000000e+00   1.7010898e-02   0.0000000e+00   2.4740423e-01   9.6349431e-01   1.1257958e-01   1.0000000e+00   1.2360945e-02
   2.3155105e-01   1.8683151e-01   8.5278072e-02   4.1488276e-02   3.0398654e-04   3.7189492e-03   1.3225518e-02   7.6136420e-03   4.4767411e-02   2.6346153e-02   9.0530233e-01   2.7358269e-01   3.6000011e-01   1.0000000e+00   1.2353244e-02
   5.5602418e-01   4.7900407e-01   3.7291846e-03   0.0000000e+00   1.7390004e-02   1.8562424e-03   3.9024658e-03   0.0000000e+00   5.2526763e-02   2.0914972e-03   4.7030069e-01   4.4025923e-01   7.6889240e-01   1.0000000e+00   1.2352668e-02
   2.0538402e-01   8.3682132e-01   0.0000000e+00   0.0000000e+00   1.8662531e-03   7.1170746e-04   2.1930472e-03   3.3146248e-04   0.0000000e+00   0.0000000e+00   2.4044562e-01   9.1743217e-01   3.1705195e-01   1.0000000e+00   1.2286209e-02
   1.5245255e-01   5.2730094e-03   2.9362527e-02   2.6560173e-02   1.5237639e-02   4.8105942e-03   1.6041337e-02   6.4880665e-03   2.5390429e-02   1.2988766e-02   9.7428190e-01   8.0699899e-03   2.3788596e-01   1.0000000e+00   1.2242771e-02
   2.1811164e-01   2.9924220e-01   1.9555970e-02   1.1922069e-02   0.0000000e+00   2.3066055e-02   2.0377611e-02   1.1509804e-02   6.0118212e-03   0.0000000e+00   8.4110844e-01   4.2730577e-01   3.3649668e-01   1.0000000e+00   1.2239677e-02
   3.2799932e-01   5.7810659e-02   3.6017741e-02   2.7470327e-02   0.0000000e+00   6.6500870e-03   1.6673152e-02   3.6436553e-03   3.3688226e-02   1.3756785e-02   8.6981529e-01   7.9204691e-02   4.9455519e-01   1.0000000e+00   1.2208334e-02
   6.9068608e-01   4.8060646e-01   4.8545347e-02   1.5833363e-03   2.5114766e-02   5.3041418e-03   2.0241742e-02   7.2674587e-03   8.0165776e-03   1.0311702e-02   3.4134878e-01   3.2116032e-01   8.8749803e-01   1.0000000e+00   1.2192052e-02
   4.3511959e-01   8.3347256e-01   3.0236966e-03   1.8471020e-02   2.1491814e-02   2.2449422e-03   2.0217591e-03   4.6622948e-02   2.2001490e-02   2.5904820e-03   2.0121754e-01   7.5161154e-01   6.3369976e-01   1.0000000e+00   1.2163496e-02
   3.9291798e-01   6.3505061e-01   5.0477752e-02   0.0000000e+00   5.8287712e-02   2.7412877e-02   2.5123570e-02   3.0569224e-02   1.9447916e-02   1.4175174e-02   4.4622042e-01   6.9119394e-01   5.8386639e-01   1.0000000e+00   1.2074970e-02
   5.5556424e-01   6.5759033e-01   6.7407938e-02   7.7884639e-02   4.9805485e-02   9.3532349e-06   3.7039659e-02   1.8392121e-04   0.0000000e+00   1.2593783e-02   3.3410659e-01   5.6009399e-01   7.7725369e-01   1.0000000e+00   1.2065294e-02
   4.0460672e-01   4.3634391e-01   1.1339007e-02   1.7976045e-04   3.6273929e-02   0.0000000e+00   5.7746895e-03   2.2928434e-03   2.4145157e-02   1.7682935e-02   6.2448236e-01   5.1060441e-01   5.9503608e-01   1.0000000e+00   1.2052122e-02
   3.4701006e-01   4.2537185e-01   1.3245428e-02   1.4878234e-03   3.3301943e-02   0.0000000e+00   8.3419796e-03   9.1187044e-04   2.0719916e-02   1.5713517e-02   6.7256795e-01   5.3084710e-01   5.1954257e-01   1.0000000e+00   1.2027376e-02
   2.7620843e-01   9.0597637e-01   0.0000000e+00   6.1746864e-04   1.1643632e-02   4.8990203e-04   9.4526656e-03   6.8830414e-03   7.1958380e-04   7.2203858e-03   1.3356466e-01   8.9776107e-01   4.2051969e-01   1.0000000e+00   1.1971623e-02
   6.3941441e-01   2.6531954e-02   1.0391562e-03   5.9855356e-05   1.5586846e-02   1.1149763e-02   2.1638349e-03   4.5109080e-04   2.5824798e-02   1.2467372e-03   5.3669577e-01   2.2380451e-02   8.4471372e-01   1.0000000e+00   1.1965038e-02
   4.6811683e-01   6.9923742e-01   0.0000000e+00   0.0000000e+00   0.0000000e+00   1.1191998e-02   1.0160071e-02   0.0000000e+00   5.9756976e-03   7.2993991e-03   3.3758627e-01   6.6059296e-01   6.7103466e-01   1.0000000e+00   1.1883909e-02
   6.8485415e-01   5.5826404e-01   2.7263030e-02   3.5981659e-03   2.4788812e-02   0.0000000e+00   2.5673062e-02   5.3998631e-03   3.0546460e-03   4.8597317e-02   3.0515625e-01   3.6682928e-01   8.8385268e-01   1.0000000e+00   1.1852829e-02
   3.6296890e-01   2.6424329e-01   1.1165888e-02   1.5789078e-03   9.1322727e-03   2.4485945e-02   1.8770021e-02   6.3296056e-04   6.7430382e-04   2.3237891e-03   7.7123885e-01   3.3986581e-01   5.4038933e-01   1.0000000e+00   1.1799989e-02
   1.7115968e-01   3.5870303e-01   1.6426315e-03   4.6280359e-03   1.6325165e-02   6.6041069e-03   2.6402110e-02   1.6887515e-02   1.6292978e-02   6.6780180e-03   8.1637201e-01   5.1575543e-01   2.6606174e-01   1.0000000e+00   1.1770801e-02
   3.4381926e-01   3.1410318e-01   1.7350610e-02   1.4476172e-02   6.0365437e-02   8.3877796e-03   5.4370056e-02   2.3511499e-02   4.9471283e-02   1.6454359e-02   7.6327444e-01   4.1045332e-01   5.1957043e-01   1.0000000e+00   1.1738511e-02
   4.0779798e-01   2.8562592e-01   0.0000000e+00   3.6510683e-02   1.2815744e-02   2.0281515e-02   0.0000000e+00   2.8943130e-03   5.9005702e-04   4.4238746e-04   7.2379132e-01   3.4843578e-01   5.9879661e-01   1.0000000e+00   1.1735502e-02
   4.8102348e-01   6.0381301e-01   5.5384061e-02   8.6442586e-02   4.3722644e-02   3.1321295e-03   2.6186897e-02   0.0000000e+00   5.2309306e-04   1.1669318e-02   4.2993107e-01   5.9926471e-01   6.9482683e-01   1.0000000e+00   1.1729346e-02
   2.1820975e-01   5.9434163e-01   2.6418087e-03   4.5796647e-05   5.4076167e-02   0.0000000e+00   5.5512521e-03   0.0000000e+00   9.5726484e-03   1.3135552e-02   5.6215177e-01   7.5944797e-01   3.3717501e-01   1.0000000e+00   1.1674181e-02
   2.5558782e-01   7.1950449e-01   1.3821350e-03   3.4569401e-03   5.0095959e-02   1.7699077e-03   1.0164623e-02   9.6149599e-03   1.5262903e-02   1.5780917e-02   3.9382957e-01   8.3524234e-01   3.9202997e-01   1.0000000e+00   1.1656169e-02
   1.9264880e-01   3.1003350e-01   1.1100525e-02   2.3510839e-02   2.3890608e-02   3.3330735e-02   1.4645483e-02   1.0253574e-02   1.2663233e-02   5.8883791e-03   8.4600804e-01   4.4799520e-01   2.9887057e-01   1.0000000e+00   1.1652168e-02
   4.7477738e-01   7.5829024e-01   0.0000000e+00   0.0000000e+00   5.5340198e-02   0.0000000e+00   0.0000000e+00   0.0000000e+00   0.0000000e+00   0.0000000e+00   2.7307655e-01   6.8433718e-01   6.8062198e-01   1.0000000e+00   1.1637989e-02
   5.1968139e-01   8.8285717e-01   2.0864657e-03   2.2734830e-04   1.4723711e-02   2.1554354e-03   0.0000000e+00   8.5913230e-03   3.5698392e-03   1.8631580e-03   1.2535853e-01   6.7356207e-01   7.2885609e-01   1.0000000e+00   1.1574505e-02
   6.9874484e-01   6.6145141e-01   1.0254019e-02   9.7323750e-03   3.2191223e-02   1.9288631e-03   2.2928913e-02   2.2462288e-04   1.0903279e-03   1.7492254e-02   2.3157783e-01   3.9362212e-01   8.9195474e-01   1.0000000e+00   1.1549432e-02
   1.0654750e-01   4.4843168e-01   3.4241156e-02   2.6432268e-02   1.6475232e-03   1.1789410e-03   0.0000000e+00   9.0149996e-03   2.6806315e-02   1.4398633e-03   7.5336778e-01   6.4023385e-01   1.6703014e-01   1.0000000e+00   1.1525713e-02
   1.9983851e-01   8.8779119e-01   3.1380506e-04   1.9567402e-03   1.0680445e-02   0.0000000e+00   9.5629933e-03   6.9968021e-03   6.5898557e-04   7.3166192e-03   1.6682978e-01   9.3669133e-01   3.0887218e-01   1.0000000e+00   1.1517577e-02
   1.3512850e-01   8.2134151e-01   9.5912530e-03   2.3544563e-03   0.0000000e+00   7.0925099e-04   9.1493125e-04   2.8612948e-03   0.0000000e+00   1.3010950e-03   2.7078052e-01   9.3941701e-01   2.1069199e-01   1.0000000e+00   1.1450565e-02
   7.3070233e-01   4.9287978e-01   9.5332542e-03   4.1146023e-03   1.4386284e-02   1.5210704e-02   1.1589372e-02   5.4498887e-03   3.6084476e-03   3.3862820e-03   2.9371738e-01   2.8721966e-01   9.1252660e-01   1.0000000e+00   1.1446664e-02
   7.3597956e-02   1.2444101e-01   1.8020343e-03   4.9003731e-03   1.1861357e-04   2.6142291e-03   1.6449069e-03   4.6237661e-03   0.0000000e+00   0.0000000e+00   9.7446493e-01   1.9294379e-01   1.1535677e-01   1.0000000e+00   1.1440049e-02
   5.5117757e-01   1.5946512e-02   0.0000000e+00   1.8729846e-02   1.0863433e-02   0.0000000e+00   1.0985989e-02   6.4293680e-03   1.6939649e-02   8.0635579e-03   6.4847381e-01   1.6246839e-02   7.6235449e-01   1.0000000e+00   1.1427601e-02
   3.5634991e-01   2.6287503e-01   2.0502083e-03   3.4813451e-02   3.1593816e-02   1.0143122e-02   8.3374335e-03   5.5067090e-03   4.2993621e-04   0.0000000e+00   7.7804105e-01   3.4086831e-01   5.3226052e-01   1.0000000e+00   1.1388770e-02
   1.7843749e-01   6.5295762e-01   6.9747335e-03   3.0664577e-02   1.3132812e-02   1.8080985e-02   1.8514907e-02   5.1578013e-03   2.4093004e-02   1.9151860e-03   4.9951310e-01   8.2369668e-01   2.7730885e-01   1.0000000e+00   1.1374584e-02
   1.3686529e-01   2.6434536e-01   2.2577256e-02   1.0097791e-04   8.9782949e-03   2.3756995e-02   1.5484375e-02   4.4340541e-03   2.1600167e-03   2.8541313e-03   8.9523346e-01   3.9467857e-01   2.1363964e-01   1.0000000e+00   1.1346827e-02
   7.0649887e-01   7.5273695e-01   1.9992615e-02   1.5341115e-03   6.0870428e-02   0.0000000e+00   1.4210908e-02   1.1078848e-02   2.6195475e-03   6.9092022e-02   1.7002838e-01   4.1552868e-01   9.0384522e-01   1.0000000e+00   1.1312298e-02
   1.6795137e-01   3.9990532e-01   2.2273704e-02   1.1551008e-02   8.0535159e-02   0.0000000e+00   2.1511551e-02   9.7291898e-03   2.9103014e-02   1.7283653e-02   7.8799894e-01   5.7233569e-01   2.6306736e-01   1.0000000e+00   1.1244402e-02
   5.6052320e-02   8.1282043e-01   6.0975674e-03   0.0000000e+00   1.4025649e-04   2.1552319e-02   2.0802243e-03   0.0000000e+00   1.1997818e-03   1.2775512e-02   2.8887401e-01   9.5401836e-01   8.7992037e-02   1.0000000e+00   1.1237254e-02
   6.3260184e-01   2.9010793e-01   1.2162985e-02   5.3294461e-03   3.2425955e-02   0.0000000e+00   1.3614254e-02   3.0221377e-03   9.6541682e-03   1.4613847e-02   4.9077234e-01   2.4053006e-01   8.3949321e-01   1.0000000e+00   1.1180944e-02
   3.7969019e-01   4.6207458e-01   1.4524180e-02   3.2341027e-03   4.8425100e-02   1.5108777e-03   9.8255513e-03   1.9648606e-03   1.1630695e-02   1.9322161e-02   6.2078756e-01   5.5090359e-01   5.6346567e-01   1.0000000e+00   1.1136855e-02
   6.6041903e-01   6.7853638e-02   0.0000000e+00   8.8929301e-04   1.7330437e-02   1.6466169e-03   4.3510945e-03   3.1124395e-04   3.1674664e-02   3.9000637e-03   5.0626749e-01   5.4165403e-02   8.6223192e-01   1.0000000e+00   1.1104360e-02
   7.0187108e-01   9.7757444e-01   1.3902397e-02   0.0000000e+00   2.0048934e-02   7.3067842e-03   7.7731285e-03   1.6482304e-03   2.3296840e-02   3.8910391e-02   1.5940669e-02   4.5233863e-01   8.9480745e-01   1.0000000e+00   1.1090225e-02
   3.7925364e-01   8.8796311e-01   8.8457779e-04   1.5937258e-02   2.4026531e-02   2.1132196e-03   1.1303848e-02   4.3335054e-02   2.2635459e-02   0.0000000e+00   1.4540678e-01   8.1768772e-01   5.6299564e-01   1.0000000e+00   1.1086160e-02
   0.0000000e+00   7.7468028e-02   4.5969402e-03   4.9389817e-05   1.4586647e-02   9.0557174e-03   9.9841035e-03   9.9768652e-04   2.0660224e-02   0.0000000e+00   9.9344253e-01   1.2148878e-01   0.0000000e+00   1.0000000e+00   1.1066455e-02
   3.2249760e-01   2.3192311e-01   1.5738117e-03   4.0331576e-02   3.1609991e-02   1.1111058e-02   3.6003557e-03   7.1744228e-03   2.2209474e-04   0.0000000e+00   8.1932506e-01   3.1242881e-01   4.8655431e-01   1.0000000e+00   1.1055587e-02
   2.6532276e-01   9.6034635e-01   2.5367231e-03   2.0635535e-03   1.6933485e-02   7.6769077e-03   1.0197541e-02   1.1997057e-04   1.7203530e-02   0.0000000e+00   5.6962327e-02   9.1331904e-01   4.0511341e-01   1.0000000e+00   1.1051525e-02
   1.2570242e-01   7.4182748e-01   8.7370994e-04   2.4290205e-03   5.0209189e-03   1.0340159e-03   1.1947210e-02   8.9691021e-04   1.9263624e-05   2.0015764e-03   3.8691598e-01   9.0119895e-01   1.9620777e-01   1.0000000e+00   1.1002575e-02
   2.3389502e-01   8.5472376e-01   0.0000000e+00   1.0213931e-04   5.3776951e-03   1.5037488e-03   1.2319387e-02   3.9420469e-03   2.0200841e-03   8.7893296e-03   2.1118573e-01   9.0932369e-01   3.5929201e-01   1.0000000e+00   1.0963399e-02
   8.6960460e-01   7.3136405e-01   0.0000000e+00   1.3558317e-03   0.0000000e+00   5.6525334e-04   2.2838456e-03   1.1897138e-04   0.0000000e+00   0.0000000e+00   8.3303379e-02   1.8555557e-01   9.7910390e-01   1.0000000e+00   1.0945461e-02
   2.4282098e-02   2.0970929e-01   1.2578561e-02   6.4843858e-03   0.0000000e+00   0.0000000e+00   4.5597983e-04   5.9466001e-04   0.0000000e+00   0.0000000e+00   9.4573485e-01   3.2331499e-01   3.8140641e-02   1.0000000e+00   1.0910265e-02
   1.4952227e-01   3.0205068e-01   1.9314160e-02   0.0000000e+00   7.4846470e-03   2.1203045e-02   1.7522547e-02   1.4122024e-02   0.0000000e+00   2.3380357e-03   8.6632005e-01   4.4493297e-01   2.3303923e-01   1.0000000e+00   1.0867950e-02
   0.0000000e+00   6.5947584e-01   3.4974816e-03   6.1946326e-03   3.3125770e-04   8.0059429e-03   1.1877928e-02   3.5633917e-05   2.9778868e-02   7.9205347e-04   5.1033274e-01   8.6130623e-01   0.0000000e+00   1.0000000e+00   1.0858509e-02
   2.9927097e-01   2.2440868e-01   1.6025737e-02   1.4268678e-02   3.4453771e-02   8.2982017e-04   1.1087006e-02   1.6540214e-03   1.7186578e-02   1.2769650e-02   8.3857582e-01   3.0848235e-01   4.5398101e-01   1.0000000e+00   1.0847724e-02
   1.7521998e-02   6.0378417e-01   6.6962438e-03   2.3750723e-03   0.0000000e+00   6.2804039e-03   1.7915544e-02   0.0000000e+00   2.3922036e-02   0.0000000e+00   5.8331811e-01   8.1298734e-01   2.7547071e-02   1.0000000e+00   1.0787048e-02
   6.2626082e-01   9.5886820e-01   0.0000000e+00   0.0000000e+00   6.0136125e-02   0.0000000e+00   1.7669209e-02   1.1721811e-03   4.2584006e-04   1.2864601e-02   3.5910329e-02   5.5503060e-01   8.3597815e-01   1.0000000e+00   1.0763760e-02
   4.1133024e-01   1.5137137e-02   2.5478021e-03   2.2103982e-03   1.5546212e-02   3.1167040e-04   2.9963544e-03   3.3731142e-03   2.4311451e-02   1.1617411e-03   7.9889380e-01   1.8999166e-02   6.0261124e-01   1.0000000e+00   1.0737675e-02
   3.2391715e-01   3.7332163e-01   1.5810432e-02   5.4054542e-03   4.3998414e-02   0.0000000e+00   3.9957297e-03   2.6154681e-03   7.5000847e-03   5.5360443e-03   7.2911162e-01   4.8440128e-01   4.8826894e-01   1.0000000e+00   1.0716914e-02
   8.0311122e-01   4.2794216e-01   1.0462339e-02   0.0000000e+00   4.8475578e-02   2.2623170e-04   1.1212982e-02   0.0000000e+00   2.0827111e-03   1.1252553e-02   2.3879676e-01   1.9004821e-01   9.5514257e-01   1.0000000e+00   1.0695983e-02
   2.6002232e-01   1.0118079e-01   2.8762902e-02   2.5901669e-02   0.0000000e+00   0.0000000e+00   0.0000000e+00   6.9372113e-03   3.8621504e-02   9.6521512e-03   9.0901128e-01   1.4570206e-01   3.9842369e-01   1.0000000e+00   1.0691583e-02
   1.5980096e-01   5.1523107e-01   2.1242670e-02   1.2390912e-02   7.4101893e-02   5.4512327e-04   2.0099974e-02   8.8419614e-03   2.7564004e-02   1.6939796e-02   6.7346127e-01   7.0648259e-01   2.5028103e-01   1.0000000e+00   1.0685894e-02
   5.0223354e-01   6.4557703e-01   4.4158548e-02   7.5734212e-02   2.9828116e-02   3.8147100e-03   3.5051391e-02   2.3267912e-03   0.0000000e+00   1.2943066e-02   3.7604899e-01   6.0419340e-01   7.1667303e-01   1.0000000e+00   1.0676858e-02
   3.5933880e-02   1.0000000e+00   5.4888878e-04   5.3569732e-06   3.1534542e-03   4.6670676e-04   7.0140949e-05   8.3841614e-05   0.0000000e+00   0.0000000e+00   6.1135463e-17   9.9841787e-01   5.6415430e-02   1.0000000e+00   1.0675988e-02
   7.5176719e-01   8.6525436e-01   6.1884400e-03   0.0000000e+00   9.1887554e-05   6.2023393e-04   5.3101612e-04   4.2049770e-02   3.7297487e-02   7.6212153e-05   8.0110890e-02   3.7282323e-01   9.2789646e-01   1.0000000e+00   1.0649074e-02
   7.9256855e-02   6.8326711e-01   1.9250050e-02   3.0661134e-03   1.9647510e-02   4.1734856e-03   3.3357394e-03   1.2852355e-02   1.3944239e-02   6.6544193e-04   4.7410319e-01   8.7297288e-01   1.2431840e-01   1.0000000e+00   1.0622631e-02
   2.5565541e-02   8.1809463e-01   1.0958730e-02   3.5716487e-03   2.1698295e-03   3.2639484e-02   5.3078311e-03   0.0000000e+00   0.0000000e+00   2.0880283e-02   2.8210621e-01   9.6027901e-01   4.0214394e-02   1.0000000e+00   1.0607840e-02
   7.5745249e-01   4.0145490e-01   9.6221674e-03   1.0259002e-03   6.1897247e-02   0.0000000e+00   1.2371028e-02   2.7916582e-04   1.4468234e-03   1.4771049e-02   3.0161728e-01   2.2019269e-01   9.3228605e-01   1.0000000e+00   1.0591323e-02
   6.7268885e-01   4.0374850e-01   2.5654433e-02   6.1522593e-05   4.3663813e-02   5.2349909e-03   9.4871390e-03   4.8931513e-02   5.4542781e-03   2.8982264e-02   3.9850945e-01   2.9313460e-01   8.7589377e-01   1.0000000e+00   1.0563658e-02
   3.9194483e-01   7.5142051e-01   0.0000000e+00   0.0000000e+00   0.0000000e+00   1.0996389e-02   1.0260658e-02   0.0000000e+00   0.0000000e+00   3.9649597e-03   3.1081008e-01   7.5512323e-01   5.7764167e-01   1.0000000e+00   1.0556039e-02
   6.8862733e-01   9.5852934e-01   0.0000000e+00   1.5641918e-03   5.6002221e-02   0.0000000e+00   1.7723789e-02   2.5825032e-03   2.1268289e-04   1.3188181e-02   3.0695411e-02   4.7054128e-01   8.8596210e-01   1.0000000e+00   1.0546500e-02
   3.7148017e-01   6.0669184e-01   2.6134011e-02   1.6214997e-02   6.3497360e-02   1.6039613e-02   5.4233174e-02   2.2184892e-02   4.8741222e-02   1.3306874e-02   4.8882417e-01   6.8790004e-01   5.5714716e-01   1.0000000e+00   1.0516804e-02
   7.2051611e-01   7.9432126e-01   1.9993385e-02   0.0000000e+00   4.3103837e-02   3.8824383e-04   1.1664034e-02   1.0535029e-02   5.7099831e-03   5.5878917e-02   1.3571073e-01   4.0533596e-01   9.1029513e-01   1.0000000e+00   1.0509996e-02
   6.3218188e-01   4.9027926e-01   9.3147537e-03   4.8867422e-03   1.0264494e-02   1.5749110e-02   1.2376414e-02   1.3835682e-02   3.4877118e-03   3.1940607e-03   3.9236733e-01   3.8056428e-01   8.3838023e-01   1.0000000e+00   1.0491245e-02
   2.6614393e-01   4.9862853e-01   5.3440406e-02   3.1155830e-02   1.1201361e-01   3.3060393e-03   7.3496303e-03   2.0406596e-02   2.2937192e-02   1.6916689e-02   6.5904210e-01   6.5620865e-01   4.1315905e-01   1.0000000e+00   1.0449042e-02
   4.2889714e-01   9.6554427e-01   4.2968315e-03   1.0982942e-03   2.1314387e-02   0.0000000e+00   2.4617471e-02   5.1954391e-03   0.0000000e+00   3.0970361e-03   4.2324306e-02   7.8123937e-01   6.2458635e-01   1.0000000e+00   1.0444764e-02
   4.5986462e-01   6.8940744e-01   7.4976629e-04   0.0000000e+00   5.0399048e-03   2.2916031e-03   9.8459535e-03   9.3588768e-03   0.0000000e+00   1.0757775e-02   3.5179871e-01   6.6293927e-01   6.6137149e-01   1.0000000e+00   1.0401293e-02
   4.0634578e-02   9.2570620e-01   8.8262049e-06   1.5526192e-02   2.9042419e-02   6.4530584e-02   1.6415537e-02   1.4712976e-02   0.0000000e+00   4.6065507e-03   1.1686744e-01   9.9688081e-01   6.4152455e-02   1.0000000e+00   1.0364311e-02
   8.9070480e-01   3.8830012e-01   2.3048185e-02   2.3672473e-03   3.6848463e-02   5.3912061e-03   7.5878951e-03   1.2748069e-02   0.0000000e+00   3.0782067e-02   1.4046606e-01   9.8161917e-02   9.8834494e-01   1.0000000e+00   1.0334058e-02
   7.5071311e-01   6.5919400e-01   1.9943342e-02   0.0000000e+00   4.0122688e-02   3.4115307e-04   1.2427396e-02   1.0782799e-02   6.2221002e-03   5.7045442e-02   1.9577522e-01   3.3008331e-01   9.2945720e-01   1.0000000e+00   1.0316660e-02
   7.7489264e-01   8.5567140e-01   9.2678983e-03   1.0930353e-02   2.1972689e-02   1.4096508e-02   0.0000000e+00   5.9651861e-03   1.6280630e-03   4.2448691e-03   7.7907001e-02   3.3773266e-01   9.3901773e-01   1.0000000e+00   1.0307498e-02
   1.0337844e-01   7.0903147e-01   2.2536068e-03   0.0000000e+00   4.9813350e-02   4.2042202e-03   8.8951311e-03   0.0000000e+00   1.7017733e-02   1.2666374e-02   4.3682019e-01   8.8823797e-01   1.6216414e-01   1.0000000e+00   1.0257299e-02
   7.4826705e-01   8.4220169e-01   0.0000000e+00   0.0000000e+00   0.0000000e+00   9.1544211e-04   0.0000000e+00   5.5112078e-02   3.5738515e-02   5.8615657e-04   9.4911550e-02   3.7503592e-01   9.2681714e-01   1.0000000e+00   1.0253773e-02
   2.0611589e-01   6.0310736e-01   3.1725566e-02   2.2543921e-02   0.0000000e+00   5.6980699e-03   0.0000000e+00   7.7849012e-03   4.0522940e-02   0.0000000e+00   5.5529481e-01   7.7219595e-01   3.1917314e-01   1.0000000e+00   1.0242918e-02
   2.8512064e-01   7.6036674e-02   3.5374007e-02   3.4734450e-02   0.0000000e+00   5.4755536e-04   1.0702592e-02   6.4704433e-03   2.4804830e-02   1.1740512e-02   8.9796533e-01   1.0776422e-01   4.3450173e-01   1.0000000e+00   1.0236808e-02
   3.7089515e-01   3.0604222e-01   0.0000000e+00   2.8458432e-02   3.4121063e-02   1.1379161e-02   8.4906391e-03   9.9036292e-03   2.3810746e-04   2.8627650e-03   7.4207933e-01   3.8702334e-01   5.5145307e-01   1.0000000e+00   1.0230519e-02
   5.9742949e-01   1.9593221e-01   4.2810196e-03   2.4146273e-02   4.6804655e-03   0.0000000e+00   2.4725114e-03   1.0607307e-03   3.0949576e-03   0.0000000e+00   5.6363525e-01   1.7916274e-01   8.0715340e-01   1.0000000e+00   1.0178107e-02
   4.3555576e-01   6.2764574e-01   5.6996653e-02   7.2455130e-02   3.3628537e-02   3.1365467e-03   2.9276479e-02   1.9565543e-04   0.0000000e+00   1.1983317e-02   4.3240673e-01   6.5300100e-01   6.3875424e-01   1.0000000e+00   1.0156514e-02
   7.9449636e-01   7.7841888e-03   8.5627227e-03   1.3833840e-02   8.8133887e-03   0.0000000e+00   1.6090209e-02   1.2461898e-03   1.2667100e-02   3.1160452e-03   3.1744881e-01   3.8817591e-03   9.4908258e-01   1.0000000e+00   1.0132766e-02
   1.6533911e-01   7.3114086e-01   3.0086944e-02   2.9986276e-02   0.0000000e+00   3.3458811e-03   6.3165906e-03   1.3670324e-02   2.8182117e-02   1.0649104e-02   3.9730304e-01   8.8414984e-01   2.5756180e-01   1.0000000e+00   1.0059191e-02
   6.2091547e-03   5.8268971e-01   2.7687997e-04   2.7587902e-03   1.0452288e-02   7.1924147e-03   1.1286142e-02   0.0000000e+00   1.1563580e-02   4.1344038e-04   6.0979626e-01   7.9304058e-01   9.7573560e-03   1.0000000e+00   1.0032432e-02
   1.9896588e-01   3.9937267e-02   2.5253586e-03   5.5866575e-03   1.6091182e-02   2.0153390e-03   1.6602628e-03   1.3543700e-02   0.0000000e+00   4.4163786e-03   9.5016622e-01   5.9685391e-02   3.0762737e-01   1.0000000e+00   1.0014155e-02
   2.5071968e-01   4.9269233e-02   3.3996122e-02   3.9536074e-02   0.0000000e+00   5.8082987e-03   1.2637597e-02   5.9870424e-03   3.2566902e-02   7.9225104e-03   9.2443077e-01   7.1686661e-02   3.8528995e-01   1.0000000e+00   9.9685674e-03
   6.0236888e-02   8.1316372e-01   7.3341539e-03   7.4326541e-06   0.0000000e+00   2.5841143e-02   1.9019910e-03   0.0000000e+00   3.6767568e-04   1.2742772e-02   2.8824847e-01   9.5380652e-01   9.4562625e-02   1.0000000e+00   9.9064208e-03
   8.8690512e-01   1.8161347e-01   0.0000000e+00   0.0000000e+00   1.5714286e-02   2.5008767e-03   7.1538962e-04   1.4919995e-03   2.6653473e-02   2.6975966e-03   1.6973894e-01   4.9780570e-02   9.8522016e-01   1.0000000e+00   9.8970747e-03
   4.3036429e-02   5.1769144e-01   4.6292953e-03   5.7169707e-06   1.0070632e-03   1.3581424e-03   1.6382091e-02   0.0000000e+00   1.4639661e-02   5.7626319e-04   6.8596426e-01   7.2518983e-01   6.7584257e-02   1.0000000e+00   9.8950419e-03
   5.1914211e-01   2.4425724e-01   1.1777711e-02   1.0196206e-03   2.2627577e-02   3.5558562e-03   1.2618259e-02   2.8973520e-03   1.0869821e-02   1.0423552e-02   6.3635982e-01   2.5688841e-01   7.2881637e-01   1.0000000e+00   9.8859073e-03
   4.2618641e-01   8.7623728e-01   1.2704865e-02   1.8018352e-03   0.0000000e+00   1.3625210e-02   1.1698416e-02   5.5147621e-03   0.0000000e+00   7.7066414e-03   1.5157475e-01   7.6983415e-01   6.2091443e-01   1.0000000e+00   9.8415249e-03
   1.1779676e-01   2.9070357e-01   1.8926582e-02   1.8543011e-03   1.1212729e-02   2.5409214e-02   1.3371421e-02   5.0272903e-03   2.2860804e-04   1.7284857e-03   8.8340196e-01   4.3398542e-01   1.8422721e-01   1.0000000e+00   9.8332917e-03
   8.7038834e-01   7.1412042e-01   9.6535603e-03   2.4528783e-03   3.2027599e-02   1.6635681e-03   1.0684007e-02   2.2270382e-04   2.6162661e-02   1.4433406e-02   8.7961591e-02   1.8253288e-01   9.8143699e-01   1.0000000e+00   9.8315917e-03
   5.5061717e-01   9.0113678e-01   2.2637487e-02   2.0217717e-03   6.8864107e-02   2.2520945e-03   1.1380298e-02   2.8933601e-03   3.9234912e-03   1.6923039e-02   1.0090869e-01   6.4455948e-01   7.6537582e-01   1.0000000e+00   9.8279151e-03
   2.3949668e-01   3.8112854e-01   1.6173638e-02   0.0000000e+00   5.2660129e-03   2.4613033e-02   1.5224390e-02   1.7318130e-02   2.0285381e-03   0.0000000e+00   7.6941202e-01   5.2488815e-01   3.6791506e-01   1.0000000e+00   9.8140307e-03
   3.2053414e-01   1.7926184e-01   4.2292288e-02   3.1449674e-02   6.1932852e-03   3.1548235e-03   6.7099203e-05   5.6481423e-03   2.6449810e-02   2.0990398e-02   8.4477015e-01   2.4436659e-01   4.8441780e-01   1.0000000e+00   9.7857501e-03
   6.2950975e-01   1.3485512e-01   0.0000000e+00   1.6748048e-02   1.0771444e-02   8.3696839e-04   2.4387415e-03   9.9892034e-04   1.0153911e-03   0.0000000e+00   5.3759780e-01   1.1561377e-01   8.3572281e-01   1.0000000e+00   9.7605868e-03
   1.5788621e-01   1.5126950e-01   2.9911417e-02   4.2951348e-02   2.5457562e-03   4.7311910e-03   1.9613376e-02   1.2135721e-02   4.3818792e-02   1.5105153e-02   9.4729918e-01   2.2942528e-01   2.4680998e-01   1.0000000e+00   9.7221978e-03
   4.4156001e-01   5.8420718e-01   5.9110631e-02   6.1952557e-04   3.9586757e-02   2.2809144e-02   2.4785686e-02   2.8308880e-02   1.7638086e-02   1.1943983e-02   4.7075041e-01   6.1524062e-01   6.4407388e-01   1.0000000e+00   9.7193674e-03
   9.3871359e-01   6.8190171e-01   0.0000000e+00   0.0000000e+00   2.9665077e-03   0.0000000e+00   0.0000000e+00   1.3510311e-03   0.0000000e+00   0.0000000e+00   4.6054754e-02   8.4369302e-02   9.9538035e-01   1.0000000e+00   9.7145090e-03
   3.8094770e-01   5.7881365e-01   4.4337363e-02   3.2029654e-02   9.3934430e-02   5.2947524e-03   7.7222494e-03   4.9104333e-03   2.7968424e-02   1.9359504e-02   5.1426772e-01   6.6044492e-01   5.7068448e-01   1.0000000e+00   9.7143111e-03
   4.7004722e-01   2.8623848e-01   1.9100799e-02   1.1225001e-03   2.9704392e-02   3.3592926e-03   1.2196247e-02   3.0704791e-03   9.5225890e-03   1.7666018e-02   6.6728787e-01   3.2202605e-01   6.7429282e-01   1.0000000e+00   9.6974530e-03
   1.3863049e-01   2.6841890e-02   1.4827779e-02   2.0989417e-02   2.4334980e-03   2.7503555e-03   2.1709963e-02   5.7936161e-03   3.8789047e-02   1.4684763e-02   9.7834408e-01   4.1274522e-02   2.1666965e-01   1.0000000e+00   9.6896369e-03
   2.1303367e-01   1.3290211e-01   3.3579320e-02   4.1186066e-02   0.0000000e+00   6.0601005e-03   1.1626949e-02   8.1479016e-03   2.6564057e-02   1.2956926e-02   9.2766028e-01   1.9652362e-01   3.2971465e-01   1.0000000e+00   9.6879299e-03
   1.2780920e-02   6.8149513e-01   0.0000000e+00   2.4922001e-03   8.7065117e-03   7.0679497e-03   9.9503879e-03   0.0000000e+00   1.2962723e-02   0.0000000e+00   4.7978899e-01   8.7760890e-01   2.0082884e-02   1.0000000e+00   9.6864682e-03
   4.3019121e-01   8.7450248e-01   5.5664923e-04   0.0000000e+00   6.9982818e-03   2.2955815e-03   9.0696225e-03   6.6582560e-03   0.0000000e+00   7.8795045e-03   1.5285295e-01   7.6531735e-01   6.2562917e-01   1.0000000e+00   9.6565618e-03
   7.3573194e-01   3.9998070e-01   1.1882698e-02   5.5942222e-03   6.5364732e-02   3.1203203e-03   2.2446039e-02   9.3104653e-04   1.1504946e-02   1.6826804e-02   3.2803082e-01   2.3831315e-01   9.1998993e-01   1.0000000e+00   9.6456211e-03
   2.8421913e-01   8.4385820e-01   2.1700957e-03   2.0362237e-03   1.9825403e-02   6.6501117e-03   9.3750352e-03   2.5690763e-05   1.7371329e-02   0.0000000e+00   2.1919891e-01   8.7572256e-01   4.3212740e-01   1.0000000e+00   9.6335401e-03
   8.2324537e-01   7.0367206e-01   1.1534002e-02   5.4914535e-03   3.1140525e-02   2.5118129e-03   1.0149614e-02   2.5623609e-04   2.1162054e-02   1.4847610e-02   1.2325954e-01   2.4539950e-01   9.6354087e-01   1.0000000e+00   9.6140528e-03
   5.7082498e-01   1.0000000e+00   3.7877904e-03   4.5250669e-04   1.1257757e-02   3.3571801e-03   1.8180101e-02   4.3967635e-03   9.9384064e-03   4.4827411e-03   3.8246859e-17   6.2461861e-01   7.8172535e-01   1.0000000e+00   9.6048702e-03
   4.0468960e-01   6.3379559e-01   2.4221707e-02   7.4120395e-02   3.6245510e-02   4.2681424e-03   2.6683879e-02   0.0000000e+00   5.7605455e-05   9.2637038e-03   4.4135612e-01   6.8071042e-01   5.9860350e-01   1.0000000e+00   9.6019724e-03
   3.6854942e-01   3.4830412e-01   8.4063014e-03   0.0000000e+00   3.4445301e-02   0.0000000e+00   5.5318376e-03   3.0083180e-03   2.2123864e-02   1.6868376e-02   7.1635062e-01   4.3635962e-01   5.4824992e-01   1.0000000e+00   9.5940210e-03
   4.3134357e-01   6.0221546e-01   5.3119922e-02   5.1365031e-04   4.5169435e-02   2.3839325e-02   2.5664636e-02   3.1896162e-02   1.7547055e-02   1.4093071e-02   4.5922227e-01   6.3671313e-01   6.3166093e-01   1.0000000e+00   9.5938074e-03
   1.8406436e-01   1.0172438e-01   3.0455240e-02   4.3355772e-02   1.4412081e-03   4.9626992e-03   1.9193565e-02   1.2207371e-02   3.8177999e-02   1.4996615e-02   9.5104614e-01   1.5327273e-01   2.8655139e-01   1.0000000e+00   9.5848636e-03
   1.1420347e-01   7.2711871e-01   7.1757315e-04   2.8944107e-03   1.5426468e-02   5.6930363e-03   1.0575899e-02   0.0000000e+00   1.5268880e-02   0.0000000e+00   4.0922052e-01   8.9549458e-01   1.7854117e-01   1.0000000e+00   9.5676379e-03
   7.8453361e-01   7.6381852e-01   6.5671110e-03   6.1724246e-05   0.0000000e+00   5.7309844e-04   0.0000000e+00   5.4574341e-02   3.1235105e-02   2.0436064e-04   1.2085534e-01   3.1067734e-01   9.4703988e-01   1.0000000e+00   9.5541925e-03
   3.3021302e-01   5.4085304e-01   4.1072805e-02   3.6493261e-03   5.0776079e-02   2.0316555e-02   3.1789876e-02   2.5479882e-02   1.0685796e-02   1.9079048e-02   5.7736951e-01   6.5666886e-01   4.9913491e-01   1.0000000e+00   9.5491196e-03
   3.2394049e-01   5.8674104e-01   2.1280189e-03   0.0000000e+00   5.2692626e-02   2.2272793e-03   1.0018238e-02   1.4800999e-02   1.6184793e-02   1.9694905e-02   5.2990245e-01   6.9829009e-01   4.8899795e-01   1.0000000e+00   9.5419046e-03
   9.0807535e-01   7.5755949e-01   2.3495150e-02   2.2478031e-03   2.9011743e-02   2.7318445e-03   9.7725326e-03   7.7693332e-03   0.0000000e+00   0.0000000e+00   5.3566828e-02   1.3379356e-01   9.9113898e-01   1.0000000e+00   9.5189490e-03
   2.2990980e-01   5.1583531e-02   3.4795648e-02   3.0577779e-02   0.0000000e+00   0.0000000e+00   2.5879515e-02   3.6511023e-03   4.3912446e-02   1.5029942e-02   9.3707112e-01   7.6094873e-02   3.5510302e-01   1.0000000e+00   9.5186576e-03
   6.3991090e-01   7.7052269e-01   2.2351284e-02   2.7068762e-03   5.0779637e-02   0.0000000e+00   1.5176467e-02   9.8357280e-03   1.9497161e-03   5.0904121e-02   1.9016699e-01   5.0451469e-01   8.4932484e-01   1.0000000e+00   9.4904377e-03
   4.2355304e-01   9.4635774e-01   0.0000000e+00   4.7228980e-03   1.2928627e-02   4.2475537e-04   2.3931212e-02   1.3814059e-02   0.0000000e+00   7.5927896e-03   6.6278548e-02   7.8472326e-01   6.1793140e-01   1.0000000e+00   9.4754736e-03
   1.0387002e-01   6.4301187e-01   2.7558397e-02   2.4693904e-02   5.7523109e-04   3.9688989e-03   4.7078015e-03   1.2605166e-02   3.5126614e-02   1.3341666e-02   5.2632603e-01   8.3809520e-01   1.6291948e-01   1.0000000e+00   9.4693360e-03
   2.8241182e-01   5.4991941e-01   1.3549909e-02   1.4060614e-02   4.3823587e-02   9.4953693e-03   3.2895643e-02   2.0230836e-02   4.4003648e-02   4.5115893e-02   5.9128170e-01   6.9212448e-01   4.3257560e-01   1.0000000e+00   9.4629867e-03
   1.9390184e-02   5.5604800e-02   7.7628221e-03   3.5874378e-03   8.9634371e-03   2.2903487e-03   4.2226413e-03   0.0000000e+00   3.5434239e-03   0.0000000e+00   9.9591421e-01   8.7208831e-02   3.0459079e-02   1.0000000e+00   9.4474464e-03
   2.2950353e-01   8.7955202e-02   3.4214020e-02   4.1558092e-02   8.4272811e-05   6.5814137e-03   1.2336237e-02   5.8837306e-03   2.9165378e-02   1.3997373e-02   9.3067184e-01   1.2940577e-01   3.5421770e-01   1.0000000e+00   9.4368249e-03
   2.1388883e-01   2.9105668e-01   2.9662903e-02   2.6414967e-02   2.0582744e-02   4.7001439e-03   2.5040625e-02   7.9970605e-03   2.9819036e-02   2.1824062e-02   8.5058357e-01   4.1844868e-01   3.3103563e-01   1.0000000e+00   9.4328503e-03
   5.0313000e-01   5.2078270e-01   5.0775228e-02   8.7373304e-02   3.4911169e-02   2.7536096e-03   3.6069459e-02   0.0000000e+00   1.3711151e-03   1.3496637e-02   4.8724789e-01   5.2014636e-01   7.1975798e-01   1.0000000e+00   9.4298046e-03
   2.2115319e-01   2.3360308e-01   1.3970608e-02   1.7738398e-02   1.4028419e-02   4.1076337e-02   1.1858359e-02   1.1683867e-02   1.2942284e-02   7.7169771e-03   8.8021429e-01   3.3831060e-01   3.4142832e-01   1.0000000e+00   9.3932039e-03
   9.8964530e-02   3.5293127e-01   2.6957193e-02   3.5030823e-02   1.9842251e-02   5.3439432e-03   2.2561557e-02   7.9553275e-03   2.9636816e-02   1.4144243e-02   8.4335529e-01   5.2216534e-01   1.5545124e-01   1.0000000e+00   9.3898708e-03
   2.1594098e-01   7.4252622e-01   0.0000000e+00   5.3818296e-03   1.7120196e-02   2.4500501e-03   8.9528222e-03   1.8983174e-02   1.5024796e-02   2.8882312e-03   3.7145377e-01   8.6781084e-01   3.3306574e-01   1.0000000e+00   9.3758172e-03
   3.5723991e-01   4.6739896e-01   1.3849144e-02   0.0000000e+00   3.0666141e-02   0.0000000e+00   8.5478767e-03   4.7400031e-03   2.1932377e-02   1.7995251e-02   6.2980390e-01   5.6839112e-01   5.3324283e-01   1.0000000e+00   9.3694538e-03
   1.8073606e-01   9.8329019e-01   1.3856832e-02   9.8932394e-04   7.2083338e-04   8.0241312e-04   4.1126495e-03   3.0771609e-04   0.0000000e+00   0.0000000e+00   2.5199456e-02   9.5984245e-01   2.8016035e-01   1.0000000e+00   9.3691324e-03
   5.3729176e-01   4.9218291e-01   1.6724722e-02   6.9112567e-04   3.5310937e-02   2.6819539e-03   1.5806104e-02   2.8224467e-03   1.3232381e-02   1.9460880e-02   4.7671998e-01   4.6515406e-01   7.4904406e-01   1.0000000e+00   9.3553446e-03
   5.5814147e-01   2.6806600e-02   0.0000000e+00   1.2296514e-02   1.3981486e-02   8.3731424e-05   1.4131777e-03   6.3899471e-03   9.3344962e-03   7.6144478e-03   6.3944537e-01   2.6941504e-02   7.6906003e-01   1.0000000e+00   9.3495730e-03
   1.0755425e-01   8.4227925e-01   1.1297399e-02   0.0000000e+00   2.0653167e-04   2.2826975e-02   5.3149036e-03   1.2228706e-03   7.7358159e-03   2.0562377e-02   2.4200992e-01   9.5677426e-01   1.6833852e-01   1.0000000e+00   9.3258584e-03
   2.1221575e-01   9.2865823e-01   0.0000000e+00   1.0721726e-02   1.7014383e-02   6.9045105e-03   1.1780040e-02   1.5863827e-02   2.0981292e-02   3.8828560e-03   1.0581019e-01   9.4024370e-01   3.2763295e-01   1.0000000e+00   9.2842525e-03
   2.7287373e-01   2.1705695e-01   1.2824157e-02   3.0106694e-02   0.0000000e+00   4.5359508e-03   2.2494246e-02   6.6964671e-03   2.3380028e-02   1.5689464e-02   8.5926775e-01   3.0487564e-01   4.1663633e-01   1.0000000e+00   9.2793616e-03
   4.1172591e-01   2.9071507e-01   2.4302548e-02   2.1153204e-03   1.7339794e-02   1.7409881e-02   2.2899925e-02   3.3299714e-03   2.1122293e-03   0.0000000e+00   7.1752513e-01   3.5251185e-01   6.0363379e-01   1.0000000e+00   9.2404785e-03
   6.6871572e-02   6.7539886e-01   2.0873149e-02   2.8240705e-02   1.0077837e-03   4.0516208e-03   1.4846064e-03   1.3061737e-02   3.0664070e-02   1.2915027e-02   4.8661263e-01   8.7018776e-01   1.0511388e-01   1.0000000e+00   9.2034493e-03
   3.7936217e-01   5.3983182e-01   4.3427376e-02   4.0807955e-04   4.5225935e-02   5.4109539e-02   2.9331943e-02   2.8738041e-02   1.7576942e-02   1.4124616e-02   5.5245136e-01   6.2629944e-01   5.6633605e-01   1.0000000e+00   9.1852067e-03
   3.1454335e-01   7.5120757e-02   0.0000000e+00   1.5901912e-02   6.9107662e-03   3.4630887e-02   1.3493904e-02   9.7790050e-03   2.2386238e-02   8.3358957e-03   8.7633454e-01   1.0388959e-01   4.7533860e-01   1.0000000e+00   9.1665336e-03
   2.4918492e-01   2.0137768e-01   6.5027515e-02   3.1750583e-02   1.9909503e-04   3.9330636e-03   1.2524143e-02   8.1590194e-03   4.1858283e-02   2.4970030e-02   8.8540405e-01   2.8980506e-01   3.8449549e-01   1.0000000e+00   9.1417167e-03
   2.3499892e-01   1.3689342e-01   1.7677308e-02   0.0000000e+00   4.1742872e-02   0.0000000e+00   7.4809855e-03   2.0992114e-03   1.0642064e-02   6.1778659e-03   9.1322597e-01   1.9945623e-01   3.6162711e-01   1.0000000e+00   9.1111933e-03
   6.1082195e-01   5.9232968e-01   1.0222788e-01   6.5559397e-02   4.6079585e-02   0.0000000e+00   3.5819862e-02   1.9206003e-04   9.4032738e-04   1.3840748e-02   3.4922021e-01   4.6867993e-01   8.3391600e-01   1.0000000e+00   9.0883177e-03
   3.8542071e-01   5.0116838e-01   4.5552407e-02   3.3440385e-02   8.5185792e-02   0.0000000e+00   5.1652940e-03   3.4332554e-03   2.2845991e-02   1.2675376e-02   5.8684400e-01   5.8900203e-01   5.7546283e-01   1.0000000e+00   9.0575400e-03
   2.3806107e-01   4.1329191e-01   1.1318943e-02   8.5950542e-04   5.9392156e-03   2.4831343e-02   1.5255524e-02   2.2258827e-02   0.0000000e+00   0.0000000e+00   7.4263992e-01   5.6361822e-01   3.6584226e-01   1.0000000e+00   9.0244901e-03
   8.3413452e-01   4.5771754e-01   1.0533572e-02   1.8736668e-02   3.2358064e-02   4.6396238e-03   2.3436587e-02   0.0000000e+00   1.0963120e-02   1.1734505e-02   1.9429371e-01   1.7005881e-01   9.6850964e-01   1.0000000e+00   8.9760236e-03
   6.8525503e-01   5.4301851e-01   6.8808888e-02   5.6461045e-02   4.4740705e-02   0.0000000e+00   3.3425799e-02   4.2342816e-05   3.1171592e-04   1.6873078e-02   3.1563883e-01   3.6146259e-01   8.9022349e-01   1.0000000e+00   8.9696896e-03
   5.3084039e-01   5.0705607e-02   1.9814119e-03   0.0000000e+00   9.7697436e-03   1.0996341e-03   2.0225271e-02   2.1387796e-03   8.0020507e-03   1.9502991e-03   6.7029496e-01   5.3500957e-02   7.4094991e-01   1.0000000e+00   8.9487191e-03
   5.0316733e-01   4.4537544e-01   7.1001734e-03   0.0000000e+00   3.4674714e-02   1.4747912e-03   1.4613958e-02   0.0000000e+00   1.4596571e-02   1.0860627e-02   5.3928031e-01   4.5385548e-01   7.1189479e-01   1.0000000e+00   8.9478236e-03
   3.4001495e-01   3.8191987e-01   1.3587297e-02   5.4232071e-03   4.7569852e-02   0.0000000e+00   6.0232242e-03   3.1024003e-03   4.9104058e-03   4.8143314e-03   7.1225676e-01   4.8719568e-01   5.1036997e-01   1.0000000e+00   8.9160002e-03
   3.6492862e-01   4.0460494e-01   7.8766318e-03   0.0000000e+00   3.4726919e-02   0.0000000e+00   6.2062397e-03   2.4432663e-03   2.2040407e-02   1.8136407e-02   6.7754754e-01   4.9979484e-01   5.4350102e-01   1.0000000e+00   8.9089489e-03
   5.4602685e-01   4.4116988e-01   2.9002382e-03   0.0000000e+00   1.7445230e-02   2.0995027e-03   3.1075002e-03   0.0000000e+00   3.9332406e-02   4.1688616e-03   5.0423988e-01   4.1870665e-01   7.5776838e-01   1.0000000e+00   8.9086877e-03
   2.7839212e-01   4.9883199e-01   5.5914964e-02   2.8103545e-02   8.1700309e-02   3.2904583e-03   7.3054590e-03   1.7802423e-02   2.4079927e-02   1.6756835e-02   6.4933561e-01   6.4695729e-01   4.2850384e-01   1.0000000e+00   8.9059418e-03
   8.3919119e-01   4.8977844e-01   1.2484991e-02   4.8143952e-03   1.7795989e-02   1.5554583e-02   1.1862089e-02   5.4800342e-03   3.9952608e-03   3.2358378e-03   1.7970267e-01   1.7402276e-01   9.6917163e-01   1.0000000e+00   8.8656481e-03
   6.1682952e-02   1.8042368e-01   2.8626978e-02   1.6175534e-04   9.8538286e-03   2.9319303e-02   1.4504612e-02   4.0375564e-03   4.0054675e-03   3.6865681e-03   9.5754694e-01   2.7888429e-01   9.6936455e-02   1.0000000e+00   8.8592031e-03
   0.0000000e+00   5.7824285e-01   2.9445117e-03   6.6306667e-03   1.6507005e-03   7.2520003e-03   1.4269652e-02   1.6039817e-03   2.8959164e-02   6.8847645e-04   6.1579499e-01   7.8936960e-01   0.0000000e+00   1.0000000e+00   8.8568221e-03
   1.6754724e-01   3.5451608e-01   3.8393699e-02   2.8883941e-02   1.9486625e-02   4.5124343e-03   2.7101255e-02   6.3783855e-03   3.5314151e-02   1.4173444e-02   8.2372388e-01   5.1285156e-01   2.6143784e-01   1.0000000e+00   8.8533410e-03
   6.7197173e-01   1.7568451e-01   3.0178263e-03   1.5384544e-03   1.7305153e-02   1.6193530e-03   5.4396398e-03   0.0000000e+00   2.6293138e-02   4.2882311e-03   4.7462030e-01   1.3440785e-01   8.7107804e-01   1.0000000e+00   8.8326247e-03
   3.6498242e-01   2.5946401e-01   1.9893675e-03   3.4633088e-02   3.1579559e-02   1.0169398e-02   7.3249352e-03   5.4949595e-03   1.6633434e-03   0.0000000e+00   7.7313807e-01   3.3379417e-01   5.4371510e-01   1.0000000e+00   8.7980723e-03
   3.0269118e-01   7.7754409e-01   1.3660169e-02   0.0000000e+00   0.0000000e+00   4.6474293e-04   1.0694994e-04   4.4862315e-04   5.9768003e-04   4.7940675e-03   3.0445376e-01   8.3552542e-01   4.5784928e-01   1.0000000e+00   8.7474023e-03
   6.8749335e-01   6.1639482e-01   3.3495157e-02   2.7541665e-03   2.7046278e-02   6.4903528e-05   1.1786966e-02   7.1680540e-03   1.0730350e-02   5.5075331e-02   2.6856238e-01   3.9040344e-01   8.8650210e-01   1.0000000e+00   8.7452229e-03
   1.5362927e-01   4.1865567e-01   1.9849815e-02   8.5954544e-03   1.1280111e-01   0.0000000e+00   1.9651582e-02   1.0099780e-02   2.2915725e-02   1.5648346e-02   7.7961913e-01   6.0210205e-01   2.4243824e-01   1.0000000e+00   8.7310247e-03
   1.8173661e-01   2.8210251e-02   2.9231732e-02   2.5361165e-02   1.3904030e-02   6.1415180e-03   1.5722455e-02   6.5787799e-03   2.8588428e-02   1.1730416e-02   9.6143809e-01   4.2631689e-02   2.8244714e-01   1.0000000e+00   8.7256206e-03
   5.5030672e-02   6.1475994e-01   3.3125793e-02   2.0263053e-02   1.5037153e-03   2.5167670e-03   1.6640704e-03   8.7891731e-03   2.8956766e-02   8.9660163e-03   5.6817357e-01   8.2141632e-01   8.6551532e-02   1.0000000e+00   8.6958552e-03
   1.1702233e-01   3.2027995e-01   1.9456471e-02   1.0771008e-03   1.1320766e-02   2.4394691e-02   1.6551962e-02   4.3712380e-03   4.5540246e-04   2.2903065e-03   8.6254230e-01   4.7468069e-01   1.8304099e-01   1.0000000e+00   8.6896384e-03
   5.3535992e-01   4.2206811e-01   4.2079034e-02   3.0119137e-02   4.0225464e-02   3.9594738e-03   2.7956512e-02   0.0000000e+00   3.1028720e-03   6.1172678e-03   5.2821586e-01   4.1248157e-01   7.4910197e-01   1.0000000e+00   8.6755816e-03
   6.6334769e-01   5.0463767e-01   1.2828151e-02   0.0000000e+00   3.2556657e-02   1.1148431e-03   1.3874326e-02   1.2236378e-03   1.1721658e-02   2.4170275e-02   3.5489121e-01   3.6009989e-01   8.6525577e-01   1.0000000e+00   8.6685903e-03
   1.5827316e-01   3.2370533e-01   2.0246038e-02   1.5160052e-07   0.0000000e+00   2.4489092e-02   1.8621308e-02   1.3635744e-02   1.4170917e-04   0.0000000e+00   8.4793756e-01   4.7260518e-01   2.4644119e-01   1.0000000e+00   8.6575755e-03
   3.2853842e-01   7.5566146e-01   1.3779024e-03   3.6024719e-04   6.8436347e-02   2.8903001e-03   7.3342582e-03   1.1453282e-02   1.4554439e-02   2.1083739e-02   3.2748895e-01   8.1095195e-01   4.9619456e-01   1.0000000e+00   8.6265863e-03
   1.8746879e-01   5.7464030e-02   2.0925623e-02   0.0000000e+00   3.6697022e-03   9.8386798e-03   1.8218439e-02   8.4999211e-03   3.4925061e-03   0.0000000e+00   9.5397798e-01   8.6344773e-02   2.9051770e-01   1.0000000e+00   8.6244668e-03
   1.4452523e-01   3.8606337e-01   1.8357346e-02   7.7869026e-03   8.5419831e-02   0.0000000e+00   2.4073039e-02   1.0803725e-02   2.3419742e-02   1.5949727e-02   8.0796657e-01   5.6041660e-01   2.2714388e-01   1.0000000e+00   8.6145052e-03
   8.7785859e-01   8.6214265e-01   0.0000000e+00   8.2450104e-04   0.0000000e+00   0.0000000e+00   7.4477671e-04   0.0000000e+00   0.0000000e+00   0.0000000e+00   4.0970002e-02   1.8623126e-01   9.8165261e-01   1.0000000e+00   8.6034050e-03
   2.3304185e-01   6.8235405e-01   0.0000000e+00   4.0848645e-04   5.4030556e-02   1.7570943e-03   9.2571336e-03   1.0395372e-02   1.5443590e-02   1.1374836e-02   4.4836283e-01   8.2276095e-01   3.5918760e-01   1.0000000e+00   8.5809202e-03
   4.1317260e-01   1.6491584e-01   5.7155031e-03   3.1547521e-03   1.5106646e-02   5.9587379e-03   3.5172828e-03   0.0000000e+00   2.5081351e-02   3.8740939e-03   7.7084186e-01   2.0427596e-01   6.0497989e-01   1.0000000e+00   8.5586071e-03
   6.1060720e-01   8.4320731e-01   0.0000000e+00   6.1226527e-04   0.0000000e+00   4.0603160e-04   2.0686183e-03   7.1320744e-05   0.0000000e+00   2.2775780e-03   1.4000139e-01   5.5690229e-01   8.1870598e-01   1.0000000e+00   8.5529412e-03
   9.5379109e-01   2.8801422e-01   2.1058267e-02   0.0000000e+00   3.1379202e-02   3.5132310e-03   1.3472186e-02   3.0617594e-03   1.6799390e-02   1.5825813e-02   6.5366272e-02   3.1770164e-02   9.9952518e-01   1.0000000e+00   8.5504988e-03
   1.1535889e-01   2.8062424e-01   1.6824990e-02   5.8110974e-04   6.2053953e-03   2.0550389e-02   2.5349370e-02   0.0000000e+00   0.0000000e+00   2.1909122e-03   8.9083940e-01   4.2026464e-01   1.8046609e-01   1.0000000e+00   8.5231701e-03
   6.3445748e-02   5.5154429e-01   1.6769480e-02   3.2726151e-03   3.2195800e-02   1.1523464e-02   3.4368149e-02   6.7456649e-02   2.0036311e-02   1.3972753e-02   6.4940767e-01   7.6410423e-01   1.0027048e-01   1.0000000e+00   8.4826286e-03
   4.9695432e-01   1.3109623e-01   2.7085501e-03   2.4846496e-06   2.7451507e-02   3.8857992e-04   2.9655804e-03   0.0000000e+00   3.1245325e-02   5.2805278e-03   6.9670442e-01   1.4553214e-01   7.0496421e-01   1.0000000e+00   8.4820448e-03
   7.7888637e-01   8.6633324e-01   7.8885097e-03   5.6633519e-03   6.5260177e-02   9.5487822e-04   1.7448238e-02   1.1331786e-03   7.2522222e-03   1.3129239e-02   7.1290576e-02   3.3453415e-01   9.4487990e-01   1.0000000e+00   8.4773925e-03
   2.1876817e-02   5.8435395e-01   1.5061719e-02   6.3059301e-03   2.4709950e-03   6.2522545e-03   1.9526491e-02   0.0000000e+00   1.8446640e-02   5.3912019e-04   6.0775767e-01   7.9467991e-01   3.4392776e-02   1.0000000e+00   8.4579792e-03
   6.2408042e-01   4.5037619e-01   3.0676006e-03   0.0000000e+00   1.6859593e-02   2.0473607e-03   0.0000000e+00   0.0000000e+00   4.1788567e-02   3.5925984e-03   4.2402846e-01   3.6258807e-01   8.3237496e-01   1.0000000e+00   8.4473372e-03
   0.0000000e+00   4.5667443e-01   2.8450017e-02   2.5303655e-02   9.8302219e-04   3.5503025e-03   6.6067856e-03   1.4583144e-02   4.1769159e-02   1.1386178e-02   7.5626356e-01   6.5974699e-01   0.0000000e+00   1.0000000e+00   8.4162489e-03
   4.7342512e-01   4.4687630e-01   5.0657002e-02   2.9423535e-02   6.2715748e-02   0.0000000e+00   0.0000000e+00   4.2137283e-03   2.4238414e-02   1.6962648e-02   5.6663807e-01   4.7916623e-01   6.8257269e-01   1.0000000e+00   8.3987308e-03
   9.0214806e-02   7.0685834e-01   2.2960162e-03   2.3205169e-03   6.1742338e-02   2.5590314e-03   4.5223757e-03   5.5214156e-03   1.4522636e-02   1.7402163e-02   4.4184416e-01   8.9076258e-01   1.4185586e-01   1.0000000e+00   8.3765130e-03
   6.5814361e-01   3.6058132e-01   2.7740588e-02   6.4165418e-03   4.1136565e-02   3.9989516e-03   9.3339334e-03   4.4534593e-02   5.6461068e-03   2.6119499e-02   4.3395412e-01   2.7595182e-01   8.6381103e-01   1.0000000e+00   8.3717305e-03
   4.9080197e-01   9.1278683e-02   0.0000000e+00   1.7682510e-02   1.1962537e-02   1.7123755e-03   4.9662002e-03   3.5638982e-03   2.9056976e-03   1.3487152e-03   7.1024856e-01   1.0253922e-01   6.9716972e-01   1.0000000e+00   8.3705301e-03
   5.0281707e-02   5.0730903e-01   7.4177429e-02   1.5641016e-02   3.6079769e-03   2.6539190e-03   7.7608973e-03   9.3273545e-03   3.1256503e-02   1.7782155e-02   7.0178497e-01   7.1808725e-01   7.9468894e-02   1.0000000e+00   8.3642056e-03
   4.0037024e-01   4.6536449e-01   5.0331584e-02   9.6946567e-02   3.3493349e-02   4.6278851e-03   3.9251492e-02   2.9198643e-05   0.0000000e+00   1.6351775e-02   6.1102891e-01   5.4791395e-01   5.9701077e-01   1.0000000e+00   8.3621413e-03
   3.8705119e-01   5.5432295e-01   4.7385570e-02   5.3579827e-04   4.4690241e-02   2.5111853e-02   2.7594832e-02   3.0081616e-02   1.7526591e-02   1.4581660e-02   5.3255258e-01   6.3218162e-01   5.7524201e-01   1.0000000e+00   8.3485493e-03
   4.9918766e-01   8.2954462e-01   5.9768118e-03   0.0000000e+00   4.6768146e-04   1.2112526e-03   1.0292919e-03   4.3529474e-02   3.9112880e-02   8.4886036e-05   1.8796150e-01   6.8514557e-01   7.0864958e-01   1.0000000e+00   8.3338256e-03
   5.6549491e-01   8.1962352e-01   3.9338469e-02   1.5782918e-03   5.1914055e-02   1.5048916e-03   2.0141125e-02   1.9173645e-03   0.0000000e+00   1.4786280e-02   1.7719140e-01   6.0855331e-01   7.7976950e-01   1.0000000e+00   8.3010293e-03
   5.4027703e-01   6.0879754e-01   2.3346335e-02   0.0000000e+00   3.6036673e-02   2.0429183e-03   1.0221564e-02   1.0331325e-02   4.3502548e-03   9.2207330e-02   3.8512285e-01   5.4578017e-01   7.5833814e-01   1.0000000e+00   8.2949428e-03
   7.5902183e-02   7.5883159e-01   0.0000000e+00   0.0000000e+00   0.0000000e+00   4.7045582e-03   2.8046275e-02   0.0000000e+00   1.7952667e-02   0.0000000e+00   3.6762023e-01   9.2354689e-01   1.1907913e-01   1.0000000e+00   8.2650124e-03
   1.0211358e-01   7.7040537e-01   3.5070808e-02   1.0342996e-02   1.6192337e-02   2.8798872e-03   1.3661450e-02   1.9092617e-02   2.9966600e-02   1.0261856e-02   3.4945085e-01   9.2657874e-01   1.6021772e-01   1.0000000e+00   8.2467064e-03
   0.0000000e+00   5.1828076e-01   7.1005132e-02   1.4860838e-02   0.0000000e+00   2.8127010e-03   6.7757162e-03   9.3743979e-03   3.2650451e-02   1.6331348e-02   6.9113831e-01   7.3201592e-01   0.0000000e+00   1.0000000e+00   8.2337382e-03
   6.1113571e-01   5.7891372e-01   6.7277342e-02   6.4992958e-02   4.7398748e-02   0.0000000e+00   3.6236544e-02   1.9467716e-04   0.0000000e+00   1.2695545e-02   3.5669608e-01   4.5823316e-01   8.2939035e-01   1.0000000e+00   8.2329514e-03
   4.7669658e-01   6.2068265e-01   5.9840625e-02   6.8462983e-02   2.5633505e-02   3.2875226e-03   3.2220873e-02   0.0000000e+00   2.7118552e-03   1.2268364e-02   4.1524742e-01   6.1242960e-01   6.8765271e-01   1.0000000e+00   8.2188048e-03
   4.8940053e-01   5.7148831e-01   4.3914115e-02   6.4508193e-02   3.3911393e-02   3.8532437e-03   4.0744961e-02   0.0000000e+00   0.0000000e+00   1.2031884e-02   4.5215963e-01   5.6709940e-01   7.0153476e-01   1.0000000e+00   8.2041535e-03
   4.3478853e-01   7.7705539e-01   9.3275602e-03   1.0032112e-02   0.0000000e+00   7.6861831e-04   1.2483558e-02   6.6285171e-03   6.1688266e-04   9.4804745e-03   2.6626112e-01   7.2897162e-01   6.3139700e-01   1.0000000e+00   8.1937023e-03
   3.3462747e-01   3.1143841e-01   1.8936186e-02   1.0754189e-03   2.5080999e-03   1.2313907e-03   5.5409550e-03   5.9436503e-04   1.2402237e-02   1.0626261e-02   7.6405515e-01   4.0675934e-01   5.0209328e-01   1.0000000e+00   8.1903014e-03
   9.1168056e-01   5.3439297e-01   2.0405705e-02   3.2893759e-03   2.2882042e-02   2.8409073e-03   7.7756039e-03   8.0459859e-03   0.0000000e+00   0.0000000e+00   9.2461179e-02   1.0303291e-01   9.9146582e-01   1.0000000e+00   8.1883065e-03
   1.2929676e-01   9.8172670e-01   0.0000000e+00   1.0350092e-02   1.4238555e-02   1.2202973e-02   1.2888697e-02   9.4924995e-03   1.7975807e-02   5.4502845e-03   2.8139826e-02   9.8008822e-01   2.0192087e-01   1.0000000e+00   8.1812796e-03
   3.0812539e-02   5.5020646e-01   1.7077623e-02   0.0000000e+00   3.7595808e-02   9.4122381e-03   3.4055886e-02   6.1402744e-02   2.0137268e-02   1.3982875e-02   6.5319086e-01   7.6529067e-01   4.8735713e-02   1.0000000e+00   8.1791022e-03
   5.7328810e-01   6.5927883e-01   0.0000000e+00   3.1646205e-03   0.0000000e+00   0.0000000e+00   1.2716771e-02   0.0000000e+00   7.7080145e-02   1.5459513e-03   3.1876132e-01   5.3760509e-01   7.8844171e-01   1.0000000e+00   8.1788573e-03
   7.0263781e-01   6.5166118e-01   1.0253053e-02   7.9329530e-03   3.4577211e-02   2.7831509e-03   2.2716796e-02   0.0000000e+00   2.1504526e-03   1.8426851e-02   2.3479854e-01   3.8541020e-01   8.9487252e-01   1.0000000e+00   8.1769738e-03
   6.6514436e-01   1.8088341e-01   2.4919899e-03   4.1772206e-03   2.1199859e-02   1.6128335e-03   4.2658010e-03   0.0000000e+00   1.9600006e-02   5.2669550e-03   4.8237581e-01   1.4086930e-01   8.6561066e-01   1.0000000e+00   8.1759213e-03
   2.6798001e-01   8.5539273e-01   5.6171695e-03   1.6402871e-03   1.6818068e-02   7.3376777e-03   1.1740946e-02   0.0000000e+00   1.4924469e-02   4.7601120e-04   2.0569168e-01   8.8991003e-01   4.0891943e-01   1.0000000e+00   8.1674747e-03
   5.8823921e-01   5.6364952e-01   1.7221206e-02   1.3476779e-03   3.6427012e-02   1.6678954e-03   1.4830777e-02   0.0000000e+00   1.4772966e-02   0.0000000e+00   3.8225069e-01   4.6749261e-01   7.9966988e-01   1.0000000e+00   8.1550927e-03
   8.7983406e-04   3.3943715e-01   5.8715389e-02   3.2417498e-02   1.2211386e-02   0.0000000e+00   3.4761003e-03   7.8909717e-04   3.9840112e-02   1.5728861e-02   8.6678423e-01   5.1158092e-01   1.3910158e-03   1.0000000e+00   8.1414246e-03
   6.5626053e-01   1.8063065e-01   2.6067505e-03   1.1837575e-03   1.8330844e-02   1.6353617e-03   4.3860455e-03   0.0000000e+00   2.7953506e-02   3.3366743e-03   4.9410551e-01   1.4408186e-01   8.5873094e-01   1.0000000e+00   8.1389656e-03
   8.6263720e-01   4.0029262e-01   4.6944273e-03   5.1855466e-03   3.1526698e-02   1.5274129e-02   6.3441512e-03   8.1125013e-03   7.3740818e-04   4.2951757e-03   1.7339420e-01   1.2610008e-01   9.7818077e-01   1.0000000e+00   8.1347506e-03
   2.4942796e-01   1.5619893e-01   4.5356167e-02   3.0201748e-02   0.0000000e+00   2.5204550e-04   1.1494818e-02   6.6174048e-03   2.9200684e-02   9.9970057e-03   9.0021720e-01   2.2541593e-01   3.8341792e-01   1.0000000e+00   8.1010869e-03
   4.8329318e-01   2.2500120e-01   0.0000000e+00   3.4018297e-02   1.3160615e-02   2.0708833e-02   1.0285572e-02   3.2943724e-03   2.6627847e-03   7.6880449e-04   6.8186217e-01   2.5155370e-01   6.8960534e-01   1.0000000e+00   8.0943382e-03
   8.7630921e-01   6.3052244e-01   4.5103113e-03   3.7645394e-03   1.5429427e-02   2.0904774e-02   4.0014304e-03   7.8308718e-03   1.1183565e-03   4.2329933e-03   1.0595432e-01   1.6158885e-01   9.8197534e-01   1.0000000e+00   8.0803249e-03
   2.6952399e-01   3.3893643e-01   1.7338070e-02   2.9079566e-03   4.2793868e-02   1.4873697e-03   8.7452616e-03   2.1158827e-03   1.2755094e-02   7.8737120e-03   7.8744512e-01   4.6391984e-01   4.1183859e-01   1.0000000e+00   8.0625001e-03
   3.3963447e-01   2.9326646e-01   1.8598970e-02   1.1275971e-03   3.2589243e-03   1.4194642e-03   6.5556798e-03   5.1521596e-04   1.2295917e-02   1.0532313e-02   7.7179168e-01   3.8301967e-01   5.0888540e-01   1.0000000e+00   8.0548757e-03
   3.2576860e-01   9.0723134e-02   2.8910181e-02   3.0990931e-02   0.0000000e+00   4.8015505e-03   1.9087872e-02   1.1655809e-02   5.0281714e-02   1.4909457e-02   8.6744270e-01   1.2446082e-01   4.9215693e-01   1.0000000e+00   8.0471730e-03
   4.3877899e-01   5.3862113e-01   0.0000000e+00   3.3089406e-03   3.9566682e-03   1.3420666e-02   9.0520492e-03   0.0000000e+00   5.9463775e-03   7.0305696e-03   5.1180078e-01   5.7799552e-01   6.3618250e-01   1.0000000e+00   8.0447650e-03
   5.5868554e-01   6.2795809e-01   5.2179454e-05   3.4501683e-03   8.3941689e-04   0.0000000e+00   8.9119511e-04   6.9170171e-04   6.6126266e-02   3.1581185e-04   3.5409077e-01   5.3530214e-01   7.7256969e-01   1.0000000e+00   8.0329119e-03
   5.9236265e-02   5.9446218e-01   7.1637540e-03   2.8556278e-03   0.0000000e+00   6.0569336e-03   1.6509336e-02   3.7234868e-03   1.6206429e-02   0.0000000e+00   5.9260950e-01   8.0091243e-01   9.2973849e-02   1.0000000e+00   8.0286043e-03
   1.9315798e-01   1.4413687e-01   0.0000000e+00   0.0000000e+00   0.0000000e+00   2.8109132e-03   2.1743702e-03   1.2340685e-03   9.1492594e-04   0.0000000e+00   9.2998099e-01   2.1422982e-01   2.9878241e-01   1.0000000e+00   8.0220944e-03
   2.9697860e-01   2.7223674e-01   1.7959882e-02   7.2006535e-04   2.0131861e-04   2.8424442e-03   1.9891975e-03   0.0000000e+00   6.3113610e-03   5.9334033e-03   8.1305786e-01   3.7055421e-01   4.4994116e-01   1.0000000e+00   8.0144990e-03
   5.0167455e-01   7.4603766e-01   0.0000000e+00   8.4402692e-03   9.4744695e-03   2.5113490e-03   8.0381822e-03   5.6462749e-03   1.5297471e-02   7.9574277e-03   2.7408914e-01   6.5023313e-01   7.0936212e-01   1.0000000e+00   8.0098815e-03
   2.9128864e-01   3.1104240e-01   1.0814649e-02   1.5721937e-03   3.4190788e-02   1.2649382e-03   6.9747008e-03   2.0885684e-03   1.8771892e-02   1.2468568e-02   7.9363506e-01   4.2187337e-01   4.4257369e-01   1.0000000e+00   8.0088417e-03
   1.4235715e-01   7.9303481e-01   6.0248075e-03   1.4878885e-03   7.7157598e-03   1.9525703e-02   4.5029033e-03   3.9033716e-04   1.0521225e-04   1.3342545e-02   3.1166240e-01   9.2465155e-01   2.2190547e-01   1.0000000e+00   8.0016398e-03
   7.6417773e-01   4.9596912e-01   2.8559362e-02   3.0693705e-05   3.5475447e-02   5.2448759e-03   1.9575261e-02   2.3491476e-03   8.3025755e-03   8.6890467e-03   2.5827775e-01   2.5502761e-01   9.3462830e-01   1.0000000e+00   7.9861696e-03
   4.1810408e-01   8.0825684e-01   0.0000000e+00   1.6695435e-03   8.8520533e-03   1.5587763e-03   1.3457129e-02   3.7265204e-03   1.9654657e-03   9.6694777e-03   2.3503325e-01   7.5660974e-01   6.1078069e-01   1.0000000e+00   7.9772351e-03
   8.3675953e-02   1.5876412e-01   5.3474201e-04   0.0000000e+00   0.0000000e+00   3.7774171e-03   4.0782744e-04   6.7485380e-04   8.4072937e-04   2.7831996e-03   9.6072813e-01   2.4468602e-01   1.3106285e-01   1.0000000e+00   7.9771470e-03
   3.1268308e-01   4.4628825e-01   5.6575647e-03   9.1501192e-03   4.2670331e-02   5.1525266e-04   4.7764815e-03   3.2782086e-03   4.5532088e-03   4.3210914e-03   6.7519682e-01   5.6989793e-01   4.7259823e-01   1.0000000e+00   7.9731749e-03
