   1.0000000e+00   5.0072137e-01   4.0066300e-01   2.5127998e-06   1.9954644e-01   3.9739921e-01   6.9912211e-01   9.0013234e-01   8.8335895e-06   1.0000000e+00   5.4406513e+01   5.4249751e+01   0.0000000e+00
   1.0000000e+00   1.0000000e+00   4.0003745e-01   2.5223302e-04   2.0015752e-01   4.0008590e-01   6.9984416e-01   8.9980661e-01   1.3656579e-04   1.0000000e+00   1.0696256e+02   5.9376149e-14   1.1875230e-13
   1.0000000e+00   1.0000000e+00   4.0003745e-01   2.5223302e-04   2.0015752e-01   4.0008590e-01   6.9984416e-01   8.9980661e-01   1.3656579e-04   1.0000000e+00   1.0696256e+02   5.9376149e-14   1.1875230e-13
   1.0000000e+00   1.0000000e+00   4.0003745e-01   2.5223302e-04   2.0015752e-01   4.0008590e-01   6.9984416e-01   8.9980661e-01   1.3656579e-04   1.0000000e+00   1.0696256e+02   5.9376149e-14   1.1875230e-13
   1.0000000e+00   1.0000000e+00   4.0003745e-01   2.5223302e-04   2.0015752e-01   4.0008590e-01   6.9984416e-01   8.9980661e-01   1.3656579e-04   1.0000000e+00   1.0696256e+02   5.9376149e-14   1.1875230e-13
   1.0000000e+00   1.0000000e+00   4.0003745e-01   2.5223302e-04   2.0015752e-01   4.0008590e-01   6.9984416e-01   8.9980661e-01   1.3656579e-04   1.0000000e+00   1.0696256e+02   4.7500920e-14   1.3062753e-13
   1.0000000e+00   1.0000000e+00   4.0003745e-01   2.5223302e-04   2.0015752e-01   4.0008590e-01   6.9984416e-01   8.9980661e-01   1.3656579e-04   1.0000000e+00   1.0696256e+02   4.7500920e-14   1.3062753e-13
   1.0000000e+00   1.0000000e+00   4.0003745e-01   2.5223302e-04   2.0015752e-01   4.0008590e-01   6.9984416e-01   8.9980661e-01   1.3656579e-04   1.0000000e+00   1.0696256e+02   4.7500920e-14   1.1875230e-13
   1.0000000e+00   1.0000000e+00   4.0003435e-01   2.5724683e-04   2.0016401e-01   4.0008464e-01   6.9984895e-01   8.9978887e-01   1.3725337e-04   1.0000000e+00   1.0696246e+02   4.7500873e-14   1.4250262e-13
   1.0000000e+00   1.0000000e+00   4.0003435e-01   2.5724683e-04   2.0016401e-01   4.0008464e-01   6.9984895e-01   8.9978887e-01   1.3725337e-04   1.0000000e+00   1.0696246e+02   4.7500873e-14   1.4250262e-13
   1.0000000e+00   1.0000000e+00   4.0003435e-01   2.5724683e-04   2.0016401e-01   4.0008464e-01   6.9984895e-01   8.9978887e-01   1.3725337e-04   1.0000000e+00   1.0696246e+02   4.7500873e-14   1.4250262e-13
   1.0000000e+00   1.0000000e+00   4.0003435e-01   2.5724683e-04   2.0016401e-01   4.0008464e-01   6.9984895e-01   8.9978887e-01   1.3725337e-04   1.0000000e+00   1.0696246e+02   4.7500873e-14   1.4250262e-13
   1.0000000e+00   1.0000000e+00   4.0003435e-01   2.5724683e-04   2.0016401e-01   4.0008464e-01   6.9984895e-01   8.9978887e-01   1.3725337e-04   1.0000000e+00   1.0696246e+02   4.7500873e-14   1.4250262e-13
   1.0000000e+00   1.0000000e+00   4.0003435e-01   2.5724683e-04   2.0016401e-01   4.0008464e-01   6.9984895e-01   8.9978887e-01   1.3725337e-04   1.0000000e+00   1.0696246e+02   4.7500873e-14   1.4250262e-13
   1.0000000e+00   1.0000000e+00   4.0001455e-01   2.2968172e-04   2.0016339e-01   4.0006595e-01   6.9986437e-01   8.9979275e-01   1.3994982e-04   1.0000000e+00   1.0696219e+02   0.0000000e+00   0.0000000e+00
   1.0000000e+00   1.0000000e+00   4.0001455e-01   2.2968172e-04   2.0016339e-01   4.0006595e-01   6.9986437e-01   8.9979275e-01   1.3994982e-04   1.0000000e+00   1.0696219e+02   0.0000000e+00   0.0000000e+00
   1.0000000e+00   1.0000000e+00   4.0002476e-01   2.2811889e-04   2.0016363e-01   4.0006296e-01   6.9986534e-01   8.9979274e-01   1.4026005e-04   1.0000000e+00   1.0696204e+02   0.0000000e+00   3.5625516e-14
   1.0000000e+00   1.0000000e+00   4.0002408e-01   2.3012844e-04   2.0016360e-01   4.0006239e-01   6.9986546e-01   8.9979264e-01   1.3998697e-04   1.0000000e+00   1.0696204e+02   0.0000000e+00   0.0000000e+00
   1.0000000e+00   1.0000000e+00   4.0002408e-01   2.3012844e-04   2.0016360e-01   4.0006239e-01   6.9986546e-01   8.9979264e-01   1.3998697e-04   1.0000000e+00   1.0696204e+02   0.0000000e+00   0.0000000e+00
   1.0000000e+00   1.0000000e+00   4.0002408e-01   2.3012844e-04   2.0016360e-01   4.0006239e-01   6.9986546e-01   8.9979264e-01   1.3998697e-04   1.0000000e+00   1.0696204e+02   0.0000000e+00   0.0000000e+00
   1.0000000e+00   1.0000000e+00   4.0002408e-01   2.3012844e-04   2.0016360e-01   4.0006239e-01   6.9986546e-01   8.9979264e-01   1.3998697e-04   1.0000000e+00   1.0696204e+02   0.0000000e+00   0.0000000e+00
   1.0000000e+00   1.0000000e+00   4.0002408e-01   2.3012844e-04   2.0016360e-01   4.0006239e-01   6.9986546e-01   8.9979264e-01   1.3998697e-04   1.0000000e+00   1.0696204e+02   0.0000000e+00   0.0000000e+00
   5.0050698e-01   1.0000000e+00   4.0008813e-01   2.3683826e-06   1.9883458e-01   4.0055405e-01   7.0060908e-01   9.0279068e-01   8.7124727e-05   1.0000000e+00   5.4672821e+01   0.0000000e+00   5.4562062e+01
   1.0000000e+00   0.0000000e+00   4.0005175e-01   7.3144601e-05   2.0008527e-01   4.0010255e-01   6.9995550e-01   8.9987237e-01   2.0168135e-04   1.0000000e+00   0.0000000e+00   1.0696906e+02   1.1875952e-14
   9.8036037e-01   5.0040310e-01   4.0101703e-01   3.7055950e-05   2.0037834e-01   3.9830485e-01   6.9959133e-01   9.0004112e-01   8.9656063e-05   1.0000000e+00   5.2883900e+01   5.2798699e+01   2.1171473e+00
   9.7069579e-01   6.6510540e-01   4.0023873e-01   0.0000000e+00   2.0004798e-01   4.0112476e-01   6.9833969e-01   9.0117344e-01   7.1551792e-05   1.0000000e+00   6.9770551e+01   3.5130944e+01   3.1668582e+00
   9.6736719e-01   7.5148927e-01   4.0082705e-01   1.3483034e-06   1.9906427e-01   4.0030873e-01   6.9930211e-01   9.0084349e-01   4.9872712e-05   1.0000000e+00   7.8244639e+01   2.5874798e+01   3.5123269e+00
   9.6247384e-01   8.0008844e-01   4.0077227e-01   2.0835645e-06   1.9909163e-01   4.0023764e-01   6.9917941e-01   9.0047234e-01   3.4028514e-05   1.0000000e+00   8.2785543e+01   2.0684947e+01   4.0342394e+00
   9.5787852e-01   8.3383216e-01   4.0109544e-01   1.0561527e-05   1.9924185e-01   4.0028331e-01   6.9956110e-01   9.0089409e-01   6.9116398e-05   1.0000000e+00   8.5962752e+01   1.7130839e+01   4.5334083e+00
   9.5763734e-01   8.5826830e-01   4.0109624e-01   7.6329538e-06   1.9934119e-01   4.0061260e-01   6.9952116e-01   9.0090038e-01   7.1093740e-05   1.0000000e+00   8.8481677e+01   1.4611583e+01   4.5604995e+00
   9.5148203e-01   8.7686890e-01   3.9962410e-01   3.2984321e-06   1.9849154e-01   3.9946679e-01   6.9911197e-01   8.9967728e-01   8.0832134e-05   1.0000000e+00   8.9898183e+01   1.2623622e+01   5.2277920e+00
   9.5249767e-01   8.8921020e-01   4.0007843e-01   4.6902441e-06   1.9983734e-01   4.0001732e-01   7.0008941e-01   8.9921633e-01   1.3432174e-04   1.0000000e+00   9.0683229e+01   1.1298539e+01   5.0859671e+00
   9.3991429e-01   9.0955687e-01   4.0030280e-01   6.5432104e-06   1.9897904e-01   3.9979238e-01   6.9955378e-01   8.9968149e-01   0.0000000e+00   1.0000000e+00   9.1737466e+01   9.1220505e+00   6.4476258e+00
   9.3553957e-01   9.1678259e-01   4.0039943e-01   2.8532838e-05   1.9854622e-01   3.9980991e-01   6.9959817e-01   8.9959440e-01   3.0488950e-05   1.0000000e+00   9.2243385e+01   8.3730386e+00   6.9326599e+00
   9.2987387e-01   9.2320056e-01   3.9891312e-01   5.3864438e-06   1.9917147e-01   3.9943585e-01   6.9937402e-01   8.9977847e-01   0.0000000e+00   1.0000000e+00   9.2334339e+01   7.6811327e+00   7.5426342e+00
   9.2204251e-01   9.2991558e-01   3.9997372e-01   0.0000000e+00   1.9920918e-01   3.9949986e-01   7.0030852e-01   9.0035262e-01   3.3852434e-05   1.0000000e+00   9.2011416e+01   6.9345723e+00   8.3657545e+00
   9.1520439e-01   9.3323700e-01   4.0013394e-01   3.5735469e-08   1.9927939e-01   3.9884094e-01   6.9958691e-01   9.0035435e-01   3.8080798e-05   1.0000000e+00   9.1817573e+01   6.5685529e+00   9.1156812e+00
   8.9610851e-01   9.4180455e-01   3.9975214e-01   3.7276317e-06   1.9884476e-01   3.9947077e-01   6.9958170e-01   8.9907341e-01   3.3150090e-05   1.0000000e+00   9.0747114e+01   5.6073935e+00   1.1170984e+01
   8.8190152e-01   9.4450085e-01   3.9982287e-01   2.7969912e-06   1.9910576e-01   3.9936175e-01   6.9941714e-01   8.9928562e-01   5.7695764e-05   1.0000000e+00   8.9456626e+01   5.2564981e+00   1.2683362e+01
   8.6347947e-01   9.4907535e-01   3.9932718e-01   3.2454918e-06   1.9860942e-01   3.9937964e-01   6.9948521e-01   9.0019050e-01   3.4342420e-05   1.0000000e+00   8.8266616e+01   4.7361328e+00   1.4704211e+01
   8.4057569e-01   9.5255369e-01   3.9947793e-01   1.9719102e-06   1.9872031e-01   3.9956092e-01   6.9979594e-01   9.0011903e-01   7.2168318e-05   1.0000000e+00   8.6088271e+01   4.2880216e+00   1.7140846e+01
   8.0718546e-01   9.5612063e-01   4.0005237e-01   1.1258306e-04   2.0058021e-01   3.9998576e-01   6.9995008e-01   8.9983660e-01   1.2769188e-04   1.0000000e+00   8.2582025e+01   3.7899481e+00   2.0631903e+01
   6.7841248e-01   9.5827873e-01   3.9949222e-01   3.2284362e-06   1.9895283e-01   3.9867915e-01   6.9984096e-01   8.9843273e-01   5.6035490e-05   1.0000000e+00   7.0253185e+01   3.0586636e+00   3.4751978e+01
   5.0941740e-01   9.5906786e-01   4.0019744e-01   1.6776123e-06   1.9874333e-01   4.0054561e-01   7.0063823e-01   9.0139381e-01   8.3604395e-05   1.0000000e+00   5.2780986e+01   2.2526445e+00   5.2998859e+01
   0.0000000e+00   7.5105483e-01   3.9994554e-01   2.7144214e-04   2.0011019e-01   4.0007681e-01   6.9996313e-01   8.9975426e-01   2.2365303e-04   1.0000000e+00   0.0000000e+00   0.0000000e+00   1.0696307e+02
   1.0000000e+00   0.0000000e+00   4.0005175e-01   7.3144601e-05   2.0008527e-01   4.0010255e-01   6.9995550e-01   8.9987237e-01   2.0168135e-04   1.0000000e+00   0.0000000e+00   1.0696906e+02   3.5627855e-14
   9.7170038e-01   3.3350160e-01   4.0136637e-01   1.5898592e-06   2.0038233e-01   3.9818143e-01   6.9957624e-01   9.0003869e-01   9.0123686e-05   1.0000000e+00   3.5015149e+01   6.9977298e+01   3.0577807e+00
   9.5865512e-01   4.9995887e-01   4.0105428e-01   2.5731584e-06   2.0041365e-01   3.9850593e-01   6.9965760e-01   8.9968939e-01   7.9161605e-05   1.0000000e+00   5.1607087e+01   5.1615578e+01   4.4517878e+00
   9.4588666e-01   6.0059274e-01   4.0120343e-01   0.0000000e+00   1.9959793e-01   4.0212718e-01   6.9929232e-01   8.9976638e-01   7.8732840e-05   1.0000000e+00   6.1481058e+01   4.0886244e+01   5.8563435e+00
   9.3564758e-01   6.6722646e-01   4.0128139e-01   4.1582889e-06   2.0033126e-01   3.9836963e-01   7.0013022e-01   9.0106373e-01   8.9336857e-05   1.0000000e+00   6.7527223e+01   3.3678630e+01   6.9607854e+00
   9.3038622e-01   7.1425155e-01   4.0123283e-01   0.0000000e+00   2.0031534e-01   3.9811411e-01   7.0008261e-01   9.0081379e-01   8.1675949e-05   1.0000000e+00   7.1908130e+01   2.8768067e+01   7.5328401e+00
   9.1885689e-01   7.4998108e-01   3.9877471e-01   2.5553475e-06   1.9906692e-01   4.0044858e-01   6.9967764e-01   9.0179725e-01   1.2157313e-04   1.0000000e+00   7.4672699e+01   2.4893411e+01   8.7925599e+00
   9.1324981e-01   7.7742974e-01   4.0035188e-01   7.1350668e-07   2.0059641e-01   4.0016540e-01   7.0017568e-01   8.9953170e-01   1.4925161e-04   1.0000000e+00   7.6012925e+01   2.1761731e+01   9.2876782e+00
   9.0847412e-01   7.9986752e-01   4.0012092e-01   7.5643527e-07   2.0007677e-01   4.0002801e-01   7.0024413e-01   8.9965913e-01   1.5487423e-04   1.0000000e+00   7.7754693e+01   1.9454771e+01   9.7935443e+00
   8.9527450e-01   8.1900717e-01   4.0010631e-01   3.2553437e-05   2.0014071e-01   3.9988996e-01   7.0066341e-01   8.9907024e-01   1.2902575e-04   1.0000000e+00   7.8600901e+01   1.7370055e+01   1.1226284e+01
   8.8666758e-01   8.3356017e-01   4.0009932e-01   2.3279814e-06   2.0028347e-01   4.0006400e-01   7.0017328e-01   8.9910185e-01   1.3480263e-04   1.0000000e+00   7.9148129e+01   1.5803779e+01   1.2136600e+01
   8.7687820e-01   8.4714492e-01   4.0067289e-01   0.0000000e+00   1.9997698e-01   4.0040711e-01   7.0026602e-01   8.9914381e-01   1.2920556e-04   1.0000000e+00   7.9627753e+01   1.4367679e+01   1.3197827e+01
   8.6531553e-01   8.5859320e-01   4.0038692e-01   3.5598670e-08   1.9998576e-01   4.0086807e-01   7.0034763e-01   8.9930551e-01   1.4511544e-04   1.0000000e+00   7.9660450e+01   1.3119751e+01   1.4441035e+01
   8.3729747e-01   8.7501968e-01   4.0034234e-01   0.0000000e+00   1.9988513e-01   4.0071114e-01   7.0032321e-01   8.9819287e-01   1.4472765e-04   1.0000000e+00   7.8858492e+01   1.1263472e+01   1.7512380e+01
   8.2042089e-01   8.8221427e-01   4.0157475e-01   2.0082148e-06   2.0016195e-01   4.0135092e-01   7.0060268e-01   8.9962632e-01   9.0200887e-05   1.0000000e+00   7.8076645e+01   1.0424128e+01   1.9371630e+01
   7.9696794e-01   8.9171384e-01   4.0094540e-01   1.9426217e-06   2.0009229e-01   4.0139356e-01   7.0032526e-01   8.9967157e-01   1.7938807e-04   1.0000000e+00   7.6415406e+01   9.2795815e+00   2.1831279e+01
   7.7161063e-01   8.9729746e-01   4.0114019e-01   1.5812837e-06   1.9962800e-01   4.0078055e-01   7.0100271e-01   8.9975044e-01   2.2664953e-04   1.0000000e+00   7.4502850e+01   8.5274194e+00   2.4576166e+01
   7.3689445e-01   9.0082027e-01   4.0105033e-01   7.1270852e-05   1.9970592e-01   4.0071446e-01   7.0054180e-01   8.9974800e-01   2.3043354e-04   1.0000000e+00   7.1274119e+01   7.8472349e+00   2.8249999e+01
   6.8870872e-01   9.0646937e-01   4.0090324e-01   2.2744135e-06   1.9965862e-01   4.0082480e-01   7.0062000e-01   8.9973656e-01   2.0774219e-04   1.0000000e+00   6.7039866e+01   6.9172559e+00   3.3428076e+01
   6.2180758e-01   9.0946152e-01   4.0132457e-01   2.2154344e-06   1.9963739e-01   4.0088545e-01   7.0043792e-01   8.9975921e-01   1.5071928e-04   1.0000000e+00   6.0815739e+01   6.0543125e+00   4.0671339e+01
   5.2037004e-01   9.2194533e-01   3.9983415e-01   2.5861031e-06   1.9889461e-01   4.0038834e-01   6.9957249e-01   9.0180086e-01   7.6255807e-05   1.0000000e+00   5.1877788e+01   4.3921296e+00   5.1864512e+01
   3.4782868e-01   9.2715686e-01   4.0078527e-01   9.6369315e-07   2.0008719e-01   4.0017352e-01   6.9955511e-01   8.9998061e-01   9.8537444e-05   1.0000000e+00   3.4544213e+01   2.7140058e+00   6.9858362e+01
   0.0000000e+00   7.5105483e-01   3.9994554e-01   2.7144214e-04   2.0011019e-01   4.0007681e-01   6.9996313e-01   8.9975426e-01   2.2365303e-04   1.0000000e+00   0.0000000e+00   0.0000000e+00   1.0696307e+02
   1.0000000e+00   0.0000000e+00   4.0005175e-01   7.3144601e-05   2.0008527e-01   4.0010255e-01   6.9995550e-01   8.9987237e-01   2.0168135e-04   1.0000000e+00   0.0000000e+00   1.0696906e+02   4.7503807e-14
   9.6987471e-01   2.4901581e-01   4.0103151e-01   0.0000000e+00   1.9972333e-01   3.9887830e-01   7.0065003e-01   8.9986378e-01   1.1483427e-04   1.0000000e+00   2.5983369e+01   7.8360883e+01   3.2410386e+00
   9.4439362e-01   4.0088102e-01   4.0083091e-01   1.9949832e-06   2.0139433e-01   3.9787570e-01   7.0078665e-01   9.0023156e-01   1.1356414e-04   1.0000000e+00   4.1086759e+01   6.1404397e+01   6.0347316e+00
   9.2676482e-01   4.9860190e-01   4.0160068e-01   9.7824699e-06   2.0165285e-01   4.0035925e-01   7.0030398e-01   8.9907547e-01   3.4868701e-05   1.0000000e+00   4.9929738e+01   5.0209748e+01   7.9132625e+00
   9.1306337e-01   5.7175389e-01   4.0159851e-01   5.4301746e-07   2.0136761e-01   3.9871984e-01   7.0086714e-01   8.9930889e-01   7.8912718e-05   1.0000000e+00   5.6550216e+01   4.2356354e+01   9.4173128e+00
   9.0060487e-01   6.2524861e-01   4.0188514e-01   2.8118139e-06   2.0056092e-01   4.0008058e-01   7.0037375e-01   9.0102344e-01   1.4877205e-04   1.0000000e+00   6.0821697e+01   3.6454323e+01   1.0735855e+01
   8.9219872e-01   6.6649643e-01   4.0185453e-01   6.9513220e-06   2.0044673e-01   3.9798543e-01   7.0052387e-01   8.9974482e-01   2.6186272e-04   1.0000000e+00   6.4548359e+01   3.2298909e+01   1.1701719e+01
   8.7770990e-01   7.0161532e-01   4.0164995e-01   5.7695174e-06   2.0002082e-01   3.9854116e-01   7.0032636e-01   9.0212561e-01   2.2319439e-04   1.0000000e+00   6.7144898e+01   2.8555547e+01   1.3333810e+01
   8.6594058e-01   7.2676007e-01   4.0144743e-01   4.8220207e-06   2.0056268e-01   3.9925918e-01   7.0031391e-01   9.0063165e-01   1.9264263e-04   1.0000000e+00   6.7769755e+01   2.5479390e+01   1.4436241e+01
   8.5255976e-01   7.5037204e-01   4.0126710e-01   9.2425915e-06   2.0011067e-01   3.9898329e-01   7.0033930e-01   9.0014639e-01   2.0343632e-04   1.0000000e+00   6.8804315e+01   2.2889287e+01   1.5857336e+01
   8.3936527e-01   7.6947839e-01   4.0059537e-01   0.0000000e+00   1.9988754e-01   4.0064741e-01   7.0010064e-01   8.9843556e-01   1.4259093e-04   1.0000000e+00   6.9425418e+01   2.0798581e+01   1.7266747e+01
   8.0634812e-01   8.0203446e-01   4.0148029e-01   4.0788097e-06   2.0022854e-01   3.9857764e-01   7.0004949e-01   8.9952196e-01   2.1057146e-04   1.0000000e+00   6.9731706e+01   1.7211823e+01   2.0880285e+01
   7.6370646e-01   8.2438789e-01   4.0040043e-01   1.8833560e-06   1.9919482e-01   4.0055364e-01   6.9995332e-01   9.0266575e-01   8.8821950e-05   1.0000000e+00   6.8533364e+01   1.4599060e+01   2.5721473e+01
   7.3757519e-01   8.3347814e-01   4.0041242e-01   1.1673584e-05   1.9918308e-01   4.0042668e-01   6.9995102e-01   9.0264892e-01   7.3350607e-05   1.0000000e+00   6.6896860e+01   1.3365425e+01   2.8556838e+01
   7.0835493e-01   8.4420282e-01   4.0109102e-01   2.5356639e-06   1.9910983e-01   4.0036821e-01   6.9941066e-01   9.0144996e-01   5.6766203e-05   1.0000000e+00   6.4591304e+01   1.1920291e+01   3.1501481e+01
   6.6235071e-01   8.5014364e-01   4.0115718e-01   2.3915789e-06   1.9942770e-01   4.0044935e-01   6.9950611e-01   9.0173374e-01   3.0640187e-05   1.0000000e+00   6.0886227e+01   1.0732526e+01   3.6509390e+01
   5.3489644e-01   8.6879659e-01   3.9872057e-01   2.0642572e-06   1.9886917e-01   4.0034107e-01   7.0069833e-01   8.9959044e-01   6.1539861e-05   1.0000000e+00   5.0098323e+01   7.5657186e+00   5.0140081e+01
   4.3318506e-01   8.6926090e-01   4.0029849e-01   4.4059722e-06   1.9970639e-01   4.0014007e-01   6.9941108e-01   9.0058619e-01   2.8532239e-04   1.0000000e+00   4.0364040e+01   6.0708566e+00   6.0759234e+01
   2.7443055e-01   8.8495526e-01   4.0060113e-01   5.6444599e-07   2.0010423e-01   4.0007291e-01   6.9928617e-01   9.0017392e-01   8.9251747e-05   1.0000000e+00   2.6019732e+01   3.3825816e+00   7.7737046e+01
   0.0000000e+00   8.6969344e-01   4.0001083e-01   2.3578451e-04   2.0014324e-01   4.0008346e-01   6.9997678e-01   8.9990137e-01   2.3109504e-04   1.0000000e+00   0.0000000e+00   0.0000000e+00   1.0696302e+02
   9.6897198e-01   1.9994393e-01   4.0106885e-01   0.0000000e+00   1.9972746e-01   3.9877987e-01   7.0049333e-01   8.9986246e-01   9.3500853e-05   1.0000000e+00   2.0847663e+01   8.3419881e+01   3.3388125e+00
   9.3611470e-01   3.3338682e-01   4.0156491e-01   3.5793250e-06   2.0044631e-01   3.9871594e-01   7.0059832e-01   8.9979620e-01   2.7103973e-05   1.0000000e+00   3.3674095e+01   6.7331984e+01   6.8931760e+00
   9.1319807e-01   4.2739819e-01   4.0152575e-01   2.1369650e-06   2.0134220e-01   4.0000594e-01   7.0053049e-01   8.9971678e-01   6.5360104e-05   1.0000000e+00   4.2061716e+01   5.6351700e+01   9.3544594e+00
   8.9508481e-01   5.0008379e-01   4.0090847e-01   4.7461564e-06   2.0062177e-01   3.9807386e-01   6.9954914e-01   8.9902560e-01   1.2290726e-04   1.0000000e+00   4.8376686e+01   4.8360475e+01   1.1338811e+01
   8.8004033e-01   5.5621224e-01   4.0123313e-01   2.6950540e-06   2.0098234e-01   3.9804168e-01   7.0040390e-01   8.9968106e-01   9.5588631e-05   1.0000000e+00   5.2981132e+01   4.2272313e+01   1.2984146e+01
   8.6136817e-01   6.0371988e-01   4.0214067e-01   1.8352386e-06   2.0026186e-01   3.9887019e-01   6.9955990e-01   8.9936770e-01   1.9660666e-04   1.0000000e+00   5.6251135e+01   3.6923095e+01   1.4995811e+01
   8.3092619e-01   6.6712303e-01   4.0151112e-01   9.6817261e-06   2.0068099e-01   3.9879923e-01   7.0082771e-01   8.9915075e-01   2.4892195e-04   1.0000000e+00   5.9872626e+01   2.9874876e+01   1.8261492e+01
   8.1340652e-01   6.9330803e-01   4.0117459e-01   6.9819674e-06   2.0107965e-01   3.9923000e-01   7.0035795e-01   9.0023040e-01   2.9625088e-04   1.0000000e+00   6.0681334e+01   2.6843015e+01   2.0077873e+01
   7.9395957e-01   7.1507088e-01   4.0033863e-01   4.2793687e-06   1.9943357e-01   3.9797647e-01   6.9993459e-01   9.0133272e-01   1.4725077e-04   1.0000000e+00   6.1546030e+01   2.4523802e+01   2.2335980e+01
   7.7465853e-01   7.3650877e-01   4.0157223e-01   4.4842692e-06   2.0002883e-01   3.9827562e-01   7.0108289e-01   8.9947458e-01   1.4051108e-04   1.0000000e+00   6.1819812e+01   2.2116475e+01   2.4416340e+01
   7.4923316e-01   7.4976991e-01   4.0036084e-01   3.5650749e-08   1.9969565e-01   3.9961264e-01   6.9961171e-01   9.0071683e-01   1.1120196e-04   1.0000000e+00   6.0251773e+01   2.0108577e+01   2.6896449e+01
   7.2388256e-01   7.6424367e-01   4.0008303e-01   6.9964070e-08   1.9966925e-01   4.0072767e-01   7.0005011e-01   9.0068673e-01   1.2351833e-04   1.0000000e+00   5.9345506e+01   1.8307091e+01   2.9619771e+01
   6.9300374e-01   7.7772346e-01   3.9935599e-01   8.3021575e-06   1.9929867e-01   3.9977809e-01   7.0014900e-01   9.0178584e-01   1.3132479e-04   1.0000000e+00   5.8219028e+01   1.6639236e+01   3.3161737e+01
   6.5527020e-01   7.8986242e-01   3.9944092e-01   3.2009166e-07   1.9935287e-01   4.0030013e-01   7.0157625e-01   8.9964543e-01   1.7633601e-04   1.0000000e+00   5.5765668e+01   1.4836080e+01   3.7142733e+01
   6.0924542e-01   8.0086575e-01   3.9966532e-01   2.6506532e-07   1.9919935e-01   4.0025331e-01   7.0132065e-01   9.0011396e-01   1.8421397e-04   1.0000000e+00   5.2504523e+01   1.3055183e+01   4.2048336e+01
   4.7686984e-01   8.2275266e-01   3.9984913e-01   1.4859210e-06   2.0063909e-01   4.0019230e-01   6.9915048e-01   8.9942565e-01   1.4460271e-04   1.0000000e+00   4.2047912e+01   9.0584700e+00   5.6064123e+01
   3.7667249e-01   8.2586276e-01   4.0027096e-01   1.4682538e-06   2.0013323e-01   4.0015129e-01   6.9928054e-01   8.9938394e-01   1.3555478e-04   1.0000000e+00   3.3315122e+01   7.0246582e+00   6.6755325e+01
   0.0000000e+00   8.6969344e-01   4.0001083e-01   2.3578451e-04   2.0014324e-01   4.0008346e-01   6.9997678e-01   8.9990137e-01   2.3109504e-04   1.0000000e+00   0.0000000e+00   0.0000000e+00   1.0696302e+02
   1.0000000e+00   0.0000000e+00   4.0005175e-01   7.3144601e-05   2.0008527e-01   4.0010255e-01   6.9995550e-01   8.9987237e-01   2.0168135e-04   1.0000000e+00   0.0000000e+00   1.0696906e+02   2.3751904e-14
   9.2749896e-01   2.8654899e-01   4.0144382e-01   1.5138937e-06   2.0103963e-01   3.9875517e-01   7.0038529e-01   8.9971760e-01   1.0541792e-04   1.0000000e+00   2.8675329e+01   7.1395967e+01   7.8224053e+00
   9.0069404e-01   3.7494410e-01   4.0161540e-01   8.7248209e-06   2.0057208e-01   3.9976412e-01   7.0175162e-01   8.9888312e-01   1.7442992e-04   1.0000000e+00   3.6590406e+01   6.0998556e+01   1.0759665e+01
   8.3660748e-01   5.4648972e-01   4.0215210e-01   3.0093614e-06   2.0093667e-01   3.9793585e-01   7.0182300e-01   9.0064623e-01   1.5875708e-04   1.0000000e+00   5.0163848e+01   4.1629000e+01   1.7927481e+01
   8.1707170e-01   5.8377234e-01   4.0207927e-01   2.2154948e-06   2.0024225e-01   3.9871768e-01   6.9833146e-01   8.9988464e-01   1.8674033e-04   1.0000000e+00   5.1811074e+01   3.6941116e+01   1.9870089e+01
   7.9763976e-01   6.1592717e-01   4.0143482e-01   1.9157122e-06   1.9983652e-01   3.9929505e-01   6.9999095e-01   8.9915710e-01   1.4056509e-04   1.0000000e+00   5.2846417e+01   3.2953365e+01   2.1767300e+01
   7.7543798e-01   6.4270656e-01   4.0163750e-01   2.3262771e-06   2.0004410e-01   3.9930620e-01   7.0041541e-01   8.9934345e-01   1.7216549e-04   1.0000000e+00   5.3662816e+01   2.9832234e+01   2.4179648e+01
   7.4996051e-01   6.6800884e-01   4.0157258e-01   2.4400495e-06   1.9953482e-01   3.9900800e-01   7.0075458e-01   8.9932196e-01   1.7213782e-04   1.0000000e+00   5.4060206e+01   2.6867175e+01   2.6981476e+01
   7.2359963e-01   6.8869208e-01   3.9974356e-01   1.7168106e-07   1.9975734e-01   4.0142298e-01   6.9954560e-01   9.0171015e-01   0.0000000e+00   1.0000000e+00   5.3896132e+01   2.4362546e+01   2.9893227e+01
   6.9539559e-01   7.0679256e-01   3.9976898e-01   0.0000000e+00   1.9932175e-01   4.0055772e-01   6.9997722e-01   9.0215359e-01   7.0278277e-05   1.0000000e+00   5.3218166e+01   2.2077146e+01   3.2981635e+01
   6.5753163e-01   7.2788808e-01   3.9933317e-01   8.1982169e-06   1.9947464e-01   4.0037580e-01   7.0107592e-01   9.0005955e-01   1.4746540e-04   1.0000000e+00   5.1437740e+01   1.9229361e+01   3.6806210e+01
   6.1926933e-01   7.3643770e-01   4.0020025e-01   5.4032419e-06   2.0089041e-01   3.9968762e-01   7.0143986e-01   9.0197747e-01   1.2442977e-04   1.0000000e+00   4.9490378e+01   1.7712018e+01   4.1316455e+01
   5.7293314e-01   7.5006558e-01   4.0041481e-01   3.8471147e-06   2.0066201e-01   3.9980364e-01   7.0126032e-01   9.0230866e-01   1.3722681e-04   1.0000000e+00   4.6700886e+01   1.5561518e+01   4.6410667e+01
   5.0812707e-01   7.7700842e-01   4.0008390e-01   1.4667599e-06   2.0135451e-01   4.0021998e-01   6.9935499e-01   8.9953618e-01   1.7105667e-04   1.0000000e+00   4.2378284e+01   1.2162031e+01   5.2795661e+01
   4.3549274e-01   7.7648933e-01   4.0010498e-01   1.3983690e-06   2.0077478e-01   4.0013257e-01   6.9937803e-01   8.9957180e-01   1.6439053e-04   1.0000000e+00   3.6221577e+01   1.0426298e+01   6.0467286e+01
   3.3608646e-01   7.9123613e-01   4.0029969e-01   1.5305266e-06   2.0044418e-01   4.0012909e-01   6.9971515e-01   8.9910679e-01   1.3159864e-04   1.0000000e+00   2.8481913e+01   7.5148167e+00   7.1108836e+01
   2.0013230e-01   7.9787509e-01   4.0037127e-01   0.0000000e+00   1.9877556e-01   4.0000141e-01   6.9993067e-01   9.0202216e-01   8.1421655e-05   1.0000000e+00   1.7301196e+01   4.3828948e+00   8.6664691e+01
   1.0000000e+00   0.0000000e+00   4.0005175e-01   7.3144601e-05   2.0008527e-01   4.0010255e-01   6.9995550e-01   8.9987237e-01   2.0168135e-04   1.0000000e+00   0.0000000e+00   1.0696906e+02   2.3751904e-14
   9.5691187e-01   1.4191608e-01   4.0148832e-01   6.7950312e-06   1.9983448e-01   3.9873120e-01   7.0033166e-01   8.9959054e-01   1.0785441e-04   1.0000000e+00   1.4638287e+01   8.8509202e+01   4.6445581e+00
   9.1860147e-01   2.4902700e-01   4.0134586e-01   2.3569669e-06   2.0025315e-01   3.9876877e-01   7.0101536e-01   8.9971995e-01   1.2943057e-04   1.0000000e+00   2.4678096e+01   7.4419975e+01   8.7812157e+00
   8.9033591e-01   3.3326905e-01   4.0168230e-01   5.6119198e-06   2.0074222e-01   4.0028964e-01   7.0131742e-01   8.9984474e-01   0.0000000e+00   1.0000000e+00   3.2042005e+01   6.4102550e+01   1.1842278e+01
   8.3871281e-01   4.5457955e-01   3.9949397e-01   2.9619219e-06   2.0065256e-01   3.9798626e-01   7.0137138e-01   9.0208711e-01   5.0680119e-05   1.0000000e+00   4.1707323e+01   5.0041906e+01   1.7643674e+01
   8.1370474e-01   5.0002167e-01   4.0204782e-01   2.3008918e-06   2.0033480e-01   3.9899144e-01   6.9818201e-01   8.9983898e-01   2.9753082e-04   1.0000000e+00   4.4173134e+01   4.4169306e+01   2.0225737e+01
   7.8830340e-01   5.3741977e-01   4.0007130e-01   2.3026472e-06   2.0167747e-01   3.9755800e-01   7.0058505e-01   9.0124034e-01   1.5804582e-04   1.0000000e+00   4.6246116e+01   3.9806014e+01   2.3109050e+01
   7.6210633e-01   5.7241458e-01   4.0146356e-01   1.3086100e-06   1.9948031e-01   3.9886698e-01   6.9954236e-01   8.9844523e-01   1.3187132e-04   1.0000000e+00   4.7166293e+01   3.5232539e+01   2.5721031e+01
   7.3537272e-01   6.0112967e-01   4.0114261e-01   3.6667610e-07   1.9984643e-01   3.9886038e-01   6.9942790e-01   8.9867381e-01   2.0963667e-04   1.0000000e+00   4.7652751e+01   3.1619249e+01   2.8526396e+01
   6.7258492e-01   6.4685612e-01   3.9759939e-01   0.0000000e+00   1.9866577e-01   3.9897056e-01   7.0074088e-01   9.0240401e-01   1.7911549e-04   1.0000000e+00   4.7989124e+01   2.6199126e+01   3.6114921e+01
   6.3754400e-01   6.6646055e-01   3.9842339e-01   1.1539632e-06   1.9912046e-01   3.9936802e-01   7.0120953e-01   9.0248767e-01   1.9070430e-04   1.0000000e+00   4.6553063e+01   2.3298128e+01   3.9711742e+01
   5.9277065e-01   6.8739632e-01   3.9964149e-01   0.0000000e+00   1.9894513e-01   3.9899815e-01   6.9965707e-01   9.0250346e-01   9.4748400e-05   1.0000000e+00   4.4402231e+01   2.0192574e+01   4.4376186e+01
   5.4290772e-01   7.0360510e-01   4.0005090e-01   6.6992044e-07   1.9931700e-01   4.0134191e-01   7.0045101e-01   9.0251849e-01   7.0279136e-05   1.0000000e+00   4.1623745e+01   1.7534077e+01   4.9806960e+01
   4.8287777e-01   7.1460575e-01   4.0028794e-01   4.8464154e-07   1.9928024e-01   4.0084421e-01   6.9981705e-01   9.0222721e-01   1.2165069e-04   1.0000000e+00   3.7414318e+01   1.4942268e+01   5.6069582e+01
   4.0645036e-01   7.3106939e-01   4.0015436e-01   0.0000000e+00   1.9938342e-01   4.0095801e-01   7.0159930e-01   9.0202438e-01   9.2962258e-05   1.0000000e+00   3.2331290e+01   1.1893363e+01   6.4582367e+01
   3.0227129e-01   7.5429439e-01   4.0038757e-01   1.0362985e-06   1.9956470e-01   4.0033626e-01   6.9980396e-01   8.9909790e-01   5.1821374e-05   1.0000000e+00   2.4438243e+01   7.9605701e+00   7.4785739e+01
   1.8169904e-01   7.5179882e-01   4.0135100e-01   2.7088368e-07   1.9893492e-01   4.0017239e-01   6.9998187e-01   9.0085888e-01   1.3121782e-04   1.0000000e+00   1.4729351e+01   4.8627933e+00   8.8235307e+01
   0.0000000e+00   8.6967312e-01   3.9995185e-01   2.6950857e-04   2.0012048e-01   4.0008040e-01   6.9994654e-01   8.9975427e-01   2.2467227e-04   1.0000000e+00   0.0000000e+00   0.0000000e+00   1.0696231e+02
   1.0000000e+00   0.0000000e+00   4.0005175e-01   7.3144601e-05   2.0008527e-01   4.0010255e-01   6.9995550e-01   8.9987237e-01   2.0168135e-04   1.0000000e+00   0.0000000e+00   1.0696906e+02   2.3751904e-14
   9.5462233e-01   1.2461471e-01   4.0160532e-01   4.4398830e-06   1.9979149e-01   3.9904380e-01   7.0053872e-01   8.9967118e-01   8.8660957e-05   1.0000000e+00   1.2819521e+01   9.0053731e+01   4.8900472e+00
   9.1181331e-01   2.2008879e-01   4.0136306e-01   2.1880141e-06   2.0045649e-01   3.9882304e-01   7.0097807e-01   8.9973292e-01   1.2693005e-04   1.0000000e+00   2.1645567e+01   7.6703680e+01   9.5119190e+00
   8.7792097e-01   2.9859493e-01   4.0121562e-01   5.3232428e-06   2.0094232e-01   4.0041330e-01   7.0140431e-01   9.0061123e-01   4.4411936e-05   1.0000000e+00   2.8304893e+01   6.6488723e+01   1.3181497e+01
   8.4687903e-01   3.6315790e-01   4.0239512e-01   3.2421145e-06   2.0060968e-01   3.9832557e-01   7.0159279e-01   9.0092728e-01   4.8937805e-05   1.0000000e+00   3.3679869e+01   5.9061798e+01   1.6768267e+01
   7.9230811e-01   4.6120456e-01   4.0061671e-01   1.2519128e-06   2.0035868e-01   3.9965062e-01   6.9950266e-01   8.9928318e-01   2.5251897e-04   1.0000000e+00   3.9157271e+01   4.5744906e+01   2.2255854e+01
   7.6055969e-01   4.9982789e-01   4.0004111e-01   2.4142047e-06   2.0197694e-01   3.9774091e-01   7.0134810e-01   9.0057508e-01   1.1578391e-04   1.0000000e+00   4.1519077e+01   4.1547670e+01   2.6151173e+01
   7.2573288e-01   5.3629989e-01   4.0063782e-01   4.4080716e-07   2.0022770e-01   3.9988233e-01   6.9898213e-01   8.9980570e-01   2.3907548e-04   1.0000000e+00   4.1728156e+01   3.6079348e+01   2.9404813e+01
   6.9496166e-01   5.6112075e-01   4.0090677e-01   0.0000000e+00   1.9997802e-01   3.9948746e-01   6.9969031e-01   9.0040208e-01   2.4252753e-04   1.0000000e+00   4.1829075e+01   3.2716511e+01   3.2720168e+01
   6.2085115e-01   6.0919570e-01   4.0014422e-01   2.1451395e-06   2.0098299e-01   3.9935638e-01   7.0107996e-01   9.0230476e-01   1.4669158e-04   1.0000000e+00   4.1120859e+01   2.6379387e+01   4.1221862e+01
   5.7383678e-01   6.3653829e-01   4.0069552e-01   4.1716100e-06   1.9896709e-01   3.9887138e-01   6.9956561e-01   9.0275885e-01   8.8616563e-05   1.0000000e+00   3.9946017e+01   2.2809072e+01   4.6605432e+01
   4.6075169e-01   6.6857355e-01   3.9989101e-01   1.2584440e-05   1.9916640e-01   4.0008439e-01   7.0009557e-01   9.0200178e-01   4.5337728e-05   1.0000000e+00   3.3312816e+01   1.6513887e+01   5.8315502e+01
   3.8612111e-01   6.7930711e-01   4.0011441e-01   2.3618900e-06   1.9956387e-01   3.9989047e-01   7.0007366e-01   9.0092016e-01   0.0000000e+00   1.0000000e+00   2.8147684e+01   1.3288190e+01   6.5877278e+01
   2.8776494e-01   6.9596869e-01   4.0032759e-01   8.5854859e-07   1.9961194e-01   4.0035028e-01   7.0001375e-01   8.9912467e-01   3.0588327e-05   1.0000000e+00   2.1462266e+01   9.3757104e+00   7.6325796e+01
   1.6590334e-01   7.1532840e-01   4.0048404e-01   8.5971554e-07   1.9971522e-01   4.0009304e-01   7.0075044e-01   8.9939429e-01   3.1120921e-05   1.0000000e+00   1.2725767e+01   5.0643374e+00   8.9441636e+01
   0.0000000e+00   8.6967312e-01   3.9995185e-01   2.6950857e-04   2.0012048e-01   4.0008040e-01   6.9994654e-01   8.9975427e-01   2.2467227e-04   1.0000000e+00   0.0000000e+00   0.0000000e+00   1.0696231e+02
   1.0000000e+00   0.0000000e+00   4.0005175e-01   7.3144601e-05   2.0008527e-01   4.0010255e-01   6.9995550e-01   8.9987237e-01   2.0168135e-04   1.0000000e+00   0.0000000e+00   1.0696906e+02   2.3751904e-14
   9.0354754e-01   1.9964166e-01   4.0072413e-01   3.0481619e-06   2.0026724e-01   3.9927172e-01   7.0063205e-01   8.9916839e-01   1.1572562e-04   1.0000000e+00   1.9368265e+01   7.7646880e+01   1.0356233e+01
   8.6490287e-01   2.7074717e-01   4.0143167e-01   6.1664549e-06   2.0099266e-01   4.0038526e-01   7.0138091e-01   9.0078235e-01   5.9325922e-05   1.0000000e+00   2.5323536e+01   6.8208509e+01   1.4609630e+01
   8.2955796e-01   3.3121561e-01   4.0230073e-01   2.9670593e-06   2.0062306e-01   3.9811698e-01   7.0099365e-01   9.0005255e-01   9.8977160e-05   1.0000000e+00   2.9950521e+01   6.0475535e+01   1.8579053e+01
   7.9363162e-01   3.8018575e-01   4.0109686e-01   1.2034181e-06   2.0034472e-01   3.9974513e-01   6.9936844e-01   8.9921535e-01   2.3989618e-04   1.0000000e+00   3.2386166e+01   5.2798946e+01   2.2150723e+01
   7.6292592e-01   4.2565415e-01   4.0077407e-01   4.3698340e-07   2.0033874e-01   3.9923366e-01   6.9893548e-01   8.9981648e-01   3.1438182e-04   1.0000000e+00   3.4876571e+01   4.7059835e+01   2.5461185e+01
   7.2809083e-01   4.6658431e-01   4.0095445e-01   1.9040227e-06   2.0159224e-01   3.9793841e-01   7.0171425e-01   9.0113584e-01   1.3081114e-04   1.0000000e+00   3.7174743e+01   4.2499482e+01   2.9754739e+01
   6.5302042e-01   5.2930906e-01   4.0153961e-01   4.6329946e-06   1.9926296e-01   3.9879770e-01   6.9913215e-01   9.0005913e-01   1.8291159e-04   1.0000000e+00   3.7331930e+01   3.3197621e+01   3.7475572e+01
   6.1040238e-01   5.5496250e-01   4.0037591e-01   2.1395999e-06   2.0109926e-01   3.9881226e-01   7.0147574e-01   9.0184765e-01   1.4203968e-04   1.0000000e+00   3.6854305e+01   2.9554336e+01   4.2386218e+01
   5.6438449e-01   5.7919859e-01   4.0020404e-01   2.8099776e-06   2.0020831e-01   3.9836096e-01   7.0104350e-01   9.0065560e-01   1.1420956e-04   1.0000000e+00   3.5287190e+01   2.5636974e+01   4.7023814e+01
   5.0941759e-01   5.9930340e-01   4.0120651e-01   1.4285592e-05   1.9976011e-01   3.9930598e-01   7.0135110e-01   8.9971883e-01   1.8721392e-05   1.0000000e+00   3.2911559e+01   2.2004797e+01   5.2885881e+01
   2.7653186e-01   6.5305842e-01   4.0092297e-01   6.6785543e-06   2.0068457e-01   3.9938847e-01   7.0004962e-01   8.9853688e-01   8.3813154e-05   1.0000000e+00   1.9429388e+01   1.0321990e+01   7.7836143e+01
   1.5617412e-01   6.6620040e-01   4.0038440e-01   7.6439216e-07   1.9961481e-01   4.0013356e-01   7.0046791e-01   8.9866016e-01   3.2499779e-05   1.0000000e+00   1.1172241e+01   5.5978494e+00   9.0610637e+01
   1.0000000e+00   0.0000000e+00   4.0005175e-01   7.3144601e-05   2.0008527e-01   4.0010255e-01   6.9995550e-01   8.9987237e-01   2.0168135e-04   1.0000000e+00   0.0000000e+00   1.0696906e+02   2.3751904e-14
   9.4347442e-01   9.4139626e-02   3.9922595e-01   2.9852952e-06   1.9928366e-01   3.9904590e-01   7.0009128e-01   8.9961516e-01   2.6719224e-04   1.0000000e+00   9.5451049e+00   9.1847957e+01   6.0746763e+00
   8.5382969e-01   2.5008421e-01   4.0167595e-01   5.0687651e-06   2.0077980e-01   3.9950487e-01   7.0104266e-01   9.0064245e-01   6.6424194e-05   1.0000000e+00   2.3068692e+01   6.9175003e+01   1.5791545e+01
   8.1278596e-01   3.0757938e-01   4.0242548e-01   2.3504268e-06   2.0049903e-01   3.9826386e-01   7.0151290e-01   9.0002670e-01   2.9195993e-05   1.0000000e+00   2.7317391e+01   6.1496727e+01   2.0457107e+01
   7.3548069e-01   3.9772839e-01   3.9982960e-01   2.4606173e-06   2.0111358e-01   3.9785041e-01   7.0153322e-01   9.0138601e-01   1.4483459e-04   1.0000000e+00   3.1927547e+01   4.8347203e+01   2.8871216e+01
   6.5290850e-01   4.7056010e-01   3.9900443e-01   1.7195774e-06   2.0148053e-01   3.9830727e-01   7.0067672e-01   8.9938587e-01   2.1140034e-04   1.0000000e+00   3.3269891e+01   3.7432854e+01   3.7586157e+01
   6.0790774e-01   4.9975399e-01   4.0175410e-01   5.9148698e-06   1.9973583e-01   3.9820656e-01   6.9831944e-01   9.0187039e-01   1.5046930e-04   1.0000000e+00   3.3294103e+01   3.3326882e+01   4.2969632e+01
   5.5587183e-01   5.3331320e-01   4.0011169e-01   3.2685612e-06   2.0023614e-01   3.9864492e-01   7.0103457e-01   9.0069358e-01   1.0839960e-04   1.0000000e+00   3.1952062e+01   2.7960316e+01   4.7868544e+01
   5.0062978e-01   5.5890091e-01   4.0129852e-01   1.7400364e-07   1.9999540e-01   3.9865709e-01   7.0042223e-01   9.0102988e-01   1.4640826e-04   1.0000000e+00   3.0225208e+01   2.3854518e+01   5.3943663e+01
   4.3732509e-01   5.7016321e-01   4.0186739e-01   1.0296463e-05   2.0047836e-01   3.9965111e-01   7.0014987e-01   8.9967610e-01   3.2435018e-04   1.0000000e+00   2.6852298e+01   2.0243512e+01   6.0594810e+01
   2.6613144e-01   6.1097911e-01   4.0056542e-01   1.4384085e-05   1.9987585e-01   3.9866075e-01   6.9885886e-01   9.0131580e-01   0.0000000e+00   1.0000000e+00   1.7577162e+01   1.1191681e+01   7.9331284e+01
   0.0000000e+00   8.6967312e-01   3.9995185e-01   2.6950857e-04   2.0012048e-01   4.0008040e-01   6.9994654e-01   8.9975427e-01   2.2467227e-04   1.0000000e+00   0.0000000e+00   0.0000000e+00   1.0696231e+02
   9.4471555e-01   8.9602896e-02   3.9927467e-01   2.9514642e-06   1.9924398e-01   3.9904926e-01   7.0010561e-01   8.9961821e-01   2.2471735e-04   1.0000000e+00   9.0969130e+00   9.2427852e+01   5.9411970e+00
   8.4306351e-01   2.3103476e-01   4.0169014e-01   5.0822324e-06   2.0074200e-01   3.9923766e-01   7.0084416e-01   9.0101138e-01   5.4186918e-05   1.0000000e+00   2.1070193e+01   7.0129038e+01   1.6976760e+01
   7.9330768e-01   2.8620047e-01   4.0195780e-01   5.1111646e-06   2.0075424e-01   3.9997375e-01   7.0152705e-01   8.9942256e-01   1.0871258e-06   1.0000000e+00   2.4594629e+01   6.1340342e+01   2.2389924e+01
   7.4854381e-01   3.2698697e-01   4.0183695e-01   3.9298098e-06   2.0070792e-01   3.9795916e-01   7.0148414e-01   9.0101207e-01   1.4032770e-05   1.0000000e+00   2.6758383e+01   5.5074793e+01   2.7489986e+01
   6.5927543e-01   4.1147567e-01   3.9855208e-01   3.1213160e-06   2.0200899e-01   3.9854443e-01   7.0061464e-01   9.0130133e-01   2.3524758e-04   1.0000000e+00   2.9593498e+01   4.2326911e+01   3.7169671e+01
   6.1103793e-01   4.4290197e-01   4.0095764e-01   1.7031215e-06   2.0086498e-01   3.9826009e-01   6.9937856e-01   9.0094138e-01   1.9837417e-04   1.0000000e+00   2.9276538e+01   3.6825083e+01   4.2077624e+01
   5.5806112e-01   4.7310534e-01   4.0236104e-01   0.0000000e+00   1.9953861e-01   3.9915563e-01   6.9980888e-01   9.0272735e-01   2.1898015e-04   1.0000000e+00   2.9029142e+01   3.2329586e+01   4.8591107e+01
   4.9835870e-01   5.0207569e-01   4.0199058e-01   7.1282330e-06   1.9994630e-01   3.9888677e-01   7.0049907e-01   9.0209807e-01   1.0147729e-04   1.0000000e+00   2.7300496e+01   2.7074763e+01   5.4733420e+01
   3.5089033e-01   5.3827443e-01   4.0096068e-01   1.7756220e-05   1.9959244e-01   3.9957771e-01   6.9933073e-01   9.0029495e-01   5.2167023e-04   1.0000000e+00   2.0278828e+01   1.7394944e+01   6.9692458e+01
   2.5828503e-01   5.5777628e-01   4.0125837e-01   8.6809648e-06   2.0013230e-01   3.9871134e-01   6.9935777e-01   9.0038230e-01   4.8398609e-05   1.0000000e+00   1.5522520e+01   1.2306774e+01   7.9917154e+01
   1.4493392e-01   5.7930073e-01   4.0044111e-01   0.0000000e+00   1.9965911e-01   4.0026517e-01   7.0047455e-01   8.9873986e-01   0.0000000e+00   1.0000000e+00   9.0137852e+00   6.5459832e+00   9.1797908e+01
   1.0000000e+00   0.0000000e+00   4.0005165e-01   7.0063343e-05   2.0007341e-01   4.0010603e-01   6.9994833e-01   8.9985710e-01   1.9494403e-04   1.0000000e+00   0.0000000e+00   1.0696929e+02   4.7503907e-14
   9.3422949e-01   8.0805158e-02   4.0009326e-01   3.2392455e-06   2.0009611e-01   3.9901510e-01   6.9994961e-01   8.9977145e-01   1.4374090e-04   1.0000000e+00   8.0916085e+00   9.2045669e+01   7.0497447e+00
   8.7705198e-01   1.5364240e-01   4.0148761e-01   1.0953247e-06   2.0018224e-01   3.9799806e-01   6.9956605e-01   8.9941867e-01   6.6069056e-05   1.0000000e+00   1.4589275e+01   8.0366777e+01   1.3311250e+01
   8.2432868e-01   2.1290203e-01   4.0230345e-01   2.2613882e-06   2.0072145e-01   3.9808800e-01   7.0058250e-01   9.0083895e-01   2.2576569e-05   1.0000000e+00   1.9149437e+01   7.0795394e+01   1.9167994e+01
   7.7308429e-01   2.6633866e-01   4.0193243e-01   5.7136685e-06   2.0067591e-01   4.0019765e-01   7.0151531e-01   8.9973112e-01   6.6856302e-05   1.0000000e+00   2.2289226e+01   6.1398310e+01   2.4563966e+01
   7.2401942e-01   3.1309922e-01   4.0059121e-01   3.3602750e-06   2.0034903e-01   3.9959459e-01   7.0044580e-01   8.9989219e-01   1.1094875e-04   1.0000000e+00   2.4288155e+01   5.3285192e+01   2.9569285e+01
   6.7484852e-01   3.5260278e-01   4.0085277e-01   6.2943414e-07   1.9951265e-01   3.9806850e-01   7.0103766e-01   9.0088280e-01   1.1410687e-04   1.0000000e+00   2.5805306e+01   4.7379896e+01   3.5261656e+01
   6.2059500e-01   3.8907925e-01   4.0003183e-01   2.1558181e-06   2.0137044e-01   3.9776561e-01   7.0121945e-01   9.0182324e-01   1.5913563e-04   1.0000000e+00   2.6427844e+01   4.1496219e+01   4.1525841e+01
   5.0154400e-01   4.4834918e-01   4.0142125e-01   3.1769336e-06   2.0015136e-01   3.9862676e-01   7.0023827e-01   9.0159615e-01   1.2964136e-04   1.0000000e+00   2.4377036e+01   2.9993613e+01   5.4035891e+01
   4.3144232e-01   4.7606655e-01   4.0149011e-01   2.5780197e-05   1.9929145e-01   3.9918428e-01   6.9992782e-01   9.0225262e-01   6.3338145e-04   1.0000000e+00   2.2365485e+01   2.4614260e+01   6.1910234e+01
   3.5246327e-01   5.0004345e-01   4.0101596e-01   1.6146353e-05   1.9951819e-01   3.9960187e-01   6.9950708e-01   9.0028235e-01   6.4398925e-04   1.0000000e+00   1.8925398e+01   1.8922109e+01   6.9532496e+01
   1.4166581e-01   5.5036583e-01   4.0040323e-01   0.0000000e+00   1.9966162e-01   4.0016779e-01   7.0040636e-01   8.9865962e-01   2.0759289e-05   1.0000000e+00   8.3709129e+00   6.8388121e+00   9.2153689e+01
   0.0000000e+00   8.6967312e-01   3.9995185e-01   2.6950857e-04   2.0012048e-01   4.0008040e-01   6.9994654e-01   8.9975427e-01   2.2467227e-04   1.0000000e+00   0.0000000e+00   0.0000000e+00   1.0696231e+02
   1.0000000e+00   0.0000000e+00   4.0005165e-01   7.0063343e-05   2.0007341e-01   4.0010603e-01   6.9994833e-01   8.9985710e-01   1.9494403e-04   1.0000000e+00   0.0000000e+00   1.0696929e+02   4.7503907e-14
   9.3017427e-01   7.6075795e-02   4.0111602e-01   2.6733216e-06   1.9966735e-01   3.9977838e-01   6.9946118e-01   8.9886259e-01   9.8374516e-05   1.0000000e+00   7.6050847e+00   9.2362121e+01   7.5042749e+00
   8.6532185e-01   1.4147948e-01   4.0117966e-01   0.0000000e+00   2.0015645e-01   3.9847076e-01   7.0012846e-01   8.9980404e-01   1.5355406e-04   1.0000000e+00   1.3188661e+01   8.0030942e+01   1.4508641e+01
   7.5053793e-01   2.5011633e-01   4.0205644e-01   5.7192044e-06   2.0063661e-01   4.0005379e-01   7.0070860e-01   8.9975517e-01   3.7435309e-05   1.0000000e+00   2.0264555e+01   6.0755963e+01   2.6929413e+01
   6.9551609e-01   2.9342109e-01   4.0192428e-01   3.3107107e-06   2.0117147e-01   3.9924150e-01   7.0166644e-01   9.0060031e-01   1.2729969e-04   1.0000000e+00   2.2192627e+01   5.3441427e+01   3.3111172e+01
   6.3797213e-01   3.3361191e-01   4.0229277e-01   1.1386718e-05   2.0132119e-01   3.9999496e-01   7.0207542e-01   9.0034024e-01   2.5298757e-04   1.0000000e+00   2.3246847e+01   4.6435459e+01   3.9542381e+01
   5.7380571e-01   3.6912235e-01   4.0026527e-01   1.4618927e-06   2.0080180e-01   3.9736582e-01   7.0039561e-01   9.0138275e-01   3.7210334e-04   1.0000000e+00   2.3093484e+01   3.9469740e+01   4.6468845e+01
   5.0926296e-01   3.9718508e-01   4.0126721e-01   3.7318844e-06   2.0022413e-01   3.9861562e-01   6.9985986e-01   9.0081800e-01   1.0353013e-04   1.0000000e+00   2.1821321e+01   3.3118611e+01   5.2941332e+01
   4.3599294e-01   4.3046230e-01   4.0052194e-01   2.2191570e-05   2.0009147e-01   3.9919698e-01   6.9956162e-01   9.0111264e-01   6.7118757e-04   1.0000000e+00   2.0186033e+01   2.6707814e+01   6.0662589e+01
   3.5367451e-01   4.5413482e-01   3.9993385e-01   1.7610338e-05   1.9979986e-01   3.9943781e-01   6.9954550e-01   9.0032495e-01   5.4382079e-04   1.0000000e+00   1.7212812e+01   2.0689616e+01   6.9265115e+01
   1.4101313e-01   5.0630084e-01   4.0044322e-01   3.0851303e-07   1.9949511e-01   4.0021889e-01   7.0064856e-01   8.9950813e-01   5.1590986e-05   1.0000000e+00   7.6555794e+00   7.4650341e+00   9.2107796e+01
   0.0000000e+00   8.6967312e-01   3.9995185e-01   2.6950857e-04   2.0012048e-01   4.0008040e-01   6.9994654e-01   8.9975427e-01   2.2467227e-04   1.0000000e+00   0.0000000e+00   0.0000000e+00   1.0696231e+02
   9.2230297e-01   7.1402498e-02   3.9978826e-01   3.2837630e-06   1.9993850e-01   3.9912931e-01   6.9988926e-01   9.0004637e-01   1.8373080e-04   1.0000000e+00   7.0579625e+00   9.1789594e+01   8.3271575e+00
   8.5192421e-01   1.3127753e-01   4.0133181e-01   8.5238181e-07   1.9957307e-01   3.9782316e-01   6.9978227e-01   8.9995528e-01   1.2155528e-04   1.0000000e+00   1.2117829e+01   8.0189126e+01   1.6044181e+01
   7.8665710e-01   1.8708544e-01   4.0239270e-01   3.5480415e-06   2.0071510e-01   3.9803565e-01   7.0100779e-01   8.9824809e-01   5.0487032e-05   1.0000000e+00   1.6136009e+01   7.0113400e+01   2.3391003e+01
   7.2413976e-01   2.3393209e-01   4.0268722e-01   4.5362391e-06   2.0108459e-01   4.0046276e-01   6.9957688e-01   9.0032612e-01   6.9257360e-05   1.0000000e+00   1.8401579e+01   6.0260475e+01   2.9966223e+01
   6.6084018e-01   2.7805626e-01   4.0223759e-01   4.4660765e-06   2.0056141e-01   3.9857882e-01   7.0167349e-01   8.9857572e-01   4.3548727e-05   1.0000000e+00   2.0083872e+01   5.2145655e+01   3.7070013e+01
   5.9477240e-01   3.1498287e-01   4.0197377e-01   2.8338154e-06   2.0167577e-01   3.9963171e-01   7.0126036e-01   9.0045173e-01   8.5471623e-05   1.0000000e+00   2.0354759e+01   4.4267039e+01   4.4027828e+01
   5.2345478e-01   3.4966615e-01   4.0167666e-01   3.1047281e-06   1.9890055e-01   3.9829566e-01   6.9925855e-01   8.9908274e-01   7.6771669e-05   1.0000000e+00   1.9877128e+01   3.6968890e+01   5.1751744e+01
   4.4475749e-01   3.7661282e-01   4.0103873e-01   6.9667741e-06   1.9930540e-01   3.9805714e-01   6.9915357e-01   8.9954620e-01   7.3261706e-05   1.0000000e+00   1.8126596e+01   3.0003990e+01   6.0087010e+01
   3.6034045e-01   4.0925315e-01   3.9939715e-01   1.9861465e-05   2.0042441e-01   3.9978980e-01   6.9977465e-01   9.0097709e-01   4.4943985e-04   1.0000000e+00   1.5833545e+01   2.2855333e+01   6.8678691e+01
   2.5907053e-01   4.2808316e-01   4.0109517e-01   3.6088698e-06   1.9946811e-01   3.9847415e-01   6.9820824e-01   8.9895674e-01   6.8102763e-05   1.0000000e+00   1.2030778e+01   1.6073056e+01   8.0375639e+01
   1.4294655e-01   4.5633673e-01   4.0043502e-01   4.1130500e-07   1.9941943e-01   3.9985760e-01   7.0065560e-01   8.9986357e-01   2.6414671e-05   1.0000000e+00   6.9953386e+00   8.3339965e+00   9.1908895e+01
   0.0000000e+00   6.2927871e-01   3.9996503e-01   2.4923658e-04   2.0019132e-01   4.0004370e-01   6.9980520e-01   8.9976480e-01   1.8176524e-04   1.0000000e+00   0.0000000e+00   0.0000000e+00   1.0696370e+02
   1.0000000e+00   0.0000000e+00   4.0004375e-01   6.7431640e-05   2.0007633e-01   3.9997348e-01   6.9995759e-01   8.9987406e-01   1.9566490e-04   1.0000000e+00   0.0000000e+00   1.0697061e+02   0.0000000e+00
   9.1513124e-01   6.6312855e-02   3.9981185e-01   3.2641330e-06   1.9997744e-01   3.9931551e-01   6.9988440e-01   9.0003981e-01   1.7773337e-04   1.0000000e+00   6.4998494e+00   9.1518090e+01   9.0901287e+00
   8.3776568e-01   1.2250681e-01   4.0128835e-01   1.8916087e-06   1.9916151e-01   3.9938704e-01   7.0000103e-01   8.9887538e-01   0.0000000e+00   1.0000000e+00   1.1057264e+01   7.9201097e+01   1.7478639e+01
   7.6344450e-01   1.7392096e-01   4.0155698e-01   2.3196190e-06   2.0099036e-01   3.9894485e-01   7.0089058e-01   8.9943455e-01   7.6276185e-05   1.0000000e+00   1.4343553e+01   6.8128121e+01   2.5554088e+01
   6.9358352e-01   2.2317889e-01   4.0218153e-01   3.0267910e-06   2.0026315e-01   3.9969491e-01   7.0106803e-01   8.9821170e-01   4.2589218e-05   1.0000000e+00   1.6821178e+01   5.8549651e+01   3.3297885e+01
   6.2018666e-01   2.6384513e-01   4.0183129e-01   4.1320296e-06   2.0069969e-01   3.9897675e-01   7.0099491e-01   9.0030356e-01   5.4318005e-05   1.0000000e+00   1.7701723e+01   4.9389616e+01   4.1087929e+01
   5.4270268e-01   2.9886936e-01   3.9983743e-01   2.8525177e-06   1.9978258e-01   3.9863941e-01   6.9870452e-01   8.9938967e-01   8.8799188e-05   1.0000000e+00   1.7471884e+01   4.0988052e+01   4.9260071e+01
   4.6088904e-01   3.3210435e-01   4.0069801e-01   2.9537593e-06   2.0001883e-01   3.9874329e-01   6.9928579e-01   8.9967101e-01   2.7908481e-05   1.0000000e+00   1.6451597e+01   3.3085836e+01   5.7944908e+01
   3.6849197e-01   3.6250121e-01   4.0092720e-01   2.9230601e-06   1.9923184e-01   3.9767382e-01   7.0071174e-01   8.9823489e-01   7.0766226e-05   1.0000000e+00   1.4563115e+01   2.5610861e+01   6.8848686e+01
   2.6628984e-01   3.9159821e-01   4.0109545e-01   3.7316237e-06   1.9958881e-01   3.9893620e-01   6.9873087e-01   8.9899530e-01   5.9395855e-05   1.0000000e+00   1.1251476e+01   1.7480719e+01   7.9166010e+01
   1.4543934e-01   4.1357192e-01   4.0049355e-01   2.8974099e-07   1.9939858e-01   4.0022503e-01   7.0073418e-01   8.9967814e-01   0.0000000e+00   1.0000000e+00   6.4529558e+00   9.1500277e+00   9.1678744e+01
   0.0000000e+00   6.2927871e-01   3.9996503e-01   2.4923658e-04   2.0019132e-01   4.0004370e-01   6.9980520e-01   8.9976480e-01   1.8176524e-04   1.0000000e+00   0.0000000e+00   0.0000000e+00   1.0696370e+02
   1.0000000e+00   0.0000000e+00   4.0004375e-01   6.7431640e-05   2.0007633e-01   3.9997348e-01   6.9995759e-01   8.9987406e-01   1.9566490e-04   1.0000000e+00   0.0000000e+00   1.0697061e+02   0.0000000e+00
   9.0720796e-01   6.1921678e-02   3.9979247e-01   2.7974717e-06   2.0007326e-01   3.9926402e-01   6.9989499e-01   9.0005367e-01   1.5984942e-04   1.0000000e+00   6.0177029e+00   9.1164789e+01   9.9401268e+00
   8.1844557e-01   1.1583997e-01   4.0116272e-01   1.4490378e-06   1.9920221e-01   3.9910402e-01   7.0003701e-01   8.9925559e-01   8.4884910e-05   1.0000000e+00   1.0205018e+01   7.7890812e+01   1.9542152e+01
   7.3710716e-01   1.6402045e-01   4.0172693e-01   2.2634377e-06   2.0073958e-01   3.9849588e-01   7.0040677e-01   8.9875479e-01   6.3016289e-05   1.0000000e+00   1.3098823e+01   6.6762089e+01   2.8482782e+01
   6.5462387e-01   2.0962549e-01   4.0236632e-01   2.6868706e-06   2.0033561e-01   3.9929827e-01   7.0111242e-01   8.9860846e-01   4.1215649e-05   1.0000000e+00   1.4919943e+01   5.6254336e+01   3.7551177e+01
   5.7163644e-01   2.4962244e-01   4.0285842e-01   2.8149707e-06   2.0032256e-01   3.9929955e-01   7.0106970e-01   8.9856299e-01   3.9159670e-05   1.0000000e+00   1.5585186e+01   4.6849850e+01   4.6786544e+01
   4.8121449e-01   2.8315769e-01   4.0085001e-01   4.6538048e-06   1.9914641e-01   3.9998493e-01   6.9918003e-01   8.9861854e-01   4.7445261e-05   1.0000000e+00   1.4672761e+01   3.7145578e+01   5.5864078e+01
   3.8591604e-01   3.1721447e-01   4.0076737e-01   4.0202280e-06   1.9930264e-01   3.9841588e-01   6.9882966e-01   8.9788247e-01   1.4095962e-04   1.0000000e+00   1.3306056e+01   2.8640504e+01   6.6746927e+01
   2.6861284e-01   3.4630742e-01   4.0112886e-01   2.3156850e-06   1.9906663e-01   4.0041851e-01   6.9917483e-01   8.9908109e-01   4.9886991e-05   1.0000000e+00   1.0016035e+01   1.8906346e+01   7.8750735e+01
   1.4947261e-01   3.7955846e-01   4.0068734e-01   4.8646692e-07   1.9955484e-01   4.0030520e-01   7.0066778e-01   8.9964018e-01   7.0552454e-05   1.0000000e+00   6.0854215e+00   9.9474752e+00   9.1230208e+01
   0.0000000e+00   6.2927871e-01   3.9996503e-01   2.4923658e-04   2.0019132e-01   4.0004370e-01   6.9980520e-01   8.9976480e-01   1.8176524e-04   1.0000000e+00   0.0000000e+00   0.0000000e+00   1.0696370e+02
   1.0000000e+00   0.0000000e+00   4.0004375e-01   6.7431640e-05   2.0007633e-01   3.9997348e-01   6.9995759e-01   8.9987406e-01   1.9566490e-04   1.0000000e+00   0.0000000e+00   1.0697061e+02   0.0000000e+00
   8.9649121e-01   5.8237638e-02   4.0056154e-01   3.8214627e-06   2.0006380e-01   3.9905891e-01   7.0009468e-01   9.0003935e-01   1.9053041e-04   1.0000000e+00   5.5988688e+00   9.0539453e+01   1.1100122e+01
   7.9701358e-01   1.1060984e-01   4.0142773e-01   1.9819175e-06   1.9911012e-01   3.9900889e-01   6.9989673e-01   8.9948080e-01   9.3391366e-05   1.0000000e+00   9.5033047e+00   7.6414046e+01   2.1881755e+01
   7.0588684e-01   1.5731423e-01   3.9987315e-01   4.5995844e-08   1.9854253e-01   3.9771226e-01   6.9976112e-01   8.9913971e-01   2.0503305e-05   1.0000000e+00   1.2067045e+01   6.4639587e+01   3.1960405e+01
   6.0990730e-01   2.0003959e-01   4.0108478e-01   3.8027479e-06   1.9897983e-01   3.9899896e-01   6.9840842e-01   8.9828081e-01   7.7635759e-05   1.0000000e+00   1.3246149e+01   5.2971486e+01   4.2352364e+01
   5.1174719e-01   2.3803808e-01   4.0098210e-01   2.8894949e-06   1.9927881e-01   3.9945530e-01   6.9886139e-01   8.9893702e-01   8.1158218e-05   1.0000000e+00   1.3122865e+01   4.2006404e+01   5.2598277e+01
   4.0500284e-01   2.6961623e-01   4.0085850e-01   5.4060056e-06   1.9913398e-01   4.0001202e-01   6.9910247e-01   8.9872718e-01   3.7019094e-05   1.0000000e+00   1.1756551e+01   3.1848209e+01   6.4060557e+01
   2.8976724e-01   3.0407785e-01   4.0054765e-01   0.0000000e+00   1.9943629e-01   3.9973265e-01   7.0100248e-01   8.9913660e-01   1.2143766e-05   1.0000000e+00   9.4702336e+00   2.1673875e+01   7.6335635e+01
   1.5554973e-01   3.3931815e-01   4.0059703e-01   4.0547739e-07   1.9944768e-01   3.9956927e-01   7.0154339e-01   8.9907042e-01   2.0596159e-05   1.0000000e+00   5.6909951e+00   1.1080861e+01   9.1051253e+01
   0.0000000e+00   6.2927871e-01   3.9996503e-01   2.4923658e-04   2.0019132e-01   4.0004370e-01   6.9980520e-01   8.9976480e-01   1.8176524e-04   1.0000000e+00   0.0000000e+00   0.0000000e+00   1.0696370e+02
   1.0000000e+00   0.0000000e+00   4.0004375e-01   6.7431640e-05   2.0007633e-01   3.9997348e-01   6.9995759e-01   8.9987406e-01   1.9566490e-04   1.0000000e+00   0.0000000e+00   1.0697061e+02   0.0000000e+00
   8.8102856e-01   5.4379247e-02   4.0153409e-01   1.8481987e-06   1.9913712e-01   3.9889549e-01   6.9909598e-01   8.9915098e-01   1.2866015e-04   1.0000000e+00   5.1783295e+00   9.0047879e+01   1.2859060e+01
   7.7036854e-01   1.0401717e-01   4.0151124e-01   2.4677533e-06   1.9909384e-01   3.9821789e-01   6.9988472e-01   8.9923319e-01   9.3837517e-05   1.0000000e+00   8.6817776e+00   7.4783072e+01   2.4879203e+01
   6.6297248e-01   1.4824778e-01   4.0137732e-01   5.6650830e-07   1.9927430e-01   3.9766560e-01   7.0065151e-01   9.0093800e-01   0.0000000e+00   1.0000000e+00   1.0710417e+01   6.1536310e+01   3.6727219e+01
   5.5305406e-01   1.8976265e-01   4.0135457e-01   3.3211008e-06   1.9928877e-01   3.9919793e-01   6.9865206e-01   8.9838384e-01   9.9776776e-05   1.0000000e+00   1.1366307e+01   4.8531189e+01   4.8405653e+01
   4.3673584e-01   2.2469852e-01   4.0169298e-01   2.9962578e-06   1.9941448e-01   3.9845624e-01   6.9879357e-01   8.9874212e-01   1.2150433e-04   1.0000000e+00   1.0655070e+01   3.6764335e+01   6.1157453e+01
   3.1024258e-01   2.5904932e-01   4.0125605e-01   1.4434271e-06   1.9915244e-01   3.9795093e-01   6.9907831e-01   8.9873620e-01   1.1143619e-04   1.0000000e+00   8.7347467e+00   2.4983724e+01   7.4965741e+01
   0.0000000e+00   6.2927871e-01   3.9996503e-01   2.4923658e-04   2.0019132e-01   4.0004370e-01   6.9980520e-01   8.9976480e-01   1.8176524e-04   1.0000000e+00   0.0000000e+00   0.0000000e+00   1.0696370e+02
   8.6355461e-01   4.9784266e-02   4.0163409e-01   2.2082427e-06   1.9973014e-01   3.9912419e-01   6.9852688e-01   8.9932095e-01   8.9833281e-06   1.0000000e+00   4.6473186e+00   8.8701825e+01   1.4749571e+01
   7.3639069e-01   9.6777513e-02   4.0124920e-01   1.8545675e-06   1.9921387e-01   3.9839156e-01   7.0035994e-01   9.0047292e-01   9.2314519e-05   1.0000000e+00   7.7045130e+00   7.1906057e+01   2.8498578e+01
   6.0863705e-01   1.4190934e-01   4.0124133e-01   1.9687124e-07   1.9932337e-01   3.9824377e-01   7.0021481e-01   8.9977676e-01   6.4633749e-06   1.0000000e+00   9.3335404e+00   5.6437608e+01   4.2291857e+01
   4.7711485e-01   1.8004543e-01   4.0090704e-01   1.6567289e-06   1.9867187e-01   3.9786030e-01   6.9895481e-01   8.9902232e-01   8.8317385e-05   1.0000000e+00   9.3457171e+00   4.2561832e+01   5.6887114e+01
   3.3683887e-01   2.1019746e-01   4.0108430e-01   6.2507202e-06   1.9862344e-01   3.9830592e-01   6.9862710e-01   8.9864054e-01   7.0868022e-05   1.0000000e+00   7.7057055e+00   2.8953660e+01   7.2174171e+01
   0.0000000e+00   6.2927871e-01   3.9996503e-01   2.4923658e-04   2.0019132e-01   4.0004370e-01   6.9980520e-01   8.9976480e-01   1.8176524e-04   1.0000000e+00   0.0000000e+00   0.0000000e+00   1.0696370e+02
   1.0000000e+00   0.0000000e+00   4.0004375e-01   6.7431640e-05   2.0007633e-01   3.9997348e-01   6.9995759e-01   8.9987406e-01   1.9566490e-04   1.0000000e+00   0.0000000e+00   1.0697061e+02   0.0000000e+00
   8.4038059e-01   4.6585819e-02   4.0156562e-01   2.2380246e-06   1.9969811e-01   3.9939472e-01   6.9862601e-01   8.9917269e-01   2.4633081e-05   1.0000000e+00   4.2264962e+00   8.6498457e+01   1.7232030e+01
   6.9097358e-01   9.2817192e-02   4.0092719e-01   1.1755834e-06   1.9911129e-01   3.9943041e-01   6.9950060e-01   9.0002498e-01   4.1954404e-05   1.0000000e+00   6.8920785e+00   6.7362252e+01   3.3209012e+01
   5.3666395e-01   1.3544402e-01   4.0160862e-01   5.4725899e-06   1.9891688e-01   3.9912260e-01   6.9846868e-01   9.0026356e-01   8.5108662e-05   1.0000000e+00   7.8774262e+00   5.0282591e+01   5.0213234e+01
   3.7569634e-01   1.7110002e-01   4.0156880e-01   3.5852291e-06   1.9872425e-01   3.9843893e-01   6.9956834e-01   8.9855310e-01   5.4918054e-05   1.0000000e+00   6.9858662e+00   3.3843270e+01   6.7846759e+01
   1.9257674e-01   2.0930439e-01   4.0138829e-01   5.5354024e-06   1.9860920e-01   3.9856932e-01   6.9934627e-01   8.9876330e-01   1.9094415e-05   1.0000000e+00   4.3736992e+00   1.6522658e+01   8.7612887e+01
   0.0000000e+00   6.3209071e-01   3.9996467e-01   2.4892058e-04   2.0019135e-01   4.0004346e-01   6.9980485e-01   8.9976482e-01   1.8176336e-04   1.0000000e+00   0.0000000e+00   0.0000000e+00   1.0696372e+02
   8.0753238e-01   4.6753053e-02   4.0171561e-01   2.0296359e-06   1.9885819e-01   3.9817462e-01   6.9847246e-01   8.9886308e-01   9.5150877e-05   1.0000000e+00   4.1198491e+00   8.3999510e+01   2.1002407e+01
   6.2183739e-01   9.1090260e-02   4.0120555e-01   0.0000000e+00   1.9875075e-01   3.9673224e-01   6.9833243e-01   8.9865417e-01   8.5642626e-05   1.0000000e+00   6.2612012e+00   6.2475030e+01   4.1801077e+01
   4.3103855e-01   1.2268768e-01   4.0130989e-01   4.0647780e-06   1.9868635e-01   3.9788366e-01   6.9806770e-01   8.9862009e-01   6.9708074e-05   1.0000000e+00   5.7947040e+00   4.1436642e+01   6.2344343e+01
   2.2626323e-01   1.6557578e-01   4.0128122e-01   3.6996033e-06   1.9877219e-01   3.9812288e-01   6.9872806e-01   8.9888409e-01   6.3206897e-05   1.0000000e+00   4.0768522e+00   2.0545422e+01   8.4199092e+01
   0.0000000e+00   6.3209071e-01   3.9996467e-01   2.4892058e-04   2.0019135e-01   4.0004346e-01   6.9980485e-01   8.9976482e-01   1.8176336e-04   1.0000000e+00   0.0000000e+00   0.0000000e+00   1.0696372e+02
   1.0000000e+00   0.0000000e+00   4.0004375e-01   6.7431640e-05   2.0007633e-01   3.9997348e-01   6.9995759e-01   8.9987406e-01   1.9566490e-04   1.0000000e+00   0.0000000e+00   1.0697061e+02   0.0000000e+00
   7.6205778e-01   4.5067509e-02   4.0179230e-01   2.8634462e-06   1.9883128e-01   3.9870458e-01   6.9871232e-01   8.9937489e-01   8.8204159e-05   1.0000000e+00   3.7294254e+00   7.9022550e+01   2.5838183e+01
   5.2085294e-01   7.6405571e-02   4.0166829e-01   3.9150792e-06   1.9887409e-01   3.9967157e-01   6.9934606e-01   8.9890330e-01   6.8482048e-05   1.0000000e+00   4.3004881e+00   5.1984519e+01   5.1778138e+01
   2.7538783e-01   1.2439984e-01   4.0139517e-01   2.7703773e-06   1.9876097e-01   3.9824496e-01   6.9841545e-01   8.9874763e-01   6.3621309e-05   1.0000000e+00   3.7345580e+00   2.6286042e+01   7.8991479e+01
   0.0000000e+00   5.5314946e-01   4.0009443e-01   3.4858099e-04   2.0018865e-01   3.9999537e-01   6.9985176e-01   8.9982304e-01   1.7599705e-04   1.0000000e+00   0.0000000e+00   0.0000000e+00   1.0696377e+02
   3.4692753e-01   5.7459057e-02   4.0130919e-01   3.2825600e-06   1.9906436e-01   3.9751522e-01   6.9871948e-01   8.9833249e-01   7.5599656e-05   1.0000000e+00   2.1825595e+00   3.5802045e+01   7.1503980e+01
   1.0000000e+00   0.0000000e+00   4.0016917e-01   2.9896677e-06   2.0013258e-01   4.0001173e-01   6.9994338e-01   8.9984271e-01   2.8065875e-04   1.0000000e+00   0.0000000e+00   1.0697544e+02   0.0000000e+00
   0.0000000e+00   5.5314946e-01   4.0009443e-01   3.4858099e-04   2.0018865e-01   3.9999537e-01   6.9985176e-01   8.9982304e-01   1.7599705e-04   1.0000000e+00   0.0000000e+00   0.0000000e+00   1.0696377e+02
   1.0000000e+00   0.0000000e+00   4.0016917e-01   2.9896677e-06   2.0013258e-01   4.0001173e-01   6.9994338e-01   8.9984271e-01   2.8065875e-04   1.0000000e+00   0.0000000e+00   1.0697544e+02   0.0000000e+00
   0.0000000e+00   5.5314946e-01   4.0009443e-01   3.4858099e-04   2.0018865e-01   3.9999537e-01   6.9985176e-01   8.9982304e-01   1.7599705e-04   1.0000000e+00   0.0000000e+00   0.0000000e+00   1.0696377e+02
   4.9957091e-01   0.0000000e+00   4.0140907e-01   3.9140018e-06   1.9896660e-01   3.9880862e-01   6.9919297e-01   8.9832170e-01   7.8976073e-05   1.0000000e+00   0.0000000e+00   5.4179109e+01   5.4272179e+01
