   0.0000000e+00   5.1108592e-04   1.1837857e-06   4.8307015e-05   4.0995990e-05   2.3214716e-05   9.9401397e-05   4.2661480e-04   2.1878039e-04   2.1360097e-05   2.4054906e-05   4.5649458e-05   6.4840865e-06   5.7696706e-04   1.9225572e-04   1.8950781e-04   3.9226626e-04   0.0000000e+00   1.1649432e-05   0.0000000e+00   6.2753155e-05   1.4094864e-03   1.5778998e-03   0.0000000e+00   1.7728419e-06   0.0000000e+00   2.8437030e-05   0.0000000e+00   1.6476701e-08   0.0000000e+00   0.0000000e+00   1.0018342e+00   1.0000000e+00             Inf
   8.5158922e-01   9.8446185e-04   0.0000000e+00   3.4478128e-04   0.0000000e+00   1.9768842e-03   1.9806991e-05   3.9100464e-04   6.7684528e-04   3.4669161e-03   2.1307869e-06   3.0493885e-04   5.2734844e-05   6.0901531e-04   0.0000000e+00   3.1753346e-04   1.6291436e-03   0.0000000e+00   2.6304905e-03   1.1388661e-03   3.2467249e-05   9.6699975e-05   4.7775134e-04   7.3160552e-04   4.7091070e-05   1.3805825e-03   2.6177110e-04   0.0000000e+00   1.7043082e-03   9.1211248e-05   8.5158922e-01  -7.7010231e-01   1.0000000e+00             Inf
   8.2347704e-01   1.7627582e-05   1.8136675e-03   1.2464235e-03   1.5026544e-05   1.9570459e-03   6.2642788e-05   0.0000000e+00   3.5082667e-03   6.0299870e-03   1.9791259e-04   1.2976401e-04   4.6904237e-05   2.5226872e-04   1.1391355e-03   1.1919151e-04   2.1070666e-03   9.2375252e-06   3.4313202e-03   8.2802668e-04   3.4538739e-05   1.3287914e-04   7.6784953e-04   9.4040260e-04   3.9233794e-04   2.2690550e-03   2.2511431e-04   8.6229701e-04   3.4489812e-04   1.5092849e-03   8.2347704e-01  -4.5606505e-01   1.0000000e+00   2.0138375e-01
   6.5308944e-01   2.5314619e-04   8.6729066e-04   1.0236875e-03   6.6956098e-05   1.3960022e-03   7.1452415e-05   1.5103186e-04   1.0083975e-03   5.2450949e-04   1.8443887e-04   1.6669108e-03   0.0000000e+00   2.6061899e-04   5.9692955e-05   0.0000000e+00   1.9284225e-04   4.5482710e-05   1.5970030e-03   1.1699873e-03   7.2856878e-06   1.6845807e-04   4.3611177e-04   0.0000000e+00   1.0782248e-04   0.0000000e+00   8.4263810e-05   1.8709018e-04   1.7806262e-05   4.7363960e-04   6.5308944e-01  -4.5593045e-01   1.0000000e+00   2.0132314e-01
   4.5341059e-01   6.1112757e-05   0.0000000e+00   4.8182004e-05   0.0000000e+00   9.8051818e-04   7.9201776e-05   5.4691247e-06   1.2227025e-03   2.5446628e-03   1.6506813e-04   2.7830524e-05   3.9128004e-04   9.7813272e-05   8.0366413e-05   9.2583070e-06   9.6567437e-04   0.0000000e+00   2.9075141e-03   0.0000000e+00   2.7340376e-05   5.4094188e-04   2.2210862e-04   0.0000000e+00   1.8844467e-04   3.8055538e-04   2.5360095e-07   7.3041136e-04   0.0000000e+00   0.0000000e+00   4.5341059e-01  -1.2176325e-01   1.0000000e+00   1.9863299e-01
   6.1864475e-01   4.3365150e-04   2.2054645e-03   3.6371672e-03   4.4239224e-05   6.8081321e-04   2.4375776e-04   5.4273484e-05   9.5901627e-04   2.2753512e-03   0.0000000e+00   9.5597840e-04   6.7321850e-05   2.7312358e-04   3.8299404e-05   1.3134885e-05   5.4298103e-04   1.4405364e-04   2.1308729e-03   1.0590657e-03   1.6119927e-05   1.4681812e-04   1.3960109e-03   3.0564210e-03   1.4076720e-05   5.0241473e-04   3.1607886e-03   3.2422064e-04   1.6385702e-04   5.3231808e-04   6.1864475e-01  -1.2381082e-01   1.0000000e+00   1.9642328e-01
   4.0957039e-01   5.5937280e-05   0.0000000e+00   0.0000000e+00   0.0000000e+00   9.8232385e-04   6.5803448e-05   0.0000000e+00   1.2088151e-03   2.7662556e-03   6.5899478e-05   0.0000000e+00   3.0141630e-04   5.2744598e-05   1.2175116e-04   1.6689092e-07   8.8374712e-04   3.8076524e-04   2.8612093e-03   5.3157978e-04   2.6765107e-05   3.6177928e-04   0.0000000e+00   9.6783008e-04   1.3027329e-04   5.5898297e-04   0.0000000e+00   6.2265449e-04   4.8818864e-04   0.0000000e+00   4.0957039e-01   2.4156421e-01   1.0000000e+00   1.8958485e-01
   2.5745347e-01   6.0684008e-04   1.5088039e-05   1.3857303e-04   6.2749530e-05   0.0000000e+00   1.1648202e-04   5.6064174e-04   3.9148607e-06   9.9548931e-04   4.1173136e-05   9.9348684e-05   0.0000000e+00   3.9114605e-04   1.2687049e-04   2.0324559e-04   5.9793392e-04   3.6243044e-06   1.1147383e-03   0.0000000e+00   4.6343259e-05   9.0760648e-04   1.2355887e-03   8.7262899e-06   6.4939709e-05   2.4524248e-04   2.7316379e-04   4.0185047e-04   4.1230270e-05   2.3444098e-04   2.5745347e-01   2.4415138e-01   1.0000000e+00   1.8701100e-01
   1.8311625e-01   0.0000000e+00   2.2197373e-03   7.7168231e-03   0.0000000e+00   5.4519400e-05   7.1696967e-05   1.1479470e-05   9.5711822e-04   2.6951086e-03   6.2439938e-04   2.8262986e-04   2.4279342e-05   2.3015220e-04   7.2590373e-05   2.2588736e-04   1.8287964e-03   5.7476791e-07   1.6816464e-03   1.8022290e-04   3.6581906e-05   2.6467226e-04   2.7436313e-05   3.0189040e-03   0.0000000e+00   3.8136293e-06   6.7769352e-05   1.5816813e-04   4.8343365e-04   1.3682129e-03   1.8311625e-01   6.7064915e-01   1.0000000e+00   1.4687843e-01
   8.1816738e-02   4.5801565e-04   2.5549880e-04   3.5532016e-05   6.2282580e-05   5.8965885e-05   9.8634025e-05   5.8735197e-04   2.1831224e-04   1.3425393e-04   1.1885304e-05   6.6187103e-05   9.8586214e-06   5.8467347e-04   1.2263427e-04   1.7687023e-04   2.9986549e-04   3.7826274e-05   0.0000000e+00   0.0000000e+00   6.0363477e-05   1.1169155e-03   2.2154147e-03   0.0000000e+00   0.0000000e+00   2.7115086e-05   2.9758729e-05   2.1254686e-05   5.4125594e-07   0.0000000e+00   8.1816738e-02   6.7150659e-01   1.0000000e+00   1.2300161e-01
   2.1674588e-01   9.1367132e-04   6.2584349e-05   1.5884920e-03   1.1082959e-04   9.4316241e-04   1.2817604e-04   4.4255799e-04   1.0437362e-04   4.3057224e-04   1.1543200e-05   6.2111434e-04   3.2234312e-05   1.3793255e-03   2.2925864e-04   8.3860471e-04   1.8091370e-04   7.1765779e-06   4.8169376e-05   5.7614996e-04   3.6690660e-05   1.0724954e-03   1.3432081e-03   8.8552868e-04   1.4772312e-05   0.0000000e+00   6.7523072e-04   0.0000000e+00   0.0000000e+00   2.1709883e-05   2.1674588e-01   4.2862502e-01   1.0000000e+00   4.8626632e-02
   5.8399670e-02   4.4546070e-04   1.6877763e-05   3.1280772e-05   6.2472666e-05   0.0000000e+00   8.9330773e-05   6.2399882e-04   2.2896696e-04   0.0000000e+00   1.3617275e-05   6.7998446e-05   0.0000000e+00   6.1813554e-04   1.2290983e-04   1.9000053e-04   3.7934053e-04   3.3188511e-05   0.0000000e+00   0.0000000e+00   9.9622491e-05   1.0098284e-03   1.9339730e-03   0.0000000e+00   2.4997743e-06   9.0928066e-05   3.2230540e-05   1.5839257e-04   0.0000000e+00   0.0000000e+00   5.8399670e-02   7.0366732e-01   1.0000000e+00   4.6607045e-02
   8.3324584e-01   1.1922355e-04   2.0212200e-03   6.3435056e-04   1.4994360e-05   2.0647863e-03   6.7254328e-05   0.0000000e+00   3.2189586e-03   4.5449533e-03   1.9790834e-04   0.0000000e+00   3.9687347e-05   2.7110151e-04   1.2561731e-03   1.1426414e-04   2.0574985e-03   1.8958940e-05   3.2779099e-03   7.4380449e-04   3.1054015e-05   6.3183783e-05   8.1628840e-04   1.3616214e-03   4.3019635e-04   1.9482200e-03   2.5157744e-04   8.5821250e-04   3.0266604e-04   1.5839675e-03   8.3324584e-01  -6.2850249e-01   1.0000000e+00   4.2991292e-02
   7.7158194e-02   9.2408027e-04   0.0000000e+00   2.9906383e-03   1.4908638e-04   1.0117539e-03   1.3518849e-04   4.3930697e-04   4.8547736e-05   5.4595582e-04   1.4101434e-05   6.2378197e-04   2.5326085e-05   1.6826983e-03   2.0674520e-04   5.5151146e-04   0.0000000e+00   8.2813463e-06   4.1636409e-04   4.4717617e-04   3.7097417e-05   1.1464102e-03   1.3334941e-03   9.5152060e-04   2.1752479e-05   0.0000000e+00   6.4209757e-04   6.7174791e-05   0.0000000e+00   3.4880517e-05   7.7158194e-02   6.7535267e-01   1.0000000e+00   4.2083902e-02
   8.3549877e-01   1.0404721e-04   2.0037942e-03   1.1846902e-03   1.3001819e-05   1.9161029e-03   6.1551613e-05   0.0000000e+00   3.7065641e-03   5.8585839e-03   2.0294972e-04   1.3207677e-04   4.1749660e-05   2.5635577e-04   1.2183370e-03   1.1511133e-04   2.1781496e-03   1.9246124e-05   3.2593651e-03   7.2981868e-04   3.0998748e-05   6.4333488e-05   7.7976378e-04   9.9269985e-04   4.2671013e-04   2.4549273e-03   2.2334525e-04   8.5183901e-04   3.3910690e-04   1.4609418e-03   8.3549877e-01  -6.5917192e-01   1.0000000e+00   3.4063641e-02
   4.3270876e-01   1.0553536e-04   0.0000000e+00   0.0000000e+00   3.3533314e-05   2.0503958e-03   7.7488938e-05   7.3404444e-04   4.7957757e-05   3.3024499e-04   5.2844225e-04   2.7733758e-04   0.0000000e+00   1.3603922e-04   0.0000000e+00   8.3766062e-05   8.5877069e-04   2.7483577e-04   3.2007341e-03   1.2915383e-03   4.3714498e-05   7.1650441e-04   1.5893688e-04   2.8539705e-03   6.9370933e-05   1.8893680e-03   2.4788096e-04   3.7311019e-04   1.1121566e-03   0.0000000e+00   4.3270876e-01  -2.4579489e-02   1.0000000e+00   3.2768839e-02
   8.3086329e-01   7.3231266e-04   3.8879689e-03   0.0000000e+00   0.0000000e+00   1.2501943e-03   4.0319632e-05   3.8709103e-04   1.1232534e-03   3.0947793e-03   1.6160225e-05   2.5591135e-04   5.6680863e-05   2.3659473e-04   2.9407536e-04   3.4542228e-04   2.2279910e-03   0.0000000e+00   3.1887694e-03   1.0516979e-03   3.4352716e-05   2.1621805e-04   1.4926921e-03   9.3404553e-04   3.9476360e-07   2.1254177e-03   2.6978366e-04   1.7765664e-04   5.3957038e-04   0.0000000e+00   8.3086329e-01  -5.9263932e-01   1.0000000e+00   3.2291551e-02
   2.2195980e-01   7.9197019e-04   0.0000000e+00   6.9942973e-05   2.1022703e-04   0.0000000e+00   2.5854508e-04   2.2224436e-04   3.6358092e-04   1.3776807e-03   5.3665155e-04   3.8392091e-04   0.0000000e+00   2.0290669e-03   9.6339100e-05   3.2980403e-04   3.9247767e-04   5.2537325e-04   0.0000000e+00   5.1676977e-04   9.9912273e-05   7.7353327e-04   1.2627126e-03   3.0867506e-03   7.6447454e-05   3.7856789e-04   2.8699398e-04   5.1276924e-05   1.0660483e-04   4.6861957e-04   2.2195980e-01   3.9109522e-01   1.0000000e+00   3.1218761e-02
   4.7345771e-02   5.9757666e-04   3.9641172e-05   1.7381673e-03   1.5884595e-04   8.3967339e-04   1.3542299e-04   4.2192027e-04   2.2705035e-04   0.0000000e+00   4.3090771e-04   6.0036335e-04   0.0000000e+00   1.2635618e-03   1.6903332e-04   9.2430798e-04   0.0000000e+00   0.0000000e+00   1.6315322e-04   7.4846693e-04   3.7967234e-05   9.7352827e-04   1.1377227e-03   3.5937186e-04   1.1084006e-05   1.5170156e-04   9.4617308e-04   1.6983591e-06   0.0000000e+00   3.1088644e-05   4.7345771e-02   7.3857724e-01   1.0000000e+00   3.0891325e-02
   1.8911856e-01   0.0000000e+00   1.2732661e-03   6.3703316e-03   0.0000000e+00   3.2176798e-04   0.0000000e+00   5.8594941e-05   7.3713339e-04   2.7494935e-03   6.7575592e-04   2.9326736e-04   1.9595526e-05   2.7610416e-04   1.0091208e-04   2.5700502e-04   3.0811067e-03   0.0000000e+00   1.8766237e-03   0.0000000e+00   3.4966112e-05   4.2829423e-04   0.0000000e+00   2.9379378e-03   0.0000000e+00   3.0329237e-04   9.2264449e-04   1.2045210e-04   5.1397509e-04   1.3143611e-03   1.8911856e-01   6.3451463e-01   1.0000000e+00   2.9692813e-02
   2.1227344e-01   4.1408993e-04   0.0000000e+00   3.0332041e-04   4.4896843e-05   3.5454517e-04   9.2611408e-05   3.8937332e-04   1.0229840e-03   6.5465979e-04   1.8685349e-04   5.2074815e-04   0.0000000e+00   3.2074128e-04   4.8128225e-04   2.0844742e-04   9.0163915e-04   5.6237111e-05   1.5878084e-04   0.0000000e+00   6.0918836e-05   1.9535756e-03   1.9970057e-03   9.2988776e-05   9.0643692e-05   5.6621544e-05   3.7159064e-05   2.4128304e-04   2.9077099e-05   1.5424326e-04   2.1227344e-01   4.6201910e-01   1.0000000e+00   2.9454642e-02
   2.0729474e-01   4.4325850e-04   0.0000000e+00   3.9175954e-04   6.2960999e-05   1.1981680e-04   9.5276996e-05   2.9403364e-04   1.0232545e-03   3.9124782e-04   1.8806891e-04   5.1807150e-04   0.0000000e+00   3.6380849e-04   6.0207733e-04   2.1293534e-04   6.9253934e-04   5.4761782e-05   1.9483688e-05   2.5616117e-04   5.2544449e-05   1.7273147e-03   1.6849970e-03   6.4785143e-05   9.7765398e-05   4.0476462e-05   4.7280518e-05   3.7528541e-05   1.6944711e-05   1.3986490e-04   2.0729474e-01   4.9992339e-01   1.0000000e+00   2.8749470e-02
   4.3614307e-01   0.0000000e+00   1.0366127e-03   0.0000000e+00   2.9286861e-05   1.2073981e-03   1.5697144e-04   1.1848899e-04   3.3139068e-04   5.0535407e-03   0.0000000e+00   1.1255796e-04   2.8676726e-04   0.0000000e+00   0.0000000e+00   1.6077025e-05   1.1829978e-03   4.1418334e-04   3.1550089e-03   3.7233880e-04   0.0000000e+00   5.0276690e-04   2.2024334e-04   1.4432390e-03   8.2482258e-05   4.1167478e-04   5.3829090e-05   5.2462666e-04   5.4922625e-04   1.7274473e-05   4.3614307e-01  -5.2281889e-02   1.0000000e+00   2.8553077e-02
   1.9397125e-01   0.0000000e+00   1.1711714e-03   5.8689049e-03   0.0000000e+00   0.0000000e+00   0.0000000e+00   5.1101166e-05   7.8949454e-04   2.7533412e-03   6.6423594e-04   3.2135222e-04   4.6337267e-05   2.5223651e-04   1.0082747e-04   2.6332839e-04   3.3452540e-03   1.2302094e-04   1.4210878e-03   0.0000000e+00   3.3258730e-05   4.6913133e-04   0.0000000e+00   2.7583561e-03   3.4166039e-05   3.6724743e-04   9.5144849e-04   0.0000000e+00   5.0806756e-04   1.6009546e-03   1.9397125e-01   6.0188251e-01   1.0000000e+00   2.7696185e-02
   8.3730547e-01   2.8850678e-04   6.6667348e-03   1.1921717e-03   1.5395549e-05   2.0714340e-03   8.1640295e-05   0.0000000e+00   6.0418570e-03   4.9703969e-03   4.0057349e-04   5.9522875e-04   4.3782022e-05   2.4032732e-04   1.6537054e-03   9.3689378e-05   2.7510126e-03   1.1626796e-06   3.6941866e-03   4.4414217e-04   3.8178684e-05   1.7992158e-05   3.7770541e-04   4.6014812e-05   7.2707338e-04   2.2182248e-03   3.3463402e-05   5.5391684e-04   2.8131291e-04   1.3571970e-03   8.3730547e-01  -6.8041405e-01   1.0000000e+00   2.7594946e-02
   4.1815481e-01   1.9862057e-04   0.0000000e+00   2.4775981e-03   3.1623271e-06   1.3828053e-03   5.6412579e-05   3.4203796e-04   2.1545197e-03   2.3774599e-03   1.6940721e-03   2.4622644e-04   2.2240147e-04   3.3876812e-04   2.0411892e-04   4.6663568e-05   4.1865937e-03   3.2413378e-03   2.4646545e-03   7.2904695e-04   5.9810019e-05   1.3544561e-03   7.4992408e-04   6.3348580e-04   2.9241289e-04   2.5672118e-03   2.0676038e-04   0.0000000e+00   3.3683612e-04   2.2523610e-04   4.1815481e-01   1.3363111e-01   1.0000000e+00   2.6090007e-02
   4.2240431e-01   3.0756415e-07   1.5052479e-04   1.4172901e-03   1.2428868e-05   1.2416914e-03   1.1972081e-04   2.3981299e-04   1.2513475e-03   2.6165073e-03   5.4834643e-03   1.8014583e-04   2.0667509e-04   4.5013657e-04   2.3265402e-04   0.0000000e+00   1.3185072e-03   4.5768538e-03   3.1872390e-03   1.4037593e-04   6.0450978e-05   3.3086405e-03   5.7791717e-04   3.8797506e-04   2.0334719e-04   1.4447770e-03   3.8107779e-05   9.7104222e-05   2.0758479e-04   1.5984430e-06   4.2240431e-01   8.2824836e-02   1.0000000e+00   2.5978272e-02
   4.1501558e-02   5.6239779e-04   4.4593906e-05   0.0000000e+00   3.0021589e-05   0.0000000e+00   1.1469012e-04   4.9532880e-04   7.8152671e-05   6.8867065e-04   5.6807825e-05   8.1718009e-05   2.3186396e-05   9.5354837e-04   1.2664540e-04   2.5384856e-04   3.8667316e-04   1.0402096e-06   4.8973124e-04   1.4100670e-05   6.1558169e-05   8.4425762e-04   1.8000974e-03   9.7957933e-05   2.2564370e-05   0.0000000e+00   0.0000000e+00   0.0000000e+00   4.8297290e-05   0.0000000e+00   4.1501558e-02   7.5827768e-01   1.0000000e+00   2.5470989e-02
   9.3037449e-03   3.9450509e-04   4.2765370e-06   3.8171045e-04   7.7140677e-05   1.1650266e-04   1.1943936e-04   2.5660994e-04   1.7376894e-04   5.3176251e-05   1.5559439e-03   8.3766420e-05   2.3029078e-05   6.7868773e-04   2.0590739e-04   1.9399477e-04   7.0137195e-04   5.3386346e-05   2.2307367e-06   2.3510950e-04   4.8842233e-05   1.4933748e-03   1.6544719e-03   1.2454642e-03   9.1675675e-05   3.5088501e-04   2.3104773e-04   5.6179624e-05   1.0281054e-05   5.2021898e-04   9.3037449e-03   9.0411641e-01   1.0000000e+00   2.4748769e-02
   2.2702364e-01   4.1539662e-04   0.0000000e+00   4.0943525e-04   5.8841640e-05   1.4437922e-04   9.4923778e-05   2.9804307e-04   1.1107675e-03   3.8956013e-04   1.8335461e-04   9.1678562e-04   0.0000000e+00   4.9084261e-04   5.5200900e-04   2.0749798e-04   7.5209024e-04   6.2587700e-05   1.2173938e-04   2.4694389e-04   5.4463586e-05   1.8096189e-03   1.6760222e-03   6.4831639e-05   2.2335050e-04   1.2820973e-07   3.1158029e-05   2.8358864e-05   1.3852308e-05   1.0398613e-04   2.2702364e-01   3.5559935e-01   1.0000000e+00   2.4655797e-02
   8.3887724e-01   9.6874709e-04   7.2969386e-04   3.7239862e-04   1.0379312e-05   1.5388186e-03   2.9314234e-05   4.5204050e-04   7.6451669e-04   1.8937152e-03   9.8900484e-05   3.1670647e-04   9.3497779e-06   2.0375046e-04   1.1067715e-04   1.4291510e-04   2.1281638e-03   1.7525794e-05   2.9407544e-03   1.0049454e-03   3.5327991e-05   2.0515881e-04   8.0685848e-04   3.1570104e-04   1.2697907e-05   2.2006718e-03   3.0262644e-04   0.0000000e+00   4.5981168e-04   1.0235185e-05   8.3887724e-01  -7.0103869e-01   1.0000000e+00   2.4347698e-02
   6.3251569e-01   0.0000000e+00   1.0399980e-04   6.1862167e-05   1.4759263e-05   1.5460028e-03   7.7142688e-05   9.5610088e-05   8.4729711e-04   1.9069902e-03   2.6155981e-04   2.2845078e-05   3.2627927e-04   6.5369959e-05   9.5051029e-05   3.7936168e-05   7.5224724e-04   1.9739482e-04   3.1192686e-03   4.0791401e-04   4.0132476e-05   6.4823155e-04   5.1330052e-04   0.0000000e+00   2.3918894e-04   6.1548659e-04   2.5242232e-05   1.2786304e-03   4.3110668e-04   0.0000000e+00   6.3251569e-01  -3.3221115e-01   1.0000000e+00   2.4146854e-02
   5.1481561e-02   5.1357171e-04   0.0000000e+00   6.2014576e-04   4.6710000e-05   0.0000000e+00   1.1410292e-04   5.8506026e-04   0.0000000e+00   0.0000000e+00   8.1921579e-04   3.4164925e-04   0.0000000e+00   6.3791749e-04   1.8691790e-04   1.3300984e-04   0.0000000e+00   1.7972778e-04   1.0165771e-03   6.9363304e-05   6.2188758e-05   1.0368075e-03   1.9230695e-03   0.0000000e+00   0.0000000e+00   1.2159241e-04   9.1793331e-04   1.3721555e-05   2.5593789e-05   1.8329316e-04   5.1481561e-02   7.2430601e-01   1.0000000e+00   2.4081999e-02
   3.6089830e-02   4.4817403e-04   2.6439817e-04   0.0000000e+00   6.7662730e-05   8.9509161e-05   1.1437605e-04   6.1664231e-04   2.3222344e-04   1.4915107e-04   1.2078520e-05   8.9481031e-05   9.8571884e-06   6.6734685e-04   4.0393118e-04   2.3722718e-04   2.2602037e-04   3.1363523e-05   0.0000000e+00   0.0000000e+00   4.1401745e-05   1.1108501e-03   2.1960893e-03   1.9617363e-04   0.0000000e+00   0.0000000e+00   3.2072251e-04   0.0000000e+00   9.2491734e-07   1.4941897e-04   3.6089830e-02   7.7948426e-01   1.0000000e+00   2.3983573e-02
   8.4890656e-01   7.2600554e-04   1.9243318e-05   3.5471501e-04   0.0000000e+00   2.0465072e-03   5.3792932e-05   3.1041157e-04   5.4878298e-04   2.0976198e-03   0.0000000e+00   3.7185950e-04   8.7268447e-05   6.0853186e-04   4.9648189e-05   2.3023207e-04   2.2008377e-03   0.0000000e+00   2.9559170e-03   1.1944554e-03   2.6024891e-05   2.8296007e-04   7.8203874e-04   7.0535318e-04   8.1137747e-05   1.9901710e-03   2.1903292e-04   0.0000000e+00   1.5970964e-03   9.4711604e-05   8.4890656e-01  -7.6647643e-01   1.0000000e+00   2.3476714e-02
   4.1986917e-01   2.0762610e-04   6.0402877e-04   2.8437966e-03   3.7664217e-06   1.3846704e-03   3.9188392e-05   3.3203261e-04   1.8231291e-03   2.3588901e-03   2.1725789e-03   2.3612697e-04   2.3254120e-04   4.7670361e-04   2.0743267e-04   5.4804222e-05   3.8229299e-03   2.9813349e-03   2.6524204e-03   7.3892792e-04   7.3992695e-05   1.1741925e-03   8.0303820e-04   6.6477091e-04   2.8783826e-04   2.8139910e-03   1.5293129e-04   3.5643883e-05   3.4224782e-04   2.1821478e-04   4.1986917e-01   1.1287842e-01   1.0000000e+00   2.3241273e-02
   6.4626323e-01   2.2206727e-05   0.0000000e+00   1.6550118e-03   3.0877936e-05   1.3046550e-03   2.6004083e-04   5.5858177e-05   6.6044528e-04   1.7444036e-03   1.1542205e-03   3.6913869e-04   4.1482956e-05   1.0258174e-04   2.9450798e-05   5.7628463e-06   1.0289513e-03   5.4893223e-05   5.1747912e-03   7.3930793e-04   0.0000000e+00   7.6801246e-05   1.1375998e-03   1.1181386e-03   1.9444188e-04   6.2870298e-04   1.0120577e-03   1.0935843e-03   0.0000000e+00   4.0952272e-05   6.4626323e-01  -4.4205330e-01   1.0000000e+00   2.3173061e-02
   6.2777767e-01   4.1012889e-04   1.3322314e-03   4.2680810e-03   7.1482451e-05   1.0614369e-03   8.1590973e-05   0.0000000e+00   8.7827374e-04   2.8883559e-03   5.2504973e-04   1.2258216e-03   4.2264786e-06   2.6900083e-04   2.0997233e-05   4.3956744e-05   1.9512842e-03   4.4212186e-04   2.1329169e-03   1.0917519e-03   0.0000000e+00   0.0000000e+00   8.9408537e-04   1.6784630e-04   9.3622448e-05   3.5690346e-04   5.2091692e-05   6.7490124e-04   7.6425069e-05   2.4107337e-04   6.2777767e-01  -2.6924092e-01   1.0000000e+00   2.3051809e-02
   6.2128238e-01   3.4625597e-04   1.7400847e-03   5.4169325e-03   5.6576438e-07   8.3739118e-04   3.7333151e-05   3.2231570e-08   1.0188662e-03   2.5843080e-03   1.8143777e-04   9.9234420e-04   1.2955113e-05   1.6932528e-04   4.3326059e-05   1.2461874e-05   2.5401529e-03   4.1410260e-05   1.6060541e-03   9.3061405e-04   2.9807111e-05   2.0135777e-04   7.4987127e-04   2.8412012e-04   1.1598968e-04   1.3105979e-04   0.0000000e+00   8.4861077e-04   1.1740333e-04   2.4411493e-04   6.2128238e-01  -1.6934587e-01   1.0000000e+00   2.2772627e-02
   8.4402162e-01   6.5558781e-04   4.6213957e-03   4.6893047e-05   1.5403350e-08   1.2515333e-03   2.3111083e-05   3.3367972e-04   1.4360757e-03   3.0391047e-03   4.0890789e-04   2.4972414e-04   8.3665722e-05   4.2072034e-04   2.8401170e-04   2.9212008e-04   2.4423322e-03   5.5996390e-06   2.9098711e-03   9.6185432e-04   3.4410426e-05   2.0776496e-04   1.4352367e-03   7.3217960e-04   0.0000000e+00   2.5828836e-03   2.8535677e-04   3.9618326e-04   5.8503652e-04   9.4708912e-06   8.4402162e-01  -7.4356016e-01   1.0000000e+00   2.2244535e-02
   4.1193132e-01   4.6196030e-04   3.1893571e-03   2.9387187e-03   4.6205951e-05   7.5256996e-04   2.0064408e-04   1.2816884e-04   1.6906851e-03   2.4565908e-03   0.0000000e+00   1.0506464e-03   3.3078593e-04   3.6216875e-04   5.0011078e-05   0.0000000e+00   8.6686125e-04   1.0815878e-04   2.4256071e-03   9.2978166e-04   0.0000000e+00   1.6038734e-04   1.8685969e-03   2.1641223e-03   1.3752934e-05   5.3473588e-04   8.6402485e-03   5.0068747e-04   1.8040614e-04   7.0455038e-04   4.1193132e-01   2.1427766e-01   1.0000000e+00   2.1987097e-02
   2.1289713e-01   3.6394378e-04   1.0753529e-04   2.1327448e-04   2.0762154e-04   5.3201280e-04   1.7926519e-04   6.0090187e-04   1.6006838e-04   0.0000000e+00   4.2327500e-04   5.0549383e-04   5.4760149e-06   2.9692117e-03   8.6635379e-05   3.5690752e-04   2.8782620e-04   1.8194740e-04   2.5787591e-04   7.2474799e-04   5.6085294e-05   1.0687105e-03   1.5059032e-03   3.3475151e-03   2.7375324e-05   7.0498856e-04   8.1868324e-06   3.0779014e-05   7.3613359e-05   6.2610717e-04   2.1289713e-01   4.5840146e-01   1.0000000e+00   2.1881131e-02
   4.4289688e-01   2.6509860e-04   9.1963758e-04   1.7059086e-04   2.1797223e-05   1.6987923e-03   1.4222888e-04   9.6425177e-05   2.8208113e-06   6.5975263e-03   1.2836713e-04   1.9616993e-04   2.6319805e-04   1.2468039e-04   0.0000000e+00   6.9320955e-05   1.3227489e-03   1.2027822e-04   1.0321447e-02   3.5975711e-04   0.0000000e+00   3.1773314e-04   1.5115987e-04   1.4432707e-03   8.0422557e-05   1.2764123e-03   1.3559754e-05   6.4505324e-04   5.7036528e-04   8.1977061e-06   4.4289688e-01  -9.1755426e-02   1.0000000e+00   2.1849045e-02
   4.1643702e-01   4.6648252e-05   1.6789038e-04   8.0181192e-05   3.4022766e-06   9.9270018e-04   7.2411072e-05   0.0000000e+00   1.2469659e-03   3.1855871e-03   7.2919978e-05   1.6654007e-04   3.3204887e-04   1.0320099e-04   7.1621655e-05   1.0002762e-04   8.4135258e-04   8.6557667e-05   3.0002263e-03   5.4740421e-04   2.2810368e-05   4.6607762e-04   3.1496697e-04   7.3801313e-05   4.1287632e-05   5.8228571e-04   4.1502132e-06   6.8859275e-04   4.6383110e-04   8.7599830e-07   4.1643702e-01   1.5196685e-01   1.0000000e+00   2.1507082e-02
   6.2598487e-01   1.2261839e-05   7.0572537e-04   3.0151613e-03   1.2435606e-05   6.5915902e-04   3.9988762e-04   2.7728041e-05   4.6990701e-04   1.0889532e-03   2.7331508e-03   5.0484249e-04   3.8827697e-05   2.5966463e-04   0.0000000e+00   1.1004912e-04   8.7875593e-04   1.4537068e-05   2.6416313e-03   8.5940437e-04   3.0384767e-05   0.0000000e+00   1.1969776e-03   1.6597598e-03   1.4790269e-04   6.5536963e-04   7.1753549e-04   7.9196120e-05   1.5048223e-04   6.6605923e-04   6.2598487e-01  -2.4360607e-01   1.0000000e+00   2.1365974e-02
   8.2454458e-01   4.4660631e-05   1.4784964e-03   1.3616883e-03   3.5919327e-05   2.6999298e-03   3.9901131e-05   3.1249641e-05   2.7425606e-03   5.9265987e-03   1.8577300e-04   0.0000000e+00   4.5955063e-05   3.4681597e-04   1.6266668e-03   1.7133307e-04   1.9770849e-03   1.0199532e-05   3.4015286e-03   6.6526432e-04   3.3384646e-05   1.5533336e-04   4.6803849e-04   9.8119769e-04   4.4668171e-04   2.4515285e-03   2.8576748e-04   7.4403350e-04   4.6075088e-04   2.4806755e-03   8.2454458e-01  -4.7737029e-01   1.0000000e+00   2.0751843e-02
   8.4066917e-01   2.7183278e-05   1.5264699e-03   1.9950685e-03   3.3036086e-05   2.4577781e-03   1.9017089e-05   3.2751281e-05   2.3000930e-03   5.1455626e-03   2.5304015e-04   4.3083396e-05   4.5519002e-05   3.5445981e-04   1.5924138e-03   1.7277442e-04   2.0766950e-03   1.0084930e-05   3.5816010e-03   5.9438387e-04   3.2367468e-05   1.4960664e-04   1.7854375e-04   1.0980829e-03   4.2718164e-04   2.6099398e-03   2.2062841e-04   7.1646228e-04   3.8104561e-04   2.3910755e-03   8.4066917e-01  -7.1655764e-01   1.0000000e+00   2.0394931e-02
   6.2848843e-01   2.7629721e-04   1.5762552e-03   4.0905630e-03   1.1091759e-06   7.7619029e-04   6.3722110e-05   5.8467910e-05   1.1139659e-03   2.8239198e-03   4.9439714e-04   1.7382693e-03   1.5884677e-05   1.9209907e-04   3.0030587e-05   4.5319365e-05   2.1614812e-03   3.8551723e-05   1.5043548e-03   8.4609750e-04   3.6128456e-05   1.8095704e-04   5.4864861e-04   5.7351224e-04   1.2031551e-04   2.0647088e-04   8.3283737e-06   8.2641591e-04   1.2625590e-04   2.0622726e-04   6.2848843e-01  -2.7924316e-01   1.0000000e+00   2.0323333e-02
   1.9058394e-01   7.7209873e-04   9.6318446e-06   1.6424614e-04   1.7015699e-04   2.7182809e-04   1.0978142e-04   4.2808743e-04   1.5613081e-04   0.0000000e+00   3.5273071e-04   3.2477448e-04   1.3664210e-04   9.4474166e-04   1.2403661e-04   3.0509520e-04   1.0399020e-03   1.4534023e-04   8.0918437e-04   4.2264581e-04   6.9847529e-05   1.0017555e-03   2.0840874e-03   2.5791396e-03   5.3229288e-05   2.9431192e-04   2.2247102e-04   0.0000000e+00   7.5466253e-04   6.6769323e-04   1.9058394e-01   6.2249762e-01   1.0000000e+00   2.0291763e-02
   4.3059445e-01   9.6190709e-05   2.4857985e-04   4.7314240e-05   0.0000000e+00   1.1537395e-03   5.4076105e-05   0.0000000e+00   1.1239377e-03   5.6008251e-03   8.2667823e-05   2.1982990e-04   2.8286883e-04   2.9845831e-04   7.0206502e-05   0.0000000e+00   1.3436917e-03   8.2184065e-05   2.9326306e-03   4.1967998e-04   1.0312716e-05   4.8879982e-04   2.2878276e-04   3.1959812e-05   4.0155208e-05   5.3882114e-04   9.0248654e-06   7.5931735e-04   4.0912317e-04   0.0000000e+00   4.3059445e-01  -5.7628138e-03   1.0000000e+00   2.0219379e-02
   3.2258654e-02   5.1357216e-04   4.0738042e-05   9.6800339e-05   4.4361549e-05   0.0000000e+00   1.1649969e-04   3.9112058e-04   0.0000000e+00   4.2181447e-04   5.0367556e-05   0.0000000e+00   2.4026425e-05   7.9006041e-04   1.8226098e-04   2.4372823e-04   3.2513023e-04   1.0325020e-06   3.2544184e-04   8.4777945e-06   6.0226303e-05   9.5787587e-04   1.6038740e-03   7.3585492e-05   0.0000000e+00   6.0774803e-06   2.3372787e-06   3.5545089e-06   4.6103245e-05   3.7870528e-05   3.2258654e-02   7.9481521e-01   1.0000000e+00   2.0153181e-02
   6.3116774e-01   1.5361210e-04   8.5555248e-04   2.5793203e-03   4.8667954e-06   8.1087746e-04   4.3690477e-04   4.8167021e-05   6.2162210e-04   9.4711162e-04   2.9116920e-03   5.6204740e-04   5.1239988e-05   1.7051303e-04   3.1408197e-07   7.4524749e-05   1.1344865e-03   0.0000000e+00   2.9730958e-03   9.4599646e-04   3.1497906e-05   0.0000000e+00   8.4880257e-04   1.3276244e-03   1.3719430e-04   8.6831657e-04   6.2020074e-04   0.0000000e+00   5.0692762e-05   6.5275845e-04   6.3116774e-01  -3.1463833e-01   1.0000000e+00   2.0030512e-02
   1.6028485e-04   5.8604335e-04   3.3615093e-08   5.1382934e-04   3.8694882e-05   6.1308090e-04   2.9234810e-05   2.3853701e-04   1.5377305e-04   7.4136625e-04   0.0000000e+00   0.0000000e+00   0.0000000e+00   1.4829309e-03   1.1211877e-04   2.2227824e-04   7.4754322e-04   0.0000000e+00   1.1838165e-04   3.5836426e-04   6.0159865e-05   9.5463602e-04   1.9314048e-03   5.1318927e-05   8.9003529e-05   9.7661283e-04   0.0000000e+00   8.2818335e-05   4.2433327e-05   3.9030246e-04   1.6028485e-04   9.9058760e-01   1.0000000e+00   1.9973590e-02
   4.2105353e-01   2.5810317e-05   2.4905449e-04   1.3358957e-03   1.2901582e-05   2.1958585e-03   1.2149546e-04   1.2543410e-04   1.3069346e-03   4.8607191e-04   4.4551651e-03   1.8919472e-04   4.7319702e-04   3.6798589e-04   2.7369819e-04   1.7530295e-05   1.3534175e-03   4.3531439e-03   3.2007395e-03   1.0262694e-04   5.8958518e-05   4.2424220e-03   6.2279288e-04   1.1547265e-03   1.8479434e-04   1.4036521e-03   4.0116188e-05   0.0000000e+00   1.7879780e-04   2.0814955e-05   4.2105353e-01   9.8480539e-02   1.0000000e+00   1.9937822e-02
   5.5245011e-02   4.5222324e-04   3.4878575e-05   9.2377545e-05   5.1782212e-05   0.0000000e+00   1.2930698e-04   3.9892712e-04   0.0000000e+00   3.2388461e-04   5.0457386e-05   7.0629816e-06   1.9438654e-05   7.8436986e-04   1.6092539e-04   2.3343114e-04   4.7785272e-04   2.5879218e-06   3.8905362e-04   2.5349694e-04   6.1856576e-05   1.0917244e-03   1.6401288e-03   2.0658173e-04   0.0000000e+00   0.0000000e+00   5.4355635e-06   0.0000000e+00   0.0000000e+00   0.0000000e+00   5.5245011e-02   7.1234174e-01   1.0000000e+00   1.9771295e-02
   6.2394369e-01   3.3354091e-04   1.6568401e-03   7.3325382e-03   0.0000000e+00   5.3764417e-04   1.7493691e-05   1.4685026e-04   1.5777942e-03   5.7279236e-03   1.8655948e-04   1.2373286e-03   2.5029223e-05   1.6079298e-04   0.0000000e+00   1.1899489e-06   4.9566507e-03   4.2693549e-05   1.6921373e-03   8.2640106e-04   2.4363459e-05   1.1277376e-04   4.0546228e-05   0.0000000e+00   1.5107559e-04   7.8590226e-04   3.1203137e-07   8.6158833e-04   1.1837168e-04   1.1138683e-04   6.2394369e-01  -2.1082423e-01   1.0000000e+00   1.9382002e-02
   6.2021335e-01   4.7832172e-04   2.1850820e-03   5.3779271e-03   7.1554409e-05   6.8101532e-04   2.2646829e-04   5.8037848e-05   9.3248743e-04   2.3349182e-03   1.6302439e-05   8.0436462e-04   7.3969703e-05   4.9776505e-04   2.9611338e-05   0.0000000e+00   5.4039234e-04   1.5248770e-04   2.0953594e-03   1.0813250e-03   2.9624312e-05   7.5866566e-05   1.3765633e-03   3.1853350e-03   1.4319073e-05   4.8176721e-04   2.3497606e-03   3.3380216e-04   1.6023459e-04   5.3066236e-04   6.2021335e-01  -1.5051228e-01   1.0000000e+00   1.9057697e-02
   6.3782068e-01   4.1287084e-05   0.0000000e+00   1.7646843e-03   2.2090508e-05   1.0953382e-03   3.1175616e-04   2.3566578e-05   8.6629314e-04   2.8965091e-03   1.0083572e-03   2.9362619e-04   3.9662295e-05   2.5694393e-04   0.0000000e+00   0.0000000e+00   9.7558695e-04   3.4993529e-05   3.5252895e-03   8.2431009e-04   2.6839149e-05   7.6128126e-05   1.1695250e-03   1.0952145e-03   2.3314136e-04   7.2947784e-04   1.3049840e-03   3.2624825e-04   1.4643655e-04   4.3442142e-05   6.3782068e-01  -3.8676524e-01   1.0000000e+00   1.8986691e-02
   6.3604146e-01   4.4580003e-04   2.3294824e-03   2.7284734e-03   4.6454818e-05   8.1990741e-04   2.2773942e-04   1.4557053e-04   1.3440013e-03   2.2843549e-03   0.0000000e+00   9.6433079e-04   3.1836598e-04   2.6348039e-04   4.4159074e-05   0.0000000e+00   8.9496114e-04   9.4477875e-05   2.0938644e-03   1.0413344e-03   5.8825080e-06   1.9579610e-04   1.8551589e-03   2.6658223e-03   0.0000000e+00   5.7254114e-04   7.1554048e-03   4.2250372e-04   1.2121744e-04   7.0048213e-04   6.3604146e-01  -3.6781637e-01   1.0000000e+00   1.8881069e-02
   4.2656670e-01   0.0000000e+00   1.3776708e-03   0.0000000e+00   2.7396043e-05   1.0066108e-03   4.3906654e-05   6.3987368e-05   7.6970833e-04   4.4443562e-03   0.0000000e+00   1.4790362e-04   2.7925913e-04   1.8352221e-05   1.0871154e-04   2.6500022e-05   8.5577185e-04   1.4166813e-04   3.3367154e-03   4.2376743e-04   9.3331802e-06   3.0275456e-04   4.5380155e-04   1.3939685e-03   9.3700467e-05   8.3599305e-04   0.0000000e+00   6.9562262e-04   4.3817435e-04   1.8175415e-04   4.2656670e-01   3.4431501e-02   1.0000000e+00   1.8670699e-02
   3.9353287e-02   5.6268273e-04   0.0000000e+00   5.4971520e-04   4.4108830e-05   2.1156856e-04   3.6911912e-05   2.3238433e-04   0.0000000e+00   3.7272426e-04   0.0000000e+00   0.0000000e+00   0.0000000e+00   1.5429954e-03   0.0000000e+00   2.1595288e-04   9.6567643e-04   3.8281123e-08   0.0000000e+00   3.2173915e-04   5.8430000e-05   1.0324506e-03   1.8586028e-03   5.1280519e-05   0.0000000e+00   8.7591104e-04   3.8062361e-06   1.3815384e-04   6.0262205e-06   3.2200679e-04   3.9353287e-02   7.6707993e-01   1.0000000e+00   1.8322886e-02
   4.1357336e-01   2.7273202e-04   9.9623766e-04   0.0000000e+00   2.0557482e-05   1.8252240e-03   1.7781974e-04   1.0447662e-04   1.4948613e-04   5.6189880e-03   1.1495102e-04   2.0313521e-04   2.5384648e-04   1.2181251e-04   7.0150701e-06   7.3201076e-05   6.6056500e-05   1.0776017e-04   1.0378007e-02   3.6345816e-04   0.0000000e+00   3.8221516e-04   1.5247741e-04   1.7046167e-03   9.4446012e-05   1.4886738e-03   1.2092332e-05   6.1841246e-04   5.5330062e-04   0.0000000e+00   4.1357336e-01   1.9129395e-01   1.0000000e+00   1.8276684e-02
   2.4112154e-01   4.2453018e-04   0.0000000e+00   4.0897798e-04   6.0015427e-05   1.2936339e-04   9.8593589e-05   2.9234098e-04   8.5445395e-04   3.8865040e-04   1.8529695e-04   5.8394984e-04   0.0000000e+00   4.6138688e-04   5.7304921e-04   2.1241647e-04   6.8587720e-04   6.2090993e-05   0.0000000e+00   2.5542168e-04   5.4101966e-05   1.7600102e-03   1.7028435e-03   6.5056499e-05   9.6933279e-05   0.0000000e+00   3.3495308e-05   3.1913373e-05   8.1813891e-06   1.4185665e-04   2.4112154e-01   2.7939758e-01   1.0000000e+00   1.8195610e-02
   6.4313470e-01   7.2023195e-05   4.7269283e-04   2.5857769e-03   0.0000000e+00   1.8224416e-04   3.1634190e-04   2.9642523e-05   6.0750565e-04   2.4072989e-04   1.8126924e-03   6.2510965e-04   3.5762735e-05   5.1590645e-04   2.9328217e-05   1.2569362e-04   8.7280494e-04   3.8211535e-06   3.4374889e-03   1.2766386e-03   2.7941460e-05   0.0000000e+00   1.1182803e-03   4.1806651e-04   1.3733269e-04   8.7445528e-04   9.5849875e-04   3.1359264e-04   7.5795297e-05   8.5873863e-04   6.4313470e-01  -4.2683678e-01   1.0000000e+00   1.8193618e-02
   6.3420661e-01   6.3392286e-05   4.7864768e-04   2.4647649e-03   2.2646503e-05   1.4590809e-04   5.9855851e-04   1.7219059e-05   6.4710455e-04   0.0000000e+00   1.6374169e-03   5.0249352e-04   0.0000000e+00   2.5753676e-04   1.8989488e-05   1.7145802e-04   1.2193364e-03   7.6355609e-06   2.7979901e-03   8.0507684e-04   3.3471731e-05   8.1341773e-07   1.2910513e-03   4.0518259e-04   1.6543933e-04   1.2058020e-03   0.0000000e+00   3.4414510e-04   5.8879710e-05   6.8752465e-04   6.3420661e-01  -3.5110194e-01   1.0000000e+00   1.8136274e-02
   1.8160749e-02   5.0443860e-04   3.7973868e-05   9.7257614e-05   4.3187763e-05   0.0000000e+00   1.1282988e-04   3.9682267e-04   9.0397414e-05   4.2272421e-04   4.8425215e-05   5.6660001e-05   2.3483365e-05   8.1951615e-04   1.6122077e-04   2.3880974e-04   3.9134327e-04   1.5292088e-06   4.4718122e-04   0.0000000e+00   6.0587923e-05   1.0074845e-03   1.5770527e-03   7.3360632e-05   0.0000000e+00   6.2056900e-06   0.0000000e+00   0.0000000e+00   5.1774164e-05   0.0000000e+00   1.8160749e-02   8.5736052e-01   1.0000000e+00   1.7975415e-02
   6.4194591e-01   2.8537357e-04   1.4280300e-03   4.2938959e-03   7.1248609e-07   9.9591249e-04   6.2641957e-05   7.7669563e-05   1.1569122e-03   2.9815438e-03   5.2522227e-04   1.8683149e-03   2.0309443e-05   2.0080147e-04   1.0988753e-04   4.3947217e-05   2.1552752e-03   3.6801317e-05   1.3581810e-03   8.4009300e-04   3.5819864e-05   1.7510874e-04   5.7086228e-04   6.3794123e-04   0.0000000e+00   0.0000000e+00   2.2146388e-07   8.2760119e-04   1.1837316e-04   2.5615558e-04   6.4194591e-01  -4.1879860e-01   1.0000000e+00   1.7941866e-02
   1.3056777e-02   2.8209515e-04   6.2573412e-04   7.4435352e-06   7.3360886e-05   0.0000000e+00   1.4830602e-04   2.8656162e-04   1.5720061e-04   3.2805763e-04   0.0000000e+00   2.6051625e-04   1.4255629e-06   6.5033220e-04   2.2829414e-04   2.0915463e-04   2.6054923e-04   9.4600789e-05   4.0834692e-05   5.5222939e-04   5.9283846e-05   1.6013428e-03   1.5589703e-03   0.0000000e+00   2.3925885e-05   5.3591694e-05   1.2159553e-03   2.2034334e-06   8.8233292e-06   3.1417388e-05   1.3056777e-02   8.8309096e-01   1.0000000e+00   1.7821133e-02
   2.1577641e-02   5.0463863e-04   7.8434159e-05   1.1406016e-04   4.3200970e-05   3.0645724e-06   1.2045423e-04   3.9277296e-04   0.0000000e+00   3.6461007e-04   5.1905534e-05   7.0477267e-05   2.3801730e-05   7.6641838e-04   1.6351975e-04   2.6618431e-04   4.1678926e-04   1.4079683e-06   4.5314504e-04   0.0000000e+00   4.3333128e-05   9.7780640e-04   1.5237481e-03   5.8200023e-05   0.0000000e+00   4.7944620e-06   0.0000000e+00   0.0000000e+00   4.2232130e-05   0.0000000e+00   2.1577641e-02   8.4143925e-01   1.0000000e+00   1.7689096e-02
   2.3766268e-01   5.4853139e-04   4.1507378e-05   1.3124832e-04   1.9648857e-04   6.0244677e-04   1.9921430e-04   3.6559620e-04   3.5541048e-04   1.0749834e-03   4.7984666e-04   7.3241893e-04   1.0537854e-08   1.0745969e-03   1.2386858e-04   3.1571872e-04   3.0768747e-04   2.3896473e-04   3.7876257e-04   4.4218409e-04   6.5047420e-05   1.0124604e-03   1.9517676e-03   8.6262058e-03   8.2089782e-05   2.1235725e-04   2.3285106e-05   0.0000000e+00   1.3912001e-04   2.0063523e-04   2.3766268e-01   2.9713785e-01   1.0000000e+00   1.7625529e-02
   2.2427042e-01   5.6988307e-04   0.0000000e+00   3.0358403e-04   3.8943749e-05   6.8041835e-04   5.6330144e-05   2.5593870e-04   0.0000000e+00   5.6913032e-04   0.0000000e+00   0.0000000e+00   0.0000000e+00   1.3842426e-03   1.0626677e-04   2.5491944e-04   7.7564310e-04   0.0000000e+00   0.0000000e+00   4.6991703e-04   7.3984375e-05   9.9004479e-04   1.9179668e-03   5.5301892e-04   7.5250595e-05   1.0144181e-03   0.0000000e+00   4.6345839e-06   0.0000000e+00   3.8623420e-04   2.2427042e-01   3.7400410e-01   1.0000000e+00   1.7446194e-02
   6.3967471e-01   3.4553533e-04   1.4169746e-03   5.6523863e-03   0.0000000e+00   8.4240485e-04   1.7283587e-05   1.2556870e-04   9.9220522e-04   2.3774574e-03   1.7784628e-04   8.4821729e-04   1.7248550e-05   0.0000000e+00   6.4916986e-05   0.0000000e+00   2.9406149e-03   0.0000000e+00   1.7285553e-03   7.9687697e-04   4.1675499e-05   1.7496406e-04   0.0000000e+00   0.0000000e+00   1.6573796e-04   1.8360964e-04   2.9473546e-04   1.1202757e-03   1.5281207e-04   2.6579522e-04   6.3967471e-01  -4.0224428e-01   1.0000000e+00   1.6718803e-02
   4.4067505e-01   0.0000000e+00   4.3207386e-06   8.9787267e-06   2.7884468e-05   4.5090769e-04   8.6494674e-05   1.4908864e-04   1.0707535e-03   5.5483411e-03   3.6114414e-04   2.5229532e-05   3.6063537e-04   1.5234516e-04   1.8350530e-04   0.0000000e+00   1.0229735e-03   0.0000000e+00   3.0971409e-03   3.0305331e-04   1.7776089e-05   0.0000000e+00   2.8858731e-04   9.9603731e-04   0.0000000e+00   3.8369431e-04   0.0000000e+00   4.5590652e-04   3.9450908e-04   4.2192556e-05   4.4067505e-01  -8.2532538e-02   1.0000000e+00   1.6647070e-02
   4.2431644e-01   8.3708856e-05   1.6486399e-03   0.0000000e+00   0.0000000e+00   2.0950325e-03   7.1029199e-05   7.2370261e-04   3.1787307e-04   1.8960910e-03   2.8514757e-04   2.6146352e-04   0.0000000e+00   5.0629447e-04   2.5356098e-05   9.2927271e-05   1.3308494e-03   2.4294038e-04   4.4981062e-03   6.8496869e-04   5.9526584e-05   4.7477770e-04   3.7305004e-04   1.8891271e-03   1.7466442e-04   1.5762440e-03   3.7886842e-05   9.2219400e-05   3.6804792e-04   4.9089070e-05   4.2431644e-01   5.9237963e-02   1.0000000e+00   1.6590994e-02
   4.4662243e-01   9.9064637e-05   0.0000000e+00   3.9615547e-04   4.2058550e-05   4.0788937e-04   7.7825361e-05   1.3587384e-04   1.0762020e-03   5.6571779e-03   7.8646571e-04   0.0000000e+00   3.8402790e-04   1.5929105e-04   1.4460982e-04   1.1730778e-06   1.0561425e-03   1.0339737e-05   3.0468195e-03   2.9461626e-04   1.7858490e-05   0.0000000e+00   1.0513913e-04   1.4777473e-03   0.0000000e+00   4.1268402e-04   4.7777861e-04   4.6003996e-04   3.7308460e-04   0.0000000e+00   4.4662243e-01  -1.0887269e-01   1.0000000e+00   1.6348335e-02
   6.2457876e-01   3.3208034e-04   1.7335405e-03   5.9701888e-03   0.0000000e+00   6.6028587e-04   0.0000000e+00   1.4628047e-04   1.5095456e-03   3.5858059e-03   1.8607416e-04   1.3314116e-03   2.0941578e-05   1.5967399e-04   1.4312342e-05   8.4718483e-07   3.6945003e-03   4.2014199e-05   1.6805908e-03   8.7612644e-04   3.1649146e-05   1.0473525e-04   0.0000000e+00   0.0000000e+00   1.4497061e-04   6.3487334e-04   0.0000000e+00   8.0299833e-04   1.3617794e-04   1.1865146e-04   6.2457876e-01  -2.2156866e-01   1.0000000e+00   1.6103883e-02
   6.1953917e-01   4.4168045e-04   2.1685508e-03   3.5888109e-03   4.4198602e-05   7.4352158e-04   2.2940008e-04   7.4408176e-05   9.8921632e-04   1.9167339e-03   0.0000000e+00   9.4252804e-04   5.0558664e-05   2.2059965e-05   3.5795138e-05   0.0000000e+00   5.4220906e-04   1.4252443e-04   1.6943361e-03   1.5173309e-03   1.9336797e-05   6.6049581e-04   1.3550001e-03   2.9996195e-03   1.5318557e-05   4.9620904e-04   3.4257840e-03   4.6215575e-04   1.1399423e-04   5.9802374e-04   6.1953917e-01  -1.3920401e-01   1.0000000e+00   1.5673679e-02
   6.2262384e-01   3.5750876e-04   1.8214342e-03   5.2797199e-03   0.0000000e+00   8.4541484e-04   2.7037240e-05   1.4990317e-04   1.0145541e-03   2.2734339e-03   1.6975831e-04   9.6593521e-04   1.9408885e-05   1.6837843e-04   5.0834032e-05   0.0000000e+00   3.1548510e-03   0.0000000e+00   1.7026711e-03   8.8180162e-04   4.3773129e-05   1.0994697e-04   0.0000000e+00   0.0000000e+00   1.7479174e-04   1.8372306e-04   2.9490652e-04   1.0710682e-03   9.6562719e-05   2.6483277e-04   6.2262384e-01  -1.9129268e-01   1.0000000e+00   1.5645136e-02
   4.2520962e-01   2.2091185e-04   7.2740685e-06   2.6316025e-03   1.2261678e-05   1.4146221e-03   3.2185582e-05   2.1664299e-04   3.4624835e-03   2.2643505e-03   1.6933751e-03   2.1780130e-04   1.9813745e-04   3.4486261e-04   1.9931375e-04   0.0000000e+00   6.8243397e-03   4.1556813e-03   2.4280822e-03   7.2913368e-04   5.9711868e-05   1.2953994e-03   6.9444688e-04   6.8581017e-04   2.8098584e-04   2.1956606e-03   1.5211363e-04   7.3517778e-06   3.5072135e-04   2.2036191e-04   4.2520962e-01   5.2186825e-02   1.0000000e+00   1.5607789e-02
   8.4219221e-01   7.3825850e-04   4.9907479e-03   3.6228328e-05   0.0000000e+00   1.1938764e-03   3.5467383e-05   3.3316545e-04   1.1483617e-03   3.2127818e-03   2.5124330e-04   2.4644797e-04   8.5777078e-05   3.9584390e-04   3.1561475e-04   2.9538617e-04   2.5844983e-03   5.6096893e-06   2.9036186e-03   1.0434965e-03   3.5026893e-05   2.1252674e-04   1.4606100e-03   7.3536912e-04   6.5761679e-07   2.7242663e-03   2.8210657e-04   3.6466288e-04   5.9484026e-04   9.4562664e-06   8.4219221e-01  -7.3027963e-01   1.0000000e+00   1.5600301e-02
   1.9769756e-01   1.5981609e-04   7.1843074e-05   2.5622353e-03   8.8321334e-05   0.0000000e+00   9.2611055e-05   0.0000000e+00   0.0000000e+00   0.0000000e+00   3.5534563e-05   0.0000000e+00   4.4921247e-06   2.9999806e-04   7.7411297e-06   0.0000000e+00   1.4950511e-04   0.0000000e+00   2.1838421e-03   5.7565815e-05   1.8183856e-05   5.1312409e-04   2.7884100e-03   4.8109173e-03   1.3904953e-04   6.6840822e-04   1.2136271e-03   9.4899395e-05   0.0000000e+00   1.8011576e-03   1.9769756e-01   5.7394410e-01   1.0000000e+00   1.5471169e-02
   4.1386281e-01   1.4049899e-04   5.4641774e-04   1.7354679e-04   8.4274507e-06   0.0000000e+00   7.3999176e-05   7.7918263e-05   1.2199789e-03   6.3103335e-03   1.1524710e-03   1.7185442e-04   4.7619537e-04   1.8553191e-04   5.6415508e-05   1.0082012e-04   1.0244852e-03   0.0000000e+00   2.9016928e-03   5.3298476e-04   1.9393782e-05   0.0000000e+00   3.6793446e-04   2.4842902e-04   7.3358226e-05   8.7440020e-04   1.8346887e-05   8.4986074e-04   5.8361156e-04   6.3883125e-07   4.1386281e-01   1.8591147e-01   1.0000000e+00   1.5463471e-02
   8.2567435e-01   0.0000000e+00   1.6336629e-03   1.5784178e-03   1.5401437e-05   2.4768236e-03   7.1949869e-05   0.0000000e+00   3.9203999e-03   5.5744601e-03   1.9532699e-04   1.1645912e-04   2.1187227e-06   2.4613148e-04   1.7716283e-03   8.2259649e-05   2.1447228e-03   2.4013816e-05   3.2893048e-03   7.9637140e-04   3.1157104e-05   1.1063248e-04   9.0996891e-04   1.0250251e-03   2.7118897e-04   2.2925205e-03   2.2455832e-04   8.7683633e-04   4.5073436e-04   1.5281464e-03   8.2567435e-01  -4.9937067e-01   1.0000000e+00   1.4913176e-02
   8.2644553e-01   1.3080683e-03   1.0926844e-03   7.5128961e-04   0.0000000e+00   2.4029789e-03   3.1802755e-05   6.3636691e-04   8.8076004e-04   3.8938040e-03   1.7543480e-04   1.2405214e-04   4.9594249e-05   2.4805283e-04   0.0000000e+00   1.8701189e-04   2.0646085e-03   3.2560484e-05   3.2737461e-03   1.3060380e-03   4.6913577e-05   3.8634084e-04   8.5096768e-04   8.5206359e-04   1.2468343e-04   2.1732488e-03   2.4350447e-04   0.0000000e+00   5.9732697e-04   7.1889402e-04   8.2644553e-01  -5.1525672e-01   1.0000000e+00   1.4834221e-02
   2.4424533e-02   9.2425562e-04   4.8882822e-05   2.1145421e-03   1.3849481e-04   1.0275798e-03   1.4331554e-04   4.4036640e-04   7.2900010e-05   3.2388920e-04   1.0639948e-05   6.0572585e-04   2.6013228e-05   1.4002584e-03   2.1762396e-04   6.0004669e-04   0.0000000e+00   7.1855248e-06   6.0963374e-06   4.8768413e-04   3.7108592e-05   8.9407894e-04   1.3314767e-03   9.0155208e-04   2.2781508e-05   1.3050322e-04   6.1460684e-04   6.3422125e-05   0.0000000e+00   3.9525745e-05   2.4424533e-02   8.3037461e-01   1.0000000e+00   1.4788180e-02
   6.5057616e-01   4.1612227e-04   1.7311775e-03   7.1108697e-03   1.9415613e-09   6.0467470e-04   0.0000000e+00   1.2431201e-04   1.5574417e-03   3.5257343e-03   1.8939075e-04   1.0236721e-03   1.9453602e-05   1.3783435e-04   3.9050583e-05   0.0000000e+00   4.0435697e-03   4.4408768e-05   1.6861153e-03   8.6784117e-04   3.2226225e-05   9.4559653e-05   4.7152823e-05   0.0000000e+00   1.7272868e-04   5.3091488e-04   7.8837339e-06   7.8598979e-04   1.2498792e-04   9.6492749e-05   6.5057616e-01  -4.5241422e-01   1.0000000e+00   1.4682209e-02
   1.8954241e-03   5.0117682e-04   1.4359959e-04   7.5937922e-05   4.3484164e-05   1.1258974e-04   9.8069641e-05   5.5620667e-04   2.7922822e-04   0.0000000e+00   0.0000000e+00   0.0000000e+00   0.0000000e+00   5.3253566e-04   2.2561097e-04   1.5305698e-04   3.1591830e-04   4.6647006e-06   3.4033602e-05   1.8284820e-05   8.4513692e-05   8.7263518e-04   1.9612753e-03   8.7839253e-05   0.0000000e+00   0.0000000e+00   1.3587822e-06   1.6618647e-05   4.8185278e-07   3.0834006e-05   1.8954241e-03   9.5821781e-01   1.0000000e+00   1.4677063e-02
   6.3009455e-01   1.8311591e-04   8.3499812e-04   3.5801854e-03   7.2559118e-05   6.5185789e-04   4.5279737e-04   0.0000000e+00   1.0818790e-03   1.0745534e-03   3.0345048e-03   5.4169149e-04   4.0590978e-05   2.7413155e-04   1.9199513e-05   1.7932895e-04   1.3887517e-03   1.5114319e-05   2.8665305e-03   8.4985163e-04   2.8932872e-05   0.0000000e+00   1.0868089e-03   1.5997828e-03   1.2512269e-04   9.0041328e-04   6.7300551e-04   0.0000000e+00   8.3149968e-05   8.1909264e-04   6.3009455e-01  -3.0043175e-01   1.0000000e+00   1.4591319e-02
   4.2756779e-01   1.2621093e-04   5.2732239e-04   2.1157047e-04   8.5929963e-06   3.8567882e-04   0.0000000e+00   1.7833318e-05   1.1898085e-03   4.6909217e-03   3.7300923e-04   1.5957222e-04   7.6584293e-04   9.6820847e-05   1.1946548e-04   1.0526809e-04   9.7496120e-04   1.0367394e-04   3.3817012e-03   4.5530524e-04   1.9329780e-05   5.5429141e-04   5.2091796e-04   3.1964389e-04   3.6638665e-05   9.3086352e-04   2.6513156e-06   7.0314918e-04   5.0359545e-04   0.0000000e+00   4.2756779e-01   2.4010292e-02   1.0000000e+00   1.4379219e-02
   1.4990962e-02   2.7984242e-04   0.0000000e+00   3.4991351e-04   7.4960779e-05   2.4463431e-04   1.2552652e-04   2.6179546e-04   2.2048475e-04   0.0000000e+00   1.4431274e-03   1.6523162e-04   2.6344832e-05   6.5115541e-04   1.2825900e-04   2.0458957e-04   7.0432350e-04   5.5007951e-05   2.9206637e-05   2.7166569e-04   4.8395541e-05   1.4721464e-03   1.6372593e-03   1.1626728e-03   9.5834610e-05   3.8410836e-04   2.3119602e-04   6.5655051e-05   3.7310614e-05   5.4563294e-04   1.4990962e-02   8.7394104e-01   1.0000000e+00   1.4151840e-02
   2.3056672e-01   6.8649573e-04   7.4359742e-06   1.7213802e-04   1.5740541e-04   6.9847153e-04   1.7890483e-04   4.3860798e-04   1.2778141e-04   9.9325070e-06   3.0020876e-04   2.8693139e-04   6.4597778e-05   9.6471286e-04   1.1846897e-04   2.7830672e-04   8.1301690e-04   1.1167371e-04   2.8541698e-04   6.7793211e-04   6.9105266e-05   9.3617238e-04   1.3361605e-03   2.2646255e-03   1.6032456e-04   3.9986289e-04   1.8164903e-04   0.0000000e+00   6.3023210e-04   4.4182036e-04   2.3056672e-01   3.3393003e-01   1.0000000e+00   1.4115758e-02
   6.2541875e-01   0.0000000e+00   8.5215568e-05   6.2024602e-05   1.5278431e-05   1.5476922e-03   7.6940404e-05   1.7192031e-04   8.7226199e-04   1.8859201e-03   2.6319347e-04   2.3156128e-05   3.3029572e-04   6.4639253e-05   8.9504621e-05   4.0699358e-05   7.3600025e-04   1.5401409e-04   3.2597676e-03   3.5697829e-04   3.9333849e-05   6.4538598e-04   5.3042291e-04   0.0000000e+00   2.3443208e-04   6.4643959e-04   2.5110468e-05   1.1800197e-03   3.0467148e-04   0.0000000e+00   6.2541875e-01  -2.3629009e-01   1.0000000e+00   1.4088069e-02
   6.2232583e-01   3.4725667e-04   1.7509663e-03   5.4198492e-03   0.0000000e+00   8.0896932e-04   0.0000000e+00   1.2070549e-04   1.0219401e-03   2.2721753e-03   1.8103278e-04   9.6256556e-04   1.8879265e-05   1.7441973e-04   5.2148429e-05   0.0000000e+00   3.5738492e-03   4.1727015e-05   1.6991356e-03   8.9011224e-04   3.1704413e-05   1.0358554e-04   0.0000000e+00   2.6130453e-04   1.4845682e-04   1.2816597e-04   0.0000000e+00   8.0937181e-04   9.9737079e-05   2.4167718e-04   6.2232583e-01  -1.8646840e-01   1.0000000e+00   1.3961020e-02
   8.2525307e-01   8.6697320e-05   1.5933628e-03   1.5856645e-03   1.2113190e-05   2.5112234e-03   7.2425648e-05   0.0000000e+00   3.4496495e-03   5.4414318e-03   1.9181779e-04   1.1586837e-04   8.0708132e-06   2.4634995e-04   1.3966854e-03   8.9588809e-05   2.1416395e-03   8.9983586e-06   3.3521325e-03   8.5278131e-04   3.4691628e-05   1.3642858e-04   9.2320587e-04   1.0186206e-03   3.3244968e-04   2.3527931e-03   2.2393840e-04   8.5405691e-04   4.2122198e-04   1.6841885e-03   8.2525307e-01  -4.9131271e-01   1.0000000e+00   1.3742664e-02
   1.0947251e-03   5.0014304e-04   1.3778991e-04   0.0000000e+00   4.2857203e-05   1.1040826e-04   9.7754923e-05   5.9207386e-04   2.7912907e-04   0.0000000e+00   5.1040610e-06   0.0000000e+00   7.4801488e-06   5.4898310e-04   1.9238010e-04   1.4809600e-04   3.0005421e-04   0.0000000e+00   3.1711917e-05   0.0000000e+00   8.0334033e-05   8.5853527e-04   2.0843844e-03   0.0000000e+00   0.0000000e+00   0.0000000e+00   2.5630193e-05   0.0000000e+00   1.6127394e-08   0.0000000e+00   1.0947251e-03   9.6872009e-01   1.0000000e+00   1.3605442e-02
   4.3785743e-01   0.0000000e+00   1.6406415e-03   1.4014715e-04   2.9890955e-05   1.2092632e-03   1.3974726e-04   1.0848364e-04   0.0000000e+00   5.0349710e-03   1.1133422e-04   1.0245849e-04   2.9690698e-04   0.0000000e+00   0.0000000e+00   2.4217679e-05   8.1933400e-04   1.5418037e-04   3.3427748e-03   3.8221977e-04   3.6104623e-06   3.2250332e-04   2.7335746e-04   1.4745241e-03   7.7907626e-05   6.5845397e-04   0.0000000e+00   5.6027054e-04   5.5463794e-04   1.0253150e-05   4.3785743e-01  -6.4460689e-02   1.0000000e+00   1.3560820e-02
   4.3882220e-01   0.0000000e+00   1.6533674e-03   1.3869695e-04   3.0717445e-05   1.1580433e-03   1.4668855e-04   1.2511069e-04   0.0000000e+00   4.7112359e-03   1.1307044e-04   8.1733516e-05   3.4075643e-04   1.1785875e-04   1.0747387e-05   6.0505386e-05   8.4562788e-04   1.5534580e-04   3.3424857e-03   3.5527558e-04   3.0787081e-06   4.5446909e-04   2.4874894e-04   1.4663070e-03   1.3394564e-04   7.3500709e-04   0.0000000e+00   5.2236218e-04   5.6451173e-04   5.0584992e-04   4.3882220e-01  -7.0736211e-02   1.0000000e+00   1.3507587e-02
   2.2934362e-01   6.7830164e-04   5.2654704e-04   0.0000000e+00   4.5852975e-05   3.0099826e-06   1.3261357e-04   5.0853850e-04   6.1041055e-05   1.1301703e-03   4.6588053e-05   1.3666807e-04   2.1603346e-06   9.8238996e-04   1.2742248e-04   2.5552539e-04   1.0243123e-03   7.7498476e-05   1.0108264e-03   8.4924641e-05   5.0132715e-05   7.2258543e-04   1.6698222e-03   0.0000000e+00   7.6900301e-05   1.8104984e-04   2.5956566e-04   4.8888726e-04   0.0000000e+00   2.7948731e-04   2.2934362e-01   3.4087161e-01   1.0000000e+00   1.3420309e-02
   2.0584232e-01   3.4165250e-04   1.0026122e-04   5.9270065e-05   1.9852219e-04   5.0019596e-04   2.0349219e-04   7.2629684e-04   0.0000000e+00   1.1310940e-04   4.2397197e-04   5.3391897e-04   2.9740043e-05   2.9631172e-03   9.1440545e-05   4.4688759e-04   0.0000000e+00   0.0000000e+00   2.9444830e-04   7.2466125e-04   5.6183445e-05   1.1277671e-03   1.5613804e-03   3.2951907e-03   3.8802370e-05   1.0765398e-03   6.2833582e-05   2.3427236e-05   5.9728135e-05   6.3098137e-04   2.0584232e-01   5.1249717e-01   1.0000000e+00   1.3323425e-02
   1.9932866e-01   1.6129894e-04   9.7759258e-05   2.5431374e-03   9.9405217e-05   0.0000000e+00   9.1223796e-05   9.0654290e-05   7.3420105e-05   0.0000000e+00   0.0000000e+00   4.6402470e-05   4.8063981e-06   2.8811531e-04   0.0000000e+00   0.0000000e+00   1.1014507e-04   1.6476250e-05   2.8358438e-03   0.0000000e+00   0.0000000e+00   6.2245027e-04   3.5531854e-03   5.1769778e-03   1.3106796e-04   8.9170954e-04   1.2303700e-03   1.0496886e-04   0.0000000e+00   1.3467440e-03   1.9932866e-01   5.6244805e-01   1.0000000e+00   1.3277927e-02
