   8.5152269e-01   1.7662914e-03   0.0000000e+00   2.8228625e-04   4.1983785e-05   7.9418374e-05   2.6660943e-03   4.9363610e-06   6.3605107e-04   5.8219568e-07   4.0154693e-04   2.6002555e-04   2.1787281e-04   1.6036977e-04   9.1638265e-04   3.2509815e-04   3.4129262e-04   1.1498491e-05   2.6941825e-04   1.0466170e-03   1.1500920e-04   1.0088038e-03   3.5683157e-05   1.7360473e-06   6.1703833e-05   0.0000000e+00   3.8000121e-04   0.0000000e+00   5.3373376e-04   3.5514510e-04   8.5152269e-01  -7.7133446e-01   1.0000000e+00             Inf
   0.0000000e+00   4.8083289e-05   1.2403258e-04   0.0000000e+00   2.8344215e-06   4.1809192e-04   1.0757328e-05   3.6373872e-04   1.3269127e-04   2.1202097e-05   1.3860512e-04   0.0000000e+00   0.0000000e+00   0.0000000e+00   1.0784965e-05   0.0000000e+00   7.0430201e-07   3.4131540e-05   3.3932598e-04   3.9878843e-06   6.2070050e-05   6.6470767e-04   1.5010285e-05   3.0622314e-06   1.2416671e-05   0.0000000e+00   2.9976322e-04   5.6678413e-06   2.0947809e-06   9.1733706e-05   0.0000000e+00   1.0008707e+00   1.0000000e+00             Inf
   4.0951299e-01   0.0000000e+00   8.6118117e-04   7.9964741e-05   9.1958668e-07   3.1280426e-04   5.4798401e-04   0.0000000e+00   0.0000000e+00   1.8345594e-03   2.0423279e-04   1.6432505e-04   8.4242743e-06   3.2701350e-05   8.8142052e-04   1.1829024e-03   4.3998585e-04   1.6809419e-05   4.8434433e-05   3.0896408e-04   0.0000000e+00   4.5880961e-04   5.9536177e-03   2.3616413e-03   2.5477183e-05   0.0000000e+00   1.1137480e-04   1.3475958e-06   0.0000000e+00   1.2155400e-03   4.0951299e-01   2.4309621e-01   1.0000000e+00   2.3803865e-01
   8.2346484e-01   7.7829426e-04   1.3266542e-03   1.9761574e-04   3.4309605e-05   4.0953576e-05   2.6530800e-04   9.4453671e-05   1.4654800e-05   5.6932757e-04   9.2252761e-04   2.4925502e-04   0.0000000e+00   2.7528825e-03   1.7885221e-04   2.1664241e-03   1.0847616e-03   1.3936179e-05   2.1842332e-04   1.2609541e-03   2.2283315e-03   0.0000000e+00   2.5799796e-03   1.4168942e-03   3.6880313e-04   1.0246329e-03   1.0404416e-03   5.2650418e-06   3.5079096e-04   4.1282392e-03   8.2346484e-01  -4.5668040e-01   1.0000000e+00   2.0813637e-01
   6.5209681e-01   3.0137293e-04   8.2136328e-04   2.1626946e-04   2.7059420e-06   7.1989283e-06   0.0000000e+00   3.2640671e-05   1.1669856e-05   1.4500012e-03   5.6961949e-05   8.6937995e-04   1.0979204e-06   1.6400048e-04   7.9137211e-04   1.0453060e-03   5.6608284e-04   1.4644502e-05   5.4801788e-05   4.0975981e-04   0.0000000e+00   5.6309526e-04   2.6309770e-03   1.7403392e-03   1.6249212e-05   1.7477844e-04   7.1177504e-05   2.5996562e-06   8.6194138e-05   1.1375027e-03   6.5209681e-01  -4.5575609e-01   1.0000000e+00   2.0576940e-01
   6.1841203e-01   5.4985020e-04   1.0620642e-03   2.2585193e-04   2.9195009e-06   6.7699650e-05   6.3869301e-06   5.6948238e-05   1.1103987e-05   1.7921500e-03   2.1702832e-05   7.8463122e-04   9.5891887e-07   1.4693308e-04   8.8772273e-04   9.6860616e-04   4.5989755e-04   1.5815957e-05   8.1032778e-05   3.7727600e-04   0.0000000e+00   6.1969798e-04   2.7433077e-03   1.8026258e-03   2.1134042e-05   1.6670677e-04   0.0000000e+00   1.7948571e-06   8.2987604e-05   1.2033048e-03   6.1841203e-01  -1.2181557e-01   1.0000000e+00   1.9881388e-01
   4.5416125e-01   0.0000000e+00   8.0705515e-04   1.0882340e-04   0.0000000e+00   0.0000000e+00   8.7878383e-05   3.1538657e-05   5.4465039e-06   1.4673595e-03   1.9799983e-04   1.2951436e-04   0.0000000e+00   0.0000000e+00   5.5541943e-04   1.4002305e-03   5.3111446e-04   1.3918431e-05   5.4500690e-05   2.0781137e-04   0.0000000e+00   4.0334166e-04   3.2766033e-03   2.1638449e-03   1.6849811e-05   1.5837824e-05   9.8492535e-05   0.0000000e+00   3.0433707e-05   9.0233068e-04   4.5416125e-01  -1.2162607e-01   1.0000000e+00   1.9601280e-01
   2.5721212e-01   0.0000000e+00   5.7920540e-05   0.0000000e+00   0.0000000e+00   2.8159048e-04   9.9778615e-05   5.5779998e-04   0.0000000e+00   3.1050396e-04   2.3068221e-04   4.6569960e-04   1.2259250e-06   3.4715231e-06   0.0000000e+00   2.8887376e-05   1.0635249e-04   6.9346807e-05   1.9292627e-04   8.9106672e-05   1.0125435e-04   8.4244858e-04   0.0000000e+00   0.0000000e+00   1.4592152e-06   1.1034770e-03   3.6628872e-04   9.6469039e-07   5.8201451e-05   0.0000000e+00   2.5721212e-01   2.4335231e-01   1.0000000e+00   1.8220921e-01
   1.8259779e-01   2.8113572e-04   1.0175848e-03   0.0000000e+00   1.2333124e-05   7.8627008e-05   1.8852967e-04   0.0000000e+00   2.7621818e-05   1.0612876e-04   8.5246644e-04   1.2560410e-04   0.0000000e+00   0.0000000e+00   0.0000000e+00   9.6844767e-04   2.9687488e-04   1.1701703e-05   2.0962653e-04   0.0000000e+00   0.0000000e+00   8.6902584e-04   3.7430020e-05   3.4907280e-03   0.0000000e+00   0.0000000e+00   1.2042782e-04   0.0000000e+00   5.0165818e-05   8.4239799e-04   1.8259779e-01   6.6995370e-01   1.0000000e+00   1.2315258e-01
   8.4331013e-02   1.2984642e-04   3.3442014e-05   3.5397518e-05   0.0000000e+00   2.4245689e-04   0.0000000e+00   2.8795855e-04   1.3701850e-04   0.0000000e+00   1.5196096e-04   0.0000000e+00   3.3125222e-06   7.7002792e-05   0.0000000e+00   1.8070533e-04   1.5387439e-04   5.5866703e-05   2.5771028e-04   5.6452592e-04   1.6436474e-04   4.7050811e-04   0.0000000e+00   0.0000000e+00   1.0757494e-05   1.0836016e-03   3.1200508e-04   3.2324604e-06   0.0000000e+00   0.0000000e+00   8.4331013e-02   6.7090139e-01   1.0000000e+00   1.1975858e-01
   4.1641693e-01   9.0012716e-05   7.3075465e-04   2.2566974e-04   1.7631159e-07   0.0000000e+00   1.2112974e-04   2.8997521e-05   3.3398736e-04   1.1387558e-03   9.9785078e-05   8.5032349e-04   2.5411177e-07   1.2806668e-03   9.9828350e-04   5.0701191e-04   2.4212995e-03   3.2287118e-06   2.8997342e-05   6.6278655e-04   4.9728340e-06   4.8193109e-04   2.7024232e-03   2.5771642e-03   4.9126106e-05   3.4105551e-05   7.7179080e-05   1.0772204e-06   2.9454279e-05   1.2339673e-03   4.1641693e-01   1.5283906e-01   1.0000000e+00   6.2706714e-02
   1.6953240e-02   2.0178785e-05   1.9541900e-04   0.0000000e+00   0.0000000e+00   2.4939938e-04   2.0574971e-05   2.6008064e-04   1.3482161e-04   9.3459301e-05   1.6297613e-04   1.4076007e-05   0.0000000e+00   0.0000000e+00   0.0000000e+00   2.8958071e-04   2.4262783e-04   3.4652825e-05   2.8332142e-04   1.1900832e-04   5.8488149e-05   6.4524520e-04   0.0000000e+00   0.0000000e+00   1.2310791e-05   1.9159853e-03   2.6286693e-04   5.2610822e-06   4.5067596e-07   0.0000000e+00   1.6953240e-02   8.6264371e-01   1.0000000e+00   4.3009067e-02
   2.7214027e-02   1.5614634e-03   2.8016149e-04   1.4403708e-05   2.6361659e-06   2.7218740e-04   7.9825099e-04   1.8235773e-04   1.0870201e-04   9.8543779e-04   1.4080780e-04   0.0000000e+00   2.8410418e-05   8.4575128e-06   0.0000000e+00   6.3885805e-04   6.1904409e-04   3.9811725e-05   4.3263539e-04   0.0000000e+00   0.0000000e+00   8.2142360e-04   4.5929970e-04   6.9983061e-04   6.5007210e-06   1.3608934e-03   4.7248922e-04   1.2104124e-05   5.0734643e-04   0.0000000e+00   2.7214027e-02   8.1747598e-01   1.0000000e+00   4.1111384e-02
   8.3025071e-01   1.1539302e-03   2.7606625e-04   3.5949282e-04   4.9523110e-05   1.1674533e-04   3.9080433e-03   0.0000000e+00   8.4096004e-04   1.1646823e-04   2.1804591e-04   6.6067338e-05   2.7748937e-04   1.1415987e-03   8.0856261e-04   3.2623612e-04   9.6145985e-04   5.3371787e-06   2.5416704e-04   8.2640005e-04   9.2418385e-05   9.0336970e-04   8.6291785e-04   0.0000000e+00   8.8034500e-05   0.0000000e+00   5.8872593e-04   0.0000000e+00   5.3483786e-04   0.0000000e+00   8.3025071e-01  -5.8419163e-01   1.0000000e+00   3.7004813e-02
   2.3109839e-01   1.7431220e-08   2.8296728e-04   5.3943324e-05   4.1883713e-07   1.8648946e-04   3.7357702e-04   1.6372220e-04   2.7340430e-04   1.9882009e-04   0.0000000e+00   6.2258391e-05   3.1868198e-05   1.4956024e-04   4.5695944e-05   0.0000000e+00   8.1899328e-04   3.3329990e-05   2.0127455e-04   1.2168929e-05   0.0000000e+00   8.0502365e-04   1.5260010e-10   8.4541312e-04   0.0000000e+00   9.1111290e-04   0.0000000e+00   0.0000000e+00   3.8203632e-06   2.1604684e-04   2.3109839e-01   3.2907234e-01   1.0000000e+00   3.5755745e-02
   6.2107216e-01   1.2545337e-03   3.8861720e-04   6.8004405e-05   5.1266249e-05   0.0000000e+00   8.2738003e-04   7.2592826e-05   0.0000000e+00   1.4563232e-03   1.8752030e-03   6.5115236e-04   5.4091998e-06   7.7041958e-03   2.1373204e-04   3.0904177e-03   8.9168443e-04   1.4679272e-05   3.8884682e-04   3.0794983e-04   2.7351886e-04   0.0000000e+00   2.3235221e-03   7.1680484e-04   0.0000000e+00   8.8139193e-05   2.0727975e-03   1.0078911e-05   3.2770524e-04   4.5974910e-03   6.2107216e-01  -1.6426396e-01   1.0000000e+00   3.4827997e-02
   1.9038992e-01   9.6202023e-08   1.6550828e-06   1.0467843e-05   1.2450360e-06   2.0071764e-04   8.3423108e-05   2.1151130e-04   2.1919022e-04   0.0000000e+00   7.7120568e-05   7.2154308e-05   4.1421275e-04   5.5976779e-04   1.6432756e-04   1.1395788e-04   0.0000000e+00   7.9906474e-05   2.3446474e-04   3.8972773e-06   3.8616739e-05   8.6943928e-04   2.0311036e-03   7.7020296e-06   1.4931389e-06   6.5924161e-04   5.4101609e-04   4.3191490e-06   1.7499486e-05   1.9886968e-04   1.9038992e-01   6.2192879e-01   1.0000000e+00   3.3944488e-02
   3.4550262e-02   3.8533191e-04   1.3866556e-04   5.7860554e-06   0.0000000e+00   1.1836687e-04   1.6034763e-03   1.3840010e-04   0.0000000e+00   2.0196233e-03   2.4720847e-04   3.0441751e-05   4.7963634e-07   1.2657147e-03   4.5216327e-06   0.0000000e+00   3.5194108e-04   1.8593904e-05   0.0000000e+00   1.7756026e-04   1.0823850e-03   1.1925113e-03   0.0000000e+00   5.2607139e-04   0.0000000e+00   2.3293298e-03   0.0000000e+00   1.8192171e-05   1.0838570e-04   8.6926209e-04   3.4550262e-02   7.8711952e-01   1.0000000e+00   3.3569482e-02
   4.9812558e-03   1.8028745e-04   1.8030414e-04   1.6393728e-06   2.5865772e-06   2.7406055e-04   0.0000000e+00   1.8203471e-04   8.5778258e-05   0.0000000e+00   1.4862008e-04   0.0000000e+00   3.7117236e-06   2.8205614e-05   2.5704000e-06   0.0000000e+00   4.6847921e-05   3.6973283e-05   3.3893993e-04   7.9255093e-06   5.9296845e-05   7.1534554e-04   1.5441431e-05   6.8604578e-05   8.9142334e-06   9.0473678e-04   3.0371779e-04   2.6633313e-06   0.0000000e+00   1.1883708e-04   4.9812558e-03   9.2975881e-01   1.0000000e+00   3.2455682e-02
   2.0032202e-01   8.8855740e-05   7.4984978e-05   0.0000000e+00   1.6826995e-05   2.6368169e-04   0.0000000e+00   2.5088292e-04   1.4620807e-04   5.9552009e-05   2.3258532e-05   7.4751042e-05   1.2014260e-04   2.3078517e-04   6.2127528e-05   8.0055834e-05   0.0000000e+00   4.3919726e-05   3.8190510e-04   9.7182779e-05   5.7087370e-05   7.3281441e-04   3.4089215e-05   3.7654957e-04   1.4198835e-05   5.7339420e-04   2.7215478e-04   4.6484314e-06   0.0000000e+00   1.1308550e-03   2.0032202e-01   5.5165542e-01   1.0000000e+00   3.2239414e-02
   2.2696059e-01   1.0957597e-04   0.0000000e+00   2.5289145e-06   7.9614491e-06   2.6431098e-04   0.0000000e+00   1.9317241e-04   1.8394723e-04   1.7955239e-04   2.4277809e-07   9.1718933e-05   2.5908195e-05   3.2792247e-04   0.0000000e+00   2.8540278e-04   4.4236080e-05   3.4982713e-05   4.9172541e-04   1.6726329e-04   4.5852401e-05   7.1990466e-04   5.2986235e-04   3.9755433e-04   3.7581529e-05   6.5297131e-04   2.2532935e-04   5.2363415e-06   2.8888719e-05   8.4165887e-04   2.2696059e-01   3.5493048e-01   1.0000000e+00   3.1213471e-02
   4.8795991e-02   1.3748250e-04   1.5256936e-04   2.4129178e-05   1.1157763e-05   2.9292041e-04   3.1323102e-06   1.9282304e-04   1.1719576e-04   1.4455351e-04   1.3231917e-04   0.0000000e+00   5.8851691e-06   5.2240831e-05   0.0000000e+00   0.0000000e+00   1.5210900e-04   4.6319761e-05   3.4427607e-04   6.8173563e-04   0.0000000e+00   5.6450918e-04   0.0000000e+00   1.6162824e-04   0.0000000e+00   1.0831957e-03   3.1661336e-04   3.2694309e-06   9.2617333e-05   7.8838555e-04   4.8795991e-02   7.3185951e-01   1.0000000e+00   2.9804249e-02
   6.3900035e-01   4.8308112e-04   7.1503942e-04   2.2897284e-04   1.5852379e-05   0.0000000e+00   3.2430750e-04   7.6937024e-05   2.6908831e-04   2.8542207e-03   8.7586757e-06   1.0240692e-03   1.0206539e-05   1.6606675e-04   9.6457017e-04   1.0408588e-03   4.6699078e-04   1.2361198e-05   2.2027451e-05   9.5901019e-04   2.2947112e-05   6.0009859e-04   4.6938381e-03   1.9991651e-03   1.5287012e-05   7.5618460e-05   1.1997663e-04   3.5724675e-06   0.0000000e+00   9.3096808e-04   6.3900035e-01  -3.9722449e-01   1.0000000e+00   2.9600022e-02
   3.9888973e-02   1.2237011e-04   1.7178611e-04   1.5061235e-05   0.0000000e+00   2.7772587e-04   0.0000000e+00   1.6958407e-04   1.2238935e-04   1.4782837e-05   1.3250269e-04   1.3521039e-05   0.0000000e+00   1.3610879e-04   2.5535818e-07   2.7290498e-05   1.4215767e-04   4.6193214e-05   2.9852520e-04   4.4682080e-04   6.5074141e-05   4.8423731e-04   5.2706555e-05   1.5032825e-05   1.0788582e-05   9.9087602e-04   6.6744026e-04   2.3159411e-06   1.3106742e-07   9.3835684e-05   3.9888973e-02   7.6364691e-01   1.0000000e+00   2.9288080e-02
   8.3245040e-01   1.3851214e-03   2.1760946e-04   2.2753448e-04   5.6582385e-05   6.3392235e-05   2.8135799e-03   1.0780937e-05   6.3555779e-04   0.0000000e+00   3.9136666e-04   2.4472884e-04   2.7195464e-04   1.7350553e-04   9.2928825e-04   0.0000000e+00   3.4830535e-04   1.1137447e-05   2.7046890e-04   1.3055970e-03   1.1803007e-04   1.1618217e-03   0.0000000e+00   0.0000000e+00   5.1572327e-05   0.0000000e+00   4.2409692e-04   0.0000000e+00   4.9768487e-04   2.8648385e-04   8.3245040e-01  -6.1947992e-01   1.0000000e+00   2.8359840e-02
   1.9460183e-01   0.0000000e+00   2.1080886e-04   0.0000000e+00   1.2435078e-05   2.8134207e-04   0.0000000e+00   2.3143318e-04   8.6665450e-05   0.0000000e+00   8.4153862e-05   0.0000000e+00   1.8503891e-05   2.2356787e-04   3.9506846e-05   2.2765994e-04   7.7782805e-05   3.9515051e-05   3.8889134e-04   8.1219513e-06   9.4922167e-05   6.8222995e-04   5.1427997e-04   3.2576827e-04   1.2235381e-05   4.5960561e-04   2.4638743e-04   5.1150162e-06   1.0654822e-05   8.1805901e-04   1.9460183e-01   5.9294099e-01   1.0000000e+00   2.7949186e-02
   2.1845754e-01   8.6206068e-05   0.0000000e+00   0.0000000e+00   1.2082595e-05   2.4678260e-04   0.0000000e+00   2.1301666e-04   1.6993883e-04   1.9797320e-04   4.3204151e-05   1.1502532e-04   2.5616322e-05   3.1575365e-04   2.0201793e-05   9.0535623e-05   2.2273546e-04   3.9019637e-05   5.2696106e-04   8.6815067e-05   4.7966653e-05   6.9548974e-04   3.5878672e-04   3.3302631e-04   1.2875525e-05   5.0351857e-04   1.8440611e-04   4.7232867e-06   9.9506637e-07   0.0000000e+00   2.1845754e-01   4.1399415e-01   1.0000000e+00   2.7776579e-02
   6.1895727e-01   4.3221777e-04   8.1990906e-04   2.1972045e-04   1.5128447e-05   2.5241568e-09   1.2881579e-05   7.5666556e-05   2.8449308e-04   2.5244895e-03   2.6002963e-05   1.2194670e-03   2.3103152e-08   1.6237321e-04   9.6497422e-04   1.3523923e-03   5.3862464e-04   1.2537410e-05   0.0000000e+00   9.8347365e-04   1.4538201e-05   6.1022593e-04   3.2145654e-03   1.1357343e-03   1.7621231e-05   1.0586770e-04   9.8883741e-05   2.2131617e-06   7.6957851e-06   9.0105151e-04   6.1895727e-01  -1.3098845e-01   1.0000000e+00   2.7076269e-02
   6.4097938e-01   7.0577553e-05   7.4290822e-04   1.3986738e-04   1.8736386e-05   1.6056769e-06   0.0000000e+00   3.1618951e-05   2.7534605e-04   1.5227636e-03   4.9049669e-05   1.3411254e-03   0.0000000e+00   1.2846411e-06   5.4901810e-04   1.0307205e-03   6.2470389e-04   1.4743333e-05   0.0000000e+00   3.4509976e-04   3.7564986e-05   5.8396079e-04   2.5682772e-03   1.7876609e-03   1.0981835e-05   1.5954852e-04   0.0000000e+00   2.6547530e-06   3.6301550e-06   1.4185148e-03   6.4097938e-01  -4.1354144e-01   1.0000000e+00   2.6498767e-02
   6.2334065e-01   1.1770602e-03   4.2818906e-04   7.3882096e-05   7.4045053e-05   2.7911537e-07   8.3492681e-04   6.7381391e-05   0.0000000e+00   1.4562789e-03   1.9847160e-03   6.6587099e-04   5.4544100e-06   7.2426971e-03   2.3473801e-04   2.6606997e-03   8.5156483e-04   1.4675235e-05   3.5251779e-04   3.0088245e-04   4.3474204e-04   0.0000000e+00   2.3545237e-03   7.0052025e-04   1.4566402e-06   9.1118137e-05   2.0421083e-03   1.0644658e-05   3.3094746e-04   5.1806876e-03   6.2334065e-01  -2.0115897e-01   1.0000000e+00   2.6154049e-02
   7.9472011e-03   0.0000000e+00   6.3416618e-05   0.0000000e+00   7.1605856e-07   1.6840310e-05   1.5078694e-04   0.0000000e+00   1.5545381e-05   5.2764869e-05   1.1655462e-04   7.9199535e-05   2.4803512e-06   1.1672559e-04   1.5822288e-05   0.0000000e+00   1.3145077e-06   4.5014517e-05   1.5394573e-04   1.1277910e-05   6.8739570e-05   8.7580550e-04   2.6414652e-05   2.8575670e-06   8.0533262e-07   3.0415692e-03   2.9660255e-04   2.5321905e-06   3.5422462e-05   1.7104021e-04   7.9472011e-03   9.1047988e-01   1.0000000e+00   2.6131972e-02
   4.2579741e-01   4.3834454e-04   8.9982915e-04   2.0158500e-05   1.1741869e-05   7.8867271e-05   2.7813067e-04   4.4453368e-05   3.5310539e-05   0.0000000e+00   3.8880918e-04   0.0000000e+00   2.1817970e-04   1.2722307e-03   2.2946220e-04   3.8702049e-04   1.9270693e-04   1.2569669e-05   3.0455220e-05   6.5854155e-05   9.9395427e-04   1.1859105e-04   3.1040860e-03   3.0675151e-03   0.0000000e+00   0.0000000e+00   5.8964056e-04   3.8181553e-07   1.6937570e-04   2.4457765e-03   4.2579741e-01   4.2094612e-02   1.0000000e+00   2.5711510e-02
   6.1891206e-04   3.9696198e-04   1.0065865e-05   0.0000000e+00   1.3007066e-06   2.6292048e-04   6.4993430e-05   1.8355503e-04   2.2461422e-05   2.3294356e-05   1.5543586e-04   6.7449252e-05   4.9909114e-07   6.7026328e-07   0.0000000e+00   2.4739835e-05   0.0000000e+00   3.8914954e-05   2.2161236e-04   9.3105632e-06   2.9136365e-04   8.5395225e-04   2.1170075e-06   1.2033277e-05   1.6399828e-06   1.1672622e-03   3.1860198e-04   4.0199537e-06   0.0000000e+00   3.4739286e-05   6.1891206e-04   9.7638804e-01   1.0000000e+00   2.4985134e-02
   5.6287964e-02   2.4303592e-04   1.3051366e-03   0.0000000e+00   0.0000000e+00   5.3928618e-04   7.0956651e-05   4.2454230e-05   2.1327580e-05   7.7323555e-05   3.4760058e-04   2.9826828e-04   1.5518555e-07   0.0000000e+00   0.0000000e+00   4.6716721e-05   1.2501576e-05   8.0735193e-05   2.2740571e-04   2.0240051e-04   5.9015451e-05   9.6135320e-04   2.3780373e-03   2.4763171e-04   0.0000000e+00   8.4799203e-04   3.3948870e-04   1.1714350e-06   2.4512676e-04   0.0000000e+00   5.6287964e-02   7.0990712e-01   1.0000000e+00   2.4962746e-02
   4.2052837e-01   2.4751338e-04   6.1486680e-04   1.2291489e-04   2.9134884e-06   1.9607468e-06   1.0495106e-04   0.0000000e+00   5.0813426e-05   1.2622392e-03   1.8612035e-04   9.9526270e-04   6.9008300e-07   0.0000000e+00   8.1663837e-04   1.4100463e-03   4.2129108e-04   1.5120686e-05   0.0000000e+00   3.6583459e-04   3.4330599e-05   3.8689716e-04   3.1250836e-03   1.2892377e-03   1.8240696e-06   2.0572487e-04   1.2390986e-04   0.0000000e+00   1.1679864e-04   1.3029522e-03   4.2052837e-01   1.0149594e-01   1.0000000e+00   2.4568245e-02
   1.0572321e-02   0.0000000e+00   4.7841261e-05   0.0000000e+00   7.9742104e-07   1.3731100e-04   2.3817501e-04   1.2922765e-04   2.4956434e-05   6.1313358e-05   1.2244960e-04   7.1379130e-05   8.9571022e-07   1.5880554e-04   1.2989159e-05   0.0000000e+00   2.6266980e-06   4.9444069e-05   1.8023649e-04   1.4138406e-05   6.3287200e-05   8.4224253e-04   1.4561065e-05   2.0237977e-06   1.6194184e-06   1.8887469e-03   2.9948172e-04   3.1509166e-06   3.2928831e-05   1.9489103e-04   1.0572321e-02   8.9508383e-01   1.0000000e+00   2.4488427e-02
   2.0773814e-01   0.0000000e+00   2.8258453e-06   0.0000000e+00   4.2249418e-06   1.0604620e-04   3.2726028e-03   1.4769292e-04   0.0000000e+00   2.7826085e-03   3.8764076e-04   6.2296738e-05   1.1303919e-04   3.2444044e-04   9.9456064e-05   5.7081258e-04   0.0000000e+00   0.0000000e+00   4.9796550e-05   9.9055344e-04   1.3952800e-04   8.7136303e-04   0.0000000e+00   6.8540208e-04   4.7597091e-09   7.5740562e-03   2.9855731e-04   1.0116361e-05   8.8888217e-06   2.5035357e-03   2.0773814e-01   4.9924742e-01   1.0000000e+00   2.4184996e-02
   4.2317415e-01   6.3639000e-04   6.4124635e-04   1.3826634e-04   1.9731095e-06   9.4960347e-05   1.0521491e-04   0.0000000e+00   4.2248428e-05   1.0572696e-03   1.7700991e-04   1.1381957e-03   8.3062133e-07   4.1460413e-07   6.7181532e-04   1.3895366e-03   3.9168805e-04   5.1522625e-06   1.6476811e-05   2.9332805e-04   4.2556672e-05   5.0803416e-04   3.0514361e-03   1.2947061e-03   1.8202215e-06   1.0293498e-04   0.0000000e+00   0.0000000e+00   1.2347443e-04   9.3381725e-04   4.2317415e-01   7.0593406e-02   1.0000000e+00   2.3861652e-02
   6.2220406e-01   6.0352863e-04   1.1073278e-03   2.2519892e-04   2.7853839e-06   7.2274090e-05   2.8398072e-05   6.1277298e-05   1.1371978e-05   1.6027691e-03   0.0000000e+00   9.0239656e-04   9.6039024e-07   0.0000000e+00   7.9691923e-04   1.1223350e-03   0.0000000e+00   1.7105699e-05   6.2484812e-05   3.3470719e-04   0.0000000e+00   4.5174818e-04   2.7529681e-03   1.7876704e-03   6.0165759e-05   3.2451810e-04   8.3845637e-05   1.3364286e-06   0.0000000e+00   9.7777385e-04   6.2220406e-01  -1.8595353e-01   1.0000000e+00   2.3482741e-02
   6.3609301e-01   8.8873993e-04   1.0770348e-03   2.1649354e-04   3.3529878e-06   6.3331664e-05   4.4040657e-06   6.5160399e-05   7.4856875e-06   1.8239235e-03   2.6889513e-05   8.5384611e-04   0.0000000e+00   0.0000000e+00   8.7339089e-04   9.7961760e-04   3.7894870e-04   1.4707480e-05   7.9519837e-05   3.9692076e-04   0.0000000e+00   6.1315499e-04   2.5088540e-03   1.8032162e-03   2.1382058e-05   1.6144249e-04   4.1437574e-05   1.2928421e-06   8.1918413e-05   1.1721065e-03   6.3609301e-01  -3.7125374e-01   1.0000000e+00   2.3040943e-02
   2.9447641e-02   0.0000000e+00   5.2883247e-06   1.0006531e-05   1.2604441e-06   1.5738724e-04   0.0000000e+00   2.2006893e-04   1.6873573e-04   4.0634867e-04   0.0000000e+00   5.8856694e-05   4.7692411e-04   4.2316586e-04   2.4751674e-04   9.4867910e-05   2.2835103e-05   8.5867217e-05   1.9117228e-04   1.4888116e-04   8.3160877e-05   8.7371191e-04   2.3256313e-04   1.2503754e-04   3.3641285e-07   3.7863918e-04   4.4905969e-04   3.1436110e-06   0.0000000e+00   4.8222903e-04   2.9447641e-02   8.0639425e-01   1.0000000e+00   2.2169914e-02
   8.3603071e-01   1.7790902e-03   0.0000000e+00   3.2533423e-04   4.2655178e-05   7.1544280e-05   4.6735276e-03   2.3082163e-05   6.3474021e-04   2.0633625e-04   9.2599662e-06   2.1125056e-04   1.6444334e-04   2.3541680e-04   8.6467730e-04   3.9967320e-05   2.8572850e-04   1.1614989e-05   6.0037184e-04   1.0084220e-03   1.9296603e-04   1.0767277e-03   3.7618185e-04   0.0000000e+00   2.4295546e-05   1.8285324e-05   4.8294557e-04   0.0000000e+00   4.1679242e-04   6.2062716e-04   8.3603071e-01  -6.6872588e-01   1.0000000e+00   2.2100989e-02
   4.2900965e-01   0.0000000e+00   9.7703795e-04   1.1273559e-04   0.0000000e+00   0.0000000e+00   8.0159158e-05   1.9146268e-05   0.0000000e+00   1.3649249e-03   1.8041168e-04   1.3886750e-04   3.3038249e-05   2.0540716e-05   7.8594597e-04   1.5661377e-03   9.1044756e-04   1.2828995e-05   4.9738555e-05   2.7380108e-04   3.3874349e-05   4.3707339e-04   2.7413799e-03   2.2967913e-03   1.5758031e-05   6.4314073e-08   1.0937616e-04   1.3488947e-07   2.8221277e-05   5.8963412e-04   4.2900965e-01   8.6160525e-03   1.0000000e+00   2.1931262e-02
   2.0448818e-01   5.0032316e-05   0.0000000e+00   1.5570255e-05   7.0410846e-06   2.6698591e-04   1.6690164e-05   1.6429250e-04   1.5191948e-04   1.0015207e-04   2.8379680e-05   3.5828296e-04   2.0098780e-05   3.4835892e-04   1.6167311e-04   3.0352349e-05   0.0000000e+00   3.7279388e-05   6.4167361e-04   4.6474352e-05   4.6806284e-05   7.6083959e-04   6.9924535e-04   4.1431005e-04   1.2021006e-05   5.5281384e-04   2.4227880e-04   4.9494281e-06   1.8738637e-05   8.9586575e-04   2.0448818e-01   5.2052250e-01   1.0000000e+00   2.1090009e-02
   4.3069195e-01   0.0000000e+00   9.9002881e-04   0.0000000e+00   4.8442585e-06   0.0000000e+00   7.3003597e-05   1.3510502e-05   0.0000000e+00   1.0776910e-03   1.8330857e-04   1.7579220e-04   2.9983971e-04   2.6269121e-04   7.2504595e-04   4.1564367e-04   3.1661470e-04   2.0679446e-05   1.3204861e-04   2.5907096e-04   1.3422383e-04   9.1946586e-05   4.9325682e-03   2.6855263e-03   1.9261599e-05   3.3229344e-06   2.2878921e-06   3.7173059e-06   4.1891934e-05   1.0373764e-02   4.3069195e-01  -5.2790860e-03   1.0000000e+00   2.1040377e-02
   2.0795704e-03   1.0561645e-06   4.1870214e-07   1.5970878e-08   1.5110384e-06   2.2277493e-04   1.6261183e-04   1.2166080e-04   3.6886556e-05   7.2266195e-04   6.3373137e-05   6.7861989e-05   4.0135716e-06   3.6530330e-04   1.7846871e-05   0.0000000e+00   0.0000000e+00   4.9775884e-05   1.6886648e-04   8.0614959e-05   2.0007838e-05   8.4711071e-04   3.4708675e-08   0.0000000e+00   1.8888979e-06   1.7584665e-03   2.8928587e-04   3.3858652e-06   1.8622768e-05   0.0000000e+00   2.0795704e-03   9.5578619e-01   1.0000000e+00   2.0990888e-02
   1.3633318e-02   0.0000000e+00   7.2143634e-05   0.0000000e+00   7.2638090e-07   9.2040809e-05   1.0000640e-04   1.0800046e-04   6.0898472e-06   3.4581161e-05   1.1288490e-04   8.0737821e-05   1.2239401e-06   9.1702981e-05   7.8312192e-06   0.0000000e+00   1.7841200e-05   5.1061707e-05   1.6174819e-04   1.8877117e-05   8.1869751e-05   8.9152085e-04   2.0016613e-05   2.1338031e-06   9.5362958e-07   2.1692646e-03   2.4461518e-04   3.2502187e-06   4.0411640e-05   1.7221222e-04   1.3633318e-02   8.7891542e-01   1.0000000e+00   2.0326083e-02
   4.1902114e-01   0.0000000e+00   9.4057691e-04   9.0898756e-05   0.0000000e+00   3.2212250e-05   1.4164427e-04   0.0000000e+00   0.0000000e+00   1.5802877e-03   1.9793293e-04   1.4015368e-04   1.3287022e-06   1.5644860e-05   8.9436614e-04   1.2491854e-03   4.9736666e-04   4.3407388e-06   1.5516254e-04   1.2302669e-04   0.0000000e+00   4.0996005e-04   3.6471865e-03   2.4870351e-03   1.6741071e-05   1.6191465e-05   9.3645649e-05   0.0000000e+00   3.0995253e-05   1.1497802e-03   4.1902114e-01   1.1984906e-01   1.0000000e+00   2.0193417e-02
   2.2083561e-01   9.0169630e-05   0.0000000e+00   0.0000000e+00   1.2140698e-05   2.4978407e-04   0.0000000e+00   2.1366841e-04   1.6739048e-04   1.9815431e-04   4.5862574e-05   1.1386576e-04   2.5429886e-05   3.1680850e-04   1.4503524e-05   1.3391492e-04   1.9039315e-04   3.8509050e-05   5.2548709e-04   8.7482036e-05   4.8104879e-05   6.9249374e-04   3.8148580e-04   3.3854604e-04   9.0705969e-06   5.0250670e-04   1.9264344e-04   4.8558671e-06   1.1146543e-05   0.0000000e+00   2.2083561e-01   3.9671307e-01   1.0000000e+00   1.9914456e-02
   4.9310554e-02   0.0000000e+00   8.8047894e-06   1.1293783e-05   1.6147698e-06   2.0406112e-04   0.0000000e+00   1.8327319e-04   2.0549253e-04   4.5732571e-04   1.8001314e-05   6.4430549e-05   3.6896591e-04   3.4025656e-04   1.6449662e-04   8.2213900e-05   0.0000000e+00   7.5200977e-05   2.3827385e-04   0.0000000e+00   7.4199515e-05   8.2702351e-04   1.8940855e-04   2.1737387e-04   0.0000000e+00   6.3523550e-04   3.5833693e-04   3.0530580e-06   0.0000000e+00   2.8663600e-04   4.9310554e-02   7.3002485e-01   1.0000000e+00   1.9777867e-02
   4.3519481e-01   0.0000000e+00   8.5724881e-04   2.5985726e-04   4.9124706e-06   1.1016675e-05   1.5644180e-04   1.7136941e-05   4.8498219e-04   1.4568166e-03   1.2707524e-04   8.2021377e-04   6.9137730e-08   1.7910979e-03   8.5617923e-04   0.0000000e+00   3.0005084e-03   8.5106588e-06   1.6763863e-05   6.6275689e-04   4.8429504e-06   3.9676910e-04   2.7133543e-03   2.9232498e-03   8.4579436e-05   1.3024897e-06   0.0000000e+00   1.5067137e-06   0.0000000e+00   1.0241825e-03   4.3519481e-01  -4.4976500e-02   1.0000000e+00   1.9651080e-02
   2.3482631e-01   0.0000000e+00   8.0114457e-05   0.0000000e+00   3.9972826e-07   2.6551245e-04   1.7193009e-04   5.3103688e-04   2.1549700e-05   3.4418895e-04   2.5761182e-04   4.8068215e-04   0.0000000e+00   8.6751813e-06   0.0000000e+00   2.2532052e-06   1.2699563e-04   7.3861414e-05   1.9328918e-04   0.0000000e+00   1.0213615e-04   8.4283572e-04   0.0000000e+00   0.0000000e+00   0.0000000e+00   1.0317372e-03   3.6680722e-04   2.1998097e-06   7.1239048e-05   0.0000000e+00   2.3482631e-01   3.0793427e-01   1.0000000e+00   1.9647218e-02
   4.4179273e-01   3.7619421e-04   8.6848969e-04   2.0462974e-04   0.0000000e+00   0.0000000e+00   5.1867549e-05   9.9450770e-06   4.7429723e-04   1.1208369e-03   1.1251066e-04   1.3948874e-03   5.6833766e-07   1.2611395e-03   8.4550063e-04   0.0000000e+00   3.3301881e-03   4.0533318e-06   0.0000000e+00   6.0263497e-04   2.1013671e-06   4.4825502e-04   2.6557136e-03   2.7503828e-03   4.3263234e-05   1.5237817e-04   1.2846717e-04   2.7271308e-06   1.5635626e-05   1.2334604e-03   4.4179273e-01  -8.8112410e-02   1.0000000e+00   1.9608683e-02
   1.9719908e-01   3.8651983e-04   0.0000000e+00   0.0000000e+00   1.8278198e-05   2.3399598e-04   0.0000000e+00   2.1214303e-04   2.7027117e-04   2.7605446e-04   9.0197543e-05   1.3835883e-04   0.0000000e+00   1.9572049e-03   0.0000000e+00   0.0000000e+00   2.0536401e-04   2.5274167e-05   5.0016842e-04   8.1025608e-05   9.1207787e-05   8.1820548e-04   6.8183736e-04   1.8422064e-04   1.0934335e-05   4.0762049e-04   9.0319561e-05   4.4581869e-06   2.5672684e-05   0.0000000e+00   1.9719908e-01   5.7487898e-01   1.0000000e+00   1.9157716e-02
   8.4563895e-01   1.9647790e-03   1.5372923e-03   4.2299456e-04   3.3905691e-05   3.9139935e-05   0.0000000e+00   1.1027451e-04   2.0109067e-04   3.2256620e-04   6.8986393e-04   1.1174031e-04   1.4847220e-06   2.0493029e-03   0.0000000e+00   4.3769271e-03   2.2616595e-03   1.1013925e-05   1.8963084e-04   1.4061398e-03   2.8781897e-03   0.0000000e+00   2.7736152e-03   1.6977012e-03   3.4506142e-04   1.4492471e-03   1.3118334e-03   1.3169700e-05   3.4731673e-04   4.7606307e-03   8.4563895e-01  -7.5204167e-01   1.0000000e+00   1.8987642e-02
   6.3206077e-01   5.0354960e-04   1.2569278e-03   2.2184350e-05   0.0000000e+00   8.1369531e-05   9.1211065e-04   0.0000000e+00   1.4574061e-04   0.0000000e+00   3.4690812e-05   4.1197556e-05   2.5061584e-04   3.7489811e-03   3.6739278e-04   0.0000000e+00   7.5777479e-04   8.7878005e-06   0.0000000e+00   0.0000000e+00   1.0624613e-04   2.6001015e-04   3.1354632e-03   2.7457305e-03   2.4860441e-05   0.0000000e+00   7.5714886e-04   5.2305529e-06   7.7151630e-05   1.5267817e-03   6.3206077e-01  -3.2619630e-01   1.0000000e+00   1.8700285e-02
   4.4567528e-01   3.9181351e-05   1.0597677e-03   2.3490086e-05   1.0239010e-06   4.0401880e-05   7.1249309e-05   1.3610516e-05   0.0000000e+00   1.4302999e-03   1.7550369e-04   2.5743558e-04   2.5007938e-04   9.9070803e-05   6.8709206e-04   5.2826696e-04   5.8852503e-04   1.9457934e-05   1.2158502e-04   1.8184834e-04   2.3521246e-04   2.1707325e-04   5.3414854e-03   3.1278263e-03   1.6715601e-05   4.0223405e-05   4.8417670e-05   4.2621215e-06   4.8602700e-05   5.1624829e-03   4.4567528e-01  -1.0505421e-01   1.0000000e+00   1.8642695e-02
   3.9136717e-02   0.0000000e+00   0.0000000e+00   2.1586000e-05   5.6177915e-08   6.5314052e-04   1.5995413e-05   1.8150804e-04   0.0000000e+00   4.4477056e-04   2.6809554e-04   3.8714804e-05   0.0000000e+00   2.2414700e-05   4.6201681e-05   1.3210385e-04   1.3892662e-04   3.6785240e-05   1.7157276e-04   1.3589678e-05   8.7114752e-05   9.7208430e-04   1.9980515e-04   1.1744095e-04   2.1372404e-06   2.4253585e-03   3.0266414e-04   2.6946327e-06   1.1729877e-05   4.7363535e-05   3.9136717e-02   7.6706733e-01   1.0000000e+00   1.8623128e-02
   6.4415419e-01   3.1098040e-04   8.3065276e-04   2.0389060e-04   2.6864851e-06   1.5931626e-05   0.0000000e+00   3.2696725e-05   1.6903885e-06   1.5010367e-03   4.7028659e-05   8.4331733e-04   1.0893237e-06   1.5968834e-04   7.9135663e-04   1.0548436e-03   5.6172369e-04   1.4685286e-05   4.2388004e-05   3.9356456e-04   1.0904968e-05   5.4287380e-04   2.6107324e-03   1.7310679e-03   2.0315188e-05   1.7412267e-04   6.9105659e-05   2.1918235e-06   8.2017245e-05   1.1481217e-03   6.4415419e-01  -4.3345946e-01   1.0000000e+00   1.8618370e-02
   6.2481558e-01   3.6543011e-04   9.3172646e-04   0.0000000e+00   4.4773627e-06   7.8261883e-05   2.6565254e-04   8.6782011e-05   1.3359501e-04   8.4092034e-05   2.5249752e-04   0.0000000e+00   2.3397764e-04   1.4970680e-03   2.8746663e-04   2.1936838e-04   8.2387841e-04   1.1806609e-05   0.0000000e+00   0.0000000e+00   1.1659731e-04   5.2937092e-05   3.2151017e-03   3.0859865e-03   1.8871323e-05   6.7707754e-08   7.2896242e-04   4.2427901e-06   1.7342694e-04   2.3847078e-03   6.2481558e-01  -2.2686874e-01   1.0000000e+00   1.8048186e-02
   2.2224034e-01   8.1807634e-05   4.0792747e-06   2.4116430e-06   9.3381825e-06   1.9205759e-04   0.0000000e+00   2.0973797e-04   1.6716788e-04   1.8712238e-04   6.0854181e-05   9.8905709e-05   2.6876602e-05   1.9787292e-04   2.9148133e-05   9.4740378e-05   1.7816865e-04   3.9422303e-05   5.3638027e-04   1.0214403e-04   5.0701085e-05   7.2748121e-04   1.7551284e-04   2.3877754e-04   1.1980799e-05   5.6925771e-04   0.0000000e+00   5.2633286e-06   8.5275690e-07   0.0000000e+00   2.2224034e-01   3.8657448e-01   1.0000000e+00   1.8012490e-02
   4.1806228e-01   0.0000000e+00   8.1146305e-04   3.2722485e-04   0.0000000e+00   2.4062618e-07   1.2905705e-04   2.3306033e-05   2.3457041e-04   9.9577013e-04   9.3359998e-05   8.6252979e-04   1.5844572e-07   9.4957334e-04   1.0005983e-03   0.0000000e+00   2.9754201e-03   6.8534080e-06   2.4906517e-05   6.7263261e-04   4.1819957e-06   4.4001188e-04   2.6954133e-03   2.7158630e-03   5.0351739e-05   0.0000000e+00   6.4277352e-05   1.0871838e-06   1.3925825e-06   1.2276342e-03   4.1806228e-01   1.3215035e-01   1.0000000e+00   1.8003860e-02
   6.2952117e-01   3.2769892e-04   8.9468188e-04   0.0000000e+00   9.1247287e-06   6.2650479e-05   2.4648256e-04   1.0094044e-04   1.5443625e-04   0.0000000e+00   3.1158450e-04   1.6275568e-05   2.3020134e-04   6.4299828e-04   1.1749610e-03   0.0000000e+00   0.0000000e+00   1.4860385e-05   3.1147063e-05   0.0000000e+00   2.2119354e-04   1.1345127e-04   3.3811232e-03   3.1411303e-03   0.0000000e+00   0.0000000e+00   1.0658305e-03   4.4379090e-06   1.9780342e-04   1.8509015e-03   6.2952117e-01  -2.9443397e-01   1.0000000e+00   1.7847436e-02
   4.3236656e-01   1.0486043e-04   7.9204894e-04   1.9968195e-04   0.0000000e+00   7.9595427e-07   1.1788533e-04   2.2000265e-05   3.1044779e-04   1.0330295e-03   7.2879613e-05   1.3345970e-03   1.4773070e-07   1.2311543e-03   1.1181181e-03   0.0000000e+00   2.4695034e-03   7.4928710e-06   2.5845068e-05   5.9474725e-04   1.0854008e-06   4.3240966e-04   2.8189594e-03   2.8884408e-03   7.0063997e-05   4.1196785e-07   7.7814641e-05   2.4267877e-06   2.3206149e-05   1.3446990e-03   4.3236656e-01  -2.1685346e-02   1.0000000e+00   1.7818508e-02
   8.5047056e-01   9.0652287e-04   1.2786260e-03   2.5151483e-04   2.7445945e-05   8.4350575e-05   1.2328669e-05   2.3520192e-04   2.3488143e-04   5.3374984e-04   1.2308430e-03   2.3716167e-04   1.4918081e-06   2.0636515e-03   1.2728679e-04   4.6154203e-03   2.0061989e-03   0.0000000e+00   1.9714382e-04   1.1617024e-03   4.3867560e-03   2.6573366e-04   2.2750420e-03   2.3137632e-03   3.6462788e-04   2.0203987e-03   1.2158739e-03   8.0838091e-06   2.8648668e-04   4.8218145e-03   8.5047056e-01  -7.6702861e-01   1.0000000e+00   1.7795978e-02
   8.3876316e-01   3.0515080e-03   0.0000000e+00   3.3485345e-04   4.5041453e-05   8.0904333e-05   2.6537618e-03   4.6208505e-05   8.6672183e-04   0.0000000e+00   4.1697634e-04   2.7682234e-04   3.1890559e-04   2.0770262e-04   7.2386898e-04   1.6613264e-06   2.7775449e-04   6.8511311e-06   1.8542832e-04   1.0953041e-03   1.0362691e-04   1.2881537e-03   1.9983015e-04   5.9515639e-05   6.9753719e-05   0.0000000e+00   3.9068622e-04   3.2680091e-09   5.6157149e-04   5.2211704e-04   8.3876316e-01  -7.0055917e-01   1.0000000e+00   1.7632087e-02
   8.3478010e-01   1.9562050e-03   4.1954229e-04   3.0884045e-04   4.3987526e-05   1.2274392e-04   4.5065949e-03   4.2376364e-07   8.5331193e-04   3.1411574e-04   3.5548424e-04   0.0000000e+00   2.6716546e-04   3.3294381e-04   8.6188539e-04   0.0000000e+00   8.5819858e-04   1.0667291e-05   1.9702335e-04   9.7587597e-04   5.5131547e-05   9.3472268e-04   9.7382728e-04   6.0889188e-04   6.2415214e-05   2.8966112e-04   3.6922392e-04   6.8095681e-07   4.6565444e-04   7.2924312e-04   8.3478010e-01  -6.5197398e-01   1.0000000e+00   1.7550736e-02
   2.0323726e-01   1.2763465e-04   2.8078708e-04   7.6887353e-05   4.4182185e-07   7.4395707e-04   7.9289979e-05   9.5986622e-05   0.0000000e+00   2.1060681e-04   3.0991089e-04   4.6260254e-04   2.0428629e-07   0.0000000e+00   7.3517093e-05   0.0000000e+00   0.0000000e+00   1.0938384e-04   2.3640765e-04   0.0000000e+00   9.7824280e-05   7.4559471e-04   1.6211733e-03   2.8448053e-04   1.7469321e-05   1.3016826e-03   3.3388515e-04   4.1135824e-06   1.1986431e-04   0.0000000e+00   2.0323726e-01   5.3031090e-01   1.0000000e+00   1.7191432e-02
   4.3814698e-01   7.3478433e-06   1.0757538e-03   0.0000000e+00   4.2129450e-06   3.5059475e-05   7.8140373e-05   1.6379053e-05   2.9441631e-06   5.7351086e-04   1.8848327e-04   0.0000000e+00   2.3505956e-04   9.1095468e-05   6.7428263e-04   2.2380681e-04   5.3317204e-04   2.0408338e-05   1.3363925e-04   2.3474289e-04   1.1768639e-04   3.1541001e-04   4.6895786e-03   3.4665355e-03   1.4210725e-05   0.0000000e+00   0.0000000e+00   3.6350702e-06   2.8414962e-05   4.3400961e-03   4.3814698e-01  -6.6492299e-02   1.0000000e+00   1.6817633e-02
   2.1572254e-01   2.8878875e-04   1.3753135e-03   1.9923605e-06   0.0000000e+00   4.0872317e-04   0.0000000e+00   7.9402710e-05   7.9372240e-05   9.3089528e-05   3.3690113e-04   2.0749467e-04   0.0000000e+00   1.0166623e-04   0.0000000e+00   0.0000000e+00   2.4415681e-04   1.2191884e-04   2.4093387e-04   9.5832530e-05   6.5296276e-05   1.1069925e-03   1.9508671e-03   5.3103994e-05   7.0480066e-06   1.0451264e-03   3.2577887e-04   1.4343184e-06   2.0396621e-04   8.3679304e-05   2.1572254e-01   4.3529743e-01   1.0000000e+00   1.6785629e-02
   6.9599438e-02   0.0000000e+00   0.0000000e+00   0.0000000e+00   0.0000000e+00   2.3961037e-04   1.6656940e-04   1.5171120e-04   3.0874157e-04   0.0000000e+00   5.1690133e-05   6.7212043e-05   4.8461764e-04   5.1890897e-04   1.6941010e-04   9.5631617e-05   5.0504666e-05   8.2235448e-05   2.9107313e-04   1.8230189e-04   7.4008841e-05   8.2983023e-04   1.3349948e-04   1.5671170e-04   0.0000000e+00   6.4108216e-04   4.6482528e-04   5.8285567e-06   0.0000000e+00   0.0000000e+00   6.9599438e-02   6.8075733e-01   1.0000000e+00   1.6767701e-02
   8.2392455e-01   3.2634592e-04   8.8617928e-04   2.0618163e-04   1.4291428e-05   7.0289400e-05   0.0000000e+00   7.8183621e-05   2.3129605e-04   1.1950690e-03   7.4122772e-05   1.0377374e-03   0.0000000e+00   4.3845096e-05   1.6272938e-03   2.6690952e-03   1.3222502e-03   1.5001452e-05   1.9970959e-05   7.2418526e-04   0.0000000e+00   4.3737437e-04   5.3878182e-03   1.4667404e-03   1.4662727e-05   0.0000000e+00   6.1796197e-05   2.7089862e-06   1.6556951e-05   1.4430576e-03   8.2392455e-01  -4.6700529e-01   1.0000000e+00   1.6723208e-02
   8.2499606e-01   5.1353300e-04   8.5001443e-04   1.4252998e-04   6.6783709e-05   1.1458916e-05   2.2404204e-03   2.1000888e-04   5.1318160e-04   2.8536711e-03   2.1030101e-03   2.3796838e-03   2.8765036e-04   2.2999003e-03   3.7672297e-03   8.6692684e-03   3.8132759e-03   4.7630403e-06   3.4131960e-04   4.2135624e-03   1.1499062e-04   1.3227828e-04   7.4923751e-03   1.8267910e-03   4.6530761e-04   9.1121722e-04   3.2316042e-03   6.9816205e-06   1.1246562e-04   1.4973261e-04   8.2499606e-01  -4.8313057e-01   1.0000000e+00   1.6703712e-02
   4.4051746e-01   2.0954538e-06   1.0450350e-03   7.4526570e-05   4.4570206e-07   3.2038109e-04   1.5382779e-04   0.0000000e+00   6.0091471e-06   2.0649228e-03   1.8677306e-04   1.2485270e-04   8.4582993e-06   2.7225294e-05   6.4002409e-04   1.4013243e-03   4.9360269e-04   2.5140293e-05   6.6117207e-05   3.4496429e-04   2.9316567e-05   4.7104840e-04   6.2826126e-03   3.1758352e-03   4.0857891e-05   0.0000000e+00   9.8754657e-05   1.7910980e-06   1.6665527e-05   1.1684685e-03   4.4051746e-01  -8.1038145e-02   1.0000000e+00   1.6481001e-02
   4.3345594e-01   2.5881885e-05   8.0727391e-04   2.2245499e-04   0.0000000e+00   6.5890130e-07   1.0611251e-04   1.6056914e-05   2.5592153e-04   9.4267841e-04   1.1099584e-04   8.8186184e-04   1.8753781e-07   1.1942366e-03   1.0259261e-03   1.2828224e-04   2.6445682e-03   7.7975864e-06   2.8406199e-05   6.3136696e-04   0.0000000e+00   4.4398131e-04   2.7226781e-03   3.0746956e-03   6.5435730e-05   1.9480995e-05   7.6671572e-05   9.0537677e-07   2.7408017e-05   1.2667957e-03   4.3345594e-01  -3.1104682e-02   1.0000000e+00   1.6463875e-02
   6.3357955e-01   3.3735383e-04   7.3239029e-04   1.8412718e-04   1.5254511e-05   0.0000000e+00   0.0000000e+00   6.0559535e-05   2.7806771e-04   1.8616062e-03   5.0535286e-05   1.2833452e-03   0.0000000e+00   3.7684250e-05   7.6937009e-04   1.3217718e-03   6.2481529e-04   1.2332824e-05   0.0000000e+00   6.6766511e-04   0.0000000e+00   6.1837618e-04   3.9588158e-03   1.6553211e-03   1.4816190e-05   9.3126638e-05   5.2135597e-05   2.7040954e-06   1.8878435e-05   9.7769446e-04   6.3357955e-01  -3.4418481e-01   1.0000000e+00   1.6390694e-02
   4.2724706e-01   2.8020774e-04   1.2723464e-03   1.0675638e-04   3.4888939e-06   4.0366519e-06   9.9268002e-05   7.4107853e-05   5.8626902e-05   1.1706106e-03   1.8697307e-04   7.8377145e-04   5.1646537e-07   0.0000000e+00   6.7080956e-04   1.4569461e-03   4.5398808e-04   1.8460152e-05   0.0000000e+00   4.0130817e-04   3.5592847e-05   3.5776645e-04   2.6946019e-03   1.1738158e-03   2.6763373e-06   2.8554683e-04   1.2054018e-04   1.1851071e-07   9.7426328e-05   1.2289230e-03   4.2724706e-01   2.6418029e-02   1.0000000e+00   1.6113392e-02
   8.2901479e-01   1.0342013e-03   1.2390719e-03   3.8696270e-04   3.7243252e-05   5.4701258e-05   0.0000000e+00   1.0496479e-04   2.2893535e-04   5.6854079e-04   1.2556148e-03   3.1592375e-04   0.0000000e+00   2.0467790e-03   8.2704861e-05   2.6743314e-03   2.1467912e-03   1.1009367e-05   2.0618253e-04   1.1305870e-03   2.6126344e-03   0.0000000e+00   2.6700411e-03   1.4529595e-03   3.2863185e-04   1.9132508e-03   1.2561007e-03   1.3225836e-05   3.4826427e-04   3.8589981e-03   8.2901479e-01  -5.6105005e-01   1.0000000e+00   1.5838163e-02
   8.2523870e-01   2.1747551e-03   0.0000000e+00   3.2568707e-04   5.1651321e-05   7.2847966e-05   4.2367664e-03   0.0000000e+00   6.0285779e-04   4.8745414e-04   1.9180693e-05   3.2489686e-04   1.6747924e-04   0.0000000e+00   8.9809629e-04   3.9538130e-05   1.7251145e-04   1.1730529e-05   6.6972998e-04   9.3270428e-04   2.0260866e-04   1.3290474e-03   3.0480628e-04   3.6293352e-04   3.8884871e-05   2.6204788e-05   5.1999576e-04   7.6054828e-07   4.4916458e-04   0.0000000e+00   8.2523870e-01  -4.9387266e-01   1.0000000e+00   1.5658344e-02
   4.3702731e-01   2.1033930e-06   1.0342192e-03   7.7622037e-05   4.5382518e-07   3.2142798e-04   1.5280157e-04   0.0000000e+00   6.0093497e-06   2.0679326e-03   1.8703299e-04   1.2552151e-04   8.1650826e-06   2.6665785e-05   6.6803336e-04   1.3984030e-03   4.9345900e-04   2.5236208e-05   6.1232202e-05   3.2427762e-04   1.9763483e-05   4.7341024e-04   6.2866016e-03   3.2530689e-03   4.2248439e-05   0.0000000e+00   9.8998072e-05   1.7888573e-06   1.7713907e-05   1.1771102e-03   4.3702731e-01  -5.8497616e-02   1.0000000e+00   1.5607616e-02
   8.4038919e-01   1.2490465e-03   1.3595051e-03   2.4955318e-04   3.5179595e-05   9.6614891e-06   8.3707936e-05   1.0017044e-04   1.1717054e-05   0.0000000e+00   7.8035548e-04   2.0271811e-04   2.5889680e-06   3.9739498e-03   1.9289176e-04   7.0528784e-03   1.7732160e-03   8.7027629e-06   1.9919278e-04   9.5121121e-04   1.7689814e-03   0.0000000e+00   2.4026934e-03   1.2816360e-03   4.3050591e-04   1.7377420e-03   1.2424102e-03   5.7937795e-06   7.8580549e-04   4.7711167e-03   8.4038919e-01  -7.1359834e-01   1.0000000e+00   1.5240533e-02
   8.3402165e-01   3.6646069e-04   8.0291789e-04   2.6012320e-04   1.1961798e-05   8.9911611e-05   1.3263963e-05   8.1066664e-05   2.7255835e-04   2.5072426e-03   1.0594805e-04   8.2120762e-04   1.7746438e-08   1.5133965e-04   9.8474185e-04   1.5457768e-03   4.7299268e-04   8.4631717e-06   8.4565036e-06   9.2456434e-04   2.0364097e-05   6.0242301e-04   3.4012308e-03   8.3343952e-04   2.2598040e-05   0.0000000e+00   3.8639166e-05   2.2883540e-06   8.8696034e-06   9.0229292e-04   8.3402165e-01  -6.4180366e-01   1.0000000e+00   1.5206791e-02
   2.0902263e-01   6.1890328e-05   1.2942214e-04   3.7121926e-06   0.0000000e+00   0.0000000e+00   7.8649963e-04   1.5131255e-04   6.2530726e-05   1.0188337e-03   0.0000000e+00   0.0000000e+00   0.0000000e+00   2.8232891e-04   0.0000000e+00   2.0749249e-03   2.5031145e-04   2.6695395e-05   7.7317953e-05   0.0000000e+00   3.5308620e-04   5.7181004e-04   7.0714797e-04   6.1871025e-04   5.7041170e-05   2.0303425e-03   5.1061011e-04   9.2680725e-06   0.0000000e+00   1.6877663e-03   2.0902263e-01   4.8709893e-01   1.0000000e+00   1.4962502e-02
   8.3312281e-01   1.6531534e-03   0.0000000e+00   3.1592814e-04   4.1262644e-05   1.0804205e-04   8.4938027e-03   2.0234152e-05   6.2384472e-04   1.5256703e-04   1.7833039e-04   2.1098998e-04   1.1884837e-04   4.9823679e-04   7.6787072e-04   4.1474632e-04   1.8543708e-04   1.9239673e-05   6.3221155e-04   1.0004435e-03   4.9573634e-04   9.8465080e-04   0.0000000e+00   0.0000000e+00   0.0000000e+00   0.0000000e+00   5.0318143e-04   0.0000000e+00   4.3758847e-04   3.8405442e-06   8.3312281e-01  -6.2847361e-01   1.0000000e+00   1.4441820e-02
   6.3057888e-01   2.6232783e-04   1.1571740e-03   0.0000000e+00   0.0000000e+00   7.7196567e-05   9.1327587e-04   2.3812607e-05   1.4974193e-04   1.2738464e-04   2.1924939e-04   0.0000000e+00   2.3737104e-04   1.2399885e-03   4.7283568e-04   2.0641523e-04   7.9197099e-04   1.2166811e-05   4.1437740e-06   1.1316828e-05   1.2249995e-04   2.6992382e-04   3.3024063e-03   3.1422283e-03   1.6999602e-05   0.0000000e+00   7.2973450e-04   5.5393688e-06   8.8556624e-05   2.1160403e-03   6.3057888e-01  -3.0795461e-01   1.0000000e+00   1.4051048e-02
   8.4166630e-01   2.7827312e-03   0.0000000e+00   3.3522317e-04   3.5788526e-05   7.9168861e-05   2.7108727e-03   4.5986298e-05   7.2867252e-04   1.6688605e-04   4.0163438e-04   3.0084669e-04   4.3202138e-04   2.1650247e-04   9.2880494e-04   3.0253809e-04   2.5233471e-04   1.0909148e-05   1.3188634e-04   1.0407495e-03   0.0000000e+00   1.0339400e-03   7.7461234e-05   0.0000000e+00   5.7821986e-05   1.2704540e-06   3.6610447e-04   1.3424977e-07   5.3029499e-04   4.3269200e-06   8.4166630e-01  -7.2822698e-01   1.0000000e+00   1.3961425e-02
   6.3537244e-01   0.0000000e+00   5.5989405e-04   1.1705796e-04   4.3241019e-06   1.6475596e-05   0.0000000e+00   2.8838206e-05   1.9612778e-05   1.7445290e-03   2.9203428e-04   9.9618332e-04   1.1269490e-06   1.9873965e-04   1.4834746e-03   7.8253385e-04   5.9783669e-04   1.4419581e-05   6.2936416e-05   1.5953013e-04   5.4572460e-05   1.0477526e-03   2.6557262e-03   1.7402257e-03   3.8937666e-05   8.4547027e-04   6.0514304e-05   3.1907518e-06   8.6103319e-05   4.0395406e-04   6.3537244e-01  -3.6394168e-01   1.0000000e+00   1.3769148e-02
   4.1685913e-01   1.8984482e-05   7.9868158e-04   2.2376587e-04   5.9219643e-09   0.0000000e+00   1.2702536e-04   2.3561875e-05   3.2388692e-04   1.0573591e-03   1.0917866e-04   8.5756038e-04   1.3630755e-07   1.4258472e-03   1.0059362e-03   0.0000000e+00   2.7942162e-03   2.7403724e-06   2.8082935e-05   6.5450677e-04   1.5807665e-06   4.5270351e-04   2.7073166e-03   2.7063616e-03   5.1782043e-05   1.5080075e-06   7.6910693e-05   1.0874501e-06   1.6041661e-05   1.2285920e-03   4.1685913e-01   1.4725598e-01   1.0000000e+00   1.3606237e-02
   1.6905921e-03   3.6268474e-06   3.7472796e-05   0.0000000e+00   1.0459444e-06   4.1289173e-05   1.5792448e-04   1.4532212e-04   2.2871392e-05   5.4562887e-05   1.2471304e-04   6.3147178e-05   1.9813530e-06   1.5710939e-04   1.1395588e-05   1.1997309e-06   0.0000000e+00   4.9741941e-05   7.1389962e-05   3.0927523e-05   6.3234971e-05   8.4291147e-04   2.5428303e-05   2.1759734e-06   1.8487003e-06   1.8825441e-03   3.0000098e-04   3.1132550e-06   3.7814618e-05   1.9771390e-04   1.6905921e-03   9.6011038e-01   1.0000000e+00   1.3340333e-02
   6.3418030e-01   3.4857693e-04   7.4371925e-04   1.8682555e-04   1.5342543e-05   0.0000000e+00   0.0000000e+00   6.2121789e-05   2.7817754e-04   1.7776614e-03   4.7163892e-05   1.2874454e-03   0.0000000e+00   3.8012553e-05   7.6616068e-04   1.3293314e-03   6.9498220e-04   1.2325757e-05   0.0000000e+00   5.8882295e-04   0.0000000e+00   6.1852389e-04   4.3386153e-03   1.6433517e-03   1.4732874e-05   1.0245921e-04   5.3245809e-05   2.6111689e-06   1.8530457e-05   9.7145049e-04   6.3418030e-01  -3.5083276e-01   1.0000000e+00   1.3253693e-02
   8.4356244e-01   1.3563021e-03   1.7243011e-04   3.9829458e-04   3.7285506e-05   7.2933889e-05   5.1602420e-03   2.5034589e-05   6.6561863e-04   2.3947140e-04   1.0757538e-05   2.0826784e-04   6.2269343e-05   5.2489731e-06   1.0585349e-03   4.0326450e-05   2.5568274e-04   1.1441614e-05   8.3843220e-04   1.0462598e-03   3.3052091e-04   1.2703633e-03   4.2259842e-04   0.0000000e+00   2.5209502e-05   1.6936705e-05   4.9203345e-04   1.2964388e-06   3.2394358e-04   3.5474366e-04   8.4356244e-01  -7.4232267e-01   1.0000000e+00   1.3246333e-02
   1.5571222e-02   1.6035416e-04   8.3957217e-05   7.7279206e-05   3.9873014e-07   2.2095510e-04   5.0182001e-07   3.0118078e-04   1.4880084e-04   2.6522558e-04   1.4164696e-04   0.0000000e+00   3.3635253e-06   7.0777175e-05   0.0000000e+00   4.4762424e-04   1.1266428e-04   5.2330281e-05   2.6185685e-04   5.5758641e-04   1.6722207e-04   4.9146871e-04   0.0000000e+00   0.0000000e+00   1.0681857e-05   1.5619287e-03   2.4417400e-04   2.9986304e-06   1.3282723e-06   0.0000000e+00   1.5571222e-02   8.6946565e-01   1.0000000e+00   1.3080425e-02
   1.8769337e-01   8.6204045e-05   7.7028082e-05   0.0000000e+00   1.6894228e-05   2.6622191e-04   0.0000000e+00   2.3803836e-04   1.5866043e-04   0.0000000e+00   4.1259846e-05   7.5293421e-05   2.7167877e-05   1.9403917e-04   2.4442039e-05   7.9990071e-05   0.0000000e+00   3.6739320e-05   4.3538824e-04   7.9066086e-05   4.5774762e-05   7.3167112e-04   3.4205387e-06   4.2616428e-04   1.2604382e-05   5.7584958e-04   1.9795634e-04   4.6882419e-06   0.0000000e+00   1.0312262e-03   1.8769337e-01   6.3871956e-01   1.0000000e+00   1.3041158e-02
   1.8414444e-01   0.0000000e+00   4.3606154e-07   8.7122747e-06   1.1319569e-05   2.6520756e-04   4.0003624e-05   1.6839923e-04   1.5234963e-04   9.2254183e-05   3.7955624e-05   3.8921961e-04   2.0183336e-05   3.6266354e-04   1.7892270e-04   3.0924997e-05   3.9797365e-05   3.8752650e-05   6.6825856e-04   0.0000000e+00   4.1955579e-05   6.6068398e-04   9.6707510e-04   3.9966530e-04   1.1993557e-05   5.2707865e-04   1.8924376e-04   4.6636101e-06   1.5043053e-05   9.3158175e-04   1.8414444e-01   6.6038334e-01   1.0000000e+00   1.3036947e-02
   2.1496067e-01   0.0000000e+00   0.0000000e+00   0.0000000e+00   4.2288114e-06   1.1468105e-04   3.5699690e-03   2.0786928e-04   0.0000000e+00   2.5873351e-03   4.0636852e-04   1.8041796e-05   1.3434108e-04   3.1999056e-04   8.5268853e-05   5.6596972e-04   1.8583698e-04   0.0000000e+00   4.9298721e-05   1.0025929e-03   1.2969795e-04   7.7494123e-04   0.0000000e+00   3.4832114e-04   0.0000000e+00   6.4630983e-03   3.7274889e-04   1.0066633e-05   9.0117818e-06   2.2399681e-03   2.1496067e-01   4.4368279e-01   1.0000000e+00   1.3027433e-02
   2.1230408e-01   1.0350207e-04   1.4289773e-05   0.0000000e+00   9.9854005e-06   2.8495183e-04   6.1830817e-06   2.9444588e-04   1.0759243e-04   1.5727948e-04   2.8285241e-05   0.0000000e+00   2.9805311e-05   3.7314813e-04   0.0000000e+00   6.6775240e-05   1.2289573e-05   4.0965794e-05   3.4075766e-04   3.2712831e-05   2.7021497e-06   7.6759808e-04   7.0769394e-04   4.7902533e-06   8.4894097e-06   6.6571169e-04   2.7424561e-04   5.3680627e-06   0.0000000e+00   7.0092720e-04   2.1230408e-01   4.6040291e-01   1.0000000e+00   1.2954325e-02
   4.2212173e-01   2.5173228e-04   6.1066882e-04   1.2351741e-04   2.7767846e-06   3.9645371e-07   1.0636794e-04   1.0827701e-06   4.3957715e-05   1.3736523e-03   1.8861423e-04   1.0008031e-03   1.6498751e-06   0.0000000e+00   8.0621462e-04   1.4136533e-03   4.1180125e-04   1.5471933e-05   0.0000000e+00   3.8246063e-04   3.4793256e-05   3.8735069e-04   3.1026178e-03   1.2865341e-03   3.0554676e-06   1.8705138e-04   1.2487205e-04   0.0000000e+00   1.1438084e-04   1.3025076e-03   4.2212173e-01   8.2762102e-02   1.0000000e+00   1.2875777e-02
   8.3742983e-01   2.1009108e-03   0.0000000e+00   3.4331660e-04   5.8857193e-05   7.2111264e-05   4.3719372e-03   2.2981234e-05   7.4834923e-04   3.1240646e-04   3.6645885e-06   2.7470929e-04   1.6816002e-04   0.0000000e+00   1.0082663e-03   3.9272454e-05   3.3303459e-04   1.1758769e-05   5.6223024e-04   1.1151900e-03   1.8580818e-04   1.2354498e-03   6.5510142e-04   0.0000000e+00   2.7360083e-05   2.0865158e-05   5.0488757e-04   8.4439810e-08   4.2867956e-04   0.0000000e+00   8.3742983e-01  -6.8562679e-01   1.0000000e+00   1.2806501e-02
   2.2458251e-01   1.0561241e-04   0.0000000e+00   2.7343677e-06   7.9033460e-06   2.6130952e-04   0.0000000e+00   1.9252067e-04   1.8649558e-04   1.7937128e-04   0.0000000e+00   9.2878494e-05   2.6094630e-05   3.2686762e-04   5.6982689e-06   2.4202348e-04   7.6578389e-05   3.5493300e-05   4.9319938e-04   1.6659632e-04   4.5714175e-05   7.2290067e-04   5.0716327e-04   3.9203460e-04   4.1386456e-05   6.5398318e-04   2.1709202e-04   5.1037612e-06   1.8737242e-05   1.0609584e-03   2.2458251e-01   3.7082805e-01   1.0000000e+00   1.2757084e-02
   2.1293841e-01   8.6689128e-05   8.9016182e-06   0.0000000e+00   9.2222641e-06   1.9511431e-04   0.0000000e+00   2.1264277e-04   1.7004287e-04   2.0190522e-04   4.1462821e-05   1.1117574e-04   2.0693356e-05   2.4133405e-04   2.9403491e-05   9.2370586e-05   2.0019973e-04   3.9326506e-05   4.7653333e-04   6.9223590e-05   5.0374681e-05   7.3459202e-04   2.2821939e-04   2.5381036e-04   1.2120627e-05   4.7617851e-04   1.5691576e-04   4.9452429e-06   9.8382432e-07   0.0000000e+00   2.1293841e-01   4.5534250e-01   1.0000000e+00   1.2554452e-02
