   8.5172627e-01   6.9085350e-05   8.8946629e-04   2.2068226e-03   1.0211650e-03   2.9108241e-04   2.6055038e-04   3.4803064e-04   1.3478717e-03   2.1932016e-03   4.9690665e-06   5.3493482e-04   7.6214456e-05   2.5285848e-04   8.5027829e-05   1.1601595e-03   6.4978993e-04   2.2337893e-03   6.9157832e-04   9.7066325e-04   6.5812233e-05   2.1746212e-05   8.4575493e-04   7.3794868e-08   1.6112441e-06   0.0000000e+00   0.0000000e+00   1.2620531e-04   4.8331032e-04   0.0000000e+00   8.5172627e-01  -7.7054786e-01   1.0000000e+00             Inf
   0.0000000e+00   9.7060672e-05   8.4855013e-06   0.0000000e+00   3.2618150e-05   6.1937244e-05   5.6564705e-04   4.0740360e-06   6.5181168e-07   0.0000000e+00   1.3182744e-05   6.8985552e-05   6.7092951e-05   2.5228956e-04   0.0000000e+00   1.0844351e-05   1.4901434e-04   0.0000000e+00   0.0000000e+00   0.0000000e+00   4.0647633e-04   2.9039946e-06   0.0000000e+00   1.6472088e-05   1.5905617e-04   4.0373744e-05   1.1791965e-04   0.0000000e+00   2.4942334e-04   2.0264577e-04   0.0000000e+00   1.0007843e+00   1.0000000e+00             Inf
   8.2364013e-01   5.1189520e-06   6.2044821e-04   1.7320842e-03   4.7753598e-04   1.0009914e-03   9.0571198e-06   0.0000000e+00   5.0108668e-03   1.5689934e-04   0.0000000e+00   1.0674141e-03   5.3490871e-04   1.0162198e-03   4.2572113e-04   1.6040615e-03   2.5688222e-05   3.2681966e-03   4.1527735e-03   2.8155115e-03   2.9601235e-06   6.0801080e-05   1.6414434e-03   1.0565995e-03   1.3706124e-04   2.0158487e-05   3.6382419e-03   6.5046852e-04   1.4706820e-04   1.5273485e-04   8.2364013e-01  -4.5920391e-01   1.0000000e+00   2.1921096e-01
   6.5249153e-01   5.9385068e-05   7.4219017e-04   1.9706171e-03   2.5425470e-05   7.7192027e-04   5.0237735e-04   7.6611783e-04   0.0000000e+00   1.6282199e-04   4.0689775e-08   1.2988130e-04   0.0000000e+00   2.1651988e-05   6.3363719e-05   5.1719622e-04   2.6528763e-04   1.7234791e-03   1.3281829e-04   6.7289939e-05   1.2086151e-04   4.2462043e-06   1.6235761e-03   7.6490028e-04   1.9037607e-04   0.0000000e+00   0.0000000e+00   1.5770124e-04   2.1613684e-04   0.0000000e+00   6.5249153e-01  -4.5622707e-01   1.0000000e+00   2.0536060e-01
   6.1851235e-01   5.8291278e-05   5.8697310e-04   1.9253067e-03   2.8521077e-05   8.8895718e-04   5.4148707e-04   6.0211787e-04   0.0000000e+00   9.5978806e-06   0.0000000e+00   2.8047682e-05   1.2553890e-05   7.5169363e-05   5.8409921e-05   4.9579704e-04   2.7433649e-04   1.8718632e-03   1.4183763e-06   1.9311465e-05   1.5040793e-04   0.0000000e+00   1.9839220e-03   3.8895832e-04   1.3749648e-04   1.0238435e-06   1.4896459e-05   1.2039584e-04   2.3248081e-04   6.4959964e-06   6.1851235e-01  -1.2425254e-01   1.0000000e+00   2.0126923e-01
   4.0942199e-01   7.5084237e-05   1.3717949e-03   1.7305918e-03   4.1474563e-04   2.4263803e-04   6.3453304e-04   1.6284550e-05   3.2796974e-03   7.6427724e-04   0.0000000e+00   1.1213719e-04   2.4439734e-06   7.1643986e-04   1.9863601e-05   4.5128099e-04   4.7608093e-05   2.6211526e-03   0.0000000e+00   1.0435499e-04   3.7381667e-04   1.0277719e-05   1.6758478e-04   6.8649037e-04   7.3955558e-05   0.0000000e+00   0.0000000e+00   4.6784967e-05   1.3146062e-04   0.0000000e+00   4.0942199e-01   2.4368835e-01   1.0000000e+00   1.9818780e-01
   4.5408697e-01   4.7214162e-05   6.4137217e-04   1.9223799e-03   0.0000000e+00   8.5620840e-04   6.0269610e-04   5.3892797e-04   0.0000000e+00   9.0414282e-06   1.6385465e-07   1.0608791e-04   0.0000000e+00   0.0000000e+00   0.0000000e+00   6.3624448e-04   3.0604383e-04   2.1141453e-03   7.9616732e-04   0.0000000e+00   1.1682299e-04   1.8526582e-06   2.2940431e-03   7.7755920e-05   1.2870950e-04   2.2526965e-06   0.0000000e+00   1.3015277e-04   2.6527287e-04   8.6868438e-06   4.5408697e-01  -1.2182033e-01   1.0000000e+00   1.9444271e-01
   2.5767497e-01   7.2802453e-05   9.5274442e-04   2.5086462e-03   1.8466057e-05   2.2462500e-04   5.3797330e-04   8.0652467e-05   7.4988701e-04   2.1055455e-04   2.8578351e-05   2.1270000e-04   9.4499696e-06   4.3019701e-04   5.8947384e-05   5.2638993e-04   3.0492770e-04   0.0000000e+00   1.3919205e-04   2.3503706e-04   2.6820690e-04   7.8733027e-06   4.4576683e-04   1.1740006e-04   1.0419398e-04   7.6285156e-06   8.8899452e-04   4.9509445e-04   0.0000000e+00   2.0835061e-04   2.5767497e-01   2.4444262e-01   1.0000000e+00   1.9068699e-01
   8.3086646e-02   9.4665533e-05   8.4590747e-05   0.0000000e+00   4.1435214e-05   4.8286913e-05   5.6779288e-04   0.0000000e+00   6.4295338e-07   0.0000000e+00   1.2181567e-05   7.8372073e-05   7.5575738e-05   2.4265450e-04   1.4306111e-05   6.8419562e-06   1.3615442e-04   0.0000000e+00   0.0000000e+00   2.5520802e-05   3.9491930e-04   3.6547767e-06   9.8254649e-04   1.7879196e-05   1.6281707e-04   4.1449166e-05   3.9553316e-04   2.4304616e-06   2.4812938e-04   1.5895827e-04   8.3086646e-02   6.7067205e-01   1.0000000e+00   1.2083702e-01
   1.8265885e-01   7.5674895e-05   1.3370945e-03   1.5082164e-03   1.2222431e-04   2.4678039e-04   5.2323779e-04   0.0000000e+00   2.9362052e-03   8.8687962e-04   0.0000000e+00   1.0529529e-04   2.8694786e-06   4.7679064e-04   2.4007810e-05   0.0000000e+00   1.3809340e-06   2.6194573e-03   0.0000000e+00   4.1816330e-04   4.6426949e-04   1.4220443e-05   3.7283090e-07   8.2187356e-04   7.1435103e-05   0.0000000e+00   3.0931928e-05   0.0000000e+00   3.7519807e-05   0.0000000e+00   1.8265885e-01   6.7038055e-01   1.0000000e+00   1.1968465e-01
   1.9509386e-01   7.6965678e-05   1.3574711e-03   1.4032122e-03   1.4627636e-04   2.6367094e-04   5.5068110e-04   0.0000000e+00   2.8208706e-03   8.5022128e-04   3.8105415e-07   1.0446699e-04   3.6719027e-05   3.3471024e-04   2.7303288e-05   1.4865224e-05   0.0000000e+00   2.9852460e-03   0.0000000e+00   4.1216761e-04   4.7244966e-04   1.1713114e-05   2.6653741e-04   7.5278316e-04   7.0370229e-05   1.8467459e-07   3.8757084e-05   0.0000000e+00   3.4008166e-05   6.7302061e-06   1.9509386e-01   5.9141052e-01   1.0000000e+00   5.0613028e-02
   2.0198549e-01   8.5753418e-05   1.3428425e-03   2.3667170e-03   1.1627990e-04   4.7777980e-04   4.0044638e-04   2.6800411e-04   2.2840664e-03   8.4172958e-04   1.0132797e-07   1.5104826e-04   0.0000000e+00   3.1020127e-04   1.9939327e-05   1.6125567e-04   4.9708796e-07   2.3804411e-03   7.6717217e-04   0.0000000e+00   4.3218066e-04   2.3951985e-05   0.0000000e+00   7.0928048e-04   7.5087792e-05   0.0000000e+00   3.7428582e-04   0.0000000e+00   4.0784188e-05   2.0353870e-06   2.0198549e-01   5.4126209e-01   1.0000000e+00   4.7214255e-02
   2.2647417e-01   1.3748379e-04   1.2070587e-03   1.4402435e-03   1.0416130e-05   5.1918382e-04   5.5029446e-04   2.0657347e-03   1.3894034e-04   9.8272370e-06   5.1567809e-06   5.7876979e-06   1.3527038e-06   3.2760955e-05   1.2392908e-04   6.8284335e-04   0.0000000e+00   1.6818874e-03   5.0900110e-04   6.9025871e-05   9.5679853e-05   1.8776393e-05   2.4896541e-04   1.9692229e-03   2.8862332e-05   7.6027241e-06   5.3446864e-05   2.3406787e-05   1.4052517e-03   6.3885389e-05   2.2647417e-01   3.5982396e-01   1.0000000e+00   4.6988270e-02
   4.2205639e-01   0.0000000e+00   3.0528295e-03   1.0408834e-03   1.5842028e-04   1.5584889e-04   4.0539302e-04   9.7227133e-04   1.4004431e-03   1.0577423e-06   1.2754382e-06   0.0000000e+00   8.9140518e-04   7.1877513e-04   9.7769819e-04   8.5911677e-04   1.2544128e-05   1.1162666e-02   1.5936953e-03   2.1173488e-05   9.8244380e-05   2.1305380e-05   1.4139141e-03   3.9295944e-03   2.2911315e-05   1.2408624e-05   2.0609126e-03   5.0374939e-07   1.7530898e-03   1.8305895e-03   4.2205639e-01   8.7989547e-02   1.0000000e+00   4.5060084e-02
   4.1740285e-01   4.1182954e-05   0.0000000e+00   1.9797220e-03   7.4202541e-06   1.0506854e-03   5.0865983e-04   4.4360249e-04   0.0000000e+00   0.0000000e+00   1.4661885e-07   0.0000000e+00   1.4121425e-04   0.0000000e+00   0.0000000e+00   4.9178142e-04   1.5322564e-04   2.3194177e-03   1.3370389e-03   0.0000000e+00   2.3772172e-04   0.0000000e+00   0.0000000e+00   7.2861214e-05   1.5299794e-04   2.2214755e-06   0.0000000e+00   2.2640013e-04   2.7775145e-04   1.1602367e-05   4.1740285e-01   1.3891486e-01   1.0000000e+00   4.4818191e-02
   6.3438593e-01   5.2470375e-05   1.0353845e-03   2.6896882e-03   7.1750113e-04   8.7189633e-05   1.8317875e-04   0.0000000e+00   1.2325638e-03   1.8295439e-03   1.0110309e-05   8.4175025e-05   4.3180415e-04   1.5593687e-04   6.4108820e-06   1.7057622e-03   7.5509124e-04   3.1421608e-03   1.6560423e-03   1.1678367e-03   9.3269407e-05   1.8462010e-05   1.9453401e-03   3.6243775e-05   1.4800377e-04   1.2032591e-06   3.5929168e-03   2.4650656e-04   9.9420599e-05   0.0000000e+00   6.3438593e-01  -3.5174093e-01   1.0000000e+00   3.7594216e-02
   1.9233535e-01   6.3420812e-05   9.4147595e-04   2.0665136e-03   1.3442664e-04   3.1860692e-04   6.7121955e-04   2.6655120e-04   2.2967049e-03   1.3189015e-03   1.4965034e-06   0.0000000e+00   2.7562756e-05   0.0000000e+00   1.2984978e-04   1.2161736e-04   9.2170840e-05   3.6817352e-03   7.9545091e-04   3.7312863e-04   3.8987190e-04   1.6911250e-05   0.0000000e+00   0.0000000e+00   8.2294941e-05   6.4209749e-07   5.7245111e-04   1.4677958e-04   9.2570659e-05   0.0000000e+00   1.9233535e-01   6.1084521e-01   1.0000000e+00   3.6958194e-02
   6.2202420e-01   5.4368078e-05   4.7688015e-04   1.9709600e-03   0.0000000e+00   2.7679328e-04   4.9878890e-04   6.5945869e-04   0.0000000e+00   4.9640245e-05   6.0204847e-07   0.0000000e+00   0.0000000e+00   3.2081940e-04   1.0719422e-04   1.9825576e-04   8.9693475e-05   2.1366704e-03   7.5030160e-04   3.5008498e-04   1.2316686e-04   2.5883878e-06   8.0958376e-04   5.2327240e-04   1.3284494e-04   0.0000000e+00   1.0794836e-04   1.6292344e-05   3.5103324e-04   1.1455757e-05   6.2202420e-01  -1.8365841e-01   1.0000000e+00   3.5922980e-02
   2.3240441e-01   2.1776670e-04   4.1785184e-04   0.0000000e+00   2.1624520e-04   4.9034107e-04   9.8758750e-05   7.7775565e-05   0.0000000e+00   1.2362674e-04   2.1902731e-05   0.0000000e+00   5.8188110e-05   1.4593883e-04   2.8759557e-05   5.5076944e-04   2.3395130e-05   7.5992166e-04   7.7528400e-04   2.7392218e-04   4.2522634e-04   4.9671615e-06   1.1833225e-05   0.0000000e+00   1.0539768e-04   4.4784926e-06   6.2684865e-04   5.6517109e-04   1.8202776e-04   2.6191288e-04   2.3240441e-01   3.2164857e-01   1.0000000e+00   3.4336971e-02
   6.3109741e-01   0.0000000e+00   2.8726951e-03   3.9062387e-03   2.0564834e-04   2.4956414e-03   1.0273780e-04   1.2347873e-03   1.7402206e-03   1.4302096e-06   7.9980416e-08   7.5905878e-04   1.1006209e-03   2.9225585e-03   2.1369425e-04   1.0978367e-03   9.0134985e-04   8.3835332e-04   3.0627394e-03   3.5982736e-03   1.6472325e-04   5.5365771e-05   9.1293133e-03   1.6950990e-03   1.0250475e-04   1.6446128e-05   8.2954086e-03   7.4153780e-04   7.3762271e-05   6.1845437e-05   6.3109741e-01  -3.0858123e-01   1.0000000e+00   3.3916685e-02
   8.4554302e-01   1.4621841e-05   1.7437323e-03   1.6555561e-03   2.0196727e-05   1.6286292e-03   1.3300552e-04   2.2022154e-03   3.9849771e-03   0.0000000e+00   9.7372509e-08   4.4681508e-04   7.6183586e-04   1.1410592e-03   5.6940062e-04   1.7122734e-03   3.5965937e-03   3.3375631e-03   1.0784168e-03   1.0626352e-03   1.5243803e-05   7.9463831e-05   1.6487681e-03   1.2240476e-03   1.6412637e-04   1.4705145e-04   4.6888588e-03   8.6968213e-05   0.0000000e+00   4.2400308e-04   8.4554302e-01  -7.5116157e-01   1.0000000e+00   3.2279274e-02
   6.1969144e-01   5.4121341e-05   5.3911847e-04   1.9593474e-03   4.9213881e-05   2.7374114e-04   5.0608100e-04   5.8363647e-04   0.0000000e+00   1.2664089e-05   1.4650399e-07   0.0000000e+00   0.0000000e+00   2.4464819e-04   1.2091839e-04   4.5684582e-04   1.7666457e-04   2.1373536e-03   7.4909498e-04   5.9415437e-05   1.2474842e-04   0.0000000e+00   1.0625870e-03   5.4471813e-04   1.2652613e-04   0.0000000e+00   0.0000000e+00   1.6037447e-05   2.9099020e-04   2.7217913e-05   6.1969144e-01  -1.4466872e-01   1.0000000e+00   3.0814044e-02
   8.2794591e-01   7.3642925e-05   7.0894740e-04   1.9286626e-03   2.3912191e-05   8.1600504e-04   5.2617834e-04   6.3225527e-04   0.0000000e+00   1.5325752e-05   1.4650963e-06   3.9123230e-05   1.2420389e-05   5.8915818e-05   5.4372964e-05   4.4132308e-04   2.8270596e-04   1.8779040e-03   0.0000000e+00   0.0000000e+00   1.4346211e-04   0.0000000e+00   1.7981214e-03   5.6690763e-04   1.3424716e-04   1.0563814e-06   2.1277404e-05   1.1326238e-04   2.1078324e-04   5.0603821e-06   8.2794591e-01  -5.4518581e-01   1.0000000e+00   3.0341878e-02
   6.4105860e-01   3.6904122e-05   2.1812870e-03   6.7001672e-04   0.0000000e+00   7.5472001e-04   1.0425079e-05   3.6093186e-04   4.4315647e-03   0.0000000e+00   4.8681438e-07   8.5710715e-04   9.1896322e-04   1.1711457e-03   3.1090702e-04   1.0846074e-03   4.2734778e-04   2.1198611e-03   3.8460586e-03   2.3879685e-03   4.7124752e-04   3.7819907e-05   6.0875054e-03   2.2614372e-03   8.8480396e-05   2.0201212e-05   5.6269636e-03   0.0000000e+00   1.1329216e-04   4.1275626e-05   6.4105860e-01  -4.0982240e-01   1.0000000e+00   2.9344598e-02
   6.4584402e-01   2.3921756e-05   2.4741271e-03   2.3009476e-04   2.0800986e-04   1.2465387e-03   1.1933808e-04   6.0404818e-04   2.1749640e-03   0.0000000e+00   0.0000000e+00   1.8128129e-03   7.2076837e-04   4.5506277e-03   2.3806855e-04   1.0720920e-03   4.1792606e-04   7.2332750e-04   3.6067750e-03   3.0271943e-03   2.8079869e-04   3.3065726e-05   1.0198462e-02   4.2368927e-03   9.3324349e-05   7.3842035e-06   7.1816801e-03   5.6612684e-05   0.0000000e+00   3.1729018e-05   6.4584402e-01  -4.3554878e-01   1.0000000e+00   2.9067614e-02
   2.3993863e-01   1.4631145e-04   9.6350628e-04   1.4362295e-03   0.0000000e+00   4.3178747e-04   5.5457563e-04   2.1797538e-03   3.0183105e-05   5.1463951e-05   1.1144820e-06   0.0000000e+00   8.4451553e-05   1.0439016e-04   9.7344925e-05   5.9893824e-04   5.2690202e-06   1.6457676e-03   5.4065600e-04   2.2228534e-05   0.0000000e+00   1.5794464e-05   2.4521927e-04   1.7173990e-03   1.5461894e-05   5.7281632e-06   3.3297869e-05   0.0000000e+00   1.6698896e-03   0.0000000e+00   2.3993863e-01   2.8506570e-01   1.0000000e+00   2.8473348e-02
   6.4087125e-02   1.0710773e-04   0.0000000e+00   7.8228074e-04   9.7155674e-05   1.7128311e-04   5.8188693e-04   4.9751109e-04   3.1041124e-04   1.0508834e-03   1.3905376e-05   3.4092639e-04   2.9885184e-04   1.9536809e-04   0.0000000e+00   0.0000000e+00   1.0124667e-04   6.6600232e-04   3.8731028e-04   1.6896382e-04   2.8511432e-04   4.4351839e-06   3.7314667e-04   4.1191746e-04   8.6832202e-05   1.0331565e-05   3.5174354e-04   2.6869835e-04   0.0000000e+00   5.0555764e-04   6.4087125e-02   6.9112016e-01   1.0000000e+00   2.8466605e-02
   2.4519296e-01   0.0000000e+00   1.2376878e-03   2.3067430e-03   5.9290790e-04   6.8746451e-04   8.4671107e-04   8.5619480e-04   2.2367115e-03   0.0000000e+00   8.4045926e-07   0.0000000e+00   4.8603859e-04   1.2118583e-03   1.6571593e-04   1.0932070e-03   7.4712728e-04   1.8417008e-03   1.0131407e-03   4.8571939e-05   7.3888033e-04   1.7261627e-05   5.5001331e-04   2.6787469e-04   9.1871674e-05   1.2126837e-06   3.2257900e-05   1.5539454e-04   9.4836641e-04   1.9412946e-04   2.4519296e-01   2.6671960e-01   1.0000000e+00   2.7726418e-02
   4.1184932e-01   1.4844424e-05   4.0330960e-03   0.0000000e+00   7.7259690e-06   0.0000000e+00   3.5988629e-04   1.3298145e-03   6.0767377e-04   1.7008908e-04   4.8764737e-06   3.6140113e-05   6.2039878e-04   5.1626631e-04   6.5952584e-04   2.9172163e-03   1.1175039e-04   4.2324122e-03   7.9994088e-05   0.0000000e+00   0.0000000e+00   2.5980231e-05   1.7314057e-03   4.1000276e-03   3.0996549e-05   1.5846756e-08   2.2272590e-03   0.0000000e+00   1.1445813e-03   1.4612524e-03   4.1184932e-01   2.1402206e-01   1.0000000e+00   2.7330324e-02
   8.2497555e-01   0.0000000e+00   2.6382317e-04   1.4912489e-03   3.5011536e-04   2.1389157e-03   0.0000000e+00   5.3746965e-05   3.3867786e-03   2.5451476e-04   0.0000000e+00   1.4323929e-03   5.6407218e-04   5.0111287e-04   4.7296459e-04   2.1715253e-03   3.2505790e-04   3.5426791e-03   4.3110373e-03   3.7092206e-03   0.0000000e+00   5.0551103e-05   3.3502786e-04   8.5553355e-04   3.1325649e-04   5.4433108e-06   4.3273733e-03   5.5663240e-04   1.1346739e-04   1.1457324e-04   8.2497555e-01  -4.8580808e-01   1.0000000e+00   2.6670441e-02
   6.2344684e-01   1.1115245e-05   3.1548330e-03   1.6476001e-03   2.3668052e-04   1.1729338e-03   0.0000000e+00   2.3054796e-04   3.2003575e-03   1.3644693e-04   3.4201940e-07   5.4374147e-04   6.4475041e-04   2.8334697e-03   3.6891797e-04   2.1412051e-03   6.9030191e-04   3.7250769e-04   6.5744802e-03   3.4151573e-03   1.9382735e-04   3.1805876e-05   8.1548737e-03   4.9780236e-04   7.3095927e-05   5.0866164e-06   5.4340367e-03   2.2914250e-04   4.6702227e-05   0.0000000e+00   6.2344684e-01  -2.0049017e-01   1.0000000e+00   2.5703233e-02
   8.2904614e-01   7.4124539e-05   6.2612016e-04   2.2371057e-03   3.4477246e-04   2.8593798e-04   2.2649109e-04   3.0476857e-04   1.5993490e-03   2.3457215e-03   2.2584010e-07   8.9812045e-04   1.2829403e-04   3.0948271e-04   7.8170099e-05   1.1883909e-03   6.9045916e-04   2.1435254e-03   6.5118485e-04   9.3319990e-04   5.7358898e-05   2.1878279e-05   8.7827944e-04   6.5921677e-05   0.0000000e+00   1.1921384e-06   0.0000000e+00   0.0000000e+00   5.5793644e-04   4.1205522e-05   8.2904614e-01  -5.6350604e-01   1.0000000e+00   2.5280351e-02
   1.8763482e-01   8.5318108e-05   1.0106064e-03   1.5262682e-03   1.4501806e-04   3.5503120e-04   4.0015443e-04   0.0000000e+00   3.4613177e-03   9.5962973e-04   0.0000000e+00   4.6560420e-04   0.0000000e+00   5.1502029e-04   0.0000000e+00   0.0000000e+00   1.5553667e-06   2.5635315e-03   0.0000000e+00   1.0312089e-03   4.5678785e-04   1.8542882e-05   2.8075404e-04   8.4977206e-04   5.2022266e-05   0.0000000e+00   3.1213886e-05   0.0000000e+00   2.4469284e-05   0.0000000e+00   1.8763482e-01   6.4136322e-01   1.0000000e+00   2.4806654e-02
   4.1491023e-01   4.1176867e-05   0.0000000e+00   1.8771861e-03   0.0000000e+00   8.3012442e-04   6.9822507e-04   3.5061725e-04   3.2360703e-04   0.0000000e+00   1.9858962e-07   2.9760441e-05   6.4343497e-06   0.0000000e+00   7.6836837e-05   1.1113874e-05   2.5692554e-04   0.0000000e+00   3.7581979e-04   4.1017991e-06   2.3716532e-04   4.7916433e-06   2.4246630e-03   0.0000000e+00   1.2567511e-04   2.3252704e-06   0.0000000e+00   1.4707010e-04   6.1156579e-05   0.0000000e+00   4.1491023e-01   1.7020220e-01   1.0000000e+00   2.4028620e-02
   8.2646689e-01   4.6239533e-06   4.1940877e-04   1.7350104e-03   5.0739033e-04   9.9883963e-04   0.0000000e+00   0.0000000e+00   4.8785531e-03   1.9276024e-04   0.0000000e+00   1.8749187e-03   4.9579873e-04   8.7612440e-04   3.9069771e-04   1.7555016e-03   0.0000000e+00   3.2475054e-03   3.8878273e-03   2.8353539e-03   0.0000000e+00   5.5760898e-05   1.4685762e-03   1.0177755e-03   1.3767481e-04   2.8213295e-05   0.0000000e+00   6.3910424e-04   0.0000000e+00   1.4690882e-04   8.2646689e-01  -5.1512456e-01   1.0000000e+00   2.3964141e-02
   8.3052106e-01   1.5448531e-05   4.3019654e-04   1.5255258e-03   4.8211871e-04   1.0709697e-03   1.7189603e-04   1.7000898e-04   8.2344685e-03   7.5265814e-05   1.1995600e-08   1.1465025e-03   6.5027459e-04   1.6644206e-03   4.9635918e-04   1.5977899e-03   1.0097296e-04   2.8069548e-03   5.1723256e-03   5.8424187e-03   5.8875020e-05   4.3316618e-05   3.5283192e-04   1.9006488e-03   1.4042065e-04   2.4106324e-05   3.2562787e-03   6.6237295e-04   1.5345083e-04   2.8604093e-04   8.3052106e-01  -5.8461019e-01   1.0000000e+00   2.3609509e-02
   8.3252670e-01   0.0000000e+00   0.0000000e+00   1.3302240e-03   2.0069228e-04   1.0522968e-03   4.0503624e-05   0.0000000e+00   3.6683882e-03   0.0000000e+00   6.7183420e-07   1.1234567e-03   5.0550541e-04   5.6839757e-04   3.7486899e-04   1.8370341e-03   3.1088510e-04   3.7291756e-03   4.3012325e-03   2.2906655e-03   8.4176394e-07   5.5661082e-05   1.5205004e-05   9.1937367e-04   3.3133432e-04   1.3433256e-05   4.7659066e-03   5.6325567e-04   1.1327260e-04   1.3616407e-04   8.3252670e-01  -6.1786330e-01   1.0000000e+00   2.3015939e-02
   8.3378445e-01   0.0000000e+00   0.0000000e+00   1.4297149e-03   5.3313296e-05   1.5570809e-03   4.3759746e-05   0.0000000e+00   3.7482888e-03   3.9434303e-05   1.2054182e-06   9.8220300e-04   5.3374550e-04   5.5816336e-04   3.8564658e-04   1.6728854e-03   3.3634402e-04   3.4183856e-03   3.9369351e-03   2.2292474e-03   1.3534854e-05   5.0353792e-05   1.9199556e-04   8.7464934e-04   5.1389006e-04   1.2039805e-05   4.9671801e-03   5.6451879e-04   1.0895552e-04   1.3272192e-04   8.3378445e-01  -6.3624095e-01   1.0000000e+00   2.2943741e-02
   6.3959156e-01   2.6134492e-05   2.5288023e-03   2.2045608e-04   1.9639724e-04   1.0936451e-03   1.6081176e-04   5.2899095e-04   2.9523061e-03   6.9429705e-06   4.7584726e-07   1.4793085e-03   7.0879376e-04   5.4221847e-03   1.8693711e-04   1.4157911e-03   5.3478340e-04   6.0052269e-04   3.0793794e-03   2.7340844e-03   2.7480795e-04   3.3481071e-05   1.0045918e-02   4.2110137e-03   8.5265436e-05   7.8490722e-06   8.6564660e-03   6.6547945e-05   0.0000000e+00   2.6878781e-04   6.3959156e-01  -3.9657298e-01   1.0000000e+00   2.2152266e-02
   6.3686924e-01   6.0974870e-05   7.5138679e-04   1.9607003e-03   0.0000000e+00   7.6754546e-04   5.3184513e-04   9.9994364e-04   0.0000000e+00   1.8901783e-04   5.6191088e-07   1.3561454e-04   0.0000000e+00   2.6073619e-05   5.8855265e-05   5.3120071e-04   5.3786645e-04   1.7416559e-03   1.9033498e-04   1.3130262e-04   1.3355845e-04   0.0000000e+00   1.6721093e-03   6.6089186e-04   1.7869785e-04   7.0685850e-07   0.0000000e+00   1.7740294e-04   2.9150411e-04   8.2378181e-06   6.3686924e-01  -3.7929598e-01   1.0000000e+00   2.2054110e-02
   2.2281138e-01   1.4231409e-04   1.0870024e-03   1.5521602e-03   1.4272824e-05   3.4772014e-04   5.5618865e-04   3.3570766e-03   1.3167544e-04   0.0000000e+00   7.1751268e-06   4.7079113e-05   0.0000000e+00   4.6773874e-05   3.3572013e-04   6.7246173e-04   8.5770630e-06   1.5382321e-03   6.3841831e-04   0.0000000e+00   0.0000000e+00   1.8664124e-05   1.2787400e-04   1.5378108e-03   1.7747307e-05   5.6403504e-06   3.0740457e-05   1.0959695e-04   1.5578687e-03   8.2332735e-05   2.2281138e-01   3.8492980e-01   1.0000000e+00   2.1931595e-02
   6.2995082e-01   5.3420514e-05   4.7520230e-04   1.9598006e-03   0.0000000e+00   2.8604009e-04   4.8258843e-04   6.4114139e-04   0.0000000e+00   5.8246010e-05   6.4278573e-07   8.5390101e-06   0.0000000e+00   3.1890758e-04   8.8813876e-05   2.1143569e-04   0.0000000e+00   2.1453125e-03   7.6177177e-04   5.6590026e-04   1.2395988e-04   3.7180029e-06   6.2534845e-04   4.9604746e-04   1.3462689e-04   3.9327346e-07   1.3741158e-04   2.7085646e-05   3.9771577e-04   1.1678014e-05   6.2995082e-01  -3.0088689e-01   1.0000000e+00   2.1479896e-02
   4.3005501e-03   1.4681770e-04   1.1329722e-03   1.5792531e-03   2.2774270e-04   4.5760717e-04   4.5406296e-04   1.2618521e-03   5.2844236e-05   2.6245603e-04   6.5442061e-06   9.9298248e-05   3.5514576e-05   2.0812337e-04   0.0000000e+00   4.8041218e-04   3.4676683e-07   1.9214521e-03   2.8357972e-04   1.4186632e-03   1.8056197e-04   2.3352526e-05   6.5029620e-07   1.1408423e-03   3.4346185e-05   1.2565547e-06   4.0827801e-05   8.0315626e-04   8.0482294e-04   9.8442543e-05   4.3005501e-03   9.3779186e-01   1.0000000e+00   2.1443718e-02
   4.2696647e-01   1.5603835e-05   2.2567225e-03   1.2503326e-04   3.8720913e-05   0.0000000e+00   4.3856441e-04   1.2863286e-03   7.1612971e-04   1.6085860e-04   4.7344005e-06   3.0060029e-05   6.2609685e-04   6.7506158e-04   6.8813098e-04   3.0056114e-03   1.8837709e-05   3.8047732e-03   2.6481490e-04   4.5900284e-07   2.1103267e-05   2.3435179e-05   1.9496747e-03   4.6801031e-03   3.2027351e-05   1.5137586e-07   2.1781098e-03   0.0000000e+00   1.1880165e-03   1.6195505e-03   4.2696647e-01   3.2005011e-02   1.0000000e+00   2.1252348e-02
   8.3129138e-01   5.1984234e-05   7.1050987e-04   2.3507012e-03   9.1151015e-04   4.4543471e-04   0.0000000e+00   6.7964422e-05   0.0000000e+00   1.4894536e-03   5.9987096e-06   1.2951677e-04   0.0000000e+00   0.0000000e+00   0.0000000e+00   1.5383598e-03   6.2864031e-04   2.6523250e-03   5.5530308e-04   1.3038082e-03   1.3089040e-04   1.7166305e-05   7.5457424e-04   2.5948489e-04   8.0068025e-05   1.3755217e-05   2.9325982e-03   0.0000000e+00   0.0000000e+00   5.4590266e-05   8.3129138e-01  -6.0065691e-01   1.0000000e+00   2.1127729e-02
   4.1330567e-01   4.7026964e-05   6.1307602e-04   1.8845797e-03   6.0093528e-06   9.9053064e-04   6.2415429e-04   5.0064300e-04   7.6062072e-05   8.4181457e-06   8.3415062e-07   1.0322715e-04   0.0000000e+00   4.2162695e-05   1.3463089e-05   6.5349246e-04   3.0630996e-04   1.6887414e-03   7.2225574e-04   0.0000000e+00   1.0872339e-04   1.9412886e-06   2.4711666e-03   7.7895953e-05   1.2744527e-04   2.2978095e-06   0.0000000e+00   1.2699734e-04   1.8185799e-04   5.1152345e-05   4.1330567e-01   1.9174127e-01   1.0000000e+00   2.0599720e-02
   4.1613757e-01   4.6693237e-05   1.1681815e-04   2.0225868e-03   0.0000000e+00   8.7127510e-04   5.9107179e-04   3.2262978e-04   0.0000000e+00   0.0000000e+00   0.0000000e+00   3.0668013e-05   2.0196646e-08   1.2834677e-05   0.0000000e+00   0.0000000e+00   2.2499996e-04   2.2848757e-03   7.0181238e-04   2.4274319e-06   2.4207228e-04   4.3580783e-06   2.3055053e-03   3.2419575e-06   1.2463799e-04   2.3611833e-06   2.0559989e-04   1.2602729e-04   2.4274304e-04   0.0000000e+00   4.1613757e-01   1.5506811e-01   1.0000000e+00   2.0589727e-02
   8.4169031e-01   8.4883490e-06   3.5127739e-04   1.8460656e-03   7.7040076e-04   1.5349529e-03   0.0000000e+00   0.0000000e+00   4.0014457e-03   2.6084849e-04   0.0000000e+00   3.7436429e-03   5.7560807e-04   8.5800170e-04   3.8147958e-04   2.0591804e-03   6.6293853e-08   3.2996942e-03   3.9333924e-03   5.7169966e-03   8.9992556e-05   5.5738131e-05   1.4135182e-03   1.8415397e-03   1.4759016e-04   2.3773595e-05   0.0000000e+00   6.4604192e-04   0.0000000e+00   1.4098756e-04   8.4169031e-01  -7.2493511e-01   1.0000000e+00   2.0413611e-02
   4.2845962e-01   5.6545623e-05   1.3737687e-03   3.0740538e-03   2.5459215e-03   8.5628356e-04   7.3830170e-04   8.0339914e-05   3.9616431e-04   9.9596504e-04   2.6063849e-05   2.4667263e-05   5.4102437e-05   3.2653190e-04   1.7716585e-04   1.1894680e-03   4.1316883e-04   2.7568579e-03   3.6251863e-05   3.0331331e-03   0.0000000e+00   3.4873955e-05   0.0000000e+00   1.7430633e-04   1.0364466e-04   1.3779841e-05   1.6681859e-03   0.0000000e+00   0.0000000e+00   4.8500083e-04   4.2845962e-01   1.5700202e-02   1.0000000e+00   1.9925180e-02
   3.9830970e-02   9.7446777e-05   3.4003372e-04   4.8866385e-04   3.4599914e-05   0.0000000e+00   6.9274150e-04   2.1288464e-04   6.2580969e-05   6.7110761e-05   1.4376286e-05   3.6494925e-05   8.9582118e-06   1.0591910e-03   0.0000000e+00   1.2539154e-04   1.5256209e-04   0.0000000e+00   0.0000000e+00   6.7379102e-04   4.6323615e-04   0.0000000e+00   3.7964751e-05   8.6923465e-04   1.2046470e-04   8.1545611e-05   6.4106523e-04   2.8986420e-05   4.6809836e-04   2.1581341e-04   3.9830970e-02   7.6456127e-01   1.0000000e+00   1.9565722e-02
   8.3847595e-01   7.2166714e-05   8.7155043e-04   2.1150206e-03   9.6622227e-04   2.5869313e-04   2.7335245e-04   4.7515106e-04   1.3531555e-03   2.2597720e-03   4.9443076e-06   6.0186789e-04   1.1062017e-04   1.5700091e-04   1.9529552e-04   1.1908729e-03   6.5212765e-04   1.5640561e-03   7.4833917e-04   1.2251134e-03   7.5839765e-05   2.2049204e-05   8.7272093e-04   5.0996695e-04   6.6554362e-06   7.4124438e-09   2.0328063e-04   1.3244374e-04   4.0545042e-04   1.6938427e-04   8.3847595e-01  -6.9685979e-01   1.0000000e+00   1.9382001e-02
   4.2321029e-01   5.6360190e-05   1.3620615e-03   2.3406966e-03   1.6994335e-03   6.7875700e-05   5.0496700e-04   1.2340565e-04   2.4659996e-04   1.4783992e-03   7.8630701e-06   1.4610944e-04   2.1855120e-04   4.0982561e-04   2.9721932e-04   1.8560807e-03   4.0684402e-04   2.1977804e-03   0.0000000e+00   5.3510837e-05   5.4806209e-05   4.7067530e-05   7.1326344e-04   0.0000000e+00   9.9538182e-06   9.3268957e-05   8.6234926e-06   2.5653239e-03   1.2584401e-04   5.0648955e-04   4.2321029e-01   7.1176189e-02   1.0000000e+00   1.9260557e-02
   6.2599491e-01   5.4173430e-05   4.1316928e-04   1.9693275e-03   2.6628957e-06   2.6686206e-04   3.1523940e-04   6.3110321e-04   0.0000000e+00   4.6022531e-05   1.1286154e-06   1.2955328e-07   4.1215844e-07   2.9644271e-04   1.0957286e-04   1.3244875e-04   1.0802023e-04   2.0480880e-03   8.9758085e-04   2.1897083e-04   1.1589744e-04   3.4816017e-06   6.2119692e-04   5.1130643e-04   1.3295893e-04   0.0000000e+00   1.0924471e-04   3.5130560e-05   3.0593417e-04   0.0000000e+00   6.2599491e-01  -2.4570658e-01   1.0000000e+00   1.9082183e-02
   1.7476521e-02   1.7306411e-04   3.4899093e-05   0.0000000e+00   1.6787732e-04   1.6615267e-04   4.8061450e-04   2.1525725e-04   3.0084693e-04   0.0000000e+00   3.0275494e-05   3.1862098e-04   1.0012242e-04   2.1372616e-04   0.0000000e+00   2.5358787e-04   0.0000000e+00   0.0000000e+00   2.0197939e-03   5.4689092e-04   2.7057048e-04   2.1398055e-05   2.0079024e-03   3.1228056e-08   4.8723225e-05   1.9226418e-05   0.0000000e+00   4.3559066e-04   3.0829682e-05   0.0000000e+00   1.7476521e-02   8.6095775e-01   1.0000000e+00   1.8983704e-02
   2.1443336e-01   1.0694072e-04   1.0258745e-03   1.2601509e-03   1.6601239e-04   4.0358722e-04   4.4158954e-04   2.0175294e-03   0.0000000e+00   0.0000000e+00   4.4938516e-06   1.0380317e-04   1.8938818e-08   1.5667402e-04   1.0369774e-04   9.9674783e-04   0.0000000e+00   1.4333283e-03   7.5341876e-04   7.6353084e-04   8.8651498e-05   1.9730351e-05   2.1140705e-04   1.3072211e-03   2.3349520e-05   3.6423743e-06   0.0000000e+00   0.0000000e+00   1.4763894e-03   9.6614269e-05   2.1443336e-01   4.4608903e-01   1.0000000e+00   1.8888348e-02
   4.3147930e-01   7.3705826e-05   1.6479321e-03   1.3568165e-03   3.9723672e-04   0.0000000e+00   6.3639162e-04   9.5417258e-05   4.4009970e-03   5.7234821e-04   1.7462149e-08   7.9401090e-05   3.2859460e-05   7.1802690e-04   0.0000000e+00   5.1374255e-04   1.0999360e-04   2.2120107e-03   1.3909472e-04   0.0000000e+00   3.8493955e-04   3.2425153e-07   1.3129874e-03   6.4840565e-04   7.7680887e-05   1.0331322e-06   2.2947267e-04   0.0000000e+00   1.5590774e-04   0.0000000e+00   4.3147930e-01  -1.4056011e-02   1.0000000e+00   1.8726658e-02
   1.0736755e-02   1.2773171e-04   0.0000000e+00   4.9140941e-04   6.3443054e-05   0.0000000e+00   5.7688001e-04   0.0000000e+00   0.0000000e+00   0.0000000e+00   1.8138987e-05   8.6724102e-05   9.6505842e-05   3.1837120e-04   0.0000000e+00   7.5641074e-05   2.3175352e-04   0.0000000e+00   3.3171179e-04   0.0000000e+00   3.7272410e-04   4.9206690e-06   2.5128671e-04   1.4354488e-04   1.9398271e-04   2.4086388e-05   0.0000000e+00   1.2146859e-05   1.1259842e-05   1.9605864e-04   1.0736755e-02   8.9389612e-01   1.0000000e+00   1.8696255e-02
   8.4072213e-01   5.1869472e-06   4.1342878e-04   1.7391167e-03   5.7245060e-04   9.9845383e-04   1.2071926e-04   0.0000000e+00   5.0017436e-03   3.3245335e-04   8.0728985e-09   1.5250886e-03   5.2914554e-04   1.0719287e-03   4.9090200e-04   1.6728908e-03   2.2787302e-05   3.4152273e-03   4.6672326e-03   3.4936473e-03   2.0715853e-05   4.5177561e-05   1.4429122e-03   9.0570391e-04   1.3579537e-04   3.5703513e-05   0.0000000e+00   1.0324928e-03   4.4899772e-05   1.3760206e-04   8.4072213e-01  -7.1714040e-01   1.0000000e+00   1.8539636e-02
   6.2853978e-01   0.0000000e+00   2.7722163e-03   4.2916228e-03   3.2048137e-05   2.2099359e-03   5.7327839e-06   1.1718622e-03   1.7673909e-03   3.4982405e-04   0.0000000e+00   8.9581335e-04   1.0764962e-03   1.2849564e-03   2.0012048e-04   7.9152862e-04   9.7439918e-04   1.4215053e-03   3.7491802e-03   3.2593547e-03   1.8299160e-04   6.4179147e-05   7.6142272e-03   1.4496441e-03   9.5826701e-05   1.6571378e-05   5.9321986e-03   7.5047627e-04   0.0000000e+00   1.2233588e-04   6.2853978e-01  -2.7585229e-01   1.0000000e+00   1.8485532e-02
   6.3610232e-01   8.4381446e-06   5.2498007e-03   3.7739424e-03   1.7711742e-04   2.4216506e-03   4.6975254e-05   1.3243688e-03   1.6324232e-03   0.0000000e+00   0.0000000e+00   1.3201765e-03   1.0617895e-03   2.4337751e-03   1.8978334e-04   8.8955374e-04   7.9467542e-04   1.2293004e-03   2.8884210e-03   2.2665410e-03   1.8581094e-04   1.0020308e-04   1.0005497e-02   1.6103188e-03   8.7297596e-05   1.4414795e-05   8.7446390e-03   7.7234836e-04   0.0000000e+00   9.3095780e-05   6.3610232e-01  -3.6476439e-01   1.0000000e+00   1.8471734e-02
   1.8327802e-01   1.4708510e-04   1.1036095e-03   1.4502916e-03   0.0000000e+00   4.4334630e-04   6.0730563e-04   2.6052399e-03   1.2506119e-04   0.0000000e+00   5.9161531e-06   3.0058827e-05   1.2177044e-04   0.0000000e+00   1.3615736e-04   6.2624836e-04   4.4965930e-06   1.6208750e-03   4.4262673e-04   9.1846090e-05   0.0000000e+00   1.8680198e-05   2.3995379e-04   1.9098196e-03   3.0706837e-05   5.0211190e-06   5.6902076e-05   1.8963975e-05   1.3166441e-03   9.4541374e-05   1.8327802e-01   6.6703843e-01   1.0000000e+00   1.8342560e-02
   4.4442784e-01   6.3429002e-05   1.7032230e-03   1.3735607e-03   4.0007641e-04   1.1069432e-04   5.6169797e-04   1.2342518e-04   2.8881276e-03   6.1804717e-04   1.7581219e-08   3.3725426e-04   0.0000000e+00   9.3569931e-04   1.6018981e-05   0.0000000e+00   0.0000000e+00   2.4687145e-03   6.9919590e-04   8.3119589e-04   2.6178267e-04   0.0000000e+00   1.1399693e-03   6.7637268e-04   4.5660095e-05   3.5619060e-06   6.7942682e-04   8.2063718e-05   1.8922071e-04   0.0000000e+00   4.4442784e-01  -1.0093428e-01   1.0000000e+00   1.8206113e-02
   8.3582382e-01   1.5763950e-05   4.4044499e-04   1.5302516e-03   5.1083275e-04   1.1796554e-03   1.2038515e-04   4.4551247e-05   7.1143564e-03   9.6293261e-05   0.0000000e+00   1.0618437e-03   6.2916731e-04   1.2227068e-03   5.9589944e-04   1.5914960e-03   2.5389690e-05   2.9273159e-03   5.0931651e-03   3.5225326e-03   4.2781570e-05   4.9380247e-05   0.0000000e+00   1.2429442e-03   1.4151919e-04   1.9794238e-05   3.7090274e-03   6.7654614e-04   1.6638246e-04   2.8452545e-04   8.3582382e-01  -6.6277836e-01   1.0000000e+00   1.8187644e-02
   4.4056087e-01   0.0000000e+00   2.1868595e-03   2.8272489e-04   0.0000000e+00   5.3037870e-06   4.3435403e-04   1.2799716e-03   7.0640895e-04   1.4676187e-04   4.6496273e-06   3.7692874e-05   5.9380057e-04   6.2268207e-04   7.5293621e-04   2.9883399e-03   1.8657698e-05   3.6917332e-03   2.6232066e-04   4.0721890e-04   0.0000000e+00   2.3438199e-05   1.3016520e-03   4.2711438e-03   3.2020624e-05   2.0205390e-07   2.2061006e-03   0.0000000e+00   1.2201210e-03   1.3652004e-03   4.4056087e-01  -7.9923579e-02   1.0000000e+00   1.8068277e-02
   7.0146037e-02   1.0174646e-04   0.0000000e+00   0.0000000e+00   0.0000000e+00   2.0744330e-05   5.6696797e-04   0.0000000e+00   4.3859989e-04   1.8656144e-04   1.6919202e-05   7.4283017e-05   7.2798649e-05   2.4926678e-04   1.4991595e-05   7.8012230e-06   1.2572145e-04   0.0000000e+00   0.0000000e+00   0.0000000e+00   4.0498708e-04   4.0591770e-06   8.3620747e-04   1.7659441e-04   1.5527471e-04   5.0409468e-05   2.4061263e-04   2.9456898e-06   2.9594495e-04   1.4316387e-04   7.0146037e-02   6.7971674e-01   1.0000000e+00   1.7980873e-02
   2.0930220e-01   4.8050761e-05   8.4891014e-04   2.1144466e-03   1.1656791e-04   3.0759875e-04   5.1648869e-04   1.9453292e-04   2.7140250e-03   9.0636622e-04   9.1327496e-07   1.5878724e-04   2.0286877e-05   6.3692921e-04   8.6896669e-05   6.8661187e-05   4.7775351e-06   2.4638171e-03   1.2925607e-04   4.2415328e-04   4.7646807e-04   1.4844211e-05   0.0000000e+00   2.5675932e-04   8.0499823e-05   1.3485212e-06   5.7436206e-04   3.4794293e-05   3.2789954e-05   2.6167662e-04   2.0930220e-01   4.8543651e-01   1.0000000e+00   1.7704986e-02
   1.8676207e-01   8.1889023e-05   1.4109739e-03   2.2556618e-03   0.0000000e+00   0.0000000e+00   4.3093206e-04   2.6888853e-04   3.1611738e-03   7.7364133e-04   1.0168118e-07   0.0000000e+00   0.0000000e+00   3.2832397e-04   2.9157455e-05   0.0000000e+00   4.3079410e-07   2.3282523e-03   7.2160708e-04   0.0000000e+00   3.4218810e-04   2.3974752e-05   5.5058060e-05   0.0000000e+00   6.5172450e-05   4.4397001e-06   5.3856402e-04   0.0000000e+00   4.0830259e-05   7.9566395e-06   1.8676207e-01   6.4642324e-01   1.0000000e+00   1.7551135e-02
   8.3507236e-01   2.4044647e-05   4.4153601e-04   1.5555275e-03   5.5880474e-04   1.1141886e-03   4.3394290e-05   4.6329929e-05   7.3495540e-03   0.0000000e+00   1.6150858e-07   1.1475944e-03   7.1562923e-04   1.1302275e-03   5.5909699e-04   1.5334957e-03   3.5684810e-05   2.6959706e-03   3.6349331e-03   3.8609733e-03   3.2162323e-05   5.0665575e-05   0.0000000e+00   1.2566090e-03   1.4518046e-04   1.7211551e-05   3.4231829e-03   8.8571276e-04   1.8417410e-04   2.8515056e-04   8.3507236e-01  -6.5321007e-01   1.0000000e+00   1.7376000e-02
   5.8450937e-02   1.2307908e-04   9.9496934e-04   1.4217031e-03   1.3239959e-04   1.8293445e-03   8.5812306e-04   1.4699668e-03   0.0000000e+00   4.1687489e-04   8.4902196e-06   0.0000000e+00   4.7061982e-04   3.3450782e-04   0.0000000e+00   3.8514946e-04   0.0000000e+00   2.0938796e-03   0.0000000e+00   8.1285304e-04   0.0000000e+00   1.7548500e-05   2.5740070e-04   1.5845286e-03   0.0000000e+00   0.0000000e+00   0.0000000e+00   3.4331541e-06   1.1755690e-03   2.2290906e-04   5.8450937e-02   7.0581829e-01   1.0000000e+00   1.7374947e-02
   6.2706755e-01   1.1710498e-06   3.3821361e-03   4.6176609e-03   1.5142296e-04   2.2941961e-03   0.0000000e+00   1.0738126e-03   1.5275052e-03   0.0000000e+00   2.0785604e-08   1.2478156e-03   1.1567012e-03   1.1609444e-03   2.1079634e-04   8.3245830e-04   1.2447410e-03   1.1777737e-03   3.2213690e-03   4.3710394e-03   1.6254835e-04   5.4701314e-05   7.9727421e-03   1.5294779e-03   8.8380998e-05   1.4910215e-05   5.3297556e-03   1.4199936e-03   7.5464226e-06   1.1038361e-04   6.2706755e-01  -2.5479022e-01   1.0000000e+00   1.7310918e-02
   4.3321893e-01   1.3391098e-05   2.2020473e-03   1.3467194e-04   5.0333536e-05   1.5289358e-04   3.9709073e-04   1.3613859e-03   0.0000000e+00   1.5391563e-04   4.2585533e-06   3.6356445e-04   6.3807145e-04   0.0000000e+00   7.3926242e-04   2.6619122e-03   0.0000000e+00   3.9275780e-03   7.9221052e-04   2.9356887e-04   2.7094007e-05   2.3019835e-05   2.1022179e-03   4.7059821e-03   4.0086264e-05   0.0000000e+00   7.0332395e-04   0.0000000e+00   1.7192392e-03   1.3824917e-03   4.3321893e-01  -2.7466751e-02   1.0000000e+00   1.7304809e-02
   8.3709855e-01   7.2810987e-05   8.7221859e-04   2.1271127e-03   9.6378975e-04   2.5816803e-04   2.7406630e-04   5.4423547e-04   1.3523411e-03   2.2555072e-03   4.9446485e-06   6.0597204e-04   1.1320641e-04   1.4454428e-04   1.9479130e-04   1.1951833e-03   6.5178704e-04   1.5685396e-03   7.4943312e-04   1.2386699e-03   7.6103332e-05   2.2031612e-05   8.7113865e-04   6.2660836e-04   4.8438232e-06   6.7055940e-09   2.3887407e-04   1.3088569e-04   4.1838890e-04   1.9134408e-04   8.3709855e-01  -6.8121257e-01   1.0000000e+00   1.7058965e-02
   4.3983172e-01   4.6651168e-05   6.4735215e-04   1.9182736e-03   0.0000000e+00   8.5659420e-04   4.8197684e-04   6.7890296e-04   0.0000000e+00   0.0000000e+00   1.5578175e-07   4.5591801e-04   0.0000000e+00   0.0000000e+00   0.0000000e+00   7.1885534e-04   2.8325653e-04   1.9464233e-03   1.6762021e-05   0.0000000e+00   9.6107142e-05   1.2435994e-05   2.3197071e-03   1.8982751e-04   1.3058895e-04   0.0000000e+00   0.0000000e+00   0.0000000e+00   2.2037310e-04   1.7993604e-05   4.3983172e-01  -7.8487893e-02   1.0000000e+00   1.6783637e-02
   6.4745294e-01   5.6065185e-05   7.5226212e-04   1.7644962e-03   1.0307449e-05   7.4068397e-04   5.1206877e-04   1.0222370e-03   0.0000000e+00   1.8673156e-04   3.2784065e-07   1.2743717e-04   0.0000000e+00   4.4425400e-05   4.8983610e-05   5.2114188e-04   2.4367702e-04   1.9022841e-03   8.4879741e-05   0.0000000e+00   1.2127593e-04   4.2016644e-06   1.3823170e-03   7.6541765e-04   1.9161747e-04   4.0648146e-07   0.0000000e+00   1.3431430e-04   2.3089010e-04   0.0000000e+00   6.4745294e-01  -4.4801249e-01   1.0000000e+00   1.6741773e-02
   4.3686340e-01   6.4778998e-05   0.0000000e+00   2.6004596e-03   1.9217120e-05   1.0392886e-03   9.4999623e-04   3.2467789e-04   1.2688928e-04   9.6854012e-05   2.9093593e-06   1.2772510e-04   5.7817502e-05   0.0000000e+00   2.5043127e-06   0.0000000e+00   4.3678899e-04   4.0610812e-03   5.7622559e-05   5.0861454e-04   2.9904460e-04   5.4779310e-06   2.1662652e-03   7.2103550e-04   1.7065248e-04   2.7634094e-06   3.7515382e-04   2.7421587e-04   9.3211011e-04   2.4560152e-04   4.3686340e-01  -5.7883788e-02   1.0000000e+00   1.6667802e-02
   2.1250280e-01   8.4594788e-05   1.5489594e-03   1.5491346e-03   2.8675120e-04   3.1687098e-04   5.3785424e-04   0.0000000e+00   2.3712893e-03   1.0722440e-03   0.0000000e+00   0.0000000e+00   4.7781855e-05   4.2445895e-04   0.0000000e+00   0.0000000e+00   1.9876014e-06   2.6446533e-03   2.2964039e-04   5.1662833e-04   5.1440341e-04   0.0000000e+00   1.7061453e-04   8.3717870e-04   7.2731646e-05   3.8910783e-06   3.4575773e-05   0.0000000e+00   3.2141551e-05   0.0000000e+00   2.1250280e-01   4.6085795e-01   1.0000000e+00   1.6423517e-02
   8.8726319e-03   1.3826069e-04   0.0000000e+00   5.4022809e-04   6.5329670e-05   0.0000000e+00   5.6332984e-04   0.0000000e+00   0.0000000e+00   0.0000000e+00   1.5651543e-05   6.2990745e-05   1.2398486e-04   3.1494219e-04   0.0000000e+00   2.0385270e-04   1.8701044e-04   0.0000000e+00   3.5744638e-04   0.0000000e+00   3.7116774e-04   4.1100592e-06   2.2086871e-04   1.5056071e-04   1.7854645e-04   2.4214328e-05   7.8424103e-05   2.4254804e-05   0.0000000e+00   1.8843666e-04   8.8726319e-03   9.0449189e-01   1.0000000e+00   1.6330286e-02
   2.0709739e-01   1.4460856e-04   1.1052032e-03   1.4249472e-03   0.0000000e+00   4.5812894e-04   5.5193925e-04   2.4524121e-03   1.3176408e-04   4.3523937e-06   5.3383429e-06   2.5534116e-05   0.0000000e+00   5.1218693e-05   1.1989312e-04   6.1791823e-04   4.3009623e-06   1.6189205e-03   6.2462798e-04   2.1207592e-05   0.0000000e+00   1.8539525e-05   2.4200007e-04   1.7304489e-03   2.8142052e-05   5.5624393e-06   5.2685734e-05   1.9689784e-05   1.3461907e-03   8.1065686e-05   2.0709739e-01   5.0221559e-01   1.0000000e+00   1.6289320e-02
   4.4776247e-01   5.7926167e-05   6.6319696e-04   1.9888488e-03   0.0000000e+00   9.3794512e-04   6.0395569e-04   3.6773345e-04   0.0000000e+00   0.0000000e+00   1.6055594e-07   1.0600511e-04   0.0000000e+00   0.0000000e+00   5.8899633e-06   6.5599294e-04   3.2800827e-04   2.1426310e-03   1.9007281e-03   0.0000000e+00   0.0000000e+00   1.4862858e-06   2.0299538e-03   3.0751159e-05   1.3653134e-04   2.1787977e-06   2.0943890e-06   1.0780412e-04   3.1897065e-04   7.0355940e-06   4.4776247e-01  -1.1324610e-01   1.0000000e+00   1.6238530e-02
   8.4904286e-01   1.3123528e-05   8.9885037e-04   3.3675464e-03   9.6341659e-04   2.6317873e-04   2.7567914e-04   3.1614013e-04   1.1497326e-03   2.3250315e-03   9.1197131e-06   5.3615401e-04   7.2782086e-05   2.5048412e-04   8.8890280e-05   1.1895726e-03   1.3119378e-03   2.9591765e-03   6.9713662e-04   9.7716859e-04   8.6247007e-05   2.1722343e-05   1.1724152e-03   4.2566811e-08   9.3471921e-06   0.0000000e+00   0.0000000e+00   1.2310521e-04   4.5248064e-04   0.0000000e+00   8.4904286e-01  -7.6682135e-01   1.0000000e+00   1.6038914e-02
   2.5083960e-01   5.9865062e-04   4.4135328e-04   3.9701537e-04   1.2189299e-04   3.6837186e-04   2.9521840e-04   4.0954662e-04   6.1389406e-04   8.4904915e-04   1.9714925e-05   2.8125547e-04   1.1368126e-04   0.0000000e+00   0.0000000e+00   8.8857501e-04   8.9775798e-06   1.1764432e-03   3.9900074e-04   1.1248338e-03   7.3355515e-04   0.0000000e+00   1.9180639e-03   1.2944786e-03   1.1785873e-04   0.0000000e+00   8.6659072e-04   5.2870178e-04   1.0497203e-04   2.7845841e-04   2.5083960e-01   2.5165513e-01   1.0000000e+00   1.6031210e-02
   6.2464260e-01   6.5074008e-05   1.1812815e-03   1.8277452e-03   1.1710367e-03   4.3760323e-04   2.1576871e-04   1.6049788e-04   3.8016537e-04   2.2527638e-03   1.4932400e-05   1.5814831e-04   8.6051706e-06   1.1247181e-05   0.0000000e+00   1.0776476e-03   4.6307590e-04   2.6591340e-03   6.8900092e-04   1.4358229e-03   1.3023706e-04   2.1467372e-05   4.4815454e-04   1.4459694e-04   8.0541985e-05   6.7671755e-06   2.4727875e-03   0.0000000e+00   0.0000000e+00   6.8927682e-05   6.2464260e-01  -2.2374190e-01   1.0000000e+00   1.5823778e-02
   2.5057158e-04   1.0502357e-04   2.7620317e-05   5.5468753e-04   1.1570085e-04   1.0785100e-04   4.8825023e-04   1.8116261e-04   1.3219563e-04   9.8420215e-05   3.2347641e-05   2.7724313e-04   1.0712330e-04   1.8351095e-04   0.0000000e+00   2.8378985e-04   3.7998674e-05   2.0593245e-04   2.9993079e-03   6.2420168e-04   2.7727911e-04   2.0194391e-05   1.5166263e-03   0.0000000e+00   5.0860425e-05   1.2957090e-05   0.0000000e+00   4.1465701e-04   5.6005827e-06   0.0000000e+00   2.5057158e-04   9.8689665e-01   1.0000000e+00   1.5543513e-02
   4.2525479e-01   2.2628908e-05   4.0452465e-04   2.1573645e-03   2.0778913e-05   2.8218879e-04   3.0940723e-04   7.1223613e-04   0.0000000e+00   4.7268290e-05   2.6387942e-06   1.0952345e-05   0.0000000e+00   3.0223664e-04   1.0731434e-04   0.0000000e+00   1.2134100e-04   1.6771821e-03   8.0320415e-04   2.0125787e-04   1.6715103e-04   3.5730693e-06   5.1909293e-04   5.9754035e-04   1.3920526e-04   9.1986039e-07   1.0687973e-04   3.8695555e-05   2.9465072e-04   0.0000000e+00   4.2525479e-01   4.6680090e-02   1.0000000e+00   1.5175938e-02
   2.4914060e-01   4.3982680e-04   0.0000000e+00   0.0000000e+00   1.1059821e-04   3.4706715e-04   3.5554215e-04   3.3758560e-04   8.9454453e-04   1.1795309e-03   1.9409442e-05   3.2199721e-05   8.9347245e-06   6.2733986e-05   1.5678624e-05   9.0686364e-04   1.6395063e-04   1.2037142e-03   4.7295274e-04   9.2501870e-04   6.9642568e-04   0.0000000e+00   3.0995767e-03   1.0036781e-03   1.2700044e-04   0.0000000e+00   0.0000000e+00   1.4134141e-03   4.2231083e-05   2.2008151e-04   2.4914060e-01   2.5509031e-01   1.0000000e+00   1.5134250e-02
   2.3397155e-01   3.4297772e-05   1.0661490e-03   6.1393472e-04   1.1438633e-04   9.2300192e-04   7.9364642e-04   1.5169340e-03   2.2077930e-03   0.0000000e+00   1.0261165e-05   0.0000000e+00   0.0000000e+00   4.7644989e-04   1.2572971e-04   9.0243011e-04   2.6242703e-04   1.5349447e-03   0.0000000e+00   0.0000000e+00   4.0678278e-04   3.3288280e-05   0.0000000e+00   0.0000000e+00   9.2171443e-05   2.5955995e-06   1.6940966e-03   6.5089733e-04   2.6173532e-04   0.0000000e+00   2.3397155e-01   3.1459407e-01   1.0000000e+00   1.4820168e-02
   2.2004409e-03   9.9125986e-05   7.0038027e-05   2.5709518e-04   6.0219290e-04   9.3432975e-05   5.6524995e-04   7.5881963e-06   1.7598674e-06   0.0000000e+00   1.3463371e-05   7.1810823e-05   7.3345918e-05   2.4999759e-04   5.3735865e-06   1.8374590e-04   1.1625260e-04   0.0000000e+00   0.0000000e+00   0.0000000e+00   2.5044168e-04   0.0000000e+00   1.5126100e-04   2.0684166e-04   2.0833810e-04   2.3250857e-05   5.9429078e-04   0.0000000e+00   3.0921595e-04   2.3187531e-04   2.2004409e-03   9.5426840e-01   1.0000000e+00   1.4763791e-02
   1.3743246e-02   1.2595978e-04   1.3248948e-03   1.0039264e-03   1.9634115e-04   3.4332976e-04   5.2391584e-04   4.0630542e-03   1.0333354e-05   3.7260866e-04   8.0546824e-06   1.0331697e-04   6.6204413e-05   1.1365661e-04   0.0000000e+00   3.1419105e-04   1.1214967e-05   2.0496351e-03   3.3919197e-04   1.1964316e-03   0.0000000e+00   3.0521876e-05   2.7779671e-04   1.4810674e-03   7.9597226e-05   8.1033901e-06   0.0000000e+00   1.6718633e-05   1.1193052e-03   1.7679744e-04   1.3743246e-02   8.8150401e-01   1.0000000e+00   1.4750348e-02
   3.6858617e-02   5.1229502e-05   1.9845003e-04   1.2213360e-03   7.4108928e-05   0.0000000e+00   7.0717730e-04   8.6401914e-05   3.9403163e-05   1.3416027e-05   1.1440789e-05   4.5608751e-04   1.9701072e-04   2.7882079e-04   0.0000000e+00   7.5094703e-04   0.0000000e+00   6.0584664e-04   3.9449898e-04   3.1975871e-04   2.3688654e-04   6.7746811e-06   1.6138471e-04   6.8532940e-05   7.0163559e-05   1.2628794e-05   8.7975967e-04   3.5105844e-04   4.8775339e-04   0.0000000e+00   3.6858617e-02   7.7640724e-01   1.0000000e+00   1.4686755e-02
   5.3022927e-02   9.9333194e-05   2.3222883e-04   6.9059260e-04   4.1408362e-05   1.7946707e-04   5.2928642e-04   0.0000000e+00   5.7175788e-07   0.0000000e+00   1.2170018e-05   7.7319877e-05   6.8606063e-05   2.3291709e-04   7.0398507e-06   0.0000000e+00   1.3109918e-04   0.0000000e+00   6.2795189e-05   1.0086952e-04   3.8394215e-04   8.9091886e-08   1.0872576e-03   8.8964288e-06   1.5956798e-04   4.2491687e-05   6.4945434e-04   2.3188802e-06   3.2217090e-04   2.1792365e-04   5.3022927e-02   7.1841539e-01   1.0000000e+00   1.4438344e-02
   2.1683162e-01   1.1342940e-04   9.4514763e-04   1.2927817e-03   1.6822533e-04   4.4431803e-04   4.4642604e-04   1.6263882e-03   2.9307197e-05   2.3064568e-04   4.5876949e-06   1.0377731e-04   0.0000000e+00   1.3402914e-04   1.0689386e-04   5.9741874e-04   0.0000000e+00   1.1636373e-03   5.5823278e-04   7.7121119e-04   7.3268289e-05   1.9226979e-05   2.4243705e-04   1.2684329e-03   2.7937520e-05   4.5278419e-06   0.0000000e+00   0.0000000e+00   1.2417554e-03   8.7273804e-05   2.1683162e-01   4.2774740e-01   1.0000000e+00   1.4410181e-02
   4.1275278e-01   8.9605202e-06   3.2134259e-03   8.9122996e-05   0.0000000e+00   0.0000000e+00   4.2406002e-04   1.6690645e-03   3.0565090e-04   0.0000000e+00   6.5176055e-06   3.0217221e-05   5.5624728e-04   5.2876015e-04   7.3916306e-04   3.5909892e-03   1.9347658e-04   4.2753124e-03   9.0310211e-05   0.0000000e+00   0.0000000e+00   2.1103212e-05   1.2096531e-03   3.7260573e-03   3.6221231e-05   1.7548756e-08   2.2416535e-03   1.3764650e-05   1.3546576e-03   2.4213122e-03   4.1275278e-01   2.0220430e-01   1.0000000e+00   1.4288421e-02
   2.2197422e-02   1.3624427e-04   1.3562086e-03   1.0540560e-03   1.6936882e-04   4.2941507e-04   4.8512749e-04   4.5692336e-03   2.5757869e-05   3.5534510e-04   8.6038764e-06   0.0000000e+00   3.6193094e-05   1.6003319e-04   0.0000000e+00   4.4411876e-04   1.0646407e-05   1.3561532e-03   3.6323640e-04   1.6140660e-03   9.3209514e-05   2.7511915e-05   2.7042721e-04   2.1183949e-03   6.7151894e-05   8.7170348e-06   0.0000000e+00   3.6884776e-05   1.3112611e-03   1.8195384e-04   2.2197422e-02   8.4155114e-01   1.0000000e+00   1.4057144e-02
   2.0631803e-01   7.0423722e-05   1.2883135e-03   1.3216461e-03   1.0104575e-04   0.0000000e+00   5.2674520e-04   3.0475013e-06   2.9222102e-03   7.5802574e-04   0.0000000e+00   2.6543809e-06   2.0220075e-04   0.0000000e+00   0.0000000e+00   1.0306838e-04   0.0000000e+00   2.4966304e-03   3.4897519e-04   0.0000000e+00   4.6291032e-04   1.7550262e-05   0.0000000e+00   5.0715920e-04   7.3480072e-05   0.0000000e+00   1.1930700e-03   1.1781197e-05   4.9506153e-05   0.0000000e+00   2.0631803e-01   5.0808414e-01   1.0000000e+00   1.4051072e-02
   6.2470863e-01   4.7286132e-05   0.0000000e+00   1.9033260e-03   4.3257757e-05   2.2456684e-04   5.0877095e-04   6.1053380e-04   1.6545316e-04   0.0000000e+00   0.0000000e+00   0.0000000e+00   6.5834788e-05   3.0284870e-04   7.1867036e-05   4.0371658e-04   1.7616808e-04   3.5757444e-03   5.7789069e-04   6.4511253e-05   1.2709903e-04   2.3057339e-06   1.0161407e-03   7.0512215e-04   1.4345017e-04   4.3712523e-08   9.8060728e-06   1.6299532e-05   5.8451981e-04   1.7422144e-04   6.2470863e-01  -2.2589518e-01   1.0000000e+00   1.3987821e-02
   2.3676708e-01   4.6966684e-05   5.2657714e-04   1.9501911e-03   0.0000000e+00   1.0940946e-03   5.2390147e-04   5.3436078e-04   3.2081241e-04   1.7642646e-04   1.2809821e-06   0.0000000e+00   0.0000000e+00   0.0000000e+00   0.0000000e+00   5.3956502e-04   4.8842091e-04   2.1183866e-03   7.9544025e-04   0.0000000e+00   1.1524276e-04   0.0000000e+00   2.0748013e-03   1.6854547e-04   1.6426770e-04   1.9022215e-06   0.0000000e+00   1.2043124e-04   2.2943214e-04   1.1299027e-05   2.3676708e-01   2.9963209e-01   1.0000000e+00   1.3755041e-02
   6.2822866e-01   0.0000000e+00   2.8114951e-03   4.4210387e-03   2.1102710e-04   2.2222894e-03   0.0000000e+00   1.1568670e-03   1.5835315e-03   0.0000000e+00   2.3910308e-08   1.0525436e-03   9.3774511e-04   1.0793957e-03   2.4499937e-04   8.6108263e-04   9.2270846e-04   9.5738450e-04   3.2642320e-03   3.4169581e-03   1.6513559e-04   5.6329603e-05   8.4775819e-03   1.3648041e-03   8.8002220e-05   1.5937182e-05   5.3705090e-03   7.8750581e-04   0.0000000e+00   1.1318011e-04   6.2822866e-01  -2.7172444e-01   1.0000000e+00   1.3619048e-02
   5.7496165e-02   1.2091075e-04   1.0921446e-03   1.3571644e-03   1.7221239e-04   1.1900844e-03   8.9267686e-04   1.5665691e-03   0.0000000e+00   4.1973815e-04   8.2937575e-06   0.0000000e+00   4.2828740e-04   3.3193988e-04   0.0000000e+00   4.5129106e-04   0.0000000e+00   1.7524828e-03   0.0000000e+00   1.3491719e-03   0.0000000e+00   1.9210020e-05   2.6245581e-04   1.3525478e-03   4.3037883e-05   4.3471336e-08   0.0000000e+00   0.0000000e+00   1.1778091e-03   2.2427726e-04   5.7496165e-02   7.0818976e-01   1.0000000e+00   1.3484601e-02
   4.3658052e-01   6.5094161e-05   2.5726373e-04   2.6858837e-03   0.0000000e+00   1.3380363e-03   8.2641871e-04   3.2289395e-04   0.0000000e+00   0.0000000e+00   1.0878309e-06   1.2295470e-04   6.3461931e-05   1.1815947e-05   1.3904833e-05   1.1522772e-04   1.7764074e-04   4.2727281e-03   1.3551419e-04   3.5011311e-04   2.3437898e-04   1.0612130e-05   2.2616018e-03   8.9646194e-04   1.5345333e-04   2.2110726e-06   3.6371954e-04   3.6181513e-04   9.2229963e-04   2.4614418e-04   4.3658052e-01  -5.5725189e-02   1.0000000e+00   1.3450650e-02
   6.1167846e-03   1.3152581e-04   1.0333639e-03   1.5909797e-03   1.8191411e-04   4.2618678e-04   4.8605886e-04   1.2468983e-03   4.8852948e-05   3.0940676e-04   6.0484793e-06   9.7798945e-05   6.7018607e-05   1.8795176e-04   0.0000000e+00   4.9009762e-04   2.5436941e-06   1.2481576e-03   2.8025014e-04   1.1920882e-03   1.3660223e-04   2.3673056e-05   7.6219939e-04   1.0990919e-03   6.5852343e-05   2.7075233e-06   1.4491557e-05   7.9397727e-04   7.5054215e-04   9.0588783e-05   6.1167846e-03   9.2442926e-01   1.0000000e+00   1.3433503e-02
