   8.5180178e-01   4.0963574e-03   6.1959685e-04   6.5009280e-05   1.0016655e-03   3.7903768e-03   1.3185385e-07   5.5533598e-05   0.0000000e+00   1.2961560e-03   6.3249091e-06   3.8206740e-04   5.1260577e-03   7.6595764e-03   0.0000000e+00   9.6407919e-06   0.0000000e+00   3.0510988e-03   2.6665356e-03   1.1752833e-05   7.1287516e-04   0.0000000e+00   1.3367589e-03   5.6959429e-04   0.0000000e+00   1.1899262e-06   6.0852211e-04   0.0000000e+00   2.0009862e-04   2.2458549e-04   8.5180178e-01  -7.6775872e-01   1.0000000e+00             Inf
   0.0000000e+00   8.6080891e-05   1.6537131e-03   2.7274444e-05   1.1220331e-04   0.0000000e+00   8.9228333e-04   9.2279170e-05   9.3969041e-05   0.0000000e+00   6.3477598e-04   2.1302525e-04   9.1138009e-06   0.0000000e+00   4.1656895e-05   5.7410905e-06   0.0000000e+00   6.0691428e-04   7.1961002e-04   2.3130312e-04   2.3690268e-04   4.3590175e-04   4.5183181e-04   1.3200197e-03   2.1183578e-03   1.2955984e-04   4.7346537e-05   0.0000000e+00   5.0648189e-05   5.9389602e-04   0.0000000e+00   1.0033531e+00   1.0000000e+00             Inf
   8.2354220e-01   4.1938268e-03   1.7435769e-04   0.0000000e+00   1.5401482e-03   0.0000000e+00   8.7741048e-04   1.3976532e-05   1.5716960e-03   4.6138394e-04   2.2326548e-04   7.2846384e-04   4.7017687e-03   1.1518212e-02   9.6835182e-04   6.1780398e-06   6.6539561e-03   2.2176760e-04   9.6490682e-04   3.1989816e-05   4.8988596e-03   1.6528414e-03   0.0000000e+00   4.1866533e-04   1.0116287e-03   6.0032352e-04   2.1006131e-03   4.4483277e-03   6.7234450e-03   1.8073977e-04   8.2354220e-01  -4.5287447e-01   1.0000000e+00   2.1085709e-01
   4.5401577e-01   1.5996261e-05   9.5032498e-04   2.6020161e-07   4.8569920e-03   5.3431493e-05   2.3213461e-04   1.1822945e-05   8.5115521e-04   2.2569861e-03   2.2377536e-05   3.2413655e-04   0.0000000e+00   8.3832973e-03   0.0000000e+00   3.0139329e-06   7.6461466e-04   1.3147989e-03   6.1596067e-04   1.6092518e-03   0.0000000e+00   1.2408392e-04   1.4071200e-04   1.0148603e-03   0.0000000e+00   3.3718923e-05   3.3555694e-04   9.5025851e-04   1.8041866e-03   3.3374390e-04   4.5401577e-01  -1.1865146e-01   1.0000000e+00   2.0563226e-01
   6.5311347e-01   3.6893766e-03   1.5578856e-04   8.7180506e-05   1.1808597e-04   4.3542317e-03   4.8159984e-04   1.5818600e-05   5.5997048e-04   0.0000000e+00   0.0000000e+00   5.5584591e-04   4.1594319e-03   7.8823334e-03   5.5351270e-05   7.6454900e-06   6.3318413e-06   2.7807245e-03   2.6804518e-03   4.9489823e-04   1.2285521e-03   4.4471458e-04   1.6411773e-03   6.1323886e-04   3.2234679e-04   1.5130579e-05   1.0401089e-03   1.3653830e-05   1.8070029e-04   1.3807649e-04   6.5311347e-01  -4.5189831e-01   1.0000000e+00   2.0491892e-01
   6.1888514e-01   4.6654105e-03   3.4290686e-04   6.3005664e-05   6.6719654e-05   5.2186939e-03   0.0000000e+00   9.0925561e-06   5.3895710e-05   9.0673881e-04   1.3479903e-04   3.0139159e-04   5.7498498e-03   1.0193541e-02   8.2272770e-04   8.1701142e-06   3.3738921e-03   2.9098708e-03   1.1508205e-03   8.6362866e-05   0.0000000e+00   8.8921168e-04   6.8278263e-04   1.2783161e-03   1.6965696e-04   7.5201043e-06   7.7061160e-04   1.4087207e-03   1.2737359e-03   4.6266142e-06   6.1888514e-01  -1.2468160e-01   1.0000000e+00   2.0185807e-01
   2.5999917e-01   0.0000000e+00   1.5520745e-03   2.5886077e-05   8.3552963e-04   0.0000000e+00   1.1515660e-03   7.4985233e-05   2.6215286e-04   2.0695418e-05   5.8339910e-04   0.0000000e+00   5.0452533e-04   9.9942566e-04   1.1002228e-04   4.5306817e-06   0.0000000e+00   0.0000000e+00   7.0272585e-04   2.0793194e-04   0.0000000e+00   3.7112193e-04   3.8104306e-04   8.3974353e-04   2.0221412e-03   0.0000000e+00   2.8344596e-04   5.5527761e-04   0.0000000e+00   7.4508522e-04   2.5999917e-01   2.4565239e-01   1.0000000e+00   1.8356155e-01
   4.0967203e-01   2.4738049e-04   7.1669165e-04   1.3907206e-05   4.7804555e-03   4.8147005e-04   3.1145352e-05   4.1756837e-06   0.0000000e+00   2.1437143e-03   8.7289436e-05   2.5616727e-04   1.5951154e-03   7.8711458e-03   9.8056844e-04   3.2575779e-06   4.3372636e-03   1.4666238e-03   6.8993102e-06   3.4790961e-03   2.8725253e-05   1.1391088e-03   8.1645201e-04   1.0502591e-03   1.3692027e-04   6.5656222e-05   0.0000000e+00   1.2206520e-03   5.1593337e-03   3.6834458e-04   4.0967203e-01   2.4550244e-01   1.0000000e+00   1.7916451e-01
   1.8305235e-01   6.7286265e-05   2.1028895e-03   2.1102295e-05   9.0722356e-04   0.0000000e+00   1.1407220e-03   1.1052432e-04   0.0000000e+00   1.6582162e-04   6.1519439e-04   3.4332574e-04   1.1513201e-05   2.9667728e-04   5.7942090e-03   5.9024784e-06   1.0088038e-04   4.9814070e-04   7.9899268e-04   8.2675951e-04   0.0000000e+00   4.2797559e-04   4.4836344e-04   1.5700017e-03   1.9505650e-03   1.0200783e-04   0.0000000e+00   0.0000000e+00   4.1517605e-04   6.7052600e-04   1.8305235e-01   6.6980845e-01   1.0000000e+00   1.2930377e-01
   8.4537222e-02   2.2499151e-04   1.6418186e-03   2.1469346e-05   4.7777792e-04   0.0000000e+00   5.5926809e-04   9.3578170e-05   9.4208000e-05   8.1554514e-07   5.0957167e-04   1.6979643e-04   7.0932898e-07   0.0000000e+00   0.0000000e+00   5.8479552e-06   0.0000000e+00   7.3243729e-04   6.5148914e-04   0.0000000e+00   2.2653213e-04   3.7574867e-04   8.3184816e-04   1.1733413e-03   1.6341517e-03   1.0490152e-04   1.0252134e-05   2.2096354e-04   5.6317334e-05   6.9913369e-04   8.4537222e-02   6.7256683e-01   1.0000000e+00   1.1726541e-01
   3.2559021e-02   6.2915761e-04   1.5069121e-03   3.1148038e-05   5.0580193e-04   0.0000000e+00   1.2412583e-03   7.8489039e-05   6.0553916e-04   3.2012151e-04   1.2189425e-03   2.0099637e-04   3.8433813e-04   3.8027009e-04   4.0963990e-04   8.4702095e-08   2.2360745e-05   0.0000000e+00   7.0195414e-04   6.1720766e-04   3.2822794e-04   4.3740137e-04   4.6094909e-04   1.1094338e-03   1.9523818e-03   2.9817183e-04   2.5138378e-05   9.8505875e-04   0.0000000e+00   8.5873581e-04   3.2559021e-02   7.9608933e-01   1.0000000e+00   7.0780085e-02
   6.3159598e-01   2.9535095e-03   1.7004688e-04   1.3095764e-04   3.6116397e-04   3.7957327e-03   3.3777260e-04   1.5688151e-05   4.3810308e-04   3.1356634e-04   0.0000000e+00   6.1993692e-05   4.4319369e-03   7.3126010e-03   3.0521419e-05   8.5161154e-06   0.0000000e+00   3.3492723e-03   2.2343320e-03   7.3012028e-04   2.3276928e-03   2.1573074e-04   1.2289834e-03   1.1893155e-03   5.0213518e-04   0.0000000e+00   9.6218238e-04   1.7766383e-03   0.0000000e+00   3.1998537e-04   6.3159598e-01  -3.1707111e-01   1.0000000e+00   7.0499038e-02
   6.3947286e-01   4.9751409e-03   6.2068641e-04   6.1293772e-05   1.2789976e-03   3.5887512e-03   8.2029994e-06   2.7780243e-05   0.0000000e+00   8.9230674e-04   4.6282796e-04   3.2741796e-04   4.0332730e-03   9.5028419e-03   2.3795746e-04   1.0785094e-05   8.9616198e-04   2.8356295e-03   3.7299106e-03   3.7464718e-04   5.7469906e-04   1.9425706e-04   1.7068794e-03   7.8253769e-04   3.4657492e-05   4.4041702e-05   1.2035861e-03   3.3589240e-04   0.0000000e+00   1.7830026e-04   6.3947286e-01  -3.9722597e-01   1.0000000e+00   6.3303415e-02
   4.7200151e-02   0.0000000e+00   1.2617343e-03   3.5860109e-05   2.5570537e-03   0.0000000e+00   1.6327645e-04   5.5851295e-05   0.0000000e+00   2.3073161e-05   3.0425577e-04   3.9202311e-04   0.0000000e+00   2.5108025e-03   0.0000000e+00   6.7504890e-06   4.5795863e-04   0.0000000e+00   7.4019862e-04   1.6658990e-04   4.8466831e-04   3.5561828e-04   0.0000000e+00   1.0046717e-03   1.1313952e-03   3.3201991e-04   5.1265492e-04   1.3395966e-03   1.0307447e-03   3.8727432e-04   4.7200151e-02   7.3994675e-01   1.0000000e+00   6.1024674e-02
   2.2059618e-01   7.3616831e-04   1.6639972e-03   2.2582124e-05   8.0487847e-04   5.9106435e-05   9.6482248e-04   9.1352988e-05   2.3594458e-04   0.0000000e+00   5.0888879e-04   2.1498309e-04   7.5707130e-04   1.4667273e-03   0.0000000e+00   4.5823934e-06   0.0000000e+00   0.0000000e+00   6.5109580e-04   2.4870244e-04   0.0000000e+00   4.9435900e-04   4.2068929e-04   1.0461619e-03   1.6706191e-03   2.2957442e-04   2.6333278e-04   4.4865191e-04   0.0000000e+00   8.6957262e-04   2.2059618e-01   4.0063612e-01   1.0000000e+00   3.6150827e-02
   8.2437694e-01   3.8345255e-03   1.2164312e-04   0.0000000e+00   1.3130676e-03   0.0000000e+00   8.2083593e-04   1.3646241e-05   1.6335915e-03   4.7148427e-04   2.3269801e-04   6.2836340e-04   4.8238807e-03   1.1610623e-02   1.3030648e-03   6.1596312e-06   9.9350316e-03   0.0000000e+00   1.0347378e-03   3.1500542e-05   5.0326338e-03   1.6702742e-03   0.0000000e+00   3.0389318e-04   1.0155159e-03   6.8076655e-04   2.2222363e-03   4.0262597e-03   6.4761775e-03   1.5680049e-04   8.2437694e-01  -4.6924963e-01   1.0000000e+00   3.5616639e-02
   8.2668028e-01   9.1742745e-03   2.7181530e-04   1.2646247e-05   2.0501252e-03   2.2032601e-03   1.0246695e-02   4.0372661e-06   2.5498674e-03   1.9353745e-03   2.3719492e-04   9.5935656e-05   2.2925847e-03   7.7977130e-03   2.1985843e-04   4.8445099e-06   2.1245071e-02   7.1279971e-03   1.4874840e-03   1.2631064e-04   6.2582871e-04   1.5044130e-03   1.5431305e-03   5.5595131e-05   5.0998665e-04   3.1960351e-04   3.8127285e-03   4.0994893e-03   2.4716362e-03   4.1090294e-04   8.2668028e-01  -5.0943064e-01   1.0000000e+00   3.5487161e-02
   3.0875353e-03   0.0000000e+00   1.0804533e-03   6.6216072e-07   1.3131072e-03   8.1605527e-06   1.1826828e-03   1.1472089e-07   2.0480533e-04   9.9244349e-04   9.8989351e-05   7.1630538e-05   2.3251858e-04   1.0124246e-02   5.8772710e-05   4.9194234e-06   8.3432423e-04   3.7463006e-04   9.2191555e-04   2.0915901e-03   0.0000000e+00   3.6431732e-05   0.0000000e+00   1.1781136e-03   2.8411042e-04   7.9572930e-05   3.3728412e-04   8.5425763e-04   8.5088974e-04   2.5417553e-04   3.0875353e-03   9.5121743e-01   1.0000000e+00   3.3673792e-02
   5.1349312e-02   3.9170123e-04   2.3539898e-03   2.4903935e-05   2.4268886e-03   8.7356959e-06   2.5118019e-04   1.0511188e-04   0.0000000e+00   0.0000000e+00   3.2867049e-04   3.5187002e-04   1.4081197e-04   1.9120893e-03   9.0783417e-04   7.4520746e-06   2.5199147e-05   5.6393443e-04   8.7269939e-04   4.4808073e-04   1.7627791e-04   4.0101384e-04   4.9344684e-04   1.2805202e-03   1.8522089e-03   3.2382996e-04   3.2039958e-04   1.3652466e-03   5.1231535e-04   2.6427584e-04   5.1349312e-02   7.2707758e-01   1.0000000e+00   3.2210460e-02
   2.2946037e-01   6.8379010e-04   1.7190310e-03   2.0795811e-05   1.2709339e-04   0.0000000e+00   1.0333060e-03   8.0080368e-05   2.5017165e-04   0.0000000e+00   7.6790729e-04   2.2720563e-04   5.7572523e-04   8.1130613e-05   1.9186864e-05   4.3695842e-06   5.4152110e-05   0.0000000e+00   7.8171351e-04   1.7425310e-04   0.0000000e+00   4.8373132e-04   2.9677094e-04   1.0502540e-03   2.1318062e-03   2.0420172e-04   0.0000000e+00   2.6306730e-04   0.0000000e+00   9.0999210e-04   2.2946037e-01   3.4047429e-01   1.0000000e+00   3.1477582e-02
   6.2300544e-01   0.0000000e+00   0.0000000e+00   8.6011432e-05   1.0999191e-04   4.5792747e-03   8.5824887e-04   2.7441487e-05   0.0000000e+00   6.8519382e-04   0.0000000e+00   4.8943030e-04   4.5245670e-03   9.4415343e-03   5.8385206e-04   8.1517839e-06   6.4856519e-03   3.1713926e-03   1.4193996e-03   1.6848513e-04   6.4353884e-05   1.8952207e-03   1.0531922e-03   9.5433102e-04   9.6648866e-05   5.2718801e-07   9.3230821e-04   0.0000000e+00   1.4810655e-03   0.0000000e+00   6.2300544e-01  -1.9402459e-01   1.0000000e+00   3.0792468e-02
   6.4596155e-03   1.4087900e-03   1.7502769e-03   2.2699218e-05   2.3284420e-03   0.0000000e+00   0.0000000e+00   4.3900580e-05   3.2464093e-06   0.0000000e+00   1.3006660e-03   4.2252938e-04   0.0000000e+00   1.5675255e-04   3.1314909e-06   8.0810093e-06   2.3517623e-04   4.2607690e-04   7.5289064e-04   1.1444456e-04   1.4468351e-04   3.1710445e-04   2.4827951e-04   1.2871223e-03   1.2394483e-03   2.7724158e-04   6.7022658e-04   4.4234158e-04   1.5281258e-03   1.6829411e-04   6.4596155e-03   9.2288404e-01   1.0000000e+00   2.9080589e-02
   2.6490472e-02   1.4279880e-03   1.6710502e-03   2.0906806e-05   2.2301707e-03   0.0000000e+00   1.9191584e-05   4.0307802e-05   2.4976346e-05   0.0000000e+00   1.1499900e-03   4.1755756e-04   0.0000000e+00   8.0036505e-04   2.7138308e-06   8.0232602e-06   1.6059469e-04   5.8727204e-04   6.8878765e-04   0.0000000e+00   1.4607521e-04   3.4522795e-04   3.2057420e-04   1.3906288e-03   1.2892758e-03   2.5331334e-04   6.9799138e-04   6.5899339e-04   1.5879865e-03   1.6654726e-04   2.6490472e-02   8.2224552e-01   1.0000000e+00   2.8920229e-02
   2.3351586e-01   1.5134766e-03   9.8066972e-04   0.0000000e+00   1.8825373e-03   0.0000000e+00   7.1417492e-04   6.5562455e-05   4.4880256e-04   3.2868577e-03   5.6334384e-04   4.4715131e-04   1.0011558e-04   8.3969612e-04   4.8672412e-05   6.3211275e-06   5.3388610e-07   3.4384004e-03   1.3579632e-03   0.0000000e+00   3.6488128e-04   5.0558507e-04   2.5636301e-04   1.2712005e-03   1.0484570e-03   1.6296257e-04   1.1084631e-03   2.8184055e-04   0.0000000e+00   3.0120878e-04   2.3351586e-01   3.1881237e-01   1.0000000e+00   2.8265204e-02
   4.3316523e-01   4.1881950e-04   1.1202455e-03   1.3251413e-05   5.2310150e-03   6.7428897e-04   0.0000000e+00   0.0000000e+00   0.0000000e+00   3.1150880e-03   1.0023788e-04   2.5966970e-04   9.8795011e-04   8.7053999e-03   5.6510628e-04   2.7485863e-06   4.0609244e-03   1.6066732e-03   1.3156406e-05   3.0153067e-03   0.0000000e+00   7.6407549e-04   7.5329960e-04   9.8242878e-04   3.2729126e-05   3.2311538e-05   0.0000000e+00   1.2158495e-03   8.8812741e-03   3.8584790e-04   4.3316523e-01  -2.3181041e-02   1.0000000e+00   2.7569154e-02
   8.3011658e-01   4.1600960e-03   6.2848334e-04   6.1859434e-05   9.5549951e-04   3.7921366e-03   0.0000000e+00   1.1656474e-04   9.6977404e-05   1.1227315e-03   6.9599037e-06   5.8492793e-04   5.1277007e-03   7.6375393e-03   6.1839891e-06   9.5361766e-06   0.0000000e+00   3.0181476e-03   2.6005828e-03   0.0000000e+00   1.1964876e-03   0.0000000e+00   1.3307741e-03   6.4027692e-04   2.4336302e-05   1.3987762e-06   5.3430821e-04   3.5698155e-04   1.7316276e-04   2.4983319e-04   8.3011658e-01  -5.7863729e-01   1.0000000e+00   2.6917586e-02
   6.2418900e-01   3.0432553e-03   2.3678213e-05   7.6571894e-05   0.0000000e+00   8.0802066e-03   5.2640865e-04   2.8740541e-05   5.6818662e-04   3.3757817e-04   5.2244317e-05   5.5924053e-04   6.6187872e-03   8.6190779e-03   8.4846823e-05   7.8339248e-06   0.0000000e+00   2.5563207e-03   2.1730612e-03   4.0473752e-04   1.7836687e-03   5.3052383e-04   1.5573748e-03   5.2292127e-04   2.3834664e-04   5.6774074e-05   1.0185400e-03   8.2920251e-05   1.7902670e-04   1.2418401e-04   6.2418900e-01  -2.1253938e-01   1.0000000e+00   2.6571188e-02
   1.8560238e-01   2.4022399e-03   9.3327319e-04   7.7651589e-07   1.1212146e-03   0.0000000e+00   0.0000000e+00   1.8035313e-05   3.6467954e-04   2.3674590e-04   1.3265513e-04   3.4473427e-04   0.0000000e+00   1.5082140e-03   0.0000000e+00   5.5839920e-06   1.7167390e-04   3.7763055e-04   7.3161830e-04   1.9200755e-03   0.0000000e+00   0.0000000e+00   8.4849613e-05   1.5783971e-03   5.2770481e-04   2.6575644e-05   2.7290272e-04   7.8729703e-04   1.4926307e-04   2.3912004e-04   1.8560238e-01   6.5369548e-01   1.0000000e+00   2.4774761e-02
   8.3409493e-01   4.5356455e-03   4.1419099e-04   0.0000000e+00   4.9445263e-05   0.0000000e+00   8.2980812e-04   2.0775397e-05   1.5034609e-03   0.0000000e+00   0.0000000e+00   8.1145332e-04   4.6195762e-03   7.7577494e-03   9.6748064e-04   6.2077224e-06   7.8113120e-03   1.1375911e-03   8.9712014e-04   0.0000000e+00   5.5430829e-03   2.3150167e-03   0.0000000e+00   0.0000000e+00   1.6917680e-03   5.7694373e-04   6.0384718e-03   4.1484221e-03   5.4908375e-03   2.1191291e-04   8.3409493e-01  -6.3569464e-01   1.0000000e+00   2.4727084e-02
   2.2473763e-01   1.2975721e-03   1.1709779e-03   0.0000000e+00   2.3531758e-03   1.4292575e-03   9.7456703e-05   6.9067189e-05   0.0000000e+00   2.6322156e-03   1.0250497e-03   6.7307301e-04   7.2251585e-05   2.2928111e-03   1.9178703e-04   5.3561991e-06   1.1921442e-03   4.6650545e-03   1.5417856e-03   0.0000000e+00   2.8116869e-04   6.1155660e-04   4.0062894e-04   1.5889767e-03   1.5108850e-03   1.1563126e-04   5.8703368e-04   3.5813069e-04   0.0000000e+00   4.9706876e-04   2.2473763e-01   3.7465344e-01   1.0000000e+00   2.4321532e-02
   2.0565959e-01   0.0000000e+00   8.5547477e-04   2.1913958e-05   3.9857466e-03   6.9496135e-04   5.0138437e-04   0.0000000e+00   1.3931858e-05   4.9259611e-03   4.7844251e-05   2.9962435e-04   1.6189506e-03   7.6686791e-03   9.2207447e-04   2.2839256e-06   0.0000000e+00   1.5699254e-03   0.0000000e+00   1.7795116e-03   5.3026982e-04   2.9962787e-04   7.0164492e-04   1.0306472e-03   0.0000000e+00   1.2868008e-04   6.5484683e-04   9.5834127e-04   5.1334436e-03   3.3661374e-04   2.0565959e-01   5.1845821e-01   1.0000000e+00   2.4102347e-02
   2.0840270e-01   1.0453562e-03   9.8742944e-04   2.4111435e-05   1.0649837e-02   0.0000000e+00   4.9498776e-04   4.8596270e-06   0.0000000e+00   1.7769378e-03   2.7887210e-06   2.6130988e-04   1.2000964e-03   7.0030493e-03   8.3610130e-04   3.8750505e-06   0.0000000e+00   1.7136754e-03   0.0000000e+00   1.7783165e-03   3.9202413e-04   3.2722303e-04   1.0916277e-03   1.0016403e-03   4.2663279e-04   9.3250390e-05   5.8576762e-04   7.9747170e-04   4.5787723e-03   4.5370940e-04   2.0840270e-01   4.9810798e-01   1.0000000e+00   2.3886710e-02
   1.9548919e-01   1.9155291e-03   1.4396935e-03   3.1615934e-05   2.2517056e-03   0.0000000e+00   1.1202997e-04   3.6765576e-05   2.0011104e-04   0.0000000e+00   1.5578132e-03   4.4437475e-04   0.0000000e+00   3.5848549e-04   1.1841297e-04   7.9716684e-06   0.0000000e+00   5.0151845e-04   7.1288560e-04   1.5168374e-04   0.0000000e+00   2.3589011e-04   3.0221457e-04   2.4925073e-03   1.2257547e-03   1.8121409e-04   0.0000000e+00   1.1277863e-03   1.7735148e-03   1.7705942e-04   1.9548919e-01   5.8966614e-01   1.0000000e+00   2.3740059e-02
   1.9837634e-02   1.9648252e-05   1.4574820e-03   9.9055555e-06   2.2082164e-03   4.2279938e-04   1.5948601e-04   6.9445600e-05   6.1990452e-05   7.7985581e-06   3.5800056e-04   4.1297534e-04   3.9757846e-04   1.3999778e-03   2.6123137e-04   7.8317966e-06   3.8775244e-04   8.1258061e-05   1.0968148e-03   9.9279532e-06   3.2595970e-04   2.8414287e-04   1.8414488e-04   1.3679449e-03   1.4200856e-03   2.9365181e-04   2.1004396e-04   5.6811386e-04   0.0000000e+00   3.3842409e-04   1.9837634e-02   8.5156362e-01   1.0000000e+00   2.3555563e-02
   8.3169456e-01   4.5354798e-03   4.2454571e-04   4.6263751e-06   7.8690994e-05   9.3556868e-04   9.4796378e-04   2.0752380e-05   1.4231944e-03   6.1523966e-05   0.0000000e+00   8.5989117e-04   5.2033296e-03   7.9053654e-03   1.0150288e-03   6.4851845e-06   7.7316456e-03   1.1308712e-03   8.3623455e-04   0.0000000e+00   4.5302869e-03   1.6178288e-03   0.0000000e+00   0.0000000e+00   1.4688041e-03   7.5232014e-04   4.8942353e-03   4.4794434e-03   5.3819167e-03   2.1320132e-04   8.3169456e-01  -6.0032047e-01   1.0000000e+00   2.3279066e-02
   1.0429800e-03   2.0430975e-05   1.6452899e-03   2.6073753e-05   0.0000000e+00   3.9508254e-08   7.6762030e-04   8.5552650e-05   1.4200705e-04   0.0000000e+00   5.8163300e-04   2.0349093e-04   0.0000000e+00   0.0000000e+00   3.6166579e-05   5.4840117e-06   0.0000000e+00   5.4527058e-04   8.1868100e-04   9.2679107e-04   2.3974755e-04   4.5115118e-04   3.5070815e-04   1.3155137e-03   2.0605262e-03   1.1262078e-04   2.7708384e-05   0.0000000e+00   5.1185004e-04   8.8607220e-04   1.0429800e-03   9.7126154e-01   1.0000000e+00   2.3030745e-02
   8.3868479e-01   4.7563524e-03   6.1745075e-04   6.1739475e-05   1.0020411e-03   2.2685198e-03   1.0971569e-05   5.8063651e-05   0.0000000e+00   9.4101041e-04   8.6373558e-06   3.7971789e-04   4.7503677e-03   7.4335692e-03   0.0000000e+00   1.0448544e-05   3.5278247e-04   3.1654960e-03   2.4253714e-03   1.6249794e-06   5.5655678e-04   0.0000000e+00   1.2220578e-03   8.0740128e-04   0.0000000e+00   8.0648813e-06   6.7739113e-04   0.0000000e+00   1.8475378e-04   2.3035636e-04   8.3868479e-01  -6.9666468e-01   1.0000000e+00   2.2887360e-02
   8.4255150e-01   4.5159047e-03   3.9079801e-04   0.0000000e+00   0.0000000e+00   0.0000000e+00   8.3686203e-04   2.0364145e-05   1.4703197e-03   0.0000000e+00   0.0000000e+00   8.7713485e-04   4.5590792e-03   7.6867808e-03   9.9802030e-04   7.2535382e-06   9.5352514e-03   1.2280438e-03   7.2539618e-04   0.0000000e+00   5.1106196e-03   2.4005047e-03   0.0000000e+00   0.0000000e+00   1.5555365e-03   5.0325097e-04   5.7833366e-03   4.0743988e-03   6.5400874e-03   2.1717298e-04   8.4255150e-01  -7.2754392e-01   1.0000000e+00   2.2711114e-02
   4.2329882e-01   5.7297439e-05   8.9732805e-04   9.3734582e-06   5.3466989e-03   4.1027495e-04   7.1113272e-04   3.8918569e-06   3.1320346e-06   2.1682638e-03   4.6983201e-05   3.7272652e-04   1.6192586e-03   7.9045867e-03   1.2244865e-03   3.3672308e-06   1.6429646e-04   1.3681034e-03   0.0000000e+00   1.8303236e-03   0.0000000e+00   2.2778588e-04   9.5246150e-04   1.1392045e-03   2.8726969e-05   5.2897549e-06   7.1345472e-04   7.4020257e-04   5.1780955e-03   3.8586018e-04   4.2329882e-01   7.3510739e-02   1.0000000e+00   2.2615628e-02
   6.2119800e-01   1.1608206e-03   1.9385795e-04   1.6135462e-04   0.0000000e+00   4.8292469e-03   1.1301180e-03   2.3529539e-05   1.1574258e-05   5.6265094e-04   4.2069629e-05   5.0222639e-04   3.8566771e-03   9.6217500e-03   4.4847077e-04   7.8213922e-06   6.9431841e-03   2.6308250e-03   1.2445872e-03   0.0000000e+00   5.8357569e-05   1.3458530e-03   1.1396993e-03   1.1081440e-03   9.5340525e-05   0.0000000e+00   6.3552857e-04   1.6035188e-03   1.6064853e-03   1.7354151e-05   6.2119800e-01  -1.6422152e-01   1.0000000e+00   2.2080078e-02
   1.9266682e-01   1.1373677e-03   1.2063825e-03   5.6630813e-06   5.9468937e-04   0.0000000e+00   2.2023653e-05   2.4970963e-05   1.8325025e-05   2.9918968e-04   0.0000000e+00   5.2063722e-05   0.0000000e+00   7.4693947e-03   1.7857006e-05   6.0911999e-06   1.2123728e-04   4.2860385e-04   8.5231566e-04   1.8642442e-03   1.2474106e-05   4.4518594e-05   7.2752935e-05   1.4718781e-03   0.0000000e+00   5.4239945e-05   2.6629657e-04   8.3644738e-04   1.6031885e-04   2.1437949e-04   1.9266682e-01   6.0923741e-01   1.0000000e+00   2.1979328e-02
   8.4018759e-01   4.1519531e-03   1.2183812e-03   6.0139152e-05   9.8808784e-04   3.8456973e-03   1.2391544e-07   4.8157659e-05   3.2129874e-04   8.0822516e-04   0.0000000e+00   3.9558587e-04   4.6486562e-03   7.7031514e-03   4.0022669e-04   8.9733589e-06   0.0000000e+00   2.9683071e-03   2.3615561e-03   0.0000000e+00   8.6880472e-04   0.0000000e+00   1.1979449e-03   5.4946435e-04   0.0000000e+00   0.0000000e+00   5.8631698e-04   0.0000000e+00   2.2068184e-04   2.1529703e-04   8.4018759e-01  -7.1154420e-01   1.0000000e+00   2.1974385e-02
   6.1952597e-01   5.2840940e-03   5.0523393e-04   1.1237239e-08   0.0000000e+00   0.0000000e+00   7.5194191e-04   2.8112520e-05   1.3602588e-03   3.3258684e-04   8.4174286e-06   6.5988273e-04   7.1929733e-03   7.5269252e-03   9.0126527e-04   5.4303261e-06   7.3881240e-03   1.0692011e-03   9.4342828e-04   0.0000000e+00   6.2035294e-03   2.1680074e-03   1.2364454e-05   8.9962192e-05   1.8970028e-03   4.6973675e-04   7.0968695e-03   4.0464318e-03   5.9251745e-03   1.9525272e-04   6.1952597e-01  -1.3202701e-01   1.0000000e+00   2.1909315e-02
   2.4805689e-01   0.0000000e+00   1.9370742e-03   3.5859041e-05   2.2125761e-03   1.6730968e-07   3.2868049e-04   1.0178795e-04   0.0000000e+00   7.7892143e-05   3.6943087e-04   3.7478187e-04   1.3538479e-04   0.0000000e+00   1.1636711e-04   7.4416282e-06   5.2762281e-04   5.9009923e-04   8.4043958e-04   3.0494108e-04   3.0702342e-04   3.7126659e-04   4.7748350e-04   1.4200395e-03   2.4957026e-03   3.1354121e-04   9.1791093e-06   1.3154355e-03   4.9806397e-04   2.5641201e-04   2.4805689e-01   2.5794836e-01   1.0000000e+00   2.1385665e-02
   5.8529261e-02   3.1665316e-03   2.7465630e-03   2.5168757e-05   2.0685441e-03   0.0000000e+00   9.9113726e-05   7.0765317e-05   4.8321965e-04   0.0000000e+00   5.5875545e-04   5.2058394e-04   0.0000000e+00   1.2739397e-05   0.0000000e+00   7.9955419e-06   1.6552947e-03   5.0149819e-04   1.5298970e-04   7.6404793e-05   4.3772293e-05   4.5488202e-04   3.3299869e-04   1.1062226e-03   1.2093008e-03   1.4319372e-05   4.1365725e-04   8.9915280e-06   1.5696469e-03   3.7729441e-04   5.8529261e-02   7.0645451e-01   1.0000000e+00   2.1246533e-02
   2.5465082e-01   1.4507158e-03   9.8351113e-04   1.2837388e-08   1.8885535e-03   2.4194234e-04   7.5504512e-04   9.6160373e-05   4.5489953e-04   3.3526927e-03   5.6729233e-04   4.2475305e-04   1.4025298e-04   1.2604118e-03   0.0000000e+00   7.0027147e-06   7.6508886e-05   3.3328158e-03   1.0784795e-03   0.0000000e+00   2.6600338e-04   5.1877925e-04   3.0064251e-04   1.1610420e-03   8.7485266e-04   1.1939481e-04   9.8092818e-04   2.7558158e-04   0.0000000e+00   2.7745018e-04   2.5465082e-01   2.4828208e-01   1.0000000e+00   2.0962536e-02
   8.2750091e-01   9.5735842e-03   2.5401091e-04   1.4708680e-05   2.2459583e-03   2.3040035e-03   5.4457936e-03   0.0000000e+00   3.0144628e-03   2.0621976e-03   2.3221858e-04   1.9198419e-04   3.2809876e-03   8.1119484e-03   5.9029274e-04   4.3674142e-06   2.0815681e-02   4.5824632e-03   1.3233989e-03   2.0717883e-04   0.0000000e+00   1.5258707e-03   7.9346134e-04   0.0000000e+00   3.7861816e-04   2.9100664e-04   4.4909007e-03   4.0596805e-03   2.1722991e-03   3.5042901e-04   8.2750091e-01  -5.2560584e-01   1.0000000e+00   2.0692058e-02
   1.9766845e-01   0.0000000e+00   9.9722081e-04   1.8578661e-05   6.0836096e-03   7.2371531e-04   6.4424141e-04   1.8356406e-05   3.3306531e-04   2.0800257e-03   0.0000000e+00   0.0000000e+00   1.7217041e-03   5.7146657e-03   2.1793526e-03   3.9173388e-06   1.1428767e-04   1.8537105e-03   0.0000000e+00   1.1295673e-03   6.8504118e-04   2.8040758e-04   6.2634817e-04   8.4869400e-04   4.0456034e-04   1.4895047e-04   7.0886740e-04   1.6631280e-05   4.2451317e-03   3.9999827e-04   1.9766845e-01   5.7759077e-01   1.0000000e+00   2.0444761e-02
   6.2091983e-01   1.2727142e-03   2.7521038e-04   1.0419605e-04   0.0000000e+00   4.5607706e-03   1.0982321e-03   2.6377661e-05   1.9969965e-05   6.5765790e-04   3.1838601e-05   5.2277197e-04   4.0055924e-03   9.6414686e-03   2.6590273e-04   8.4913137e-06   7.7700692e-03   3.0427295e-03   1.2291708e-03   1.3170118e-05   6.3584262e-05   1.6209077e-03   1.0993429e-03   1.1379935e-03   9.6264290e-05   0.0000000e+00   9.8289400e-04   1.5810117e-03   1.6309447e-03   0.0000000e+00   6.2091983e-01  -1.5925482e-01   1.0000000e+00   2.0140503e-02
   2.1375079e-01   7.4369282e-05   8.7671577e-04   2.2821726e-05   6.3282875e-03   4.0205359e-04   5.3243709e-04   0.0000000e+00   3.6852648e-05   1.5144222e-03   0.0000000e+00   3.0863595e-04   2.6653483e-03   6.7004952e-03   8.4256096e-04   3.9534970e-06   4.0207130e-05   0.0000000e+00   4.9992483e-05   1.9078811e-03   5.8909313e-04   3.5937925e-04   8.3977559e-04   5.7682197e-04   6.2142073e-04   1.1777397e-04   7.1211799e-04   1.0881699e-03   6.2219850e-03   3.7562897e-04   2.1375079e-01   4.5624774e-01   1.0000000e+00   2.0106560e-02
   2.2708306e-01   0.0000000e+00   7.9038064e-04   1.9684352e-05   1.7531884e-03   5.2711417e-04   5.1433091e-04   3.3796567e-07   0.0000000e+00   2.2662873e-03   6.1462652e-05   2.7912286e-04   2.1628931e-03   8.2457400e-03   1.1148540e-03   3.5230597e-06   1.6471501e-04   1.6242226e-03   3.1164932e-05   1.8299355e-03   8.2899035e-04   2.8192674e-04   4.2470873e-04   1.0208292e-03   8.1601095e-05   1.0787541e-04   7.1064610e-04   1.0602507e-03   9.4201447e-03   3.8093458e-04   2.2708306e-01   3.6118727e-01   1.0000000e+00   2.0053267e-02
   8.2805871e-01   3.1977313e-03   4.3203665e-04   1.2485837e-04   3.2276988e-04   3.1785009e-03   3.6610439e-04   1.6984795e-05   6.9013726e-05   8.4890238e-05   0.0000000e+00   4.5605791e-04   3.9201139e-03   9.4063416e-03   0.0000000e+00   5.6543443e-06   0.0000000e+00   4.9001817e-03   1.2997603e-03   2.9964254e-05   5.7695774e-04   2.0739102e-04   2.0748725e-03   1.1477215e-04   2.7547520e-04   0.0000000e+00   1.0934113e-03   1.4726910e-03   2.5343149e-04   1.4426499e-04   8.2805871e-01  -5.4321248e-01   1.0000000e+00   1.9734913e-02
   1.6580188e-02   1.7151982e-03   1.7951738e-03   2.2101378e-05   2.3414564e-03   0.0000000e+00   0.0000000e+00   4.2516753e-05   4.9572728e-06   9.9072409e-06   1.3244066e-03   4.0222745e-04   0.0000000e+00   1.8258387e-04   5.0003553e-05   8.1200260e-06   2.8040499e-04   4.1142817e-04   7.5978763e-04   1.0984462e-04   1.2346684e-04   3.1412195e-04   2.9312979e-04   1.3354862e-03   5.8496579e-04   2.7704049e-04   7.8500902e-04   4.8536673e-04   1.4514366e-03   1.4888823e-04   1.6580188e-02   8.6741590e-01   1.0000000e+00   1.9558866e-02
   2.9893429e-04   0.0000000e+00   1.4655647e-03   2.3448550e-05   5.3983805e-04   8.5040856e-07   8.2553309e-04   8.6293740e-05   9.1752690e-05   2.1108473e-06   5.5537510e-04   2.2596546e-04   0.0000000e+00   0.0000000e+00   3.3754890e-05   5.7317659e-06   2.3961836e-04   6.4762058e-04   7.3086093e-04   0.0000000e+00   2.3130546e-04   5.5333801e-04   4.0715793e-04   1.3820681e-03   2.2969991e-03   1.1151922e-04   4.2912514e-05   0.0000000e+00   1.4177934e-04   7.4038837e-04   2.9893429e-04   9.8620925e-01   1.0000000e+00   1.9343880e-02
   7.1580614e-02   8.4607821e-04   2.1355178e-03   0.0000000e+00   1.9788321e-03   1.0630532e-04   1.9853599e-04   6.3487144e-05   7.1647018e-05   3.7323760e-04   0.0000000e+00   3.7095000e-04   5.1915667e-06   0.0000000e+00   0.0000000e+00   7.3947422e-06   1.7072816e-04   6.3059858e-06   8.2740380e-04   9.0573718e-05   3.0436729e-04   3.3513187e-04   4.6623830e-04   1.4374597e-03   1.9575192e-03   2.1205754e-04   3.1502712e-04   5.3088753e-04   6.2273393e-04   4.2357096e-04   7.1580614e-02   6.8043013e-01   1.0000000e+00   1.8995228e-02
   8.4646634e-01   4.1165036e-03   6.2244623e-04   6.0541327e-05   1.0884643e-03   3.7340771e-03   0.0000000e+00   4.7746927e-05   0.0000000e+00   1.3744810e-03   2.8998032e-05   3.7857417e-04   5.0386559e-03   7.6747367e-03   1.4650892e-04   9.6775157e-06   4.4931041e-04   3.4252578e-03   2.8607752e-03   2.0719320e-05   5.7922797e-04   3.3192877e-04   1.1693784e-03   5.8349344e-04   8.9163220e-06   4.1755735e-06   8.1527746e-04   1.7998530e-04   1.7621346e-04   2.4246568e-04   8.4646634e-01  -7.5538465e-01   1.0000000e+00   1.8709959e-02
   6.2794505e-01   5.1448052e-03   6.4729813e-04   5.6825536e-05   1.2578171e-03   4.0116741e-03   2.3256481e-05   2.8323182e-05   0.0000000e+00   8.0421744e-04   4.5569044e-04   3.1527027e-04   3.4315887e-03   8.3432278e-03   2.5711183e-04   1.1203116e-05   1.2894753e-03   2.9330998e-03   2.8894621e-03   3.8299387e-04   5.6823829e-04   1.9457161e-04   2.0362251e-03   7.4095573e-04   2.3788792e-05   2.0653143e-05   9.8299196e-04   3.5082727e-04   0.0000000e+00   1.8933808e-04   6.2794505e-01  -2.6855851e-01   1.0000000e+00   1.8571076e-02
   4.3569315e-01   7.1848833e-05   3.3163956e-03   1.1636314e-05   1.5015847e-03   3.4859198e-03   1.0766056e-04   3.0266825e-04   1.5489462e-03   0.0000000e+00   1.3026471e-03   4.6609557e-04   5.9980337e-04   9.2282784e-03   7.3551923e-03   4.8512235e-06   4.1183245e-03   1.9952701e-03   0.0000000e+00   1.9466090e-03   1.3709734e-03   0.0000000e+00   2.8217062e-03   8.3854670e-04   1.7113512e-05   4.0031744e-05   4.6510648e-04   5.0068948e-03   0.0000000e+00   6.3211920e-05   4.3569315e-01  -4.2495211e-02   1.0000000e+00   1.8436478e-02
   6.4506536e-01   4.0289063e-03   7.2477442e-04   0.0000000e+00   1.2618171e-04   0.0000000e+00   7.1777815e-04   2.7910401e-05   1.3065963e-03   0.0000000e+00   0.0000000e+00   7.8960795e-04   5.5008467e-03   7.5560165e-03   8.5219916e-04   6.3170633e-06   8.1768680e-03   1.0621496e-03   9.3712518e-04   0.0000000e+00   5.7791912e-03   2.3962310e-03   0.0000000e+00   0.0000000e+00   1.7054617e-03   6.7297122e-04   6.7584262e-03   3.4629774e-03   5.2454486e-03   2.0314760e-04   6.4506536e-01  -4.2967828e-01   1.0000000e+00   1.7778209e-02
   2.0267481e-01   0.0000000e+00   9.5615633e-04   2.2849443e-05   5.4357660e-03   7.5320452e-04   6.2481640e-04   8.8518468e-06   3.4842563e-04   2.0630040e-03   0.0000000e+00   0.0000000e+00   1.7601388e-03   6.2175947e-03   2.2424484e-03   3.8434224e-06   1.4236283e-04   1.7082661e-03   0.0000000e+00   1.4627315e-03   6.1103668e-04   2.7872829e-04   6.9079507e-04   8.8514216e-04   4.3842663e-04   1.5919337e-04   7.3410930e-04   3.0735534e-04   5.3774098e-03   3.9961981e-04   2.0267481e-01   5.4088895e-01   1.0000000e+00   1.7542118e-02
   2.1795763e-01   0.0000000e+00   9.5995389e-04   2.3037810e-05   5.4332882e-03   7.6974366e-04   4.0489208e-04   7.9284377e-06   3.3326714e-04   2.2191821e-03   0.0000000e+00   0.0000000e+00   1.5692175e-03   6.5059356e-03   2.4816347e-03   3.8987224e-06   1.2397302e-04   1.6084233e-03   3.8714577e-06   1.2577944e-03   5.0798402e-04   3.8799920e-04   6.8323340e-04   8.9885763e-04   3.7220630e-04   1.4622931e-04   8.3160735e-04   3.1110568e-04   5.2927971e-03   4.0004432e-04   2.1795763e-01   4.2458326e-01   1.0000000e+00   1.7455219e-02
   6.2973809e-01   9.5136319e-03   2.1966655e-04   8.7957690e-05   4.1732020e-04   2.9372736e-03   3.7010953e-04   2.7213454e-05   0.0000000e+00   8.6790669e-04   0.0000000e+00   3.2008810e-04   4.8719736e-03   7.2017728e-03   1.3314011e-05   9.3374402e-06   7.9961920e-04   3.0628062e-03   2.0930962e-03   0.0000000e+00   7.9567924e-04   0.0000000e+00   1.8329787e-03   6.2464422e-04   2.0958871e-04   5.9609706e-05   9.7232875e-04   1.4009201e-03   3.2561439e-04   2.0773401e-04   6.2973809e-01  -2.9260533e-01   1.0000000e+00   1.7426482e-02
   4.1160441e-01   6.9466346e-04   9.5994118e-04   0.0000000e+00   2.7455787e-03   5.5919688e-05   2.0360399e-04   1.3367138e-05   4.2140540e-04   2.1947992e-03   2.2094770e-05   3.1537424e-04   1.7129524e-04   8.3713729e-03   0.0000000e+00   0.0000000e+00   2.4778153e-04   1.1948238e-03   2.9081808e-04   1.9982577e-03   0.0000000e+00   7.0696617e-05   6.8221009e-06   1.0157609e-03   1.4291462e-05   5.1766300e-05   3.5877717e-04   9.5798448e-04   1.8019420e-03   2.7379095e-04   4.1160441e-01   2.1684112e-01   1.0000000e+00   1.7094047e-02
   8.3411782e-03   0.0000000e+00   1.5560279e-03   6.5652232e-06   1.9715396e-03   3.8262772e-04   1.0882822e-04   6.1077787e-05   8.5119595e-05   0.0000000e+00   3.8058448e-04   5.1202218e-04   0.0000000e+00   1.2395116e-03   3.9488900e-06   7.3984654e-06   2.8568209e-04   0.0000000e+00   1.1807121e-03   5.4847243e-05   3.1107061e-04   2.7604072e-04   1.8421841e-04   1.5631696e-03   1.7459642e-03   2.7458398e-04   2.1015058e-04   6.4703917e-04   4.7407860e-04   4.1090335e-04   8.3411782e-03   9.1063611e-01   1.0000000e+00   1.7091172e-02
   1.8896119e-01   1.0907873e-03   9.8673318e-04   1.9297240e-05   9.8003427e-03   0.0000000e+00   4.9608267e-04   2.9749873e-06   0.0000000e+00   1.8330753e-03   0.0000000e+00   2.6416920e-04   1.2733357e-03   6.5564051e-03   7.4339172e-04   4.2342917e-06   3.6529404e-05   1.7079057e-03   0.0000000e+00   1.7326228e-03   3.8108997e-04   3.1934167e-04   7.3409921e-04   9.7512618e-04   5.2827023e-04   1.0017321e-04   7.3000145e-04   8.7035588e-04   4.0969407e-03   4.5481998e-04   1.8896119e-01   6.3821555e-01   1.0000000e+00   1.7009117e-02
   2.1110755e-01   0.0000000e+00   8.4505310e-04   0.0000000e+00   4.8364290e-03   0.0000000e+00   5.0043112e-04   0.0000000e+00   0.0000000e+00   3.7466210e-03   4.4638402e-05   5.2559469e-04   6.8311391e-04   7.6686446e-03   1.3526009e-03   1.9168881e-06   0.0000000e+00   8.0824346e-04   0.0000000e+00   1.8482564e-03   0.0000000e+00   2.9574006e-04   6.6002679e-04   1.0398488e-03   5.2259318e-05   9.3852097e-05   6.8396386e-04   1.0628132e-03   5.2430229e-03   3.3393392e-04   2.1110755e-01   4.7608819e-01   1.0000000e+00   1.6829038e-02
   6.5082482e-02   3.3836601e-03   1.6932957e-03   1.3662587e-05   2.0380568e-03   0.0000000e+00   7.6353020e-05   5.9107735e-05   0.0000000e+00   0.0000000e+00   1.0124023e-03   6.5051672e-04   0.0000000e+00   1.2796454e-04   0.0000000e+00   7.9140565e-06   2.8974393e-04   4.7024293e-04   0.0000000e+00   4.9750863e-04   2.0422252e-04   2.1566971e-04   3.3408508e-04   1.4125793e-03   1.0340481e-03   2.5773603e-04   4.3841991e-04   5.6730504e-04   1.0576185e-03   3.4519432e-04   6.5082482e-02   6.9135881e-01   1.0000000e+00   1.6288918e-02
   2.0393269e-01   4.2367347e-04   9.8622118e-04   2.1048741e-05   5.7945677e-03   4.5548017e-04   4.4921889e-04   0.0000000e+00   2.4146378e-05   8.5023625e-04   1.0484904e-04   2.6153235e-04   1.5717718e-03   6.7418238e-03   5.8716697e-04   3.2993287e-06   1.0289240e-04   1.5481398e-03   0.0000000e+00   1.4757275e-03   5.0606722e-04   3.4682729e-04   6.3318814e-04   8.9499362e-04   8.8827735e-04   9.4591862e-05   6.4750443e-04   8.9125742e-04   7.5236201e-03   3.6668550e-04   2.0393269e-01   5.3150163e-01   1.0000000e+00   1.6168852e-02
   4.3083754e-01   3.4793546e-04   8.7653701e-04   1.3068288e-05   2.4975150e-03   8.5848102e-04   4.5588773e-04   8.8938485e-07   0.0000000e+00   3.0538508e-03   0.0000000e+00   2.3837865e-04   1.2513635e-03   8.7836962e-03   6.1793193e-04   3.7644101e-06   2.9538179e-03   1.6479959e-03   3.9745320e-05   3.0281388e-03   6.9243681e-05   1.0028476e-03   7.1460210e-04   1.0636785e-03   4.6740898e-05   5.1621705e-05   0.0000000e+00   1.1391153e-03   5.8232349e-03   3.7552159e-04   4.3083754e-01  -3.7631987e-03   1.0000000e+00   1.5870853e-02
   1.9940631e-01   6.4145646e-04   1.6208006e-03   2.3515776e-05   3.5430208e-03   9.8383016e-06   1.2904112e-03   9.2860858e-05   7.5039273e-04   3.0526079e-04   8.8408056e-04   2.1754885e-04   5.0118658e-04   4.5340934e-04   3.9350238e-04   1.6310312e-08   1.6696436e-05   1.0174664e-05   7.7179026e-04   8.4842457e-04   8.0045664e-05   4.5820985e-04   3.5573182e-04   1.1039660e-03   2.5298271e-03   3.1831668e-04   0.0000000e+00   2.6984901e-04   4.3040842e-05   8.4208070e-04   1.9940631e-01   5.6160089e-01   1.0000000e+00   1.5834696e-02
   8.3562282e-01   4.3652137e-03   4.0582482e-04   1.1285120e-07   1.6158358e-03   0.0000000e+00   1.5594328e-03   2.0979444e-05   1.4890092e-03   8.8353381e-05   3.2056238e-05   7.0670385e-04   4.2485571e-03   1.2654871e-02   1.0086145e-03   6.1957045e-06   1.2924499e-02   7.1301544e-04   9.6900849e-04   3.8676168e-05   4.9860355e-03   1.5571220e-03   7.4069861e-06   1.4081128e-04   1.0591248e-03   6.3996496e-04   2.0803974e-03   4.7279109e-03   6.3540662e-03   2.6954378e-04   8.3562282e-01  -6.5500710e-01   1.0000000e+00   1.5707224e-02
   4.2179057e-01   0.0000000e+00   1.3901684e-03   6.0428304e-07   1.6412165e-02   4.9066993e-04   8.8078679e-04   1.6187155e-05   4.3110355e-04   1.2486106e-03   0.0000000e+00   3.4102070e-04   5.3609644e-04   9.4646499e-03   1.3548126e-03   4.0185802e-06   9.3712993e-04   1.2616287e-03   6.9514887e-04   1.3090209e-03   0.0000000e+00   0.0000000e+00   3.3640834e-04   1.0467723e-03   4.1703171e-04   3.6194395e-06   0.0000000e+00   2.7932965e-04   3.5193171e-03   3.8085966e-04   4.2179057e-01   9.2805345e-02   1.0000000e+00   1.5648847e-02
   2.0021156e-01   5.9459547e-04   1.6736451e-03   2.2602825e-05   5.2682165e-04   9.5363092e-06   1.1810738e-03   7.8501110e-05   6.6351689e-04   3.2238977e-04   1.2334375e-03   2.0853233e-04   5.3043265e-04   2.3561591e-06   4.1950699e-04   1.1631880e-06   1.7821952e-05   5.4605642e-05   8.1044912e-04   5.7952370e-04   1.5660235e-04   4.3796487e-04   3.7788378e-04   1.1165708e-03   2.3003058e-03   2.7532224e-04   8.6049126e-06   5.2498145e-04   0.0000000e+00   8.6868661e-04   2.0021156e-01   5.5483352e-01   1.0000000e+00   1.5531472e-02
   2.3730236e-01   1.2476122e-03   1.1672053e-03   0.0000000e+00   2.2798249e-03   1.3967883e-03   1.5875240e-04   7.0825800e-05   0.0000000e+00   2.6274226e-03   1.1156850e-03   6.6488744e-04   0.0000000e+00   0.0000000e+00   3.3560479e-04   5.2603025e-06   1.1628695e-03   5.7078615e-03   1.4868662e-03   0.0000000e+00   2.6984095e-04   5.8702866e-04   5.7806376e-04   1.5916229e-03   1.5268948e-03   9.8230233e-05   5.1555384e-04   4.6564002e-04   0.0000000e+00   4.8647459e-04   2.3730236e-01   3.0019342e-01   1.0000000e+00   1.5454314e-02
   2.4006969e-01   1.4924014e-03   1.6012742e-03   1.4088548e-05   2.5811269e-03   4.6369422e-04   4.7928773e-05   6.6995191e-05   3.6045748e-06   0.0000000e+00   1.3204369e-03   4.2534367e-04   5.1680171e-05   0.0000000e+00   0.0000000e+00   8.2104506e-06   2.2772675e-04   4.6964812e-04   8.3200747e-04   1.2106579e-04   9.4743014e-05   2.8978450e-04   9.8669342e-06   8.0187711e-04   1.2548279e-03   3.6823158e-04   6.7246051e-04   4.8157446e-04   1.2938532e-03   1.6058071e-04   2.4006969e-01   2.8510160e-01   1.0000000e+00   1.5212032e-02
   4.2762010e-01   1.4319723e-05   8.9754055e-04   1.3371459e-05   5.4780220e-03   4.3927385e-04   6.4769252e-04   2.5587960e-06   2.5911599e-06   2.1919644e-03   6.6192410e-05   2.9853378e-04   1.9986831e-03   7.7662388e-03   8.1848703e-04   3.5752914e-06   3.8804007e-04   1.5732119e-03   3.8250808e-05   1.8082912e-03   5.3038741e-05   2.2880094e-04   8.4730755e-04   1.0805349e-03   1.4119699e-05   4.7506292e-06   7.8597260e-04   7.9205989e-04   4.9654019e-03   3.7391314e-04   4.2762010e-01   2.6888344e-02   1.0000000e+00   1.5072115e-02
   2.3620419e-01   1.3538644e-03   1.0681934e-03   0.0000000e+00   2.0371286e-03   3.6240431e-04   4.2062439e-04   6.8008887e-05   0.0000000e+00   3.2820111e-03   5.0269944e-04   4.3544823e-04   0.0000000e+00   1.1440388e-03   4.6458069e-05   6.4731074e-06   0.0000000e+00   3.4575930e-03   1.4328418e-03   1.0014337e-04   1.8864251e-04   5.1016765e-04   2.5484039e-04   1.3495697e-03   1.0913722e-03   1.7345229e-04   3.9516836e-04   4.6500216e-04   0.0000000e+00   3.1209269e-04   2.3620419e-01   3.0443557e-01   1.0000000e+00   1.4957866e-02
   6.2563567e-01   2.9491967e-03   1.7130991e-04   1.3218324e-04   3.2527678e-04   3.2036251e-03   3.6238056e-04   1.5653114e-05   4.2206377e-04   3.3624387e-04   0.0000000e+00   0.0000000e+00   4.3251098e-03   7.2050972e-03   9.6817441e-06   8.4360784e-06   0.0000000e+00   3.3454917e-03   2.2235575e-03   8.0279544e-04   2.3614053e-03   2.3405757e-04   1.2125087e-03   1.3576291e-03   6.5365263e-04   0.0000000e+00   9.6102428e-04   1.6145321e-03   0.0000000e+00   3.1210437e-04   6.2563567e-01  -2.3561622e-01   1.0000000e+00   1.4925590e-02
   2.2690418e-02   1.1529131e-05   2.2058898e-03   2.4270428e-05   1.6676151e-03   2.3963695e-08   7.7735021e-04   1.1110560e-04   1.0725763e-04   1.4695315e-04   5.0926550e-04   3.2955399e-04   1.3530944e-05   0.0000000e+00   6.0079397e-06   5.8517771e-06   0.0000000e+00   6.0113182e-04   7.6429306e-04   4.0231106e-04   1.5481349e-04   4.5250379e-04   4.3807585e-04   1.2487012e-03   2.3785221e-03   1.2357306e-04   0.0000000e+00   6.7103549e-05   3.1404700e-04   6.3607652e-04   2.2690418e-02   8.3840108e-01   1.0000000e+00   1.4643112e-02
   6.2922652e-01   5.1496318e-03   6.5002814e-04   3.8488433e-05   1.2551789e-03   3.7455653e-03   2.4277794e-05   3.1573862e-05   0.0000000e+00   8.1426425e-04   4.5447197e-04   3.1458211e-04   3.4330416e-03   8.6319245e-03   2.2731258e-04   1.1216076e-05   1.2901693e-03   2.9330996e-03   2.9682837e-03   4.2559019e-04   5.6884942e-04   1.9439760e-04   2.0403774e-03   7.4865529e-04   2.4539559e-05   2.0911595e-05   1.0123227e-03   6.7869352e-04   9.2621997e-07   1.8944683e-04   6.2922652e-01  -2.8604981e-01   1.0000000e+00   1.4250690e-02
   4.2468919e-01   1.1330947e-03   1.2307600e-03   6.1875176e-06   1.0614851e-02   3.0899645e-04   1.0231094e-03   0.0000000e+00   0.0000000e+00   2.0519101e-03   1.5369842e-04   5.5037156e-04   4.6773239e-04   6.5912918e-03   0.0000000e+00   5.2001476e-06   2.6107159e-03   0.0000000e+00   2.5198677e-04   2.3344230e-03   1.0455561e-04   2.2850438e-04   3.2743175e-04   1.8366436e-03   3.8196487e-04   5.6312619e-05   0.0000000e+00   2.5107527e-03   1.9846221e-03   5.2783942e-04   4.2468919e-01   5.8777500e-02   1.0000000e+00   1.4226670e-02
   6.4795004e-01   2.6480552e-03   7.2902328e-05   1.1287756e-04   6.0771235e-04   3.7375684e-03   3.9471656e-04   2.0336451e-05   3.5374324e-04   8.1807140e-05   0.0000000e+00   0.0000000e+00   3.5891997e-03   9.0100135e-03   6.7318176e-06   8.3416542e-06   0.0000000e+00   3.3356054e-03   1.6780514e-03   5.4421454e-04   2.6198531e-03   1.8270379e-04   1.3200761e-03   1.1634883e-03   5.3557474e-05   9.6283967e-06   8.7317043e-04   2.0999037e-03   0.0000000e+00   3.0549421e-04   6.4795004e-01  -4.4508980e-01   1.0000000e+00   1.3948027e-02
   1.9169763e-01   1.1971540e-03   5.4852798e-04   2.0844905e-05   2.9455848e-03   0.0000000e+00   4.1507146e-04   3.2378798e-05   3.5806946e-04   4.6844876e-03   0.0000000e+00   2.4718943e-04   1.5485260e-03   9.4132694e-03   0.0000000e+00   3.9711027e-06   1.7647780e-04   1.6059172e-03   1.9137379e-05   1.7814154e-03   5.2928194e-04   2.5248854e-04   7.4374693e-04   1.1183414e-03   1.3288952e-06   1.3355260e-04   6.6882169e-04   1.1679575e-03   7.6023654e-03   3.2867222e-04   1.9169763e-01   6.2071038e-01   1.0000000e+00   1.3906529e-02
   4.4917941e-01   7.4226037e-04   9.2553123e-04   0.0000000e+00   5.1730768e-03   2.5098897e-04   2.2657555e-04   1.3912328e-05   8.8723715e-04   1.6687005e-03   2.2650378e-05   3.3930596e-04   1.6817979e-04   8.1835429e-03   9.8192075e-05   2.7518839e-06   8.8342121e-04   1.3011775e-03   5.7453033e-04   1.5991439e-03   0.0000000e+00   1.1736820e-04   1.2662158e-03   9.5600018e-04   0.0000000e+00   3.5119355e-05   2.8968665e-04   6.3061190e-04   1.8977109e-03   2.7576219e-04   4.4917941e-01  -1.1334510e-01   1.0000000e+00   1.3801161e-02
   8.3702083e-01   6.9918791e-03   8.1860897e-04   4.5354663e-05   1.1887246e-03   3.6312236e-03   0.0000000e+00   5.1858528e-05   3.6650182e-04   6.9345399e-04   0.0000000e+00   4.0671561e-04   3.3684665e-03   7.3430282e-03   7.9976010e-04   7.4656897e-06   0.0000000e+00   2.2642952e-03   1.9569024e-03   0.0000000e+00   9.0531589e-04   1.9796549e-05   1.0339878e-03   7.4699066e-04   2.1520176e-04   0.0000000e+00   6.1213477e-04   1.8787529e-04   0.0000000e+00   8.0165503e-05   8.3702083e-01  -6.7759263e-01   1.0000000e+00   1.3658251e-02
   1.4670737e-02   0.0000000e+00   1.5943055e-03   2.4250400e-05   0.0000000e+00   0.0000000e+00   7.5923107e-04   1.0309202e-04   9.8570879e-05   0.0000000e+00   9.3023758e-04   2.2343429e-04   0.0000000e+00   1.5635160e-04   2.8859382e-05   5.8455791e-06   1.5733588e-05   1.0133200e-03   7.2724812e-04   2.9761357e-04   0.0000000e+00   5.8504664e-04   1.5778087e-04   1.3723589e-03   1.7729656e-03   1.2590516e-04   0.0000000e+00   0.0000000e+00   0.0000000e+00   6.7060232e-04   1.4670737e-02   8.7546127e-01   1.0000000e+00   1.3618523e-02
   8.3291082e-01   4.3828327e-03   3.7547563e-04   7.0072787e-06   1.5583123e-03   0.0000000e+00   1.2534333e-03   2.3034371e-05   1.5942833e-03   1.6307258e-04   2.6560288e-05   6.3744701e-04   3.9175089e-03   1.2832003e-02   2.1622256e-03   5.9990640e-06   1.2139440e-02   3.6034665e-04   1.1230562e-03   3.7073577e-05   5.3972349e-03   1.0618565e-03   0.0000000e+00   1.9981241e-04   1.5040872e-03   5.8937539e-04   2.1172989e-03   7.2702255e-03   6.9628534e-03   2.6718823e-04   8.3291082e-01  -6.1685161e-01   1.0000000e+00   1.3607000e-02
   8.3562576e-01   4.3393236e-03   8.0482265e-04   5.3848190e-05   1.1246779e-03   3.5608327e-03   5.6718488e-06   5.2566124e-05   3.9982490e-04   7.9873791e-04   0.0000000e+00   4.0460565e-04   4.5949901e-03   7.6320345e-03   5.4387591e-04   7.4641625e-06   0.0000000e+00   3.2313456e-03   2.2963549e-03   0.0000000e+00   8.6316695e-04   0.0000000e+00   1.2577897e-03   5.6399676e-04   2.5221445e-05   0.0000000e+00   5.6618907e-04   0.0000000e+00   1.7693298e-04   1.9152469e-04   8.3562576e-01  -6.6033092e-01   1.0000000e+00   1.3457033e-02
   8.2889345e-01   2.8384301e-03   3.7932208e-04   7.8269799e-05   9.5689275e-05   2.3591219e-03   3.0952984e-04   1.6654504e-05   1.3090914e-04   9.4990566e-05   0.0000000e+00   3.5595746e-04   4.0422259e-03   9.4987525e-03   2.9022272e-05   5.6359358e-06   0.0000000e+00   4.0085699e-03   1.3695913e-03   2.9474980e-05   7.1073196e-04   2.2482384e-04   1.5366113e-03   0.0000000e+00   2.7936240e-04   2.2048381e-07   1.2150345e-03   1.0506230e-03   6.1640299e-06   1.2032572e-04   8.2889345e-01  -5.5847062e-01   1.0000000e+00   1.3278310e-02
   2.0998267e-01   1.0527150e-04   9.5786962e-04   2.2186007e-05   6.4917155e-03   4.5361405e-04   4.9307070e-04   1.6698966e-06   1.8599396e-05   1.7214619e-03   0.0000000e+00   2.9744991e-04   2.0216404e-03   6.7530758e-03   7.8254107e-04   3.8681004e-06   4.0616988e-05   1.7020082e-03   0.0000000e+00   1.8937225e-03   5.0987177e-04   3.0671234e-04   6.6068351e-04   9.2814294e-04   5.3402910e-04   1.1620045e-04   7.2747208e-04   9.0097294e-04   5.2504162e-03   3.8301026e-04   2.0998267e-01   4.8514097e-01   1.0000000e+00   1.3084523e-02
   1.3087414e-02   0.0000000e+00   1.4999354e-03   5.8009961e-06   1.7685011e-03   4.2293685e-04   1.0784011e-04   6.1846891e-05   6.8761155e-05   0.0000000e+00   3.6860259e-04   3.9064933e-04   0.0000000e+00   1.2376605e-03   4.5217428e-06   7.4091719e-06   4.4705053e-04   0.0000000e+00   1.0218097e-03   6.4885807e-05   3.2680578e-04   2.7712539e-04   2.0776758e-04   1.2907256e-03   1.7465264e-03   2.6588400e-04   2.1282223e-04   5.6505237e-04   6.2807642e-04   3.4398076e-04   1.3087414e-02   8.8427347e-01   1.0000000e+00   1.3067757e-02
   4.3770907e-01   1.6728684e-03   1.1805274e-03   0.0000000e+00   1.3509721e-02   0.0000000e+00   8.0706356e-04   1.6144227e-05   1.5409509e-04   1.8118126e-03   9.6070739e-05   3.1855343e-04   7.7561910e-04   9.3903433e-03   9.8198760e-04   3.2242384e-06   0.0000000e+00   5.1634831e-04   3.0900403e-04   1.1460450e-03   0.0000000e+00   6.9668274e-05   7.4292634e-05   8.8970149e-04   1.4408815e-04   3.7433258e-05   0.0000000e+00   5.5898704e-04   4.6517117e-03   3.2527795e-04   4.3770907e-01  -5.8874314e-02   1.0000000e+00   1.3058572e-02
   4.1080455e-01   5.4129931e-04   1.0826661e-03   9.8886559e-08   1.4052230e-02   6.8320168e-04   9.2432796e-04   1.7073779e-05   1.6509838e-04   1.8784917e-03   7.6960167e-05   3.2140894e-04   6.6979386e-04   9.5314423e-03   9.7073949e-04   4.7748726e-06   6.2888169e-04   1.1154447e-03   1.3720647e-04   1.6502978e-03   0.0000000e+00   0.0000000e+00   1.1711136e-05   8.5573051e-04   1.4074680e-04   3.7728128e-05   4.4805345e-05   6.9085832e-04   3.2625050e-03   4.3084492e-04   4.1080455e-01   2.3071268e-01   1.0000000e+00   1.3047421e-02
   4.1265063e-01   7.3251883e-04   1.0344733e-03   6.9709430e-06   3.7991488e-03   0.0000000e+00   5.5932983e-04   1.0245121e-05   6.1615639e-04   2.6617538e-03   3.0475631e-05   3.4240643e-04   0.0000000e+00   1.1176329e-02   0.0000000e+00   1.3405455e-06   7.6358752e-04   1.2743045e-03   2.4740386e-04   2.6438769e-03   1.2495738e-06   1.5536894e-04   1.9984731e-05   5.2530335e-04   3.7973698e-05   0.0000000e+00   2.1348124e-04   1.1113869e-03   1.8929564e-03   3.5331747e-04   4.1265063e-01   2.0427568e-01   1.0000000e+00   1.2882756e-02
   2.4543508e-01   2.0162956e-03   1.0856456e-03   1.0449925e-05   1.9203042e-03   0.0000000e+00   7.0163689e-04   6.3767089e-05   3.7841598e-04   3.5695960e-03   6.0829276e-04   4.4480057e-04   1.2099958e-03   0.0000000e+00   1.9723639e-04   6.7751576e-06   8.3871862e-04   3.4622457e-03   1.3697257e-03   0.0000000e+00   5.2723967e-04   4.4734226e-04   3.2996896e-04   1.2681570e-03   9.1799824e-04   1.6230123e-04   9.7012525e-04   0.0000000e+00   0.0000000e+00   2.9272749e-04   2.4543508e-01   2.6699662e-01   1.0000000e+00   1.2860094e-02
   1.0086322e-02   1.3606702e-03   1.6929284e-03   2.4923432e-05   1.9887913e-03   0.0000000e+00   0.0000000e+00   4.9623732e-05   0.0000000e+00   0.0000000e+00   1.0090519e-03   4.0252638e-04   4.7523533e-05   1.5027146e-04   1.2689981e-06   7.6846281e-06   2.3359650e-04   1.2590809e-04   6.8032756e-04   1.5487919e-04   1.1426162e-05   3.1729531e-04   2.8160655e-04   1.2609253e-03   1.2895376e-03   2.6143782e-04   4.3580321e-04   0.0000000e+00   5.7867660e-04   2.8034965e-04   1.0086322e-02   9.0015451e-01   1.0000000e+00   1.2831398e-02
   6.0737185e-02   3.5578166e-03   3.1715565e-03   2.0122264e-05   2.3507132e-03   0.0000000e+00   2.5925417e-04   6.6018945e-05   0.0000000e+00   6.9745782e-06   5.9816710e-04   5.5396590e-04   0.0000000e+00   0.0000000e+00   0.0000000e+00   7.9133350e-06   0.0000000e+00   6.3844293e-04   1.0420393e-04   5.4475364e-05   0.0000000e+00   3.8162447e-04   3.4702624e-04   1.6807449e-03   1.0216305e-03   0.0000000e+00   2.1563808e-03   5.2907142e-05   1.7965371e-03   3.5764031e-04   6.0737185e-02   7.0145762e-01   1.0000000e+00   1.2553682e-02
   6.4107764e-01   5.0654186e-03   6.2121414e-04   6.1279052e-05   1.2805752e-03   3.6695857e-03   0.0000000e+00   2.7802408e-05   0.0000000e+00   9.2038311e-04   4.6221293e-04   3.2822356e-04   3.9555928e-03   9.2691848e-03   2.3685630e-04   1.0754527e-05   9.3477433e-04   2.8378150e-03   3.8988728e-03   3.7268592e-04   5.7502289e-04   1.9422178e-04   1.6681497e-03   7.9052345e-04   3.8500417e-05   4.5055899e-05   1.1405848e-03   3.3529638e-04   0.0000000e+00   1.7447484e-04   6.4107764e-01  -4.0947377e-01   1.0000000e+00   1.2365339e-02
   4.4004041e-01   1.0688710e-05   9.7308470e-04   0.0000000e+00   5.1063255e-03   2.6925511e-05   2.2668451e-04   1.0901918e-05   8.8611777e-04   1.9348585e-03   2.4430100e-05   3.2601076e-04   4.7300574e-04   8.4292033e-03   0.0000000e+00   3.0903920e-06   8.3822959e-04   1.3180553e-03   4.5779614e-04   1.5940667e-03   0.0000000e+00   1.0443415e-04   2.4682377e-04   1.0069307e-03   0.0000000e+00   1.7564963e-05   3.8407162e-04   9.5071780e-04   0.0000000e+00   3.3352151e-04   4.4004041e-01  -7.6698747e-02   1.0000000e+00   1.2231805e-02
   2.4399503e-01   1.8031365e-03   1.0618045e-03   0.0000000e+00   2.8258521e-03   3.4582089e-04   3.0816178e-04   6.6574090e-05   6.0793888e-05   2.6555405e-03   4.4508664e-04   5.9221155e-04   4.0832216e-04   0.0000000e+00   6.9223334e-04   5.7281283e-06   0.0000000e+00   5.9129767e-03   1.9075178e-03   1.6046115e-05   4.9376233e-04   6.7985419e-04   2.3226425e-04   1.2621738e-03   1.4610312e-03   2.2736751e-04   1.4884767e-03   3.4580909e-05   0.0000000e+00   2.5997409e-04   2.4399503e-01   2.7227938e-01   1.0000000e+00   1.1869574e-02
