   0.0000000e+00   8.4794868e-01   4.0640208e-01   5.0421415e-01   5.0732595e-01   1.0000000e+00   6.0142495e-01   3.9702523e-01   4.9525909e-01   0.0000000e+00   0.0000000e+00   0.0000000e+00   8.2395881e+01   1.0000000e+00             Inf
   1.0000000e+00   0.0000000e+00   6.9853766e-01   5.9877759e-01   0.0000000e+00   1.9405795e-01   6.9949012e-01   2.9788183e-01   6.0733153e-01   9.8711715e-01   0.0000000e+00   1.2319818e+02   0.0000000e+00   1.0000000e+00             Inf
   1.0000000e+00   1.0000000e+00   2.0024958e-01   1.0029131e-01   7.9989486e-01   9.9967120e-01   9.9999275e-01   9.9999948e-01   3.0006457e-01   2.0019645e-01   1.2296843e+02   0.0000000e+00   0.0000000e+00   1.0000000e+00             Inf
   9.6607223e-01   1.9685492e-01   2.0148860e-01   9.8337428e-02   8.0012059e-01   9.9948424e-01   9.9998625e-01   9.9998048e-01   2.9986539e-01   1.9904469e-01   2.3635217e+01   9.6428926e+01   4.2165671e+00   1.0000000e+00   2.8036992e-02
   8.0070576e-01   0.0000000e+00   1.9960828e-01   1.0077525e-01   7.9992656e-01   9.9848737e-01   1.0000000e+00   9.9999244e-01   3.0057883e-01   1.9950352e-01   0.0000000e+00   9.8909671e+01   2.4618441e+01   1.0000000e+00   2.7262953e-02
   9.5388565e-01   7.4459914e-01   1.9971689e-01   1.0034526e-01   7.9723029e-01   9.9955813e-01   9.9999443e-01   9.9999605e-01   3.0016959e-01   2.0019022e-01   8.8329523e+01   3.0297425e+01   5.7348640e+00   1.0000000e+00   2.5429744e-02
   9.3112509e-01   9.8821456e-01   1.9986831e-01   1.0055852e-01   7.9920402e-01   9.9948574e-01   9.9997911e-01   9.9999992e-01   3.0023131e-01   2.0027268e-01   1.1327433e+02   1.3509086e+00   8.4787782e+00   1.0000000e+00   2.3289219e-02
   9.5550161e-01   9.5975273e-01   2.0141830e-01   9.7565135e-02   8.0013087e-01   9.9999513e-01   1.0000000e+00   9.9999367e-01   2.9959618e-01   1.9968491e-01   1.1442181e+02   4.7982837e+00   5.5521650e+00   1.0000000e+00   2.0944341e-02
   9.1583010e-01   1.1799959e-01   1.9968182e-01   1.0392698e-01   8.0068346e-01   9.9928555e-01   9.9999616e-01   9.9998421e-01   3.0053704e-01   1.9985167e-01   1.3612676e+01   1.0174939e+02   1.0602417e+01   1.0000000e+00   2.0930758e-02
   9.3493161e-01   9.9632814e-01   2.0143907e-01   9.9349014e-02   7.9979187e-01   1.0000000e+00   9.9998951e-01   1.0000000e+00   2.9991484e-01   2.0065153e-01   1.1504264e+02   4.2397667e-01   8.0361240e+00   1.0000000e+00   2.0827888e-02
   8.9913281e-01   4.8166448e-02   2.0037460e-01   9.8504827e-02   8.0020548e-01   9.9976383e-01   9.9998730e-01   9.9996522e-01   2.9970630e-01   1.9563985e-01   5.5257196e+00   1.0919562e+02   1.2869756e+01   1.0000000e+00   2.0711632e-02
   9.7889425e-01   5.3801341e-02   2.0129043e-01   9.7774665e-02   8.0013105e-01   9.9951065e-01   9.9998632e-01   9.9998239e-01   3.0022632e-01   1.9836535e-01   6.5852644e+00   1.1581437e+02   2.6390343e+00   1.0000000e+00   2.0542418e-02
   9.0615333e-01   2.2937765e-02   2.0050349e-01   9.8445382e-02   8.0019208e-01   9.9969083e-01   9.9999490e-01   9.9995740e-01   2.9969983e-01   1.9670928e-01   2.6185477e+00   1.1154025e+02   1.1822969e+01   1.0000000e+00   2.0359745e-02
   8.2653119e-01   1.8094538e-01   1.9788034e-01   1.0354060e-01   7.9872084e-01   9.9783472e-01   1.0000000e+00   9.9999483e-01   3.0159058e-01   2.0061997e-01   1.9086983e+01   8.6397796e+01   2.2138692e+01   1.0000000e+00   1.9901576e-02
   7.9138398e-01   8.8707096e-01   1.9980071e-01   1.0063165e-01   8.0003911e-01   9.9940291e-01   9.9998852e-01   9.9999321e-01   2.9951947e-01   2.0121847e-01   8.6589452e+01   1.1023316e+01   2.5731614e+01   1.0000000e+00   1.9860853e-02
   9.8042405e-01   7.7141671e-02   2.0020782e-01   9.6435554e-02   7.9966374e-01   9.9949864e-01   9.9997630e-01   9.9995194e-01   3.0063556e-01   1.9780830e-01   9.5982481e+00   1.1482540e+02   2.4843440e+00   1.0000000e+00   1.9802849e-02
   1.0000000e+00   7.9464974e-01   1.9940688e-01   1.0187502e-01   7.9760374e-01   9.9971048e-01   9.9999954e-01   1.0000000e+00   3.0050137e-01   1.9957664e-01   9.9104427e+01   2.5610176e+01   0.0000000e+00   1.0000000e+00   1.9641174e-02
   7.9027868e-01   9.7248662e-01   1.9859665e-01   9.9332446e-02   7.9998580e-01   9.9957502e-01   9.9998758e-01   9.9999776e-01   3.0003492e-01   2.0076549e-01   9.5047719e+01   2.6890699e+00   2.5937038e+01   1.0000000e+00   1.9616868e-02
   6.7631901e-01   2.5753311e-02   2.0155030e-01   1.0188025e-01   8.0051319e-01   9.9977114e-01   9.9997855e-01   9.9999471e-01   3.0015799e-01   2.0029856e-01   2.1596635e+00   8.1699982e+01   4.0134570e+01   1.0000000e+00   1.7393503e-02
   9.0402445e-01   9.4334403e-01   1.9960256e-01   1.0085316e-01   7.9693773e-01   9.9999736e-01   9.9998427e-01   1.0000000e+00   2.9983192e-01   2.0035150e-01   1.0643605e+02   6.3924060e+00   1.1978408e+01   1.0000000e+00   1.6839058e-02
   9.3310208e-01   9.6892939e-01   1.9909924e-01   9.9929710e-02   7.9997043e-01   1.0000000e+00   9.9995252e-01   9.9999965e-01   2.9960279e-01   2.0146018e-01   1.1174359e+02   3.5832755e+00   8.2682560e+00   1.0000000e+00   1.6606181e-02
   8.5761446e-01   9.2760388e-01   2.0047798e-01   1.0053721e-01   8.0021338e-01   9.9929835e-01   1.0000000e+00   9.9995077e-01   2.9956137e-01   1.9896996e-01   9.8169282e+01   7.6617567e+00   1.7570611e+01   1.0000000e+00   1.6248037e-02
   7.3597857e-01   3.0499507e-01   1.9976978e-01   9.9490156e-02   8.0031959e-01   9.9956119e-01   9.9987395e-01   1.0000000e+00   3.0126345e-01   1.9929412e-01   2.7732287e+01   6.3194713e+01   3.2618717e+01   1.0000000e+00   1.6197647e-02
   9.9195436e-01   9.5029357e-01   1.9943030e-01   9.9849235e-02   7.9993282e-01   9.9997856e-01   9.9994811e-01   9.9999938e-01   2.9966925e-01   2.0078257e-01   1.1614714e+02   6.0752378e+00   9.9133359e-01   1.0000000e+00   1.6185391e-02
   7.5858059e-01   7.4248650e-02   2.0160375e-01   1.0275719e-01   8.0101603e-01   9.9968936e-01   9.9998189e-01   9.9999607e-01   3.0013883e-01   1.9907694e-01   7.0495058e+00   8.7895060e+01   3.0216250e+01   1.0000000e+00   1.6173803e-02
   3.8883573e-01   1.1940197e-01   1.9990547e-01   9.7027387e-02   8.0002723e-01   9.9999657e-01   9.9993118e-01   9.9999843e-01   2.9871833e-01   2.0135432e-01   5.8330389e+00   4.3019079e+01   7.6784788e+01   1.0000000e+00   1.6044289e-02
   9.8202539e-01   3.7542777e-02   2.0022896e-01   9.6885269e-02   7.9957388e-01   9.9941302e-01   9.9999120e-01   9.9996774e-01   3.0061363e-01   1.9801889e-01   4.6495735e+00   1.1919778e+02   2.2668541e+00   1.0000000e+00   1.5914983e-02
   6.6062294e-01   1.0000000e+00   1.9987716e-01   1.0217442e-01   8.0087216e-01   9.9984745e-01   9.9992272e-01   9.9999039e-01   3.0017941e-01   2.0124795e-01   8.2039323e+01   0.0000000e+00   4.2145469e+01   1.0000000e+00   1.5755801e-02
   9.0083031e-01   2.2048084e-01   2.0115107e-01   9.8453617e-02   8.0017776e-01   9.9951689e-01   9.9998582e-01   9.9997963e-01   3.0026734e-01   1.9769625e-01   2.4824476e+01   8.7767967e+01   1.2394962e+01   1.0000000e+00   1.5476897e-02
   9.9556190e-01   2.6077105e-01   2.0038383e-01   1.0029481e-01   7.9993920e-01   9.9946024e-01   9.9998916e-01   9.9997329e-01   3.0037292e-01   1.9751032e-01   3.2290828e+01   9.1537443e+01   5.5201227e-01   1.0000000e+00   1.5462995e-02
   9.8494334e-01   2.7865073e-02   2.0016925e-01   9.6434837e-02   7.9957483e-01   9.9955493e-01   9.9999098e-01   9.9996763e-01   3.0050101e-01   1.9921149e-01   3.4576119e+00   1.2062647e+02   1.8968516e+00   1.0000000e+00   1.5407734e-02
   9.8835749e-01   1.0000000e+00   2.0016789e-01   1.0034691e-01   7.9999648e-01   9.9971919e-01   9.9999588e-01   1.0000000e+00   3.0003693e-01   2.0198936e-01   1.2219892e+02   0.0000000e+00   1.4394610e+00   1.0000000e+00   1.5293269e-02
   6.4776931e-01   7.3108670e-02   2.0130420e-01   1.0189642e-01   8.0060200e-01   9.9976066e-01   9.9997942e-01   9.9999466e-01   3.0010175e-01   2.0027365e-01   5.8677948e+00   7.4393477e+01   4.3642825e+01   1.0000000e+00   1.5235084e-02
   8.9118680e-01   4.0274239e-02   2.0129720e-01   9.8466168e-02   8.0018796e-01   9.9968104e-01   9.9999512e-01   9.9995491e-01   2.9977662e-01   1.9679793e-01   4.5249664e+00   1.0782890e+02   1.3718317e+01   1.0000000e+00   1.5059905e-02
   4.5375614e-01   1.9523700e-01   1.9936067e-01   1.0327138e-01   8.0143721e-01   9.9952320e-01   9.9998993e-01   9.9999914e-01   2.9917017e-01   2.0092666e-01   1.1139005e+01   4.5914755e+01   6.8682853e+01   1.0000000e+00   1.5020626e-02
   8.1339903e-01   8.3549705e-01   1.9914108e-01   1.0224145e-01   7.9951712e-01   9.9829525e-01   9.9999354e-01   9.9999391e-01   3.0032751e-01   2.0115443e-01   8.4697015e+01   1.6676192e+01   2.3255915e+01   1.0000000e+00   1.4965784e-02
   3.6449246e-01   3.4664183e-01   1.9983269e-01   1.0176875e-01   8.0089197e-01   9.9939389e-01   9.9999008e-01   9.9999464e-01   2.9939216e-01   2.0066982e-01   1.5649251e+01   2.9496053e+01   7.8712687e+01   1.0000000e+00   1.4962581e-02
   8.6984369e-01   1.9744544e-01   2.0155558e-01   1.0140138e-01   8.0078750e-01   9.9994099e-01   9.9999223e-01   9.9998856e-01   2.9995509e-01   2.0153351e-01   2.1330341e+01   8.6701231e+01   1.6164963e+01   1.0000000e+00   1.4930191e-02
   8.9859193e-01   1.1885391e-02   2.0117404e-01   9.9005438e-02   8.0011990e-01   9.9967898e-01   9.9999008e-01   9.9998736e-01   2.9988054e-01   1.9797580e-01   1.3287105e+00   1.1046488e+02   1.2616151e+01   1.0000000e+00   1.4918253e-02
   8.7336312e-01   8.1909643e-02   1.9981517e-01   1.0348477e-01   8.0069282e-01   9.9915346e-01   9.9999651e-01   9.9998538e-01   3.0057843e-01   1.9988126e-01   8.9687212e+00   1.0052658e+02   1.5876722e+01   1.0000000e+00   1.4888585e-02
   8.1528606e-01   9.0617426e-01   1.9970330e-01   1.0003464e-01   7.9874720e-01   9.9958762e-01   1.0000000e+00   9.9999165e-01   2.9999343e-01   1.9943461e-01   9.1134430e+01   9.4361054e+00   2.2785597e+01   1.0000000e+00   1.4838334e-02
   9.0829996e-01   3.7009340e-03   2.0057086e-01   9.8055172e-02   8.0055908e-01   9.9919262e-01   9.9999342e-01   9.9996104e-01   3.0046422e-01   1.9928084e-01   4.1763999e-01   1.1242955e+02   1.1392813e+01   1.0000000e+00   1.4826140e-02
   8.7595391e-01   9.6577897e-01   1.9898660e-01   1.0001010e-01   7.9995252e-01   1.0000000e+00   9.9995326e-01   9.9999887e-01   2.9960947e-01   2.0146017e-01   1.0459240e+02   3.7060863e+00   1.5336427e+01   1.0000000e+00   1.4770881e-02
   7.8131363e-01   1.9856901e-01   1.9962459e-01   1.0197090e-01   7.9931109e-01   9.9941917e-01   9.9999781e-01   9.9998874e-01   2.9994889e-01   2.0018477e-01   1.9193982e+01   7.7467536e+01   2.7055149e+01   1.0000000e+00   1.4672272e-02
   9.1301477e-01   1.0000000e+00   2.0053200e-01   1.0031679e-01   7.9957766e-01   9.9977321e-01   9.9998979e-01   9.9999903e-01   2.9978220e-01   2.0103952e-01   1.1246859e+02   0.0000000e+00   1.0715167e+01   1.0000000e+00   1.4642590e-02
   9.3728048e-01   1.0880378e-01   2.0029906e-01   9.7742097e-02   7.9999724e-01   9.9954033e-01   9.9999278e-01   9.9997809e-01   3.0026037e-01   1.9837340e-01   1.2727157e+01   1.0424632e+02   7.8274543e+00   1.0000000e+00   1.4537730e-02
   9.1918564e-01   7.4969649e-01   1.9952375e-01   1.0038960e-01   7.9715484e-01   9.9955309e-01   9.9999436e-01   9.9999479e-01   3.0001571e-01   2.0019126e-01   8.5783716e+01   2.8640878e+01   1.0060156e+01   1.0000000e+00   1.4523854e-02
   9.7266082e-01   7.0030695e-01   1.9925351e-01   9.8025554e-02   8.0023741e-01   9.9969594e-01   1.0000000e+00   9.9998798e-01   3.0058665e-01   1.9957208e-01   8.4600272e+01   3.6204286e+01   3.3955288e+00   1.0000000e+00   1.4497246e-02
   9.1694951e-01   9.7725945e-01   1.9976590e-01   1.0089545e-01   7.9849312e-01   9.9991841e-01   9.9999516e-01   1.0000000e+00   3.0018098e-01   2.0011206e-01   1.1062943e+02   2.5743152e+00   1.0253156e+01   1.0000000e+00   1.4468579e-02
   9.4432846e-01   1.0000000e+00   1.9980086e-01   1.0135982e-01   7.9779323e-01   9.9998306e-01   1.0000000e+00   1.0000000e+00   3.0032369e-01   2.0031854e-01   1.1720136e+02   0.0000000e+00   6.9094391e+00   1.0000000e+00   1.4325705e-02
   9.7529249e-01   9.7167615e-01   2.0146874e-01   1.0199679e-01   8.0033863e-01   9.9988511e-01   9.9999549e-01   9.9998734e-01   2.9968495e-01   2.0180925e-01   1.1804735e+02   3.4410177e+00   3.0777178e+00   1.0000000e+00   1.4307475e-02
   7.6345150e-01   3.6464873e-01   1.9845108e-01   1.0218022e-01   7.9959563e-01   9.9663765e-01   9.9999036e-01   1.0000000e+00   3.0085716e-01   2.0074415e-01   3.5188701e+01   6.1311568e+01   2.9899730e+01   1.0000000e+00   1.4261181e-02
   3.6122445e-01   3.1095053e-01   1.9984232e-01   1.0261594e-01   8.0094128e-01   9.9949414e-01   9.9998694e-01   9.9999931e-01   2.9954990e-01   2.0154751e-01   1.4020292e+01   3.1068206e+01   7.9732781e+01   1.0000000e+00   1.4176570e-02
   7.7035425e-01   2.9282579e-02   2.0067650e-01   9.9522412e-02   7.9993732e-01   9.9969969e-01   9.9999725e-01   9.9995219e-01   3.0025397e-01   1.9900623e-01   2.7829844e+00   9.2255927e+01   2.8331488e+01   1.0000000e+00   1.4170583e-02
   6.2495110e-01   7.7593989e-01   1.9592396e-01   1.0022394e-01   7.9927274e-01   9.9971839e-01   9.9999062e-01   9.9999929e-01   2.9880107e-01   2.0016706e-01   6.1524468e+01   1.7765782e+01   4.7584076e+01   1.0000000e+00   1.3832222e-02
   3.7977152e-01   8.8380669e-01   1.9938716e-01   1.0278373e-01   8.0027846e-01   9.9997790e-01   9.9994557e-01   9.9999827e-01   2.9963503e-01   2.0140600e-01   4.1883853e+01   5.5064342e+00   7.7396024e+01   1.0000000e+00   1.3710485e-02
   5.7567826e-01   3.6658935e-01   1.9905828e-01   9.9657826e-02   8.0076544e-01   9.9898212e-01   1.0000000e+00   9.9999255e-01   3.0027368e-01   2.0088828e-01   2.6095225e+01   4.5088582e+01   5.2468260e+01   1.0000000e+00   1.3685293e-02
   8.3836991e-01   4.6898342e-01   1.9981812e-01   1.0285679e-01   7.9838564e-01   9.9926073e-01   9.9999353e-01   9.9998894e-01   3.0033212e-01   2.0030669e-01   4.9090565e+01   5.5583851e+01   2.0180276e+01   1.0000000e+00   1.3638356e-02
   9.8984592e-01   4.7327027e-02   2.0057351e-01   9.8454415e-02   7.9960699e-01   9.9962811e-01   9.9999293e-01   9.9995951e-01   3.0052499e-01   1.9910352e-01   5.8025955e+00   1.1680378e+02   1.2577265e+00   1.0000000e+00   1.3607385e-02
   8.0198677e-01   7.7262791e-01   1.9903159e-01   1.0232730e-01   7.9874302e-01   9.9803431e-01   9.9999923e-01   9.9999716e-01   3.0036807e-01   2.0290154e-01   7.8336121e+01   2.3053073e+01   2.5033333e+01   1.0000000e+00   1.3598151e-02
   9.2443022e-01   5.0077723e-01   1.9832353e-01   1.0205737e-01   8.0007741e-01   9.9861955e-01   9.9999377e-01   9.9999212e-01   3.0076663e-01   2.0077198e-01   5.7739194e+01   5.7559966e+01   9.4254085e+00   1.0000000e+00   1.3545117e-02
   8.5762547e-01   1.7591623e-02   2.0020690e-01   1.0061686e-01   7.9990366e-01   9.9930967e-01   9.9999525e-01   9.9998536e-01   3.0017727e-01   1.9640832e-01   1.8978354e+00   1.0598507e+02   1.7909657e+01   1.0000000e+00   1.3452643e-02
   8.0655194e-01   9.7036673e-01   1.9968165e-01   1.0005138e-01   7.9839084e-01   9.9948037e-01   1.0000000e+00   9.9998796e-01   2.9990520e-01   2.0038578e-01   9.6627616e+01   2.9508351e+00   2.3883468e+01   1.0000000e+00   1.3297872e-02
   7.8016115e-01   7.2128493e-01   1.9935363e-01   9.9338716e-02   7.9966046e-01   9.9867887e-01   9.9999891e-01   9.9998528e-01   2.9984671e-01   1.9991729e-01   6.9490592e+01   2.6852183e+01   2.7148090e+01   1.0000000e+00   1.3265266e-02
   5.0428802e-01   7.4443498e-01   1.9897991e-01   1.0385736e-01   7.9875694e-01   9.9969426e-01   9.9995072e-01   9.9999386e-01   2.9964634e-01   2.0304239e-01   4.7967685e+01   1.6467338e+01   6.3339226e+01   1.0000000e+00   1.3165497e-02
   1.0000000e+00   6.5723104e-01   1.9960545e-01   1.0018483e-01   7.9996388e-01   9.9906674e-01   9.9999755e-01   9.9996834e-01   3.0023404e-01   1.9885776e-01   8.1133490e+01   4.2313951e+01   0.0000000e+00   1.0000000e+00   1.3144974e-02
   9.5355875e-01   5.3327562e-01   2.0065426e-01   9.7844409e-02   7.9920057e-01   1.0000000e+00   9.9999269e-01   9.9996419e-01   2.9976382e-01   2.0449185e-01   6.5047270e+01   5.6929561e+01   5.9406473e+00   1.0000000e+00   1.3132582e-02
   6.1973473e-01   1.0000000e+00   1.9986680e-01   1.0276783e-01   8.0091077e-01   9.9974261e-01   9.9994729e-01   9.9999178e-01   3.0040933e-01   2.0114506e-01   7.7284826e+01   0.0000000e+00   4.7421476e+01   1.0000000e+00   1.3115117e-02
   9.8595821e-01   1.2896095e-02   2.0008073e-01   9.6995136e-02   7.9986845e-01   9.9951978e-01   9.9999329e-01   9.9997780e-01   3.0109323e-01   1.9952896e-01   1.5928003e+00   1.2191748e+02   1.7590054e+00   1.0000000e+00   1.3026287e-02
   8.4255458e-01   9.5773163e-01   1.9899294e-01   9.9207265e-02   8.0003760e-01   1.0000000e+00   9.9996359e-01   9.9999871e-01   2.9920458e-01   2.0171986e-01   1.0012875e+02   4.4190656e+00   1.9536509e+01   1.0000000e+00   1.2899829e-02
   7.2233333e-01   8.3484322e-01   1.9745857e-01   1.0070187e-01   8.0010597e-01   9.9990965e-01   9.9998592e-01   1.0000000e+00   3.0015326e-01   2.0075428e-01   7.5097074e+01   1.4856432e+01   3.4578344e+01   1.0000000e+00   1.2866174e-02
   8.6798074e-01   8.2933969e-01   1.9980834e-01   1.0145103e-01   7.9781524e-01   9.9984703e-01   1.0000000e+00   1.0000000e+00   3.0030072e-01   2.0049768e-01   8.9364094e+01   1.8389213e+01   1.6389202e+01   1.0000000e+00   1.2827485e-02
   8.9050023e-01   9.7588772e-01   1.9976474e-01   1.0081809e-01   7.9797374e-01   1.0000000e+00   9.9998957e-01   1.0000000e+00   3.0009716e-01   2.0027624e-01   1.0756430e+02   2.6577041e+00   1.3553375e+01   1.0000000e+00   1.2814496e-02
   4.2417740e-01   7.4317234e-01   1.9894354e-01   1.0222833e-01   7.9688698e-01   9.9966604e-01   9.9996236e-01   9.9999539e-01   2.9968680e-01   2.0195313e-01   3.9864018e+01   1.3776323e+01   7.2816986e+01   1.0000000e+00   1.2808433e-02
   4.6984035e-01   2.4651805e-01   2.0009513e-01   9.9142877e-02   7.9981270e-01   9.9834959e-01   1.0000000e+00   1.0000000e+00   3.0016827e-01   2.0020830e-01   1.4312705e+01   4.3746756e+01   6.5513283e+01   1.0000000e+00   1.2790996e-02
   6.4070074e-01   1.2648460e-01   2.0198810e-01   1.0185077e-01   8.0052748e-01   9.9973684e-01   9.9998072e-01   9.9999540e-01   3.0032551e-01   2.0044951e-01   1.0071534e+01   6.9555032e+01   4.4653867e+01   1.0000000e+00   1.2788485e-02
   8.8960385e-01   9.0178810e-03   2.0064995e-01   9.8468223e-02   8.0009559e-01   9.9968990e-01   9.9998539e-01   9.9995884e-01   2.9944594e-01   1.9578584e-01   1.0223897e+00   1.1235122e+02   1.4069194e+01   1.0000000e+00   1.2767688e-02
   9.0277885e-01   0.0000000e+00   2.0118990e-01   9.8014290e-02   8.0022732e-01   9.9918759e-01   9.9999592e-01   9.9994773e-01   2.9965175e-01   1.9742611e-01   0.0000000e+00   1.1348863e+02   1.2221703e+01   1.0000000e+00   1.2752925e-02
   9.4869918e-01   8.3633120e-01   2.0044597e-01   1.0061830e-01   8.0023277e-01   9.9930813e-01   1.0000000e+00   9.9995041e-01   2.9965587e-01   1.9890641e-01   9.7927057e+01   1.9164183e+01   6.3316978e+00   1.0000000e+00   1.2745462e-02
   9.5884963e-01   9.8986908e-01   2.0018524e-01   1.0120530e-01   7.9999254e-01   9.9966480e-01   9.9999517e-01   1.0000000e+00   2.9988436e-01   2.0066339e-01   1.1696020e+02   1.1970420e+00   5.0708828e+00   1.0000000e+00   1.2715488e-02
   7.3440009e-01   2.7885186e-02   1.9977932e-01   1.0022780e-01   8.0075996e-01   9.9994261e-01   9.9994735e-01   9.9999956e-01   3.0278719e-01   2.0072334e-01   2.5525573e+00   8.8985554e+01   3.3105272e+01   1.0000000e+00   1.2697032e-02
   8.3685115e-01   4.9094114e-01   1.9980975e-01   1.0263776e-01   8.0054312e-01   1.0000000e+00   9.9996886e-01   9.9999374e-01   2.9959463e-01   2.0159396e-01   5.1240620e+01   5.3131606e+01   2.0347955e+01   1.0000000e+00   1.2550096e-02
   9.6509945e-01   2.3572995e-02   2.0008358e-01   9.6509223e-02   7.9986490e-01   9.9967329e-01   9.9999258e-01   9.9995951e-01   3.0116268e-01   1.9955207e-01   2.8651445e+00   1.1867836e+02   4.3953348e+00   1.0000000e+00   1.2529407e-02
   4.5738804e-01   9.1563744e-01   2.0079092e-01   9.9948217e-02   8.0065353e-01   9.9924914e-01   9.9998639e-01   9.9999049e-01   3.0009187e-01   1.9961831e-01   5.1633182e+01   4.7572406e+00   6.6897504e+01   1.0000000e+00   1.2524004e-02
   9.3959085e-01   8.3959595e-02   1.9960757e-01   1.0150820e-01   8.0037294e-01   9.9999650e-01   9.9994549e-01   1.0000000e+00   3.0141770e-01   2.0109356e-01   9.7771211e+00   1.0667319e+02   7.4869440e+00   1.0000000e+00   1.2471603e-02
   7.2472951e-01   0.0000000e+00   1.9984207e-01   1.0179973e-01   8.0102833e-01   9.9937018e-01   9.9999993e-01   9.9999945e-01   3.0105503e-01   2.0045236e-01   0.0000000e+00   8.9856306e+01   3.4129684e+01   1.0000000e+00   1.2449180e-02
   1.0000000e+00   3.5389442e-01   1.9983011e-01   9.7718442e-02   7.9976717e-01   9.9956444e-01   9.9999268e-01   9.9997291e-01   3.0138224e-01   1.9835045e-01   4.4296872e+01   8.0872865e+01   0.0000000e+00   1.0000000e+00   1.2397341e-02
   7.2368413e-01   7.2136099e-01   1.9915593e-01   1.0037102e-01   8.0012742e-01   9.9955970e-01   9.9997944e-01   9.9999397e-01   3.0039722e-01   2.0084432e-01   6.4365512e+01   2.4862368e+01   3.4068841e+01   1.0000000e+00   1.2367318e-02
   8.2629221e-01   9.8514728e-02   1.9979660e-01   1.0207552e-01   7.9994764e-01   9.9890093e-01   9.9999820e-01   9.9999295e-01   2.9995464e-01   1.9890800e-01   1.0104597e+01   9.2464804e+01   2.1562715e+01   1.0000000e+00   1.2363458e-02
   9.6680399e-01   1.4185619e-01   1.9966653e-01   1.0433491e-01   8.0078458e-01   9.9928416e-01   9.9999508e-01   9.9998294e-01   3.0046237e-01   1.9977150e-01   1.7366569e+01   1.0505720e+02   4.2035210e+00   1.0000000e+00   1.2357105e-02
   9.6744154e-01   9.9467923e-01   1.9975496e-01   1.0096609e-01   7.9754352e-01   9.9989804e-01   9.9999298e-01   9.9999997e-01   3.0015828e-01   2.0005839e-01   1.1948079e+02   6.3913008e-01   4.0425389e+00   1.0000000e+00   1.2349099e-02
   9.2924893e-01   8.9040379e-01   1.9963670e-01   1.0125539e-01   7.9895280e-01   9.9950186e-01   9.9996888e-01   9.9999743e-01   3.0040126e-01   2.0043793e-01   1.0213140e+02   1.2570941e+01   8.7331970e+00   1.0000000e+00   1.2343101e-02
   7.0289709e-01   1.5637382e-01   1.9968379e-01   1.0056970e-01   8.0287539e-01   9.9930758e-01   9.9999702e-01   9.9999879e-01   3.0084741e-01   1.9928005e-01   1.3754354e+01   7.4203809e+01   3.7178452e+01   1.0000000e+00   1.2333399e-02
   9.4793460e-01   8.1006088e-01   1.9906705e-01   1.0009491e-01   7.9997244e-01   9.9999224e-01   9.9997299e-01   1.0000000e+00   2.9960671e-01   2.0293743e-01   9.5821611e+01   2.2467783e+01   6.4970565e+00   1.0000000e+00   1.2238952e-02
   7.4511139e-01   7.7964144e-01   1.9912685e-01   9.9198320e-02   7.9996829e-01   9.9861563e-01   9.9999310e-01   9.9998749e-01   3.0034412e-01   2.0113591e-01   7.1933164e+01   2.0331254e+01   3.1561925e+01   1.0000000e+00   1.2187409e-02
   9.9906373e-01   9.6276226e-01   1.9975888e-01   1.0041837e-01   7.9772695e-01   9.9975324e-01   9.9999519e-01   1.0000000e+00   3.0044312e-01   1.9977762e-01   1.1921338e+02   4.6109371e+00   1.1604174e-01   1.0000000e+00   1.2178169e-02
   7.6147946e-01   0.0000000e+00   1.9955596e-01   1.0093209e-01   7.9986877e-01   9.9858765e-01   1.0000000e+00   9.9999305e-01   3.0051597e-01   1.9915357e-01   0.0000000e+00   9.4144762e+01   2.9489252e+01   1.0000000e+00   1.2141481e-02
   3.7388298e-01   7.8456375e-01   1.9927228e-01   1.0228618e-01   7.9972979e-01   9.9965090e-01   9.9983948e-01   9.9999769e-01   2.9959981e-01   2.0218351e-01   3.6616626e+01   1.0054694e+01   7.8157364e+01   1.0000000e+00   1.2126996e-02
   7.1127807e-01   9.5445892e-01   1.9940492e-01   9.9369531e-02   7.9958226e-01   9.9809026e-01   9.9999975e-01   9.9999176e-01   2.9967550e-01   1.9984587e-01   8.4059136e+01   4.0108002e+00   3.5749341e+01   1.0000000e+00   1.2114469e-02
   9.6958958e-01   2.6235165e-02   2.0016963e-01   9.6325182e-02   7.9972794e-01   9.9968615e-01   9.9999244e-01   9.9997870e-01   3.0004424e-01   1.9977993e-01   3.2038237e+00   1.1891562e+02   3.8301808e+00   1.0000000e+00   1.2059608e-02
   9.5844734e-01   1.9428538e-01   2.0050709e-01   9.8300065e-02   7.9967636e-01   9.9960017e-01   9.9999310e-01   9.9995884e-01   3.0055926e-01   1.9895561e-01   2.3096341e+01   9.5782088e+01   5.1538718e+00   1.0000000e+00   1.2052373e-02
   8.5243308e-01   9.2865423e-01   1.9976856e-01   1.0004085e-01   7.9907751e-01   9.9946127e-01   9.9999950e-01   9.9998525e-01   2.9988142e-01   2.0007899e-01   9.7479673e+01   7.4890758e+00   1.8171415e+01   1.0000000e+00   1.2050748e-02
   5.6238909e-01   7.9835263e-01   1.9852839e-01   9.9441685e-02   8.0125813e-01   9.9990097e-01   9.9995983e-01   9.9999592e-01   2.9881085e-01   2.0274833e-01   5.6413863e+01   1.4248975e+01   5.4984759e+01   1.0000000e+00   1.2028515e-02
   5.3162518e-01   3.1160986e-01   1.9984322e-01   1.0187046e-01   8.0140227e-01   9.9940401e-01   9.9998843e-01   9.9999415e-01   2.9933710e-01   2.0069747e-01   2.0575481e+01   4.5454140e+01   5.8173715e+01   1.0000000e+00   1.2016015e-02
   6.8540010e-01   2.7988464e-04   2.0187714e-01   1.0208340e-01   8.0026865e-01   9.9967065e-01   9.9997907e-01   9.9999658e-01   3.0017856e-01   2.0140329e-01   2.3900836e-02   8.5371410e+01   3.9196604e+01   1.0000000e+00   1.1935100e-02
   9.6138394e-01   1.2028937e-01   2.0081035e-01   9.7698336e-02   7.9999433e-01   9.9954389e-01   9.9999261e-01   9.9996916e-01   3.0028008e-01   1.9743056e-01   1.4543490e+01   1.0636071e+02   4.8563776e+00   1.0000000e+00   1.1934632e-02
   8.6434690e-01   5.8768095e-01   1.9972594e-01   1.0185231e-01   7.9874958e-01   9.9934112e-01   1.0000000e+00   9.9999099e-01   2.9983799e-01   1.9993446e-01   6.2900171e+01   4.4130983e+01   1.6797779e+01   1.0000000e+00   1.1883558e-02
   9.8690084e-01   1.0000000e+00   2.0028538e-01   1.0068661e-01   7.9998138e-01   9.9972012e-01   9.9999623e-01   1.0000000e+00   3.0003692e-01   2.0066240e-01   1.2145677e+02   0.0000000e+00   1.6120990e+00   1.0000000e+00   1.1789589e-02
   8.0342431e-01   9.1606648e-01   1.9979524e-01   1.0082568e-01   8.0000914e-01   9.9948511e-01   9.9998856e-01   1.0000000e+00   2.9948701e-01   2.0068496e-01   9.0683886e+01   8.3088052e+00   2.4220772e+01   1.0000000e+00   1.1785997e-02
   8.7933440e-01   8.5506457e-01   2.0233123e-01   9.9585705e-02   8.0030254e-01   1.0000000e+00   9.9998724e-01   9.9999924e-01   2.9960826e-01   2.0012118e-01   9.3290509e+01   1.5812958e+01   1.4971591e+01   1.0000000e+00   1.1775700e-02
   7.7815820e-01   9.1916756e-01   2.0308430e-01   9.8744221e-02   8.0040194e-01   9.9998660e-01   1.0000000e+00   9.9999434e-01   2.9937929e-01   2.0018407e-01   8.9586215e+01   7.8782945e+00   2.7785742e+01   1.0000000e+00   1.1763563e-02
   9.9710626e-01   5.1994221e-02   2.0008689e-01   9.7514503e-02   7.9988407e-01   9.9951110e-01   9.9999453e-01   9.9998191e-01   3.0119237e-01   1.9966103e-01   6.4639011e+00   1.1785571e+02   3.6079298e-01   1.0000000e+00   1.1745510e-02
   9.0686834e-01   1.6103056e-01   2.0015374e-01   9.7922658e-02   7.9999749e-01   9.9950537e-01   9.9999208e-01   9.9997119e-01   3.0030689e-01   1.9840752e-01   1.8197261e+01   9.4807753e+01   1.1605152e+01   1.0000000e+00   1.1733939e-02
   9.9427505e-01   7.2188009e-01   1.9937846e-01   1.0025422e-01   7.9996728e-01   9.9906867e-01   9.9999993e-01   9.9996460e-01   3.0026366e-01   1.9879590e-01   8.8671008e+01   3.4162423e+01   7.0726466e-01   1.0000000e+00   1.1725106e-02
   5.6972104e-01   6.9382455e-01   1.9886055e-01   9.9474266e-02   7.9738210e-01   9.9978790e-01   9.9996138e-01   9.9999649e-01   2.9965612e-01   2.0225350e-01   4.9609072e+01   2.1891817e+01   5.4000687e+01   1.0000000e+00   1.1706742e-02
   9.1068945e-01   9.7761784e-01   1.9977157e-01   1.0090789e-01   7.9848623e-01   9.9991721e-01   9.9999494e-01   1.0000000e+00   3.0017725e-01   2.0013610e-01   1.0991960e+02   2.5165637e+00   1.1026521e+01   1.0000000e+00   1.1704884e-02
   7.3492238e-01   1.5572099e-01   2.0148094e-01   1.0237112e-01   8.0037531e-01   9.9975366e-01   9.9997535e-01   1.0000000e+00   3.0000802e-01   2.0019110e-01   1.4224483e+01   7.7121477e+01   3.2947384e+01   1.0000000e+00   1.1697917e-02
   5.5332860e-01   9.8788035e-01   1.9950109e-01   1.0399868e-01   8.0040866e-01   9.9966313e-01   9.9996966e-01   1.0000000e+00   2.9969540e-01   2.0117784e-01   6.8971442e+01   8.4616528e-01   5.6359870e+01   1.0000000e+00   1.1692088e-02
   1.0000000e+00   4.5302451e-02   2.0068412e-01   9.5917760e-02   7.9987043e-01   9.9950661e-01   9.9999269e-01   9.9997781e-01   3.0093829e-01   1.9975867e-01   5.7445682e+00   1.2106023e+02   0.0000000e+00   1.0000000e+00   1.1662980e-02
   7.4834130e-01   7.3399152e-01   1.9933585e-01   9.9059217e-02   8.0007530e-01   9.9955366e-01   9.9997669e-01   9.9999397e-01   3.0037855e-01   2.0068845e-01   6.7802607e+01   2.4572584e+01   3.1064731e+01   1.0000000e+00   1.1653721e-02
   6.2624663e-01   0.0000000e+00   2.0083829e-01   9.9234750e-02   7.9968629e-01   9.9934387e-01   9.9993584e-01   9.9999412e-01   2.9742775e-01   2.0227419e-01   0.0000000e+00   7.8637231e+01   4.6931878e+01   1.0000000e+00   1.1648585e-02
   4.4803610e-01   3.6232778e-01   2.0046566e-01   9.8868335e-02   8.0065963e-01   9.9888288e-01   9.9998378e-01   9.9999273e-01   2.9956654e-01   2.0026918e-01   2.0075871e+01   3.5332165e+01   6.8260652e+01   1.0000000e+00   1.1552169e-02
   5.5045529e-01   0.0000000e+00   2.0153776e-01   1.0214093e-01   8.0056515e-01   9.9978242e-01   9.9998205e-01   9.9999905e-01   3.0008828e-01   2.0127398e-01   0.0000000e+00   6.8494060e+01   5.5937589e+01   1.0000000e+00   1.1533206e-02
   7.7193316e-01   7.6594242e-01   1.9946139e-01   1.0096786e-01   7.9958309e-01   9.9892981e-01   1.0000000e+00   9.9998735e-01   2.9983779e-01   1.9995478e-01   7.2925016e+01   2.2284512e+01   2.8129556e+01   1.0000000e+00   1.1503091e-02
   6.4534909e-01   2.4001735e-01   1.9905505e-01   1.0007484e-01   8.0152400e-01   9.9872586e-01   9.9998512e-01   9.9998901e-01   3.0112487e-01   2.0001610e-01   1.9233662e+01   6.0900806e+01   4.4037812e+01   1.0000000e+00   1.1463313e-02
   7.0759817e-01   1.4656052e-01   1.9829563e-01   1.0212389e-01   7.9925086e-01   9.9832230e-01   9.9999824e-01   9.9999515e-01   3.0107121e-01   2.0052655e-01   1.2968916e+01   7.5519553e+01   3.6566220e+01   1.0000000e+00   1.1463144e-02
   5.0309863e-01   1.2388784e-01   2.0023573e-01   9.8701765e-02   8.0032569e-01   9.9986774e-01   9.9995088e-01   9.9999870e-01   2.9873654e-01   2.0228772e-01   7.7735061e+00   5.4972813e+01   6.1973398e+01   1.0000000e+00   1.1416042e-02
   9.0250010e-01   7.7137384e-01   1.9960474e-01   1.0041358e-01   7.9415691e-01   9.9975450e-01   9.9999931e-01   9.9999629e-01   3.0018927e-01   2.0018756e-01   9.0051830e+01   2.6690306e+01   1.2612017e+01   1.0000000e+00   1.1396340e-02
   8.2992097e-01   0.0000000e+00   2.0031086e-01   9.9014619e-02   7.9940879e-01   9.9943957e-01   1.0000000e+00   9.9964393e-01   3.0083508e-01   1.9883468e-01   0.0000000e+00   1.0269625e+02   2.1045954e+01   1.0000000e+00   1.1370413e-02
   3.5258976e-01   4.1372266e-01   2.0125341e-01   9.8738270e-02   8.0098944e-01   9.9864748e-01   9.9999450e-01   9.9998505e-01   2.9961251e-01   2.0084102e-01   1.8126479e+01   2.5686636e+01   8.0447768e+01   1.0000000e+00   1.1364744e-02
   6.7774234e-01   2.1833073e-01   2.0074875e-01   1.0059284e-01   8.0053472e-01   1.0000000e+00   9.9994507e-01   1.0000000e+00   2.9991455e-01   2.0178918e-01   1.8304200e+01   6.5532832e+01   3.9863417e+01   1.0000000e+00   1.1353104e-02
   9.6290939e-01   6.5321438e-01   2.0007033e-01   9.8086882e-02   8.0006467e-01   9.9963977e-01   9.9999932e-01   9.9998092e-01   2.9974825e-01   2.0135247e-01   7.8099110e+01   4.1462112e+01   4.6054158e+00   1.0000000e+00   1.1311287e-02
   4.3731895e-01   6.5356538e-01   1.9878789e-01   9.9667370e-02   8.0058881e-01   9.9885196e-01   1.0000000e+00   9.9999512e-01   3.0025396e-01   2.0188554e-01   3.5512889e+01   1.8824274e+01   6.9913486e+01   1.0000000e+00   1.1305104e-02
   5.5448999e-01   9.0731144e-01   1.9962775e-01   1.0159902e-01   8.0024216e-01   9.9993821e-01   9.9992613e-01   9.9999514e-01   2.9963490e-01   2.0205852e-01   6.2481060e+01   6.3829014e+00   5.5329374e+01   1.0000000e+00   1.1284256e-02
   9.4708264e-01   1.9436427e-01   2.0105902e-01   9.9232774e-02   8.0017395e-01   9.9951860e-01   9.9998579e-01   9.9998183e-01   3.0043143e-01   1.9792106e-01   2.2888931e+01   9.4874130e+01   6.5799013e+00   1.0000000e+00   1.1190677e-02
   7.6264792e-01   5.4784288e-03   1.9942532e-01   1.0056606e-01   8.0026742e-01   1.0000000e+00   9.9989488e-01   9.9999544e-01   3.0156448e-01   2.0094122e-01   5.1674024e-01   9.3805968e+01   2.9355212e+01   1.0000000e+00   1.1163712e-02
   3.7375709e-01   6.6756377e-01   1.9685620e-01   1.0289718e-01   8.0039182e-01   9.9999543e-01   9.9996589e-01   9.9998829e-01   2.9976006e-01   2.0289453e-01   3.1962302e+01   1.5916722e+01   8.0222959e+01   1.0000000e+00   1.1140934e-02
   8.4384339e-01   4.3734885e-01   2.0029383e-01   1.0190759e-01   7.9792928e-01   9.9924683e-01   9.9999349e-01   9.9997939e-01   3.0049937e-01   2.0037439e-01   4.5893538e+01   5.9042232e+01   1.9418785e+01   1.0000000e+00   1.1129701e-02
   7.5876005e-01   3.9815485e-01   2.0028687e-01   9.9294496e-02   7.9920297e-01   9.9954416e-01   9.9998386e-01   9.9969573e-01   3.0076722e-01   1.9920039e-01   3.7301649e+01   5.6384637e+01   2.9786591e+01   1.0000000e+00   1.1041410e-02
   8.9240029e-01   9.0418882e-01   2.0310624e-01   9.9012245e-02   8.0040305e-01   9.9998501e-01   9.9999997e-01   9.9999520e-01   2.9917115e-01   2.0073452e-01   1.0108046e+02   1.0710858e+01   1.3479056e+01   1.0000000e+00   1.1023732e-02
   4.2939515e-01   5.9453676e-01   2.0080572e-01   9.9664965e-02   8.0095946e-01   9.9875078e-01   9.9999422e-01   9.9999076e-01   3.0007993e-01   2.0050627e-01   3.1545840e+01   2.1513688e+01   7.0508536e+01   1.0000000e+00   1.1015762e-02
   3.3931037e-01   4.2207001e-01   2.0104985e-01   9.8594769e-02   8.0080335e-01   9.9873642e-01   9.9999535e-01   9.9998961e-01   2.9960261e-01   2.0055217e-01   1.7771820e+01   2.4334512e+01   8.1987526e+01   1.0000000e+00   1.0922128e-02
   7.8139402e-01   8.0595426e-01   1.9861251e-01   1.0270374e-01   7.9859108e-01   9.9829018e-01   9.9999925e-01   9.9999781e-01   3.0034159e-01   2.0266623e-01   7.9760092e+01   1.9203455e+01   2.7686445e+01   1.0000000e+00   1.0902871e-02
   6.4001756e-01   3.9122767e-01   1.9905685e-01   9.9542883e-02   8.0053227e-01   9.9884301e-01   1.0000000e+00   9.9999222e-01   3.0061547e-01   2.0119004e-01   3.0999616e+01   4.8237152e+01   4.4567284e+01   1.0000000e+00   1.0901435e-02
   7.5200081e-01   8.2080764e-01   1.9886709e-01   1.0245667e-01   8.0057470e-01   1.0000000e+00   9.9999523e-01   9.9999404e-01   2.9980629e-01   2.0063094e-01   7.6828184e+01   1.6772533e+01   3.0868188e+01   1.0000000e+00   1.0858016e-02
   9.7427983e-01   9.3707589e-02   2.0107858e-01   9.8518357e-02   7.9978673e-01   9.9914750e-01   9.9998184e-01   9.9982525e-01   3.0078075e-01   1.9835238e-01   1.1364846e+01   1.0991505e+02   3.2016873e+00   1.0000000e+00   1.0857260e-02
   8.1341792e-01   3.0491263e-01   2.0038780e-01   9.9375795e-02   8.0091262e-01   9.9899812e-01   9.9973361e-01   9.9999895e-01   3.0171773e-01   1.9957864e-01   3.0757518e+01   7.0115698e+01   2.3138333e+01   1.0000000e+00   1.0778749e-02
   9.2713393e-01   9.4532639e-01   2.0000957e-01   1.0106873e-01   7.9970468e-01   9.9977507e-01   9.9998338e-01   9.9999887e-01   2.9975220e-01   2.0104997e-01   1.0806679e+02   6.2501179e+00   8.9844889e+00   1.0000000e+00   1.0768026e-02
   6.6153473e-01   3.2560445e-01   2.0019778e-01   9.9454647e-02   8.0069745e-01   9.9942976e-01   9.9967012e-01   9.9999853e-01   3.0207422e-01   1.9966668e-01   2.6717860e+01   5.5338327e+01   4.1982935e+01   1.0000000e+00   1.0751968e-02
   6.8033432e-01   1.2801283e-01   2.0149408e-01   1.0103434e-01   8.0038397e-01   9.9984466e-01   9.9997725e-01   9.9999494e-01   3.0015069e-01   2.0058699e-01   1.0760100e+01   7.3294758e+01   3.9494484e+01   1.0000000e+00   1.0740914e-02
   7.2027062e-01   8.9761675e-02   1.9979408e-01   1.0248778e-01   8.0178254e-01   9.9931682e-01   1.0000000e+00   9.9999893e-01   3.0161082e-01   2.0008419e-01   8.0972972e+00   8.2111550e+01   3.5034145e+01   1.0000000e+00   1.0726085e-02
   7.4274003e-01   8.7185287e-02   1.9973272e-01   1.0076975e-01   8.0027354e-01   9.9996926e-01   9.9993736e-01   9.9999963e-01   3.0199162e-01   2.0061636e-01   8.0199696e+00   8.3967679e+01   3.1861404e+01   1.0000000e+00   1.0710164e-02
   4.8883297e-01   3.9977607e-01   2.0078288e-01   9.7559252e-02   8.0103952e-01   9.9877392e-01   9.9999493e-01   9.9999315e-01   2.9968866e-01   2.0159150e-01   2.4492080e+01   3.6772418e+01   6.4063583e+01   1.0000000e+00   1.0699764e-02
   3.4782268e-01   8.2395218e-02   2.0139249e-01   9.8417432e-02   8.0052953e-01   9.9983621e-01   9.9992148e-01   9.9999766e-01   2.9872527e-01   2.0083739e-01   3.5665777e+00   3.9719644e+01   8.1162884e+01   1.0000000e+00   1.0675596e-02
   9.7711999e-01   9.8782800e-01   2.0117586e-01   1.0136797e-01   7.9670769e-01   9.9992367e-01   9.9999737e-01   9.9999866e-01   3.0030565e-01   2.0045188e-01   1.2104941e+02   1.4915685e+00   2.8693904e+00   1.0000000e+00   1.0668368e-02
   6.1029818e-01   9.7713179e-01   1.9963260e-01   1.0222515e-01   8.0088891e-01   9.9977165e-01   9.9996152e-01   9.9999167e-01   3.0040020e-01   2.0091794e-01   7.4045536e+01   1.7329177e+00   4.8387825e+01   1.0000000e+00   1.0656434e-02
   7.3869362e-01   7.7891578e-01   1.9896022e-01   9.9369869e-02   7.9986600e-01   9.9871149e-01   9.9999022e-01   9.9998703e-01   3.0034605e-01   2.0122541e-01   7.1249024e+01   2.0223028e+01   3.2357435e+01   1.0000000e+00   1.0571180e-02
   8.1630872e-01   4.0255391e-01   1.9985426e-01   1.0260885e-01   7.9835072e-01   9.9929803e-01   9.9999388e-01   9.9999049e-01   3.0030470e-01   2.0085630e-01   4.0980163e+01   6.0820271e+01   2.2907819e+01   1.0000000e+00   1.0531457e-02
   5.9209349e-01   1.9603421e-02   2.0069008e-01   9.8408153e-02   8.0034454e-01   9.9993722e-01   9.9995656e-01   9.9999402e-01   2.9833358e-01   2.0166535e-01   1.4482815e+00   7.2430738e+01   5.0896918e+01   1.0000000e+00   1.0513295e-02
   9.4571721e-01   8.9457157e-01   1.9980867e-01   1.0122906e-01   7.9708924e-01   9.9992421e-01   1.0000000e+00   9.9999951e-01   3.0030206e-01   2.0051180e-01   1.0552557e+02   1.2436563e+01   6.7708547e+00   1.0000000e+00   1.0509947e-02
   7.2914125e-01   9.1014021e-01   1.9974213e-01   9.8369338e-02   7.9756308e-01   9.9933379e-01   9.9999744e-01   9.9999980e-01   3.0017534e-01   2.0087115e-01   8.2836750e+01   8.1786224e+00   3.3810061e+01   1.0000000e+00   1.0509536e-02
   3.9589231e-01   8.2060801e-01   1.9920863e-01   1.0182378e-01   7.9783705e-01   9.9983377e-01   9.9996387e-01   9.9999633e-01   2.9979813e-01   2.0203917e-01   4.0665298e+01   8.8897849e+00   7.5618055e+01   1.0000000e+00   1.0481732e-02
   5.3473685e-01   7.9791132e-01   1.9949731e-01   1.0539845e-01   8.0023673e-01   9.9972548e-01   9.9997361e-01   1.0000000e+00   2.9969946e-01   2.0097256e-01   5.4834788e+01   1.3888122e+01   5.9794341e+01   1.0000000e+00   1.0470425e-02
   9.5558426e-01   5.8192018e-01   1.9966067e-01   9.6886043e-02   8.0014663e-01   9.9962693e-01   9.9999996e-01   1.0000000e+00   2.9822080e-01   1.9879485e-01   7.0209350e+01   5.0441818e+01   5.6078898e+00   1.0000000e+00   1.0465248e-02
   9.2566650e-01   4.5860321e-01   1.9820191e-01   1.0208212e-01   7.9973474e-01   9.9873011e-01   9.9999357e-01   9.9998998e-01   3.0071908e-01   2.0057201e-01   5.2947641e+01   6.2506502e+01   9.2712765e+00   1.0000000e+00   1.0452067e-02
   1.0000000e+00   5.4492887e-01   1.9912798e-01   1.0061556e-01   7.9941303e-01   9.9954022e-01   9.9999598e-01   9.9999415e-01   3.0033460e-01   2.0052798e-01   6.7183049e+01   5.6104691e+01   0.0000000e+00   1.0000000e+00   1.0439202e-02
   8.4136008e-01   7.3093969e-01   2.0003082e-01   1.0070690e-01   8.0014953e-01   9.9903680e-01   9.9999586e-01   9.9995881e-01   3.0016542e-01   1.9874564e-01   7.5963450e+01   2.7962292e+01   1.9595382e+01   1.0000000e+00   1.0425651e-02
   6.6555301e-01   2.7240233e-01   2.0028682e-01   9.8702290e-02   8.0047055e-01   9.9942714e-01   9.9973150e-01   9.9999864e-01   3.0190526e-01   1.9953895e-01   2.2519312e+01   6.0149997e+01   4.1542148e+01   1.0000000e+00   1.0395321e-02
   7.0360433e-01   2.2476910e-01   1.9842852e-01   1.0227017e-01   7.9922880e-01   9.9682092e-01   9.9999100e-01   9.9999964e-01   3.0122361e-01   2.0067322e-01   1.9998426e+01   6.8974774e+01   3.7480257e+01   1.0000000e+00   1.0370423e-02
   4.4192719e-01   5.2473718e-01   1.9926150e-01   9.9186212e-02   7.9986654e-01   9.9989090e-01   1.0000000e+00   9.9999356e-01   3.0004263e-01   2.0031603e-01   2.8600521e+01   2.5903948e+01   6.8829127e+01   1.0000000e+00   1.0370305e-02
   3.9289039e-01   7.7961753e-01   1.9908491e-01   1.0209771e-01   7.9788342e-01   9.9971789e-01   9.9996208e-01   9.9999492e-01   2.9988839e-01   2.0170884e-01   3.8331125e+01   1.0835452e+01   7.5974121e+01   1.0000000e+00   1.0345634e-02
   4.4205014e-01   1.0000000e+00   1.9973766e-01   1.0072642e-01   8.0153665e-01   9.9991168e-01   9.9997588e-01   9.9998881e-01   2.9899372e-01   2.0110604e-01   5.4831107e+01   0.0000000e+00   6.9207100e+01   1.0000000e+00   1.0334954e-02
   8.0719578e-01   9.8020677e-01   2.0142672e-01   1.0385191e-01   8.0029301e-01   1.0000000e+00   9.9999810e-01   9.9999770e-01   3.0014543e-01   2.0097693e-01   9.9761795e+01   2.0144808e+00   2.4309957e+01   1.0000000e+00   1.0312354e-02
   3.8936410e-01   3.2794578e-01   1.9999371e-01   1.0277724e-01   8.0107535e-01   9.9915053e-01   9.9998459e-01   1.0000000e+00   2.9967469e-01   2.0052767e-01   1.5923454e+01   3.2631690e+01   7.6148557e+01   1.0000000e+00   1.0311120e-02
   6.3431294e-01   4.6983319e-01   1.9882611e-01   9.9831905e-02   8.0042754e-01   9.9870014e-01   9.9999964e-01   9.9999286e-01   3.0013215e-01   2.0020879e-01   3.6841466e+01   4.1572463e+01   4.5206329e+01   1.0000000e+00   1.0296577e-02
   6.1606560e-01   7.5583167e-01   1.9906894e-01   1.0258357e-01   8.0027962e-01   9.9994497e-01   9.9998867e-01   9.9999522e-01   3.0057771e-01   2.0074111e-01   5.7957600e+01   1.8722965e+01   4.7787617e+01   1.0000000e+00   1.0296523e-02
   6.9490615e-01   1.5476984e-01   1.9913494e-01   1.0040045e-01   8.0039099e-01   9.9989943e-01   9.9977569e-01   1.0000000e+00   3.0166476e-01   2.0087615e-01   1.3316004e+01   7.2721456e+01   3.7774165e+01   1.0000000e+00   1.0276873e-02
   9.2129193e-01   0.0000000e+00   2.0020466e-01   9.8755722e-02   8.0066369e-01   9.9975423e-01   9.9999100e-01   9.9996581e-01   3.0035356e-01   1.9926526e-01   0.0000000e+00   1.1393843e+02   9.7340197e+00   1.0000000e+00   1.0262296e-02
   8.7806075e-01   2.2393404e-02   2.0040333e-01   9.8977628e-02   8.0035596e-01   9.9987993e-01   9.9999000e-01   9.9996427e-01   3.0006300e-01   1.9722183e-01   2.4581287e+00   1.0731208e+02   1.5244158e+01   1.0000000e+00   1.0259003e-02
   3.3914055e-01   9.8109133e-02   1.9972220e-01   9.9124758e-02   8.0039459e-01   9.9998216e-01   9.9994391e-01   9.9999818e-01   2.9914452e-01   2.0092104e-01   4.1122387e+00   3.7802704e+01   8.1676716e+01   1.0000000e+00   1.0180027e-02
   8.5460511e-01   7.0683779e-01   1.9987185e-01   1.0185682e-01   8.0033394e-01   9.9856656e-01   9.9997787e-01   9.9995619e-01   3.0020531e-01   1.9881059e-01   7.5019939e+01   3.1114651e+01   1.8056793e+01   1.0000000e+00   1.0178432e-02
   8.9507582e-01   6.5958868e-01   2.0093864e-01   9.7708811e-02   7.9969486e-01   1.0000000e+00   9.9999508e-01   9.9996241e-01   2.9990540e-01   2.0086104e-01   7.3462553e+01   3.7913758e+01   1.3055954e+01   1.0000000e+00   1.0175761e-02
   4.2462022e-01   4.3161499e-01   2.0092043e-01   9.9301706e-02   8.0009937e-01   9.9857284e-01   1.0000000e+00   9.9999397e-01   2.9964970e-01   2.0052220e-01   2.2650923e+01   2.9828541e+01   7.1112068e+01   1.0000000e+00   1.0131157e-02
   6.6092363e-01   3.6960736e-01   2.0025157e-01   9.6883994e-02   7.9994994e-01   9.9870634e-01   9.9999868e-01   9.9999794e-01   3.0019159e-01   2.0048303e-01   3.0626377e+01   5.2235547e+01   4.2510994e+01   1.0000000e+00   1.0129274e-02
   8.2485397e-01   2.1138872e-01   2.0030868e-01   9.9079802e-02   7.9972324e-01   9.9943774e-01   9.9998420e-01   9.9969697e-01   3.0081922e-01   1.9875251e-01   2.1571352e+01   8.0474548e+01   2.1667998e+01   1.0000000e+00   1.0124141e-02
   3.8736986e-01   7.6965805e-01   1.9915388e-01   1.0377777e-01   8.0024543e-01   1.0000000e+00   9.9999003e-01   9.9999833e-01   2.9933034e-01   2.0136057e-01   3.7601639e+01   1.1253355e+01   7.7264767e+01   1.0000000e+00   1.0060316e-02
   8.5018390e-01   6.9988553e-01   1.9990087e-01   1.0176692e-01   8.0014664e-01   9.9890801e-01   9.9997825e-01   9.9995688e-01   3.0017453e-01   1.9864314e-01   7.3819315e+01   3.1654097e+01   1.8586114e+01   1.0000000e+00   1.0059314e-02
   9.3005835e-01   1.1026399e-01   2.0045986e-01   9.7671358e-02   8.0007455e-01   9.9952576e-01   9.9998866e-01   9.9998164e-01   3.0046354e-01   1.9865970e-01   1.2791102e+01   1.0321324e+02   8.7236837e+00   1.0000000e+00   1.0055686e-02
   9.1027666e-01   2.5358054e-01   2.0025238e-01   9.7808592e-02   7.9993914e-01   9.9953910e-01   9.9999249e-01   9.9997926e-01   3.0016914e-01   1.9846250e-01   2.8776805e+01   8.4705107e+01   1.1185585e+01   1.0000000e+00   1.0021301e-02
   6.3040770e-01   6.4188189e-01   1.9917490e-01   1.0134382e-01   8.0078310e-01   9.9986062e-01   9.9999998e-01   9.9999310e-01   3.0007727e-01   2.0042516e-01   5.0013763e+01   2.7903629e+01   4.5681022e+01   1.0000000e+00   1.0018498e-02
   1.0000000e+00   8.7779013e-01   1.9978330e-01   1.0069884e-01   7.9775487e-01   9.9967383e-01   1.0000000e+00   1.0000000e+00   3.0012130e-01   1.9991584e-01   1.0877121e+02   1.5143615e+01   0.0000000e+00   1.0000000e+00   1.0016159e-02
   8.1550833e-01   9.3215773e-01   1.9882649e-01   9.9680585e-02   7.9972934e-01   9.9871943e-01   9.9999610e-01   9.9999241e-01   3.0041397e-01   2.0068135e-01   9.3995604e+01   6.8409833e+00   2.2812164e+01   1.0000000e+00   1.0008079e-02
   7.5507959e-01   1.9130368e-02   2.0162152e-01   1.0275777e-01   8.0027997e-01   9.9964645e-01   9.9997923e-01   9.9999596e-01   3.0016076e-01   2.0000966e-01   1.8015232e+00   9.2369336e+01   3.0545608e+01   1.0000000e+00   1.0004474e-02
   7.4061308e-01   2.0791731e-01   2.0046699e-01   9.9704968e-02   8.0051943e-01   9.9919500e-01   9.9973692e-01   9.9999819e-01   3.0180095e-01   1.9990672e-01   1.9055811e+01   7.2595102e+01   3.2099147e+01   1.0000000e+00   1.0002896e-02
   4.7956011e-01   4.8542756e-01   2.0008849e-01   1.0330968e-01   8.0026499e-01   9.9953490e-01   9.9998319e-01   9.9999079e-01   2.9997850e-01   2.0108059e-01   2.9116906e+01   3.0865074e+01   6.5095103e+01   1.0000000e+00   9.9920035e-03
   8.8556548e-01   6.5799162e-01   1.9861706e-01   1.0077626e-01   8.0015446e-01   9.9888450e-01   1.0000000e+00   9.9996302e-01   2.9999340e-01   1.9860045e-01   7.2331523e+01   3.7596204e+01   1.4205077e+01   1.0000000e+00   9.9893499e-03
   9.4051166e-01   5.5447520e-01   1.9912810e-01   9.7401785e-02   8.0020845e-01   9.9963048e-01   9.9999885e-01   9.9999986e-01   2.9793431e-01   1.9892880e-01   6.5690298e+01   5.2782626e+01   7.4935357e+00   1.0000000e+00   9.9798901e-03
   7.7075534e-01   2.3253769e-01   2.0078892e-01   9.7526966e-02   8.0009543e-01   9.9973376e-01   9.9993932e-01   1.0000000e+00   2.9881925e-01   2.0068846e-01   2.2375586e+01   7.3847897e+01   2.8619613e+01   1.0000000e+00   9.9690853e-03
   7.9193232e-01   1.8517263e-01   1.9819808e-01   1.0349412e-01   7.9873820e-01   9.9768101e-01   9.9999897e-01   9.9999573e-01   3.0131444e-01   2.0051728e-01   1.8660062e+01   8.2111108e+01   2.6476030e+01   1.0000000e+00   9.9347643e-03
   7.5925575e-01   3.5200830e-01   1.9844786e-01   1.0235323e-01   7.9955783e-01   9.9724219e-01   9.9999041e-01   9.9999991e-01   3.0087315e-01   2.0074313e-01   3.3644735e+01   6.1934645e+01   3.0306239e+01   1.0000000e+00   9.9335976e-03
   6.8629741e-01   6.4546297e-02   1.9917037e-01   1.0052148e-01   8.0035472e-01   1.0000000e+00   9.9992996e-01   9.9999994e-01   3.0150504e-01   2.0085663e-01   5.4804571e+00   7.9426924e+01   3.8810675e+01   1.0000000e+00   9.9294448e-03
   4.4007039e-01   7.3607720e-01   1.9881504e-01   1.0403301e-01   7.9858901e-01   9.9969081e-01   9.9995216e-01   9.9999499e-01   2.9965665e-01   2.0296746e-01   4.1496561e+01   1.4878723e+01   7.1729869e+01   1.0000000e+00   9.9171127e-03
   6.5741841e-01   7.3181469e-01   1.9800854e-01   1.0201785e-01   8.0096484e-01   1.0000000e+00   1.0000000e+00   9.9999213e-01   2.9976120e-01   2.0026910e-01   6.0043878e+01   2.2004049e+01   4.2755282e+01   1.0000000e+00   9.9037431e-03
   6.1459747e-01   6.1370727e-01   1.9901052e-01   1.0158521e-01   8.0076089e-01   9.9949431e-01   1.0000000e+00   9.9999420e-01   2.9999556e-01   2.0049280e-01   4.6695101e+01   2.9391827e+01   4.7712683e+01   1.0000000e+00   9.8979176e-03
   9.2420225e-01   1.0711893e-01   2.0053665e-01   9.8474745e-02   7.9995962e-01   9.9960652e-01   9.9999157e-01   9.9997073e-01   3.0046927e-01   1.9859797e-01   1.2284668e+01   1.0239785e+02   9.4055999e+00   1.0000000e+00   9.8889085e-03
   6.7109132e-01   0.0000000e+00   2.0197473e-01   1.0182600e-01   8.0030122e-01   9.9978083e-01   9.9997963e-01   9.9999629e-01   3.0005591e-01   2.0019377e-01   0.0000000e+00   8.3334617e+01   4.0843143e+01   1.0000000e+00   9.8553073e-03
   4.1425923e-01   0.0000000e+00   2.0127240e-01   9.8934581e-02   8.0049498e-01   9.9990217e-01   9.9992810e-01   9.9999738e-01   2.9885507e-01   2.0230627e-01   0.0000000e+00   5.1712435e+01   7.3118665e+01   1.0000000e+00   9.8370220e-03
   9.2119263e-01   8.4799060e-01   2.0237079e-01   1.0047482e-01   8.0002322e-01   1.0000000e+00   9.9998384e-01   1.0000000e+00   2.9949756e-01   1.9932233e-01   9.6999702e+01   1.7388007e+01   9.7857869e+00   1.0000000e+00   9.8173052e-03
   7.0573399e-01   7.6620039e-01   1.9879289e-01   9.9928256e-02   8.0016324e-01   9.9962549e-01   9.9999379e-01   9.9999979e-01   3.0128045e-01   2.0103441e-01   6.6939078e+01   2.0425897e+01   3.6428093e+01   1.0000000e+00   9.7726066e-03
   9.1383124e-01   7.9996500e-01   2.0078896e-01   1.0152545e-01   8.0063837e-01   9.9978660e-01   9.9998933e-01   9.9999142e-01   2.9970830e-01   2.0302098e-01   9.1497168e+01   2.2879296e+01   1.0785008e+01   1.0000000e+00   9.7712294e-03
   8.8259382e-01   9.1605479e-01   2.0004994e-01   9.9348924e-02   8.0040065e-01   9.9906177e-01   9.9999454e-01   9.9996795e-01   3.0020826e-01   1.9852325e-01   1.0008044e+02   9.1711481e+00   1.4533087e+01   1.0000000e+00   9.7656614e-03
   3.9329062e-01   4.3294530e-01   2.0150024e-01   9.8956821e-02   8.0088599e-01   9.9895064e-01   9.9999530e-01   9.9998928e-01   2.9958256e-01   2.0051411e-01   2.1121383e+01   2.7663956e+01   7.5258653e+01   1.0000000e+00   9.7517793e-03
   6.0755723e-01   8.0166991e-01   1.9683790e-01   9.9995394e-02   7.9922122e-01   9.9986368e-01   9.9998860e-01   9.9999942e-01   3.0027872e-01   2.0017884e-01   6.0989693e+01   1.5088618e+01   4.9141680e+01   1.0000000e+00   9.7400510e-03
   8.8558239e-01   3.0982760e-01   1.9781030e-01   1.0251044e-01   7.9968085e-01   9.9839542e-01   9.9999975e-01   1.0000000e+00   3.0072381e-01   2.0035694e-01   3.4446723e+01   7.6733570e+01   1.4364540e+01   1.0000000e+00   9.7335340e-03
   4.7110379e-01   5.1765640e-01   2.0261293e-01   9.6757768e-02   8.0090386e-01   9.9888895e-01   9.9999238e-01   9.9999178e-01   2.9954309e-01   2.0085952e-01   3.0975666e+01   2.8862608e+01   6.7178905e+01   1.0000000e+00   9.7151925e-03
   6.1819493e-01   2.7455634e-01   1.9985075e-01   9.9916600e-02   8.0029972e-01   1.0000000e+00   9.9996277e-01   9.9999445e-01   2.9994861e-01   2.0117589e-01   2.0920515e+01   5.5277017e+01   4.7060567e+01   1.0000000e+00   9.6977881e-03
   7.8165123e-01   8.5399937e-01   1.9839878e-01   9.9586639e-02   7.9998284e-01   9.9959669e-01   9.9998722e-01   9.9999772e-01   3.0004710e-01   2.0073328e-01   8.2586027e+01   1.4118994e+01   2.7013868e+01   1.0000000e+00   9.6839017e-03
   5.9030961e-01   4.6265831e-01   1.9983843e-01   1.0041521e-01   8.0021157e-01   1.0000000e+00   9.9995895e-01   9.9999625e-01   2.9987570e-01   2.0102421e-01   3.3643732e+01   3.9074581e+01   5.0468422e+01   1.0000000e+00   9.6792581e-03
   9.5510190e-01   6.1994622e-03   1.9796036e-01   1.0256175e-01   7.9981801e-01   9.9744268e-01   1.0000000e+00   9.9999283e-01   3.0061769e-01   2.0043631e-01   7.4677851e-01   1.1971182e+02   5.6626028e+00   1.0000000e+00   9.6570376e-03
   6.1206869e-01   3.5628172e-01   1.9893026e-01   9.6811608e-02   8.0073418e-01   9.9894710e-01   9.9998838e-01   9.9999453e-01   3.0080708e-01   2.0039683e-01   2.7457519e+01   4.9609357e+01   4.8845260e+01   1.0000000e+00   9.6546419e-03
   9.4069651e-01   9.2688220e-01   2.0185929e-01   1.0272703e-01   8.0060670e-01   1.0000000e+00   9.9999902e-01   9.9999923e-01   2.9966469e-01   2.0102567e-01   1.0908353e+02   8.6051359e+00   7.4193410e+00   1.0000000e+00   9.6508946e-03
   5.9270671e-01   5.6934950e-01   1.9899136e-01   1.0168406e-01   8.0383559e-01   9.9999969e-01   9.9999174e-01   9.9999249e-01   3.0005478e-01   2.0049581e-01   4.2797479e+01   3.2371603e+01   5.1654321e+01   1.0000000e+00   9.6095407e-03
   4.3793710e-01   1.0000000e+00   2.0105739e-01   9.9613730e-02   8.0059126e-01   9.9875582e-01   9.9998549e-01   9.9998812e-01   3.0063436e-01   2.0064708e-01   5.4128446e+01   0.0000000e+00   6.9470230e+01   1.0000000e+00   9.5866870e-03
   3.7594365e-01   4.9363925e-01   1.9952768e-01   1.0314258e-01   8.0064384e-01   9.9992652e-01   9.9996936e-01   9.9999919e-01   2.9982102e-01   2.0107852e-01   2.3207720e+01   2.3805803e+01   7.8041183e+01   1.0000000e+00   9.5750689e-03
   9.1819366e-01   5.1933286e-02   2.0049802e-01   9.8639417e-02   8.0016211e-01   9.9977303e-01   9.9999494e-01   9.9996419e-01   2.9966737e-01   1.9617576e-01   6.0383711e+00   1.1023332e+02   1.0359211e+01   1.0000000e+00   9.5732126e-03
   7.8613749e-01   6.8237914e-01   1.9946997e-01   9.9470788e-02   7.9949703e-01   9.9851163e-01   9.9999879e-01   9.9998401e-01   2.9989414e-01   2.0061018e-01   6.6269442e+01   3.0845839e+01   2.6419446e+01   1.0000000e+00   9.5548710e-03
   9.7370160e-01   9.9432084e-01   1.9974929e-01   1.0095365e-01   7.9755041e-01   9.9989924e-01   9.9999320e-01   9.9999997e-01   3.0016201e-01   2.0003435e-01   1.2020297e+02   6.8655089e-01   3.2650669e+00   1.0000000e+00   9.5414612e-03
   5.4351118e-01   2.4653894e-02   1.9982628e-01   9.8707895e-02   8.0008462e-01   9.9991667e-01   9.9995233e-01   9.9999470e-01   2.9736281e-01   2.0117632e-01   1.6765986e+00   6.6328831e+01   5.7116983e+01   1.0000000e+00   9.5248229e-03
   7.1442556e-01   7.3594616e-01   1.9840950e-01   1.0392874e-01   8.0075771e-01   1.0000000e+00   9.9999979e-01   9.9999905e-01   2.9997613e-01   2.0032770e-01   6.6497593e+01   2.3859007e+01   3.6117878e+01   1.0000000e+00   9.5006802e-03
   7.1781219e-01   8.2318638e-02   1.9818993e-01   1.0255794e-01   7.9910869e-01   9.9818858e-01   9.9999849e-01   9.9999575e-01   3.0100915e-01   2.0052374e-01   7.4211558e+00   8.2730431e+01   3.5440578e+01   1.0000000e+00   9.4749103e-03
   4.0142827e-01   3.0063300e-01   2.0092355e-01   9.7380017e-02   7.9866635e-01   9.9938447e-01   9.9999314e-01   1.0000000e+00   3.0114527e-01   1.9952296e-01   1.5114949e+01   3.5162129e+01   7.4968406e+01   1.0000000e+00   9.4720992e-03
   4.0673678e-01   5.7173012e-01   1.9662789e-01   1.0321832e-01   8.0037364e-01   1.0000000e+00   9.9996711e-01   9.9998919e-01   2.9980689e-01   2.0294733e-01   2.9955237e+01   2.2438779e+01   7.6421521e+01   1.0000000e+00   9.4656703e-03
   8.3978379e-01   4.2848447e-01   1.9966252e-01   9.8567384e-02   8.0076200e-01   9.9973196e-01   1.0000000e+00   9.9999331e-01   2.9939400e-01   1.9923252e-01   4.4608161e+01   5.9498672e+01   1.9861781e+01   1.0000000e+00   9.4593268e-03
   8.9207461e-01   8.8257979e-01   1.9959436e-01   9.9398747e-02   7.9961549e-01   9.9998240e-01   9.9996101e-01   9.9999716e-01   2.9956694e-01   2.0097211e-01   9.7124243e+01   1.2921606e+01   1.3313619e+01   1.0000000e+00   9.4519569e-03
   9.5432592e-01   9.9875853e-01   1.9974940e-01   1.0094029e-01   7.9739327e-01   9.9986320e-01   9.9999351e-01   9.9999997e-01   2.9987949e-01   1.9939618e-01   1.1858470e+02   1.4740199e-01   5.6825233e+00   1.0000000e+00   9.4233343e-03
   8.2935629e-01   7.3382612e-01   1.9988155e-01   1.0076865e-01   8.0001020e-01   9.9902656e-01   1.0000000e+00   9.9992079e-01   3.0017861e-01   1.9860944e-01   7.5231260e+01   2.7287931e+01   2.1093775e+01   1.0000000e+00   9.3970909e-03
   7.4718488e-01   7.6754436e-01   1.9926329e-01   9.9332695e-02   8.0025960e-01   9.9802084e-01   1.0000000e+00   9.9998413e-01   2.9979565e-01   2.0054038e-01   7.1077205e+01   2.1526179e+01   3.1332989e+01   1.0000000e+00   9.3849816e-03
   5.3598578e-01   1.2458770e-01   2.0016997e-01   9.8698632e-02   8.0027742e-01   9.9973805e-01   9.9995940e-01   9.9999612e-01   2.9835266e-01   2.0127249e-01   8.2999829e+00   5.8319617e+01   5.7673996e+01   1.0000000e+00   9.3393345e-03
   3.5892391e-01   8.8297886e-01   2.0107948e-01   9.9641596e-02   8.0036898e-01   9.9899730e-01   9.9998631e-01   9.9998906e-01   3.0013868e-01   1.9955085e-01   3.9117456e+01   5.1842341e+00   7.9127508e+01   1.0000000e+00   9.3238141e-03
   8.5898808e-01   5.8442365e-02   2.0067842e-01   9.8687791e-02   7.9986833e-01   9.9956549e-01   9.9999809e-01   9.9995412e-01   3.0031359e-01   1.9900496e-01   6.2120122e+00   1.0008095e+02   1.7449107e+01   1.0000000e+00   9.3222003e-03
   8.4661091e-01   8.8060096e-01   1.9918734e-01   1.0042143e-01   8.0009255e-01   9.9918957e-01   9.9999541e-01   9.9996050e-01   3.0016433e-01   1.9898897e-01   9.2067686e+01   1.2483286e+01   1.8942561e+01   1.0000000e+00   9.2992221e-03
   7.4381235e-01   1.0081799e-01   1.9904205e-01   1.0027825e-01   8.0014370e-01   1.0000000e+00   9.9994021e-01   1.0000000e+00   3.0212635e-01   2.0064016e-01   9.3053315e+00   8.2992989e+01   3.1789859e+01   1.0000000e+00   9.2895074e-03
   3.4908611e-01   4.4541115e-02   2.0157254e-01   9.7154166e-02   8.0049090e-01   9.9967282e-01   9.9992336e-01   9.9999793e-01   2.9869791e-01   2.0086636e-01   1.9553743e+00   4.1945061e+01   8.1857748e+01   1.0000000e+00   9.2727576e-03
   8.8804804e-01   1.0000000e+00   1.9942578e-01   1.0105128e-01   7.9886334e-01   9.9991848e-01   9.9999484e-01   9.9999944e-01   3.0018268e-01   2.0014988e-01   1.0959208e+02   0.0000000e+00   1.3815747e+01   1.0000000e+00   9.2674886e-03
   4.1220856e-01   6.0223455e-02   1.9973323e-01   9.8970836e-02   8.0034002e-01   9.9998306e-01   9.9994384e-01   9.9999813e-01   2.9917663e-01   2.0090867e-01   3.0691480e+00   4.7893521e+01   7.2670543e+01   1.0000000e+00   9.2463690e-03
   6.6531130e-01   3.0725935e-01   2.0031769e-01   9.9562265e-02   8.0045642e-01   9.9955289e-01   9.9973580e-01   9.9999861e-01   3.0150741e-01   1.9966404e-01   2.5257463e+01   5.6944958e+01   4.1352403e+01   1.0000000e+00   9.2048550e-03
   4.3527471e-01   2.2467563e-01   1.9955329e-01   9.9003153e-02   7.9999033e-01   9.9988800e-01   1.0000000e+00   9.9999385e-01   3.0051102e-01   2.0083033e-01   1.2072839e+01   4.1661688e+01   6.9715160e+01   1.0000000e+00   9.1511902e-03
   6.3350120e-01   1.5190829e-01   1.9793873e-01   9.9956122e-02   8.0143649e-01   9.9879469e-01   9.9998487e-01   9.9998887e-01   3.0082082e-01   1.9795283e-01   1.2093948e+01   6.7519535e+01   4.6058708e+01   1.0000000e+00   9.1175831e-03
   7.6397509e-01   1.0000000e+00   1.9927370e-01   9.9451972e-02   7.9949851e-01   9.9844008e-01   9.9999897e-01   9.9998468e-01   2.9985731e-01   1.9995133e-01   9.4432046e+01   0.0000000e+00   2.9174139e+01   1.0000000e+00   9.1017972e-03
   6.7357123e-01   1.8994982e-01   2.0070432e-01   1.0004358e-01   8.0084249e-01   1.0000000e+00   9.9994928e-01   1.0000000e+00   3.0063156e-01   2.0191216e-01   1.5852188e+01   6.7602424e+01   4.0444106e+01   1.0000000e+00   9.0596555e-03
   3.6867678e-01   1.7614796e-01   1.9891043e-01   1.0354033e-01   8.0064906e-01   9.9999671e-01   9.9997152e-01   9.9999956e-01   2.9983508e-01   2.0083532e-01   8.1631914e+00   3.8179618e+01   7.9357565e+01   1.0000000e+00   9.0514705e-03
   6.2625723e-01   6.4853186e-01   1.9923427e-01   1.0194229e-01   8.0038857e-01   9.9998707e-01   9.9999531e-01   9.9999390e-01   2.9970300e-01   2.0048394e-01   5.0300494e+01   2.7260066e+01   4.6287209e+01   1.0000000e+00   9.0511053e-03
   6.1159883e-01   7.0244984e-01   1.9887410e-01   1.0207562e-01   8.0034923e-01   1.0000000e+00   9.9999987e-01   9.9999505e-01   2.9981968e-01   2.0073797e-01   5.3325331e+01   2.2588033e+01   4.8209444e+01   1.0000000e+00   9.0487079e-03
   8.0928868e-01   4.3649865e-01   2.0260962e-01   9.6261462e-02   8.0012503e-01   9.9975097e-01   9.9993062e-01   1.0000000e+00   2.9904998e-01   2.0073301e-01   4.5040627e+01   5.8145550e+01   2.4316135e+01   1.0000000e+00   9.0469012e-03
   8.0716303e-01   7.6803374e-02   2.0086041e-01   9.8430670e-02   7.9979527e-01   9.9903209e-01   9.9998507e-01   9.9987229e-01   3.0075907e-01   1.9825290e-01   7.7224294e+00   9.2825619e+01   2.4021641e+01   1.0000000e+00   9.0317781e-03
   4.6185625e-01   4.3562667e-01   1.9910306e-01   9.9144166e-02   7.9969023e-01   1.0000000e+00   9.9999991e-01   9.9999685e-01   3.0033197e-01   1.9967708e-01   2.4842635e+01   3.2184715e+01   6.6446890e+01   1.0000000e+00   9.0055068e-03
   3.5139051e-01   7.5670124e-01   1.9949080e-01   1.0234502e-01   7.9946545e-01   9.9971210e-01   9.9983342e-01   9.9999824e-01   2.9959384e-01   2.0192534e-01   3.3142358e+01   1.0656114e+01   8.0844825e+01   1.0000000e+00   8.9861882e-03
   4.3185281e-01   8.3933657e-02   1.9971448e-01   9.7075654e-02   8.0037859e-01   1.0000000e+00   9.9993819e-01   1.0000000e+00   2.9865949e-01   2.0102317e-01   4.5508281e+00   4.9668519e+01   7.1331177e+01   1.0000000e+00   8.9787176e-03
   9.4677058e-01   8.8992147e-01   1.9989487e-01   1.0112039e-01   7.9720994e-01   9.9992900e-01   1.0000000e+00   9.9999950e-01   3.0029631e-01   2.0056827e-01   1.0494965e+02   1.2981711e+01   6.6303467e+00   1.0000000e+00   8.9761069e-03
   4.6971254e-01   6.7830352e-01   2.0215148e-01   9.6763262e-02   8.0132255e-01   9.9895118e-01   1.0000000e+00   9.9999146e-01   3.0002388e-01   2.0098867e-01   4.0390974e+01   1.9156077e+01   6.7226338e+01   1.0000000e+00   8.9418543e-03
   6.5703512e-01   7.9892884e-01   2.0032904e-01   9.9535583e-02   8.0079062e-01   9.9942432e-01   9.9968033e-01   1.0000000e+00   3.0180646e-01   1.9956016e-01   6.5029962e+01   1.6366476e+01   4.2488018e+01   1.0000000e+00   8.9382604e-03
   8.6491513e-01   5.0761868e-02   2.0014371e-01   1.0057114e-01   7.9996478e-01   9.9931524e-01   9.9999550e-01   9.9998829e-01   3.0016371e-01   1.9592914e-01   5.5553880e+00   1.0388479e+02   1.7092675e+01   1.0000000e+00   8.9001367e-03
   8.6976848e-01   3.2202506e-01   1.9988454e-01   1.0301114e-01   7.9831627e-01   9.9928867e-01   9.9999336e-01   9.9998962e-01   3.0029785e-01   2.0045461e-01   3.5027311e+01   7.3744692e+01   1.6286568e+01   1.0000000e+00   8.8996625e-03
   6.3298422e-01   4.9844303e-01   1.9882026e-01   9.9883240e-02   8.0080455e-01   9.9916027e-01   9.9999866e-01   9.9998879e-01   3.0048704e-01   2.0062664e-01   3.9013956e+01   3.9257688e+01   4.5383325e+01   1.0000000e+00   8.8260798e-03
   9.5810868e-01   9.0100048e-01   2.0107640e-01   1.0125533e-01   8.0079537e-01   1.0000000e+00   9.9999435e-01   9.9998884e-01   2.9977979e-01   2.0264375e-01   1.0771947e+02   1.1835927e+01   5.2273128e+00   1.0000000e+00   8.7935401e-03
   9.1831716e-01   5.1928588e-01   2.0150972e-01   1.0092120e-01   8.0061839e-01   9.9945940e-01   9.9997783e-01   9.9998594e-01   2.9966711e-01   2.0170286e-01   5.9165631e+01   5.4770899e+01   1.0134471e+01   1.0000000e+00   8.7876196e-03
   5.8324743e-01   3.8512921e-01   2.0125011e-01   9.9878528e-02   7.9835444e-01   9.9943798e-01   9.9999195e-01   1.0000000e+00   3.0244124e-01   2.0015031e-01   2.8024188e+01   4.4741488e+01   5.1993854e+01   1.0000000e+00   8.7796285e-03
   9.3415587e-01   5.4980347e-01   1.9924967e-01   1.0093055e-01   7.9892664e-01   9.9953762e-01   9.9999513e-01   9.9999415e-01   3.0028331e-01   2.0056428e-01   6.3401209e+01   5.1914923e+01   8.1280771e+00   1.0000000e+00   8.7780467e-03
   5.9530214e-01   5.6855336e-02   2.0040282e-01   9.6897462e-02   8.0015854e-01   1.0000000e+00   9.9997221e-01   9.9999080e-01   2.9816046e-01   2.0116865e-01   4.2680830e+00   7.0801089e+01   5.1033468e+01   1.0000000e+00   8.7750359e-03
   6.5092050e-01   1.5312264e-01   2.0020824e-01   1.0086957e-01   8.0052934e-01   9.9936327e-01   9.9982001e-01   1.0000000e+00   3.0143545e-01   2.0017388e-01   1.2310568e+01   6.8086221e+01   4.3115666e+01   1.0000000e+00   8.7745325e-03
   6.2273620e-01   1.6142945e-01   2.0048327e-01   9.9485044e-02   7.9944551e-01   9.9933280e-01   9.9992918e-01   9.9999307e-01   2.9766947e-01   2.0228221e-01   1.2586748e+01   6.5383831e+01   4.7235856e+01   1.0000000e+00   8.7575523e-03
   5.0649710e-01   3.5152337e-01   1.9984307e-01   1.0230751e-01   8.0090682e-01   9.9921320e-01   9.9996201e-01   1.0000000e+00   2.9979431e-01   2.0094269e-01   2.2126023e+01   4.0817226e+01   6.1328439e+01   1.0000000e+00   8.7562396e-03
   8.0304504e-01   1.7671196e-03   1.9954266e-01   1.0153660e-01   7.9996301e-01   9.9859572e-01   1.0000000e+00   9.9999299e-01   3.0060679e-01   1.9886006e-01   1.7600985e-01   9.9426672e+01   2.4428571e+01   1.0000000e+00   8.7376302e-03
   3.9463250e-01   3.6700721e-01   2.0078192e-01   1.0078026e-01   8.0007123e-01   9.9844480e-01   9.9999947e-01   9.9999377e-01   2.9953793e-01   2.0082356e-01   1.7901807e+01   3.0876000e+01   7.4825310e+01   1.0000000e+00   8.7347394e-03
   5.2192619e-01   3.6421529e-01   2.0003446e-01   1.0238828e-01   8.0125562e-01   9.9947849e-01   9.9998528e-01   9.9999994e-01   2.9949738e-01   2.0088069e-01   2.3664438e+01   4.1309325e+01   5.9514650e+01   1.0000000e+00   8.7285938e-03
   9.6529759e-01   0.0000000e+00   2.0009159e-01   9.7889463e-02   7.9945963e-01   9.9967768e-01   9.9999292e-01   9.9996118e-01   3.0109164e-01   1.9964132e-01   0.0000000e+00   1.1997797e+02   4.3132029e+00   1.0000000e+00   8.7128434e-03
   9.3866923e-01   0.0000000e+00   2.0030687e-01   9.7611343e-02   7.9929324e-01   9.9948149e-01   9.9999254e-01   9.9997543e-01   3.0023875e-01   1.9856666e-01   0.0000000e+00   1.1720558e+02   7.6579780e+00   1.0000000e+00   8.6911316e-03
   9.4154932e-01   6.9242692e-01   1.9890423e-01   1.0023836e-01   7.9996753e-01   9.9914392e-01   1.0000000e+00   9.9997455e-01   3.0026554e-01   1.9877721e-01   8.0660865e+01   3.5829212e+01   7.2316165e+00   1.0000000e+00   8.6852862e-03
   6.7072322e-01   1.3085137e-01   2.0071744e-01   9.7443061e-02   8.0007903e-01   9.9976768e-01   9.9994899e-01   9.9999319e-01   2.9896752e-01   2.0107771e-01   1.0966778e+01   7.2844173e+01   4.1145139e+01   1.0000000e+00   8.6750837e-03
   9.8909603e-01   2.7597661e-01   2.0040143e-01   9.7421745e-02   7.9937522e-01   9.9957979e-01   9.9999232e-01   9.9995915e-01   3.0046219e-01   1.9840361e-01   3.4168481e+01   8.9640853e+01   1.3648966e+00   1.0000000e+00   8.6576940e-03
   5.3174918e-01   4.7304793e-01   2.0143143e-01   1.0161434e-01   7.9954419e-01   9.9950438e-01   9.9999068e-01   1.0000000e+00   3.0215742e-01   2.0011272e-01   3.1327792e+01   3.4897616e+01   5.8317160e+01   1.0000000e+00   8.6442024e-03
   5.7257983e-01   3.9861721e-01   1.9985919e-01   1.0134587e-01   7.9944649e-01   9.9998215e-01   9.9994736e-01   9.9999495e-01   3.0034264e-01   2.0052709e-01   2.8145501e+01   4.2462341e+01   5.2707439e+01   1.0000000e+00   8.6427973e-03
   7.0399333e-01   2.4567606e-01   1.9984634e-01   1.0054405e-01   8.0035483e-01   9.9932940e-01   9.9990781e-01   9.9999991e-01   3.0244231e-01   2.0019059e-01   2.1474509e+01   6.5935346e+01   3.6753047e+01   1.0000000e+00   8.6417906e-03
   5.8112265e-01   4.5499646e-01   1.9984461e-01   1.0049581e-01   8.0023501e-01   1.0000000e+00   9.9995777e-01   9.9999645e-01   2.9998780e-01   2.0186719e-01   3.2686208e+01   3.9152170e+01   5.1781615e+01   1.0000000e+00   8.6332461e-03
   9.7753871e-01   9.8707253e-01   2.0026539e-01   1.0135691e-01   7.9688434e-01   9.9992399e-01   1.0000000e+00   9.9999876e-01   3.0029037e-01   2.0045088e-01   1.2060156e+02   1.5794919e+00   2.8074020e+00   1.0000000e+00   8.6222511e-03
   5.6612224e-01   6.0843304e-01   1.9920352e-01   9.9182265e-02   8.0044809e-01   9.9886364e-01   1.0000000e+00   9.9999371e-01   3.0011384e-01   2.0098674e-01   4.2611157e+01   2.7423102e+01   5.3674463e+01   1.0000000e+00   8.5957502e-03
   5.3193916e-01   4.8555273e-01   1.9948933e-01   9.8804905e-02   8.0021563e-01   9.9862410e-01   9.9999016e-01   1.0000000e+00   3.0020090e-01   2.0368401e-01   3.2586255e+01   3.4525416e+01   5.9052514e+01   1.0000000e+00   8.5956627e-03
   6.1122828e-01   1.8760719e-01   1.9810108e-01   9.9657239e-02   8.0162721e-01   9.9751031e-01   9.9998496e-01   9.9998609e-01   3.0070960e-01   1.9856517e-01   1.4451881e+01   6.2580779e+01   4.8996619e+01   1.0000000e+00   8.5778239e-03
   7.9530074e-01   8.7444408e-01   1.9857537e-01   9.9461218e-02   7.9997478e-01   9.9952591e-01   9.9998378e-01   9.9999581e-01   3.0004396e-01   2.0021803e-01   8.5939739e+01   1.2339546e+01   2.5295709e+01   1.0000000e+00   8.5756040e-03
   7.9369496e-01   9.4070117e-01   2.0259454e-01   9.9540237e-02   8.0006188e-01   9.9998126e-01   9.9999985e-01   9.9999201e-01   2.9973132e-01   1.9977569e-01   9.2805795e+01   5.8501843e+00   2.5643638e+01   1.0000000e+00   8.5567511e-03
   5.1174629e-01   4.0353723e-01   1.9970040e-01   1.0178955e-01   8.0198981e-01   9.9911694e-01   9.9999977e-01   9.9999497e-01   2.9927359e-01   2.0068727e-01   2.5746484e+01   3.8055520e+01   6.0873065e+01   1.0000000e+00   8.5537894e-03
   7.8259567e-01   6.6797674e-02   1.9988773e-01   9.9497801e-02   8.0031756e-01   9.9994379e-01   9.9994722e-01   9.9999971e-01   3.0272606e-01   2.0121532e-01   6.5188722e+00   9.1072433e+01   2.7110771e+01   1.0000000e+00   8.5255363e-03
   8.5408291e-01   3.3816816e-01   2.0082316e-01   9.6459218e-02   7.9952485e-01   9.9934650e-01   9.9999833e-01   9.9998263e-01   3.0103971e-01   1.9942563e-01   3.6431666e+01   7.1300729e+01   1.8405704e+01   1.0000000e+00   8.5243121e-03
   7.0355317e-01   1.7553592e-01   1.9964996e-01   1.0190085e-01   8.0123792e-01   9.9942133e-01   9.9999979e-01   9.9999870e-01   3.0109120e-01   2.0044627e-01   1.5337905e+01   7.2039683e+01   3.6817130e+01   1.0000000e+00   8.5149286e-03
   3.9966651e-01   3.5587827e-01   1.9977306e-01   1.0130862e-01   8.0122699e-01   9.9936955e-01   9.9998839e-01   9.9999973e-01   2.9899583e-01   2.0096628e-01   1.7637955e+01   3.1923809e+01   7.4446035e+01   1.0000000e+00   8.4572638e-03
   9.9090098e-01   9.5494368e-01   1.9934411e-01   9.9957909e-02   7.9981212e-01   9.9997377e-01   9.9989707e-01   9.9999939e-01   2.9967500e-01   2.0072610e-01   1.1658554e+02   5.5007598e+00   1.1210661e+00   1.0000000e+00   8.4476426e-03
   8.4459102e-01   4.0587767e-01   1.9982846e-01   1.0201703e-01   7.9877633e-01   9.9908095e-01   9.9999428e-01   9.9999117e-01   3.0031144e-01   2.0022442e-01   4.2492163e+01   6.2199880e+01   1.9263860e+01   1.0000000e+00   8.4414450e-03
   6.0786495e-01   1.0000000e+00   1.9990261e-01   1.0217872e-01   8.0089285e-01   9.9978844e-01   9.9993198e-01   9.9999161e-01   3.0041302e-01   2.0101668e-01   7.5449157e+01   0.0000000e+00   4.8672422e+01   1.0000000e+00   8.4118617e-03
   3.7513872e-01   1.7285373e-01   1.9986675e-01   1.0275882e-01   8.0088279e-01   9.9901981e-01   9.9997525e-01   9.9999968e-01   2.9938453e-01   2.0087935e-01   8.0916141e+00   3.8720301e+01   7.7973697e+01   1.0000000e+00   8.4117629e-03
   5.1255052e-01   9.4804220e-01   1.9983642e-01   1.0160664e-01   8.0058334e-01   9.9981689e-01   9.9998156e-01   9.9999235e-01   2.9919513e-01   2.0299856e-01   6.0853923e+01   3.3351215e+00   6.1045527e+01   1.0000000e+00   8.3971636e-03
