   6.8859230e-01   1.0000000e+00   1.8611728e-01   4.9991135e-01   0.0000000e+00   0.0000000e+00   2.9787803e-01   4.0340687e-01   3.9784176e-01   9.8202688e-02   8.5024798e+01   0.0000000e+00   3.8451457e+01   1.0000000e+00             Inf
   1.0000000e+00   1.0000000e+00   1.0000000e+00   6.0170602e-01   7.9728001e-01   4.9895932e-01   9.9994479e-01   5.0378033e-01   9.9998489e-01   9.9978487e-01   1.1590689e+02   0.0000000e+00   0.0000000e+00   1.0000000e+00             Inf
   0.0000000e+00   0.0000000e+00   1.0000000e+00   4.9998847e-01   7.9977746e-01   9.9975503e-01   9.9973016e-01   4.9998838e-01   9.9980231e-01   9.9970819e-01   0.0000000e+00   0.0000000e+00   1.3494682e+02   1.0000000e+00             Inf
   1.0000000e+00   0.0000000e+00   9.9999984e-01   4.9999610e-01   7.9981840e-01   9.9973371e-01   9.9973366e-01   4.9988402e-01   9.9970756e-01   9.9966518e-01   0.0000000e+00   1.3494931e+02   0.0000000e+00   1.0000000e+00             Inf
   8.9056392e-02   3.4864672e-01   9.9999948e-01   5.0046771e-01   8.0075041e-01   9.9905022e-01   9.9838511e-01   4.9893478e-01   9.9958733e-01   9.9997799e-01   4.2180318e+00   7.8802660e+00   1.2375156e+02   1.0000000e+00   2.5410886e-02
   3.1064462e-02   1.7293171e-01   9.9999917e-01   5.0035944e-01   8.0058203e-01   9.9961093e-01   9.9811392e-01   4.9979168e-01   9.9981351e-01   1.0000000e+00   7.2859849e-01   3.4846165e+00   1.3141492e+02   1.0000000e+00   2.4852587e-02
   1.0825683e-01   4.3480103e-01   9.9999960e-01   5.0275101e-01   7.9907233e-01   9.9894260e-01   9.9911179e-01   5.0044228e-01   9.9967815e-01   9.9887881e-01   6.4462614e+00   8.3795115e+00   1.2212422e+02   1.0000000e+00   2.4266192e-02
   2.8019873e-01   8.0799105e-01   9.9999969e-01   5.0005129e-01   7.9975563e-01   9.9812866e-01   9.9994910e-01   4.9947519e-01   9.9956541e-01   9.9981328e-01   3.0684443e+01   7.2917735e+00   9.7556933e+01   1.0000000e+00   2.4085579e-02
   2.9613376e-01   6.9148179e-02   1.0000000e+00   5.0037275e-01   8.0092900e-01   9.9935568e-01   9.9890904e-01   5.0058677e-01   9.9958194e-01   9.9973818e-01   2.7735230e+00   3.7336326e+01   9.5335190e+01   1.0000000e+00   2.3402761e-02
   1.4947907e-02   3.4403938e-01   9.9999925e-01   5.0040077e-01   8.0075026e-01   9.9914145e-01   9.9848603e-01   4.9892270e-01   9.9960242e-01   1.0000000e+00   6.9821498e-01   1.3312474e+00   1.3373954e+02   1.0000000e+00   2.3128593e-02
   1.7707317e-01   1.3927063e-01   9.9999965e-01   4.9959594e-01   7.9957741e-01   9.9900119e-01   9.9973057e-01   4.9944866e-01   9.9973838e-01   9.9956897e-01   3.3333794e+00   2.0601168e+01   1.1123301e+02   1.0000000e+00   2.2929159e-02
   4.6586372e-02   3.1541287e-01   9.9999910e-01   5.0123075e-01   7.9977301e-01   9.9894046e-01   9.9885600e-01   5.0035922e-01   9.9973565e-01   9.9811562e-01   1.9995510e+00   4.3399208e+00   1.2974049e+02   1.0000000e+00   2.2753068e-02
   1.9751569e-01   2.9488155e-01   1.0000000e+00   5.0121173e-01   8.0186736e-01   9.9945800e-01   9.9891536e-01   4.9957506e-01   9.9976148e-01   9.9983610e-01   7.9345027e+00   1.8972921e+01   1.0932188e+02   1.0000000e+00   2.2399554e-02
   7.8287819e-01   3.2570022e-01   9.9999813e-01   5.0021215e-01   8.0024673e-01   9.9785639e-01   9.9992863e-01   5.0106213e-01   9.9999156e-01   9.9989725e-01   3.4661157e+01   7.1759272e+01   2.9514420e+01   1.0000000e+00   2.1493697e-02
   8.6189391e-01   2.9463856e-02   9.9999932e-01   4.9872932e-01   7.9979149e-01   9.9880379e-01   9.9959662e-01   4.9856711e-01   9.9998737e-01   9.9959044e-01   3.4502659e+00   1.1365138e+02   1.8763852e+01   1.0000000e+00   2.1378220e-02
   2.4777904e-01   2.2340399e-01   9.9999903e-01   5.0161932e-01   8.0040709e-01   9.9960411e-01   1.0000000e+00   4.9985880e-01   9.9969616e-01   9.9998834e-01   7.5037055e+00   2.6084350e+01   1.0196843e+02   1.0000000e+00   2.1369183e-02
   8.5623041e-01   7.1326131e-03   9.9999983e-01   4.9900678e-01   7.9946287e-01   9.9956844e-01   9.9987927e-01   4.9997055e-01   9.9994497e-01   9.9989645e-01   8.2563278e-01   1.1492897e+02   1.9436347e+01   1.0000000e+00   2.1168270e-02
   1.0000000e+00   1.1019509e-01   9.9999907e-01   4.9955776e-01   8.0054333e-01   9.9806962e-01   9.9979512e-01   5.0001715e-01   9.9993390e-01   1.0000000e+00   1.4948353e+01   1.2070517e+02   0.0000000e+00   1.0000000e+00   2.0116556e-02
   9.8269268e-01   1.0231181e-01   9.9999985e-01   5.0010252e-01   7.9979513e-01   9.9974017e-01   9.9969155e-01   5.0071270e-01   9.9969863e-01   9.9944371e-01   1.3579773e+01   1.1914951e+02   2.3376460e+00   1.0000000e+00   1.9933370e-02
   5.5617462e-01   2.7872260e-01   9.9999881e-01   5.0013372e-01   7.9865399e-01   9.9850463e-01   9.9935764e-01   5.0573868e-01   9.9981442e-01   9.9916967e-01   2.2022594e+01   5.6989996e+01   6.3051768e+01   1.0000000e+00   1.8825470e-02
   1.4004383e-01   1.0000000e+00   9.9999882e-01   4.9936331e-01   7.9946749e-01   9.9893538e-01   9.9996135e-01   5.0130410e-01   9.9964110e-01   9.9979033e-01   1.8980231e+01   0.0000000e+00   1.1655042e+02   1.0000000e+00   1.8762858e-02
   5.7847190e-01   9.2976465e-01   9.9999394e-01   4.9947873e-01   7.9955449e-01   9.9991371e-01   9.9981803e-01   4.9919241e-01   9.9969146e-01   9.9966268e-01   7.2690612e+01   5.4911213e+00   5.6970437e+01   1.0000000e+00   1.8729131e-02
   3.4342082e-01   9.5643526e-01   9.9999926e-01   4.9540294e-01   7.9939290e-01   9.9796946e-01   9.9997178e-01   5.0123356e-01   9.9866489e-01   9.9913937e-01   4.6105007e+01   2.1000403e+00   9.2162235e+01   1.0000000e+00   1.8464581e-02
   9.0515640e-01   4.4715741e-01   9.9999854e-01   4.9992971e-01   8.0106462e-01   9.9937430e-01   9.9998030e-01   4.9809259e-01   9.9986198e-01   9.9941136e-01   5.5053128e+01   6.8064876e+01   1.2900483e+01   1.0000000e+00   1.8210313e-02
   1.4577501e-01   4.9397939e-01   1.0000000e+00   5.0305939e-01   7.9919545e-01   9.9914337e-01   9.9909649e-01   5.0104083e-01   9.9971990e-01   9.9909696e-01   9.8887142e+00   1.0129761e+01   1.1730599e+02   1.0000000e+00   1.8171670e-02
   7.7641228e-01   5.6260817e-01   9.9999817e-01   5.0007153e-01   8.0036452e-01   9.9933855e-01   1.0000000e+00   4.9725301e-01   9.9994098e-01   9.9947644e-01   5.9648221e+01   4.6372674e+01   3.0531421e+01   1.0000000e+00   1.7927061e-02
   8.4888185e-02   5.1111990e-01   9.9999966e-01   5.0245864e-01   7.9879961e-01   9.9906099e-01   9.9896496e-01   5.0223268e-01   9.9970481e-01   9.9927893e-01   5.9698958e+00   5.7101343e+00   1.2591309e+02   1.0000000e+00   1.7923717e-02
   2.7148559e-01   4.6920232e-01   1.0000000e+00   5.0294806e-01   7.9929568e-01   9.9921786e-01   9.9910683e-01   5.0114966e-01   9.9974357e-01   9.9905330e-01   1.7477849e+01   1.9772284e+01   9.9958376e+01   1.0000000e+00   1.7234036e-02
   2.7839862e-01   1.0000000e+00   9.9999854e-01   4.9990338e-01   7.9555912e-01   9.9803209e-01   9.9982924e-01   5.0055702e-01   9.9954921e-01   9.9954845e-01   3.8756443e+01   0.0000000e+00   1.0045561e+02   1.0000000e+00   1.7181625e-02
   4.9253279e-01   7.2144307e-01   9.9999965e-01   5.0108070e-01   7.9768935e-01   9.9978892e-01   9.9934195e-01   4.9927683e-01   9.9981258e-01   9.9834897e-01   4.8544388e+01   1.8743510e+01   6.9328180e+01   1.0000000e+00   1.7033599e-02
   1.0000000e+00   5.3449892e-01   9.9999822e-01   5.0021345e-01   7.9960587e-01   9.9974321e-01   9.9997802e-01   5.0121270e-01   9.9989798e-01   9.9994626e-01   7.2306179e+01   6.2972260e+01   0.0000000e+00   1.0000000e+00   1.7032030e-02
   5.8761797e-01   2.9811764e-01   9.9999974e-01   5.0072798e-01   7.9785456e-01   9.9963490e-01   9.9986190e-01   4.9943829e-01   9.9981038e-01   9.9976399e-01   2.3807070e+01   5.6050902e+01   5.6043202e+01   1.0000000e+00   1.7009023e-02
   1.2759214e-01   8.5267765e-01   9.9999693e-01   4.9994298e-01   7.9937610e-01   9.9984842e-01   9.9992468e-01   4.9780476e-01   9.9996373e-01   9.9958876e-01   1.4791965e+01   2.5556987e+00   1.1861420e+02   1.0000000e+00   1.6975135e-02
   1.5713019e-01   4.5409945e-01   9.9999998e-01   5.0288329e-01   7.9921137e-01   9.9910985e-01   9.9907532e-01   5.0122929e-01   9.9973472e-01   9.9922084e-01   9.7884690e+00   1.1767314e+01   1.1562843e+02   1.0000000e+00   1.6895970e-02
   4.0444227e-01   9.7258945e-01   9.9999920e-01   5.0002195e-01   7.9917818e-01   9.9971669e-01   9.9931945e-01   5.0223150e-01   9.9985732e-01   9.9916617e-01   5.3543832e+01   1.5090295e+00   8.1067583e+01   1.0000000e+00   1.6878412e-02
   7.4297839e-01   1.2344356e-01   1.0000000e+00   4.9943520e-01   8.0074032e-01   9.9953081e-01   9.9952963e-01   5.0002985e-01   9.9993629e-01   9.9981510e-01   1.2399229e+01   8.8045290e+01   3.4747191e+01   1.0000000e+00   1.6850056e-02
   8.2251402e-01   1.0052396e-01   9.9999972e-01   4.9769162e-01   8.0122341e-01   9.9877229e-01   9.9922687e-01   4.9801376e-01   1.0000000e+00   1.0000000e+00   1.1361626e+01   1.0166243e+02   2.4388868e+01   1.0000000e+00   1.6759005e-02
   4.9982868e-01   6.5627173e-01   9.9999782e-01   5.0094068e-01   8.0014028e-01   9.9934901e-01   1.0000000e+00   4.9952608e-01   9.9993129e-01   9.9980283e-01   4.4359184e+01   2.3233525e+01   6.7639046e+01   1.0000000e+00   1.6746278e-02
   2.3525285e-01   6.5320646e-02   9.9999922e-01   5.0037466e-01   8.0157335e-01   9.9907079e-01   9.9902455e-01   5.0038652e-01   9.9967555e-01   9.9974839e-01   2.0865682e+00   2.9856904e+01   1.0384010e+02   1.0000000e+00   1.6716551e-02
   3.4748863e-01   8.3009104e-01   9.9999864e-01   5.0005614e-01   7.9883479e-01   9.9805473e-01   1.0000000e+00   5.0130635e-01   9.9956358e-01   9.9954298e-01   3.9250976e+01   8.0341698e+00   8.8791669e+01   1.0000000e+00   1.6693067e-02
   9.2204225e-01   1.6009431e-02   9.9999952e-01   4.9845623e-01   7.9883783e-01   9.9955293e-01   9.9999160e-01   4.9944386e-01   9.9981316e-01   9.9993503e-01   2.0031876e+00   1.2312228e+02   1.0579234e+01   1.0000000e+00   1.6663066e-02
   5.0682422e-01   6.9297631e-02   9.9999865e-01   5.0008579e-01   7.9843792e-01   9.9828601e-01   9.9941766e-01   5.0248277e-01   9.9982768e-01   9.9912433e-01   4.8142545e+00   6.4657882e+01   6.7601299e+01   1.0000000e+00   1.6411044e-02
   5.5393180e-01   8.2168251e-01   9.9998518e-01   4.9628779e-01   7.9934868e-01   9.9961649e-01   9.9962148e-01   4.9878097e-01   9.9963448e-01   9.9988307e-01   6.2815084e+01   1.3631820e+01   6.1560887e+01   1.0000000e+00   1.6120960e-02
   8.9641210e-01   5.2315581e-01   9.9999925e-01   4.9923293e-01   8.0064148e-01   9.9974510e-01   9.9995502e-01   4.9776196e-01   9.9996604e-01   1.0000000e+00   6.3874428e+01   5.8220035e+01   1.4109034e+01   1.0000000e+00   1.6095149e-02
   6.9322581e-01   9.0123916e-02   9.9999986e-01   4.9942601e-01   8.0060611e-01   9.9965256e-01   9.9941328e-01   4.9969834e-01   9.9993705e-01   9.9977490e-01   8.4450556e+00   8.5259879e+01   4.1467376e+01   1.0000000e+00   1.6041804e-02
   6.5089846e-01   2.5256154e-01   1.0000000e+00   5.0160053e-01   7.9807753e-01   9.9998368e-01   9.9983978e-01   4.9975097e-01   9.9989927e-01   9.9971313e-01   2.2373473e+01   6.6212749e+01   4.7512151e+01   1.0000000e+00   1.6040176e-02
   1.1293949e-01   4.9595699e-01   9.9999984e-01   5.0260594e-01   7.9923060e-01   9.9876900e-01   9.9919517e-01   5.0073445e-01   9.9972238e-01   9.9916022e-01   7.6615624e+00   7.7864755e+00   1.2133350e+02   1.0000000e+00   1.5967523e-02
   1.1858877e-01   1.8589427e-01   9.9999929e-01   4.9974648e-01   8.0062215e-01   9.9966201e-01   9.9914692e-01   4.9903107e-01   9.9951032e-01   1.0000000e+00   2.9839472e+00   1.3067904e+01   1.1930541e+02   1.0000000e+00   1.5856387e-02
   1.6295018e-01   2.3919656e-01   9.9999984e-01   5.0149471e-01   8.0078272e-01   9.9928443e-01   9.9853908e-01   4.9932893e-01   9.9960346e-01   9.9980921e-01   5.3001840e+00   1.6858095e+01   1.1382364e+02   1.0000000e+00   1.5853917e-02
   9.8609070e-01   2.8517424e-02   9.9999934e-01   4.9953417e-01   8.0025391e-01   9.9980799e-01   9.9940644e-01   5.0058061e-01   9.9973131e-01   9.9960081e-01   3.7995249e+00   1.2943568e+02   1.8793486e+00   1.0000000e+00   1.5742116e-02
   7.2032534e-01   7.0935296e-01   9.9999852e-01   5.0212684e-01   7.9743123e-01   9.9959514e-01   9.9882783e-01   4.9889803e-01   9.9993471e-01   9.9933335e-01   7.0226565e+01   2.8774312e+01   3.8438238e+01   1.0000000e+00   1.5712265e-02
   9.8549170e-01   8.0589097e-01   9.9999888e-01   5.0103930e-01   7.9944575e-01   9.9938427e-01   9.9995298e-01   4.9682300e-01   9.9951570e-01   9.9956743e-01   1.0898624e+02   2.6250714e+01   1.9909440e+00   1.0000000e+00   1.5670661e-02
   8.5551892e-01   0.0000000e+00   9.9999978e-01   4.9872841e-01   7.9934356e-01   9.9924022e-01   9.9985027e-01   4.9970746e-01   9.9994727e-01   9.9984355e-01   0.0000000e+00   1.1583185e+02   1.9561824e+01   1.0000000e+00   1.5577988e-02
   3.9363904e-01   6.8730639e-01   9.9999818e-01   4.9964609e-01   7.9805757e-01   9.9799491e-01   9.9983884e-01   5.0024114e-01   9.9952186e-01   9.9958678e-01   3.6858436e+01   1.6768936e+01   8.2607518e+01   1.0000000e+00   1.5364968e-02
   5.5920162e-01   1.5560541e-01   9.9999890e-01   4.9827032e-01   7.9845226e-01   9.9969232e-01   9.9962273e-01   4.9980210e-01   9.9654039e-01   9.9983106e-01   1.2003980e+01   6.5139740e+01   6.0809600e+01   1.0000000e+00   1.5321298e-02
   1.1762286e-01   2.4123913e-01   9.9999926e-01   4.9985781e-01   8.0235439e-01   9.9956160e-01   9.9917065e-01   4.9897352e-01   9.9958999e-01   1.0000000e+00   3.8727977e+00   1.2180973e+01   1.2043135e+02   1.0000000e+00   1.5319436e-02
   2.7171331e-01   1.8643705e-01   9.9999924e-01   5.0013944e-01   8.0086439e-01   9.9960673e-01   9.9909008e-01   4.9885934e-01   9.9979744e-01   9.9998868e-01   6.8646098e+00   2.9955378e+01   9.8690446e+01   1.0000000e+00   1.5091507e-02
   9.7044714e-01   0.0000000e+00   1.0000000e+00   5.0042282e-01   7.9929938e-01   1.0000000e+00   9.9912484e-01   5.0097736e-01   9.9953247e-01   9.9966106e-01   0.0000000e+00   1.3132838e+02   3.9993212e+00   1.0000000e+00   1.5091000e-02
   3.8809440e-01   9.8634008e-01   9.9999751e-01   5.0114511e-01   8.0036153e-01   9.9939160e-01   1.0000000e+00   4.9941822e-01   9.9987155e-01   9.9984960e-01   5.1816798e+01   7.1761595e-01   8.2830627e+01   1.0000000e+00   1.5014797e-02
   3.4653639e-01   9.3833194e-01   1.0000000e+00   4.9958636e-01   7.9940625e-01   9.9975322e-01   1.0000000e+00   5.0475170e-01   9.9967073e-01   9.9996250e-01   4.5349702e+01   2.9804251e+00   9.1136112e+01   1.0000000e+00   1.4981117e-02
   4.7462218e-01   8.9506743e-01   9.9999817e-01   4.9991808e-01   7.9937912e-01   9.9812571e-01   9.9999853e-01   5.0226639e-01   9.9957944e-01   9.9950140e-01   5.8009115e+01   6.8006557e+00   7.1740466e+01   1.0000000e+00   1.4871152e-02
   4.7448672e-01   3.0527798e-01   9.9999958e-01   5.0057317e-01   7.9939461e-01   9.9874835e-01   9.9881048e-01   5.0050716e-01   9.9973553e-01   9.9922954e-01   1.9630646e+01   4.4673521e+01   7.1219472e+01   1.0000000e+00   1.4820690e-02
   1.0000000e+00   8.3588302e-01   9.9999442e-01   4.9937555e-01   7.9955022e-01   9.9956329e-01   9.9993918e-01   4.9833142e-01   9.9994607e-01   9.9938944e-01   1.1337511e+02   2.2260030e+01   0.0000000e+00   1.0000000e+00   1.4788081e-02
   8.2517146e-01   2.7929644e-03   9.9999958e-01   4.9910796e-01   7.9979283e-01   9.9974488e-01   9.9908200e-01   4.9970643e-01   9.9993806e-01   9.9943952e-01   3.1166714e-01   1.1127842e+02   2.3642520e+01   1.0000000e+00   1.4645859e-02
   8.7665023e-01   1.6894644e-01   9.9999923e-01   5.0123802e-01   8.0120572e-01   9.9949259e-01   9.9971704e-01   4.9975185e-01   9.9987020e-01   1.0000000e+00   2.0090987e+01   9.8828285e+01   1.6732631e+01   1.0000000e+00   1.4526239e-02
   5.1960825e-01   7.3897141e-01   9.9998884e-01   4.9747156e-01   7.9932908e-01   9.9985511e-01   9.9967568e-01   4.9804691e-01   9.9972705e-01   9.9991300e-01   5.2611600e+01   1.8584118e+01   6.5822349e+01   1.0000000e+00   1.4510237e-02
   1.8109129e-01   8.3507273e-01   9.9999877e-01   4.9942712e-01   7.9976648e-01   9.9972088e-01   9.9998320e-01   5.0324317e-01   9.9963141e-01   9.9980112e-01   2.0732149e+01   4.0946096e+00   1.1226850e+02   1.0000000e+00   1.4480588e-02
   9.4135730e-01   8.8199860e-01   9.9999848e-01   5.0020769e-01   7.9919565e-01   9.9822992e-01   9.9976725e-01   4.9930231e-01   9.9981539e-01   9.9929240e-01   1.1260940e+02   1.5065860e+01   7.9536451e+00   1.0000000e+00   1.4351006e-02
   3.6419476e-01   3.1734273e-01   1.0000000e+00   5.0119088e-01   7.9971961e-01   9.9916080e-01   9.9947118e-01   5.0281917e-01   9.9969677e-01   9.9904690e-01   1.5830654e+01   3.4054383e+01   8.7088479e+01   1.0000000e+00   1.4209710e-02
   4.1905837e-01   8.2327607e-01   9.9999785e-01   5.0022592e-01   7.9894001e-01   9.9748050e-01   9.9968101e-01   5.0042845e-01   9.9963199e-01   9.9954682e-01   4.6981098e+01   1.0084933e+01   7.9110777e+01   1.0000000e+00   1.4117460e-02
   8.0265144e-01   7.9407964e-01   9.9999562e-01   4.9845283e-01   7.9954129e-01   9.9907635e-01   9.9995937e-01   4.9728448e-01   9.9986366e-01   9.9933797e-01   8.7333260e+01   2.2647220e+01   2.7040989e+01   1.0000000e+00   1.4010419e-02
   6.8463829e-01   3.1226417e-01   9.9999864e-01   4.9735013e-01   8.0162442e-01   9.9903434e-01   9.9980368e-01   4.9720686e-01   9.9996973e-01   9.9963972e-01   2.9631157e+01   6.5260154e+01   4.3709336e+01   1.0000000e+00   1.3955211e-02
   3.5016665e-01   0.0000000e+00   1.0000000e+00   5.0016781e-01   8.0123678e-01   9.9938517e-01   9.9913538e-01   5.0043470e-01   9.9969510e-01   9.9974792e-01   0.0000000e+00   4.7436563e+01   8.8031973e+01   1.0000000e+00   1.3930539e-02
   9.5878796e-01   7.4504778e-01   9.9999804e-01   4.9899729e-01   8.0043453e-01   9.9884429e-01   9.9891041e-01   4.9729192e-01   1.0000000e+00   9.9937057e-01   9.7861629e+01   3.3487838e+01   5.6458563e+00   1.0000000e+00   1.3845220e-02
   5.1821345e-01   9.9475434e-01   9.9999977e-01   5.0163332e-01   7.9742114e-01   9.9978272e-01   9.9913400e-01   4.9726247e-01   9.9959459e-01   9.9820961e-01   7.1474898e+01   3.7691037e-01   6.6801111e+01   1.0000000e+00   1.3840645e-02
   2.2492483e-01   9.1407203e-01   9.9999694e-01   4.9986636e-01   7.9961615e-01   9.9996155e-01   9.9993502e-01   4.9790487e-01   1.0000000e+00   9.9959070e-01   2.7932040e+01   2.6257706e+00   1.0530007e+02   1.0000000e+00   1.3813416e-02
   6.8305282e-01   1.3392149e-01   9.9999997e-01   4.9891873e-01   8.0074722e-01   9.9978331e-01   9.9931755e-01   4.9764202e-01   9.9994046e-01   9.9974375e-01   1.2484145e+01   8.0735734e+01   4.3255481e+01   1.0000000e+00   1.3767748e-02
   6.4041236e-01   2.7135041e-01   9.9999931e-01   4.9787218e-01   8.0063456e-01   1.0000000e+00   9.9910021e-01   5.0099640e-01   9.9938120e-01   9.9913742e-01   2.3694486e+01   6.3626135e+01   4.9029998e+01   1.0000000e+00   1.3745568e-02
   1.3467891e-01   3.6337197e-01   1.0000000e+00   5.0342148e-01   7.9917635e-01   9.9913925e-01   9.9907813e-01   5.0239584e-01   9.9966829e-01   9.9905047e-01   6.7890718e+00   1.1894460e+01   1.2004296e+02   1.0000000e+00   1.3598227e-02
   7.2720718e-01   4.7653954e-01   9.9999977e-01   5.0113200e-01   7.9750587e-01   9.9966283e-01   9.9899337e-01   4.9793423e-01   9.9984778e-01   9.9849181e-01   4.7665761e+01   5.2359015e+01   3.7521687e+01   1.0000000e+00   1.3555495e-02
   2.5983288e-01   1.0000000e+00   9.9999975e-01   4.9960692e-01   7.9981285e-01   9.9875075e-01   1.0000000e+00   5.0317975e-01   9.9945315e-01   9.9999412e-01   3.5649920e+01   0.0000000e+00   1.0155335e+02   1.0000000e+00   1.3464449e-02
   4.6332338e-01   7.8813467e-01   9.9999921e-01   5.0115871e-01   7.9934058e-01   9.9747852e-01   9.9990961e-01   5.0065110e-01   9.9965280e-01   9.9959515e-01   4.9796807e+01   1.3386312e+01   7.3186255e+01   1.0000000e+00   1.3433658e-02
   7.6956203e-01   6.5644540e-01   9.9999695e-01   5.0028417e-01   8.0019418e-01   9.9941767e-01   9.9973416e-01   4.9751130e-01   9.9996750e-01   9.9954039e-01   6.8827257e+01   3.6021154e+01   3.1395851e+01   1.0000000e+00   1.3409382e-02
   5.2342056e-01   8.4284464e-01   9.9999723e-01   5.0034189e-01   7.9927160e-01   9.9636361e-01   9.9996346e-01   5.0191220e-01   9.9952323e-01   9.9957783e-01   6.0892940e+01   1.1353993e+01   6.5781526e+01   1.0000000e+00   1.3354347e-02
   6.5503824e-02   0.0000000e+00   1.0000000e+00   5.0032297e-01   8.0104447e-01   9.9935618e-01   9.9892343e-01   5.0030988e-01   9.9961416e-01   9.9901480e-01   0.0000000e+00   8.8783978e+00   1.2666175e+02   1.0000000e+00   1.3264995e-02
   6.1308953e-01   9.9800830e-01   9.9999543e-01   4.9952185e-01   7.9968415e-01   9.9966240e-01   9.9982817e-01   4.9932835e-01   9.9978306e-01   9.9963449e-01   8.2656912e+01   1.6495645e-01   5.2267486e+01   1.0000000e+00   1.3262764e-02
   9.7087022e-01   1.8776144e-01   9.9999849e-01   4.9820521e-01   7.9987135e-01   9.9963165e-01   9.9965639e-01   5.0116707e-01   1.0000000e+00   9.9954034e-01   2.4768823e+01   1.0714763e+02   3.9579934e+00   1.0000000e+00   1.3258130e-02
   5.4685266e-01   9.0155189e-01   9.9999779e-01   4.9992874e-01   7.9933981e-01   9.9774764e-01   9.9999539e-01   5.0351563e-01   9.9951468e-01   9.9949697e-01   6.8159692e+01   7.4429358e+00   6.2647826e+01   1.0000000e+00   1.3219510e-02
   8.8397282e-01   3.4714881e-01   9.9999948e-01   4.9877046e-01   7.9992854e-01   9.9974233e-01   9.9830214e-01   4.9995373e-01   9.9985274e-01   9.9940664e-01   4.1636624e+01   7.8302212e+01   1.5742751e+01   1.0000000e+00   1.3139264e-02
   5.9893456e-01   1.8031512e-01   9.9999914e-01   4.9818400e-01   8.0068470e-01   9.9987901e-01   9.9909406e-01   5.0244862e-01   9.9960749e-01   9.9942376e-01   1.4798532e+01   6.7271858e+01   5.4956917e+01   1.0000000e+00   1.3009263e-02
   9.9024474e-01   6.0158971e-02   9.9999899e-01   4.9973879e-01   8.0056033e-01   9.9992490e-01   9.9937940e-01   5.0084829e-01   9.9980922e-01   9.9954754e-01   8.0566484e+00   1.2586599e+02   1.3193203e+00   1.0000000e+00   1.2989574e-02
   8.9745982e-01   5.0786809e-01   9.9999583e-01   4.9914516e-01   7.9989837e-01   9.9921999e-01   9.9998697e-01   4.9728517e-01   9.9995346e-01   9.9951892e-01   6.2272975e+01   6.0343461e+01   1.4009664e+01   1.0000000e+00   1.2976819e-02
   6.3487761e-01   1.9459645e-01   9.9999992e-01   4.9890461e-01   8.0021811e-01   9.9954258e-01   1.0000000e+00   5.0184296e-01   9.9996046e-01   1.0000000e+00   1.6792389e+01   6.9501011e+01   4.9627915e+01   1.0000000e+00   1.2966249e-02
   8.8762167e-01   2.4129579e-01   9.9999915e-01   5.0135481e-01   8.0143779e-01   1.0000000e+00   9.9969169e-01   5.0044085e-01   9.9983735e-01   9.9995625e-01   2.9100064e+01   9.1499075e+01   1.5268588e+01   1.0000000e+00   1.2961864e-02
   2.1189457e-01   5.0359079e-01   1.0000000e+00   5.0320075e-01   7.9952158e-01   9.9806644e-01   9.9906980e-01   5.0095583e-01   9.9968398e-01   9.9906426e-01   1.4715339e+01   1.4505487e+01   1.0868184e+02   1.0000000e+00   1.2873868e-02
   6.7759498e-01   3.4923440e-01   9.9999912e-01   4.9704813e-01   8.0108935e-01   9.9905281e-01   9.9975206e-01   4.9775720e-01   9.9991508e-01   9.9960880e-01   3.2670693e+01   6.0878776e+01   4.4511572e+01   1.0000000e+00   1.2739470e-02
   8.4021522e-01   5.9937663e-01   9.9999758e-01   5.0123728e-01   8.0015103e-01   9.9924769e-01   1.0000000e+00   4.9796306e-01   1.0000000e+00   9.9942277e-01   6.8580174e+01   4.5838992e+01   2.1759237e+01   1.0000000e+00   1.2714427e-02
   5.9730771e-02   2.0225968e-01   9.9999892e-01   5.0209303e-01   8.0047856e-01   9.9948885e-01   9.9962226e-01   4.9991164e-01   9.9971240e-01   9.9973969e-01   1.6418868e+00   6.4758301e+00   1.2778739e+02   1.0000000e+00   1.2697727e-02
   5.5070855e-01   7.6060002e-01   1.0000000e+00   4.9745293e-01   8.0006567e-01   9.9919036e-01   9.9939357e-01   4.9994128e-01   9.9982734e-01   9.9959063e-01   5.7102394e+01   1.7973063e+01   6.1249751e+01   1.0000000e+00   1.2671156e-02
   3.7953643e-01   0.0000000e+00   9.9999963e-01   4.9884315e-01   8.0098344e-01   9.9926382e-01   9.9941320e-01   5.0310983e-01   9.9973432e-01   1.0000000e+00   0.0000000e+00   5.2166551e+01   8.5281524e+01   1.0000000e+00   1.2654579e-02
   7.6983026e-01   6.6542636e-01   9.9999788e-01   5.0094324e-01   8.0038297e-01   9.9961302e-01   9.9999129e-01   5.0193012e-01   1.0000000e+00   9.9957417e-01   6.9640151e+01   3.5014781e+01   3.1290533e+01   1.0000000e+00   1.2650241e-02
   7.9662498e-01   6.5472629e-01   9.9999720e-01   4.9859985e-01   7.9952990e-01   9.9924732e-01   9.9997689e-01   4.9751710e-01   9.9985896e-01   9.9931815e-01   7.1280515e+01   3.7590193e+01   2.7794235e+01   1.0000000e+00   1.2629517e-02
   2.4180138e-01   4.8026717e-01   9.9999956e-01   5.0205392e-01   7.9844829e-01   9.9909890e-01   9.9902980e-01   5.0236450e-01   9.9976439e-01   9.9894761e-01   1.5976592e+01   1.7289459e+01   1.0430988e+02   1.0000000e+00   1.2628313e-02
   6.6859281e-01   6.2571344e-02   9.9999997e-01   4.9937866e-01   8.0060837e-01   9.9959339e-01   9.9943507e-01   4.9865229e-01   9.9989422e-01   9.9981500e-01   5.6695595e+00   8.4939961e+01   4.4913207e+01   1.0000000e+00   1.2605273e-02
   7.6335815e-01   2.9163367e-01   9.9999898e-01   4.9878365e-01   7.9987117e-01   9.9965077e-01   9.9872753e-01   4.9895150e-01   9.9998606e-01   9.9952413e-01   3.0205615e+01   7.3368211e+01   3.2107998e+01   1.0000000e+00   1.2576385e-02
   7.8459010e-01   4.8950252e-01   9.9999830e-01   5.0037137e-01   8.0035695e-01   9.9930203e-01   1.0000000e+00   4.9813520e-01   9.9985468e-01   9.9951203e-01   5.2145164e+01   5.4381691e+01   2.9247042e+01   1.0000000e+00   1.2547348e-02
   8.8613886e-01   8.0387664e-01   9.9999777e-01   4.9977251e-01   7.9996987e-01   9.9969227e-01   9.9994711e-01   5.0177508e-01   9.9990516e-01   9.9996407e-01   9.6595695e+01   2.3566640e+01   1.5439815e+01   1.0000000e+00   1.2540476e-02
   3.1639275e-01   7.7158314e-01   9.9999790e-01   4.9945126e-01   7.9865122e-01   9.9686637e-01   9.9983528e-01   5.0028393e-01   9.9956379e-01   9.9954007e-01   3.3433081e+01   9.8974163e+00   9.3621115e+01   1.0000000e+00   1.2525185e-02
   2.3416351e-01   6.5321770e-01   9.9999910e-01   4.9873508e-01   7.9947938e-01   9.9857318e-01   9.9995030e-01   5.0207199e-01   9.9964820e-01   9.9999289e-01   2.0867974e+01   1.1078457e+01   1.0448145e+02   1.0000000e+00   1.2520612e-02
   1.0000000e+00   7.1493106e-02   9.9999944e-01   4.9939523e-01   8.0049658e-01   9.9926517e-01   1.0000000e+00   5.0021297e-01   1.0000000e+00   9.9981137e-01   9.6645036e+00   1.2551641e+02   0.0000000e+00   1.0000000e+00   1.2517720e-02
   4.4463935e-01   2.4597141e-01   1.0000000e+00   4.9906080e-01   8.0045358e-01   9.9953271e-01   9.9999154e-01   5.0147078e-01   9.9996107e-01   1.0000000e+00   1.4837035e+01   4.5483128e+01   7.5340711e+01   1.0000000e+00   1.2487867e-02
   8.0181613e-01   1.9545339e-01   1.0000000e+00   4.9897023e-01   8.0217513e-01   9.9839268e-01   9.9986235e-01   5.0252276e-01   9.9995723e-01   9.9958242e-01   2.1604291e+01   8.8929947e+01   2.7320606e+01   1.0000000e+00   1.2470244e-02
   7.9335551e-01   5.9247268e-01   9.9999802e-01   5.0070385e-01   8.0086183e-01   9.9964059e-01   9.9996502e-01   5.0000963e-01   9.9992633e-01   9.9952200e-01   6.3584079e+01   4.3735772e+01   2.7953490e+01   1.0000000e+00   1.2432686e-02
   7.0211953e-01   2.0816142e-01   1.0000000e+00   4.9987760e-01   7.9953489e-01   9.9969402e-01   9.9942654e-01   4.9989772e-01   9.9996644e-01   9.9986582e-01   1.9731157e+01   7.5056613e+01   4.0214556e+01   1.0000000e+00   1.2403500e-02
   2.0696249e-01   7.9563249e-01   9.9999897e-01   4.9914718e-01   7.9915894e-01   9.9867391e-01   9.9999869e-01   5.0253046e-01   9.9961075e-01   1.0000000e+00   2.2509851e+01   5.7819186e+00   1.0840821e+02   1.0000000e+00   1.2381537e-02
   9.3942724e-01   3.7984193e-01   9.9999917e-01   5.0204798e-01   8.0096242e-01   1.0000000e+00   9.9970581e-01   5.0005790e-01   9.9979969e-01   9.9996115e-01   4.8543807e+01   7.9256214e+01   8.2403395e+00   1.0000000e+00   1.2260766e-02
   8.3317750e-01   1.8814290e-01   9.9999883e-01   4.9851523e-01   8.0079719e-01   9.9791998e-01   9.9997848e-01   4.9990456e-01   9.9999324e-01   9.9981154e-01   2.1356611e+01   9.2156101e+01   2.2728019e+01   1.0000000e+00   1.2247042e-02
   9.3673929e-01   1.9679535e-01   9.9999925e-01   5.0253500e-01   8.0081926e-01   9.9982894e-01   9.9984279e-01   5.0009216e-01   9.9979014e-01   9.9980317e-01   2.5145384e+01   1.0262890e+02   8.6289663e+00   1.0000000e+00   1.2205417e-02
   1.7469045e-01   4.4256132e-01   9.9999978e-01   5.0306806e-01   7.9948307e-01   9.9920480e-01   9.9902948e-01   5.0118052e-01   9.9971984e-01   9.9908053e-01   1.0618449e+01   1.3374722e+01   1.1335361e+02   1.0000000e+00   1.2168603e-02
   6.3716064e-01   3.6220915e-01   9.9999928e-01   4.9817842e-01   8.0031389e-01   9.9974656e-01   9.9859031e-01   5.0004573e-01   9.9995064e-01   9.9945459e-01   3.1371020e+01   5.5239216e+01   4.9321317e+01   1.0000000e+00   1.2168449e-02
   7.2324749e-01   4.5519804e-01   9.9999932e-01   4.9841106e-01   8.0173476e-01   9.9880552e-01   9.9974191e-01   4.9784314e-01   9.9997161e-01   9.9961243e-01   4.5185912e+01   5.4080580e+01   3.7984578e+01   1.0000000e+00   1.2159721e-02
   9.8840735e-01   7.1863000e-02   9.9999922e-01   5.0032742e-01   7.9824875e-01   9.9997774e-01   9.9934739e-01   4.9988997e-01   9.9964447e-01   9.9967586e-01   9.6258280e+00   1.2432110e+02   1.5710118e+00   1.0000000e+00   1.2139433e-02
   5.9624424e-01   8.1661169e-01   9.9999157e-01   4.9888937e-01   7.9981494e-01   9.9916378e-01   9.9971483e-01   4.9823180e-01   9.9986549e-01   9.9966631e-01   6.6157980e+01   1.4857246e+01   5.4860678e+01   1.0000000e+00   1.2103310e-02
   4.4663836e-01   6.4761013e-03   1.0000000e+00   5.0030310e-01   7.9987766e-01   9.9934357e-01   9.9912964e-01   5.0045438e-01   9.9968521e-01   9.9983963e-01   3.9081286e-01   5.9956121e+01   7.4766705e+01   1.0000000e+00   1.1990799e-02
   8.8013975e-01   1.0881186e-01   9.9999768e-01   4.9933013e-01   7.9928724e-01   9.9956620e-01   1.0000000e+00   4.9932901e-01   1.0000000e+00   9.9987392e-01   1.2949889e+01   1.0606185e+02   1.6207400e+01   1.0000000e+00   1.1982943e-02
   7.1384275e-01   7.1526428e-01   9.9999843e-01   5.0239081e-01   7.9802120e-01   9.9950215e-01   9.9889519e-01   4.9886139e-01   9.9994665e-01   9.9928908e-01   7.0047156e+01   2.7884697e+01   3.9257819e+01   1.0000000e+00   1.1965126e-02
   2.1416051e-01   4.4173103e-01   9.9999992e-01   5.0272773e-01   7.9928087e-01   9.9927002e-01   9.9915326e-01   5.0145497e-01   9.9975305e-01   9.9908045e-01   1.2969281e+01   1.6390850e+01   1.0773392e+02   1.0000000e+00   1.1963460e-02
   9.2108297e-02   1.3549013e-01   1.0000000e+00   5.0292255e-01   7.9915979e-01   9.9863335e-01   9.9939642e-01   5.0112369e-01   9.9974312e-01   9.9915773e-01   1.7135603e+00   1.0933562e+01   1.2465997e+02   1.0000000e+00   1.1938410e-02
   6.5664295e-02   4.3377721e-01   9.9999977e-01   5.0248407e-01   7.9913026e-01   9.9913742e-01   9.9897337e-01   5.0078056e-01   9.9970846e-01   9.9888584e-01   3.8943154e+00   5.0833703e+00   1.2774328e+02   1.0000000e+00   1.1928793e-02
   9.9130630e-01   3.2892417e-01   9.9999908e-01   4.9993406e-01   7.9962097e-01   9.9909586e-01   9.9986312e-01   5.0006290e-01   9.9994050e-01   9.9990715e-01   4.4036767e+01   8.9844446e+01   1.1741306e+00   1.0000000e+00   1.1926520e-02
   9.4693930e-01   3.9372226e-01   9.9999916e-01   5.0249218e-01   8.0090354e-01   9.9998531e-01   9.9966847e-01   4.9995049e-01   9.9978759e-01   1.0000000e+00   5.0859643e+01   7.8316805e+01   7.2382603e+00   1.0000000e+00   1.1899738e-02
   5.9505280e-03   3.4969130e-01   9.9999926e-01   5.0085331e-01   8.0077193e-01   9.9925487e-01   9.9859518e-01   4.9934664e-01   9.9960960e-01   9.9988882e-01   2.8228466e-01   5.2495493e-01   1.3485124e+02   1.0000000e+00   1.1878648e-02
   9.3142665e-01   1.3152462e-01   9.9999680e-01   5.0046195e-01   8.0008777e-01   9.9874766e-01   9.9961430e-01   4.9996380e-01   9.9994782e-01   9.9971531e-01   1.6563591e+01   1.0937170e+02   9.2715882e+00   1.0000000e+00   1.1863188e-02
   5.6296623e-01   1.4240139e-01   9.9999918e-01   4.9751185e-01   8.0078997e-01   9.9990048e-01   9.9900111e-01   5.0231858e-01   9.9958481e-01   9.9953649e-01   1.1025248e+01   6.6398486e+01   6.0104470e+01   1.0000000e+00   1.1862203e-02
   6.6469648e-01   4.9492980e-02   9.9999985e-01   4.9960005e-01   8.0059857e-01   9.9965172e-01   9.9936212e-01   4.9862727e-01   1.0000000e+00   9.9983705e-01   4.4578109e+00   8.5611748e+01   4.5435234e+01   1.0000000e+00   1.1842490e-02
   7.4344382e-01   6.0354103e-01   9.9999909e-01   5.0003676e-01   8.0031470e-01   9.9937098e-01   9.9975786e-01   4.9693927e-01   9.9992726e-01   9.9896800e-01   6.1465671e+01   4.0376073e+01   3.5144725e+01   1.0000000e+00   1.1793432e-02
   2.2926355e-02   4.2481432e-01   9.9999875e-01   5.0008216e-01   8.0076796e-01   9.9922826e-01   9.9862028e-01   4.9902317e-01   9.9956993e-01   1.0000000e+00   1.3209006e+00   1.7884592e+00   1.3251446e+02   1.0000000e+00   1.1763920e-02
   4.1103749e-01   4.6810823e-03   9.9999949e-01   4.9901860e-01   8.0098102e-01   9.9906181e-01   9.9794520e-01   5.0255974e-01   9.9982468e-01   1.0000000e+00   2.6442128e-01   5.6222788e+01   8.0938720e+01   1.0000000e+00   1.1743807e-02
   4.2626334e-01   8.4784707e-01   9.9999784e-01   4.9948332e-01   7.9929067e-01   9.9907338e-01   9.9994383e-01   4.9820071e-01   9.9986451e-01   9.9959892e-01   4.9079525e+01   8.8077129e+00   7.7914348e+01   1.0000000e+00   1.1721573e-02
   6.1297666e-01   9.2895885e-01   9.9999492e-01   4.9952438e-01   7.9955545e-01   9.9966289e-01   9.9982498e-01   4.9923013e-01   9.9970739e-01   9.9965847e-01   7.6945587e+01   5.8843324e+00   5.2297443e+01   1.0000000e+00   1.1668346e-02
   5.9022234e-01   1.4328227e-01   9.9999999e-01   4.9944919e-01   8.0098557e-01   9.9966563e-01   9.9935133e-01   4.9865770e-01   1.0000000e+00   9.9978196e-01   1.1472624e+01   6.8597463e+01   5.5590801e+01   1.0000000e+00   1.1572577e-02
   6.9717705e-01   5.7399665e-01   9.9998990e-01   4.9896764e-01   7.9984726e-01   9.9947470e-01   9.9969753e-01   4.9865882e-01   9.9979018e-01   9.9966734e-01   5.4234417e+01   4.0251181e+01   4.1040375e+01   1.0000000e+00   1.1554748e-02
   1.0000000e+00   3.9661234e-01   9.9999955e-01   4.9865543e-01   7.9912415e-01   9.9964030e-01   9.9979141e-01   5.0021509e-01   9.9835760e-01   9.9997331e-01   5.3862983e+01   8.1944651e+01   0.0000000e+00   1.0000000e+00   1.1510275e-02
   9.1991526e-01   4.5371710e-03   9.9999969e-01   5.0058129e-01   8.0070893e-01   9.9943084e-01   1.0000000e+00   5.0020528e-01   9.9998822e-01   1.0000000e+00   5.6439422e-01   1.2382903e+02   1.0829274e+01   1.0000000e+00   1.1491517e-02
   2.2303516e-01   3.2574032e-01   9.9999997e-01   5.0321253e-01   7.9925629e-01   1.0000000e+00   9.9887350e-01   5.0185638e-01   9.9942376e-01   9.9909663e-01   1.0025353e+01   2.0751779e+01   1.0721515e+02   1.0000000e+00   1.1490057e-02
   5.6884722e-01   3.5107677e-01   9.9999972e-01   5.0082766e-01   7.9783419e-01   9.9968371e-01   9.9985443e-01   4.9945217e-01   9.9977596e-01   9.9978205e-01   2.7148917e+01   5.0181511e+01   5.8611921e+01   1.0000000e+00   1.1483934e-02
   8.0954559e-01   1.0000000e+00   9.9999717e-01   4.9864274e-01   8.0023080e-01   9.9906099e-01   9.9996477e-01   4.9751917e-01   9.9971611e-01   9.9933645e-01   1.1065331e+02   0.0000000e+00   2.6032397e+01   1.0000000e+00   1.1460221e-02
   4.8163963e-01   8.8336898e-01   9.9999799e-01   4.9969101e-01   7.9849683e-01   9.9839090e-01   9.9979523e-01   5.0053706e-01   9.9956311e-01   9.9954633e-01   5.7760523e+01   7.6261100e+00   7.0371784e+01   1.0000000e+00   1.1415480e-02
   3.8574302e-01   2.4738683e-02   9.9999968e-01   4.9908002e-01   8.0108639e-01   9.9926021e-01   9.9931246e-01   5.0127378e-01   9.9973885e-01   9.9967922e-01   1.2960976e+00   5.1095437e+01   8.3428250e+01   1.0000000e+00   1.1408626e-02
   6.3009578e-01   8.4696655e-01   9.9999944e-01   4.9773465e-01   7.9956477e-01   9.9996069e-01   9.9957829e-01   5.0116062e-01   1.0000000e+00   9.9983713e-01   7.2721726e+01   1.3139665e+01   5.0405814e+01   1.0000000e+00   1.1373401e-02
   2.2236943e-01   7.6608230e-01   9.9999897e-01   4.9905489e-01   7.9947809e-01   9.9881536e-01   9.9999886e-01   5.0205622e-01   9.9962093e-01   1.0000000e+00   2.3198965e+01   7.0836366e+00   1.0589889e+02   1.0000000e+00   1.1369085e-02
   1.6576452e-01   1.3194430e-01   9.9999935e-01   4.9987240e-01   8.0029203e-01   9.9944957e-01   9.9991864e-01   4.9941292e-01   9.9992808e-01   9.9933676e-01   2.9552559e+00   1.9442498e+01   1.1272014e+02   1.0000000e+00   1.1325135e-02
   9.3020658e-01   7.2454241e-01   9.9999619e-01   4.9968494e-01   7.9971031e-01   9.9919512e-01   9.9968467e-01   4.9769426e-01   9.9984355e-01   9.9959540e-01   9.1716506e+01   3.4868914e+01   9.4977067e+00   1.0000000e+00   1.1310956e-02
   9.1059260e-01   4.8233127e-01   9.9999855e-01   4.9963384e-01   8.0055259e-01   9.9936895e-01   9.9998132e-01   4.9812901e-01   9.9985189e-01   9.9941276e-01   5.9654434e+01   6.4024949e+01   1.2143577e+01   1.0000000e+00   1.1299200e-02
   6.4684863e-01   4.3079754e-01   9.9999870e-01   4.9725747e-01   8.0146117e-01   9.9899447e-01   9.9963959e-01   4.9911229e-01   9.9998902e-01   9.9957898e-01   3.8239714e+01   5.0525218e+01   4.8461813e+01   1.0000000e+00   1.1284008e-02
   9.0129957e-01   7.7080714e-01   9.9999978e-01   4.9984516e-01   7.9849528e-01   9.9940124e-01   9.9995864e-01   4.9820622e-01   9.9982105e-01   9.9967056e-01   9.4469189e+01   2.8089598e+01   1.3421292e+01   1.0000000e+00   1.1267978e-02
   8.0285048e-01   2.8651658e-01   9.9999908e-01   4.9881009e-01   7.9976289e-01   9.9967383e-01   9.9869048e-01   4.9894978e-01   9.9994967e-01   9.9953751e-01   3.1210791e+01   7.7721092e+01   2.6749524e+01   1.0000000e+00   1.1264899e-02
   6.4435499e-01   1.9663881e-01   1.0000000e+00   4.9821413e-01   8.0023053e-01   9.9954312e-01   1.0000000e+00   5.0130543e-01   1.0000000e+00   1.0000000e+00   1.7230062e+01   7.0392834e+01   4.8362542e+01   1.0000000e+00   1.1250703e-02
   6.9708430e-01   4.3814966e-01   9.9999763e-01   5.0042575e-01   7.9787690e-01   9.9940115e-01   1.0000000e+00   4.9491188e-01   1.0000000e+00   9.9956858e-01   4.3025873e+01   5.5173159e+01   4.2672069e+01   1.0000000e+00   1.1167345e-02
   3.7676952e-01   8.3453852e-01   9.9999905e-01   4.9756404e-01   7.9957001e-01   9.9726811e-01   9.9999646e-01   5.0145243e-01   9.9908337e-01   9.9927079e-01   4.3359600e+01   8.5967797e+00   8.5943255e+01   1.0000000e+00   1.1126488e-02
   6.6615904e-01   1.7394704e-01   9.9999987e-01   5.0077056e-01   7.9811184e-01   9.9966382e-01   9.9980957e-01   5.0012109e-01   9.9981108e-01   9.9974490e-01   1.5720071e+01   7.4652672e+01   4.5289670e+01   1.0000000e+00   1.1082530e-02
   4.0209569e-01   2.8238266e-01   9.9999910e-01   4.9863965e-01   8.0026432e-01   9.9944298e-01   9.9893113e-01   5.0258050e-01   9.9939716e-01   9.9942422e-01   1.5538683e+01   3.9488362e+01   8.1823577e+01   1.0000000e+00   1.1045744e-02
   9.7966300e-01   4.5297177e-01   9.9999935e-01   4.9858141e-01   7.9920943e-01   9.9949947e-01   9.9971867e-01   4.9978112e-01   9.9837038e-01   9.9992435e-01   6.0273246e+01   7.2788570e+01   2.7622544e+00   1.0000000e+00   1.1045319e-02
   4.6198959e-01   9.4396546e-01   9.9999736e-01   5.0102326e-01   8.0049797e-01   9.9934797e-01   1.0000000e+00   4.9948270e-01   9.9998191e-01   9.9969546e-01   5.9023385e+01   3.5036752e+00   7.2815946e+01   1.0000000e+00   1.1039962e-02
   9.2845040e-01   7.8191298e-01   9.9999865e-01   5.0030514e-01   7.9898031e-01   9.9906284e-01   9.9985121e-01   4.9894823e-01   9.9981620e-01   9.9942636e-01   9.8329255e+01   2.7425474e+01   9.6910946e+00   1.0000000e+00   1.1002895e-02
   6.5789465e-01   4.0561628e-01   9.9999929e-01   4.9808066e-01   7.9997279e-01   9.9968281e-01   9.9863417e-01   4.9994520e-01   9.9993721e-01   9.9954937e-01   3.6274630e+01   5.3156272e+01   4.6504088e+01   1.0000000e+00   1.1002025e-02
   4.4870358e-01   1.4338931e-01   1.0000000e+00   4.9876283e-01   8.0230986e-01   9.9878012e-01   9.9982014e-01   5.0195870e-01   9.9996945e-01   9.9950726e-01   8.8405586e+00   5.2813678e+01   7.5751032e+01   1.0000000e+00   1.0990416e-02
   7.5219685e-01   6.2410661e-02   1.0000000e+00   4.9895649e-01   8.0069505e-01   9.9967173e-01   9.9959533e-01   5.0037589e-01   9.9993767e-01   9.9975709e-01   6.3536532e+00   9.5450319e+01   3.3538221e+01   1.0000000e+00   1.0952121e-02
   3.3750549e-01   7.8755722e-01   9.9999910e-01   5.0105346e-01   7.9932752e-01   9.9740628e-01   9.9991206e-01   5.0071526e-01   9.9965656e-01   9.9959565e-01   3.6258125e+01   9.7805934e+00   9.0370080e+01   1.0000000e+00   1.0946953e-02
   7.3335852e-01   9.0316641e-01   9.9999806e-01   5.0075691e-01   7.9977760e-01   9.9919206e-01   9.9979679e-01   4.9778378e-01   9.9990753e-01   9.9945864e-01   9.0151688e+01   9.6656736e+00   3.6292547e+01   1.0000000e+00   1.0943937e-02
   8.2833308e-01   7.6094686e-01   9.9999965e-01   5.0039065e-01   8.0151471e-01   9.9964197e-01   9.9994066e-01   5.0036118e-01   1.0000000e+00   9.9960550e-01   8.5455337e+01   2.6845983e+01   2.3273756e+01   1.0000000e+00   1.0939920e-02
   9.3760561e-01   1.8176575e-03   9.9999959e-01   4.9858179e-01   7.9940967e-01   9.9962228e-01   1.0000000e+00   4.9934398e-01   9.9978868e-01   9.9988131e-01   2.3089856e-01   1.2679994e+02   8.4534600e+00   1.0000000e+00   1.0887755e-02
   8.1422596e-01   3.0102796e-01   1.0000000e+00   4.9933514e-01   7.9848215e-01   9.9919821e-01   9.9964178e-01   5.0015574e-01   9.9980338e-01   9.9989648e-01   3.3204753e+01   7.7099793e+01   2.5167118e+01   1.0000000e+00   1.0869083e-02
   4.1486175e-01   1.5397890e-01   9.9999915e-01   4.9901079e-01   8.0129151e-01   1.0000000e+00   9.9912502e-01   5.0196234e-01   9.9962037e-01   9.9938549e-01   8.7149277e+00   4.7883269e+01   7.9828448e+01   1.0000000e+00   1.0848582e-02
   6.5265727e-01   5.3947413e-01   9.9999924e-01   4.9817315e-01   8.0016748e-01   9.9950473e-01   9.9860077e-01   4.9958931e-01   9.9995034e-01   9.9956185e-01   4.7864129e+01   4.0859550e+01   4.7218542e+01   1.0000000e+00   1.0845422e-02
   7.0088558e-01   1.9216887e-01   1.0000000e+00   4.9898309e-01   8.0060480e-01   9.9970208e-01   9.9955415e-01   4.9998060e-01   9.9998200e-01   9.9982023e-01   1.8220892e+01   7.6596192e+01   4.0464745e+01   1.0000000e+00   1.0805108e-02
   8.1203124e-01   3.3909430e-02   1.0000000e+00   4.9925828e-01   8.0061802e-01   9.9776227e-01   9.9996479e-01   5.0256798e-01   1.0000000e+00   9.9974689e-01   3.7797526e+00   1.0768637e+02   2.5802146e+01   1.0000000e+00   1.0781088e-02
   9.3850389e-01   1.3794695e-01   9.9999837e-01   4.9838151e-01   7.9995306e-01   1.0000000e+00   9.9962113e-01   5.0129597e-01   9.9996896e-01   9.9955142e-01   1.7584839e+01   1.0989053e+02   8.3529108e+00   1.0000000e+00   1.0778323e-02
   6.7638919e-01   4.9847084e-01   9.9999910e-01   4.9783854e-01   8.0134338e-01   9.9909007e-01   1.0000000e+00   4.9686026e-01   9.9997883e-01   9.9961326e-01   4.6649445e+01   4.6935657e+01   4.4774741e+01   1.0000000e+00   1.0760405e-02
   4.0677291e-01   3.9708479e-02   1.0000000e+00   5.0023002e-01   8.0061599e-01   9.9941469e-01   9.9919858e-01   5.0120883e-01   9.9969809e-01   9.9976967e-01   2.1877016e+00   5.2906366e+01   8.0347765e+01   1.0000000e+00   1.0759885e-02
   7.0989987e-01   5.7885135e-01   9.9999978e-01   5.0123842e-01   7.9748260e-01   9.9966928e-01   9.9895126e-01   4.9876291e-01   9.9983885e-01   9.9827035e-01   5.6383148e+01   4.1022081e+01   3.9804585e+01   1.0000000e+00   1.0732082e-02
   3.2549227e-01   4.6480348e-01   9.9999940e-01   5.0365839e-01   7.9839622e-01   9.9924384e-01   9.9944948e-01   5.0056048e-01   9.9987467e-01   9.9636219e-01   2.1237468e+01   2.4453816e+01   9.4684655e+01   1.0000000e+00   1.0710206e-02
   8.8984446e-01   2.2514074e-01   9.9999924e-01   5.0158764e-01   8.0128561e-01   9.9987092e-01   9.9962091e-01   5.0081073e-01   9.9984791e-01   9.9993873e-01   2.7245330e+01   9.3769329e+01   1.4980634e+01   1.0000000e+00   1.0705377e-02
   6.5910612e-02   2.2595614e-01   9.9999903e-01   5.0187762e-01   8.0063097e-01   9.9946878e-01   9.9966032e-01   5.0025383e-01   9.9968443e-01   9.9989204e-01   2.0223910e+00   6.9279790e+00   1.2684521e+02   1.0000000e+00   1.0685353e-02
   6.9060191e-01   7.9852833e-01   9.9999828e-01   5.0179862e-01   7.9715649e-01   9.9965384e-01   9.9880772e-01   4.9810586e-01   9.9993881e-01   9.9941119e-01   7.6059388e+01   1.9190067e+01   4.2672919e+01   1.0000000e+00   1.0655910e-02
   8.3353948e-01   3.5862918e-01   9.9999947e-01   4.9871184e-01   8.0002789e-01   9.9969609e-01   9.9855038e-01   4.9994868e-01   9.9990437e-01   9.9940795e-01   4.0532041e+01   7.2487320e+01   2.2570331e+01   1.0000000e+00   1.0596301e-02
   9.6684221e-01   1.4091579e-01   9.9999935e-01   5.0035182e-01   7.9968082e-01   9.9827920e-01   9.9975980e-01   5.0019145e-01   9.9985629e-01   9.9968055e-01   1.8448714e+01   1.1247142e+02   4.4898976e+00   1.0000000e+00   1.0590286e-02
   9.4912752e-01   8.7944125e-01   9.9999799e-01   4.9907191e-01   8.0027649e-01   9.9903660e-01   9.9859217e-01   4.9796206e-01   9.9998815e-01   9.9926217e-01   1.1384540e+02   1.5606569e+01   6.9385231e+00   1.0000000e+00   1.0584184e-02
   4.6166982e-01   9.3206919e-01   9.9999769e-01   5.0126535e-01   8.0034832e-01   9.9934760e-01   1.0000000e+00   4.9929574e-01   9.9997615e-01   9.9972752e-01   5.8290649e+01   4.2483230e+00   7.2923580e+01   1.0000000e+00   1.0582711e-02
   5.5397332e-01   3.1814901e-01   9.9999897e-01   4.9838354e-01   7.9988129e-01   9.9961790e-01   9.9876483e-01   4.9887417e-01   1.0000000e+00   9.9953121e-01   2.3956448e+01   5.1343009e+01   6.0626687e+01   1.0000000e+00   1.0531352e-02
   9.9098448e-01   4.0508513e-01   9.9999956e-01   4.9864328e-01   7.9929443e-01   9.9965031e-01   9.9972018e-01   5.0029341e-01   9.9823974e-01   9.9996551e-01   5.4532658e+01   8.0087583e+01   1.2247122e+00   1.0000000e+00   1.0531086e-02
   6.6763732e-01   3.2183879e-01   9.9999800e-01   5.0087073e-01   8.0023499e-01   9.9746072e-01   9.9981833e-01   5.0109631e-01   9.9999226e-01   9.9996336e-01   2.9311225e+01   6.1763020e+01   4.5338509e+01   1.0000000e+00   1.0526095e-02
   4.0431074e-01   3.1013260e-01   9.9999910e-01   4.9819660e-01   8.0020843e-01   9.9984277e-01   9.9893245e-01   5.0246518e-01   9.9942657e-01   9.9941148e-01   1.7176531e+01   3.8207943e+01   8.1600444e+01   1.0000000e+00   1.0519287e-02
   6.4363716e-01   9.3814145e-01   9.9998917e-01   4.9938292e-01   7.9856765e-01   9.9948211e-01   9.9986906e-01   4.9930329e-01   9.9978525e-01   9.9980506e-01   8.1791442e+01   5.3931102e+00   4.8271505e+01   1.0000000e+00   1.0516707e-02
   9.3197535e-01   1.2158597e-01   9.9999854e-01   5.0025059e-01   8.0012979e-01   9.9884193e-01   9.9982817e-01   5.0139443e-01   9.9983759e-01   9.9968547e-01   1.5356667e+01   1.1094629e+02   9.2188209e+00   1.0000000e+00   1.0499194e-02
   6.4584144e-01   3.8806949e-01   9.9999929e-01   4.9804041e-01   7.9996971e-01   9.9968347e-01   9.9861893e-01   4.9995585e-01   9.9994687e-01   9.9953950e-01   3.4079258e+01   5.3738152e+01   4.8156228e+01   1.0000000e+00   1.0470751e-02
   2.1562667e-02   2.2825787e-01   9.9999934e-01   5.0010709e-01   8.0067383e-01   9.9965265e-01   9.9917524e-01   4.9867134e-01   9.9956786e-01   1.0000000e+00   6.6698583e-01   2.2550858e+00   1.3259324e+02   1.0000000e+00   1.0461296e-02
   8.5324245e-01   7.9000353e-02   9.9999816e-01   4.9884668e-01   7.9931538e-01   9.9959178e-01   1.0000000e+00   4.9896003e-01   9.9993269e-01   9.9968234e-01   9.1336961e+00   1.0648219e+02   1.9885913e+01   1.0000000e+00   1.0439770e-02
   5.3098247e-01   2.4970637e-01   9.9999892e-01   5.0011679e-01   7.9844089e-01   9.9829887e-01   9.9935777e-01   5.0287511e-01   9.9981424e-01   9.9912835e-01   1.8229225e+01   5.4773417e+01   6.4483331e+01   1.0000000e+00   1.0393793e-02
   1.0000000e+00   5.9681221e-02   9.9999943e-01   4.9890163e-01   7.9984168e-01   9.9865733e-01   9.9962083e-01   4.9857071e-01   9.9995327e-01   9.9959578e-01   8.1068803e+00   1.2772949e+02   0.0000000e+00   1.0000000e+00   1.0379989e-02
   9.9427742e-01   4.7558842e-01   9.9999867e-01   4.9875616e-01   8.0040637e-01   9.9926296e-01   9.9993680e-01   4.9806107e-01   9.9987758e-01   9.9952245e-01   6.4366550e+01   7.0974317e+01   7.7895672e-01   1.0000000e+00   1.0364684e-02
   5.7808382e-01   3.7353865e-01   9.9999826e-01   4.9817276e-01   8.0089930e-01   9.9824757e-01   9.9966679e-01   4.9795964e-01   9.9994866e-01   9.9961922e-01   2.9604561e+01   4.9649785e+01   5.7844017e+01   1.0000000e+00   1.0356061e-02
   8.9171806e-01   5.6248078e-01   9.9999896e-01   4.9984041e-01   8.0126852e-01   9.9975413e-01   1.0000000e+00   4.9725292e-01   9.9992080e-01   9.9910325e-01   6.8683124e+01   5.3424379e+01   1.4827598e+01   1.0000000e+00   1.0318221e-02
   3.1475175e-01   1.1722783e-01   1.0000000e+00   5.0010050e-01   8.0114501e-01   9.9938457e-01   9.9911814e-01   5.0043082e-01   9.9968678e-01   9.9990179e-01   4.9968626e+00   3.7628362e+01   9.2799677e+01   1.0000000e+00   1.0313302e-02
   3.3972055e-01   8.1530716e-01   9.9999910e-01   5.0061042e-01   7.9927164e-01   9.9780607e-01   9.9991337e-01   5.0059995e-01   9.9968597e-01   9.9958291e-01   3.7643571e+01   8.5274587e+00   8.9737822e+01   1.0000000e+00   1.0305074e-02
   8.6196773e-01   7.2523393e-01   9.9999573e-01   5.0035716e-01   7.9739747e-01   1.0000000e+00   9.9977275e-01   4.9984593e-01   9.9999500e-01   1.0000000e+00   8.5139314e+01   3.2256343e+01   1.8799300e+01   1.0000000e+00   1.0301496e-02
   9.6249767e-01   4.2390266e-01   9.9999852e-01   4.9872454e-01   8.0060556e-01   9.9927805e-01   9.9992700e-01   4.9798779e-01   9.9987098e-01   9.9952997e-01   5.5586550e+01   7.5543909e+01   5.1093090e+00   1.0000000e+00   1.0265470e-02
   9.4923233e-01   1.7889233e-01   9.9999936e-01   4.9988162e-01   7.9982231e-01   9.9985669e-01   9.9942072e-01   4.9908133e-01   9.9970908e-01   9.9969129e-01   2.2947927e+01   1.0532994e+02   6.8606682e+00   1.0000000e+00   1.0213388e-02
   8.2237636e-01   1.0502941e-01   9.9999977e-01   4.9934944e-01   8.0002414e-01   9.9964930e-01   9.9911105e-01   4.9971065e-01   9.9990451e-01   9.9931087e-01   1.1675575e+01   9.9489239e+01   2.4010295e+01   1.0000000e+00   1.0205368e-02
   8.8169928e-01   6.7091681e-01   9.9999813e-01   4.9958039e-01   8.0018436e-01   9.9923870e-01   1.0000000e+00   4.9864521e-01   9.9994597e-01   9.9941742e-01   8.0129089e+01   3.9303139e+01   1.6024646e+01   1.0000000e+00   1.0199025e-02
   4.6453250e-01   0.0000000e+00   9.9999838e-01   5.0026429e-01   7.9984510e-01   9.9942058e-01   9.9920055e-01   5.0037115e-01   9.9968414e-01   9.9981398e-01   0.0000000e+00   6.2743119e+01   7.2324114e+01   1.0000000e+00   1.0124108e-02
   4.5250984e-01   7.9309724e-01   9.9999783e-01   4.9969315e-01   7.9840589e-01   9.9802255e-01   9.9983729e-01   5.0032921e-01   9.9959511e-01   9.9954794e-01   4.8806504e+01   1.2732613e+01   7.4455974e+01   1.0000000e+00   1.0118835e-02
   9.3651594e-01   7.5108579e-01   9.9999877e-01   5.0024703e-01   7.9973601e-01   9.9906583e-01   9.9953803e-01   4.9884676e-01   9.9997713e-01   9.9921096e-01   9.5233184e+01   3.1560833e+01   8.5950480e+00   1.0000000e+00   1.0115393e-02
   5.0148225e-02   3.1312855e-01   9.9999913e-01   5.0106671e-01   8.0058813e-01   9.9947965e-01   9.9846147e-01   4.9983063e-01   9.9970090e-01   9.9972629e-01   2.1296772e+00   4.6716098e+00   1.2882240e+02   1.0000000e+00   1.0099631e-02
   7.4439252e-01   5.4310700e-01   9.9999826e-01   4.9858557e-01   8.0011768e-01   9.9944336e-01   9.9982906e-01   4.9627678e-01   9.9993371e-01   9.9947532e-01   5.5839834e+01   4.6975696e+01   3.5304517e+01   1.0000000e+00   1.0064125e-02
   4.2977999e-01   1.6319562e-01   9.9999894e-01   4.9927747e-01   7.9975143e-01   9.9894159e-01   9.9948700e-01   5.0018480e-01   9.9971191e-01   9.9973270e-01   9.4825430e+00   4.8622833e+01   7.7092579e+01   1.0000000e+00   1.0063439e-02
   2.1353927e-01   1.2934417e-01   9.9999940e-01   4.9995313e-01   8.0081976e-01   9.9959223e-01   9.9925543e-01   4.9943351e-01   9.9974106e-01   9.9998261e-01   3.7358439e+00   2.5147127e+01   1.0637539e+02   1.0000000e+00   1.0046503e-02
   9.3345351e-01   8.8092544e-01   9.9999549e-01   5.0045884e-01   7.9752166e-01   1.0000000e+00   9.9994135e-01   4.9920499e-01   1.0000000e+00   9.9992248e-01   1.1201087e+02   1.5140493e+01   9.0647010e+00   1.0000000e+00   1.0018088e-02
   6.2438174e-02   2.6004689e-01   9.9999968e-01   5.0209676e-01   7.9945110e-01   9.9983589e-01   9.9858868e-01   5.0044958e-01   9.9976307e-01   9.9738594e-01   2.2284565e+00   6.3409843e+00   1.2867738e+02   1.0000000e+00   9.9970340e-03
   1.0000000e+00   3.3085560e-01   9.9999908e-01   5.0039510e-01   7.9957267e-01   9.9918599e-01   9.9998880e-01   4.9990997e-01   9.9992439e-01   9.9984812e-01   4.4690000e+01   9.0384031e+01   0.0000000e+00   1.0000000e+00   9.9633202e-03
   6.1598355e-01   6.0903787e-01   9.9999508e-01   4.9864601e-01   8.0008802e-01   9.9927661e-01   9.9980277e-01   4.9630510e-01   9.9995052e-01   9.9937422e-01   5.1802297e+01   3.3253657e+01   5.3025581e+01   1.0000000e+00   9.9478496e-03
   9.3801430e-01   7.9238726e-02   9.9999686e-01   5.0050586e-01   8.0000889e-01   9.9890106e-01   9.9961854e-01   4.9972250e-01   9.9995403e-01   9.9969799e-01   1.0046693e+01   1.1674350e+02   8.3785277e+00   1.0000000e+00   9.9463278e-03
   8.2259996e-01   6.9822049e-02   9.9999980e-01   4.9937067e-01   8.0002503e-01   9.9964111e-01   9.9913963e-01   4.9975696e-01   9.9990448e-01   9.9930319e-01   7.7629740e+00   1.0341930e+02   2.3977316e+01   1.0000000e+00   9.9233347e-03
   8.3193930e-01   6.9775319e-01   9.9999712e-01   4.9910819e-01   7.9979260e-01   9.9910199e-01   9.9990354e-01   4.9524191e-01   9.9988622e-01   9.9946791e-01   8.1062993e+01   3.5114179e+01   2.3469040e+01   1.0000000e+00   9.9158408e-03
   1.0000000e+00   7.9779021e-01   9.9999863e-01   5.0022524e-01   7.9934813e-01   9.9909731e-01   9.9988671e-01   4.9898164e-01   9.9984569e-01   9.9953470e-01   1.0794639e+02   2.7360347e+01   0.0000000e+00   1.0000000e+00   9.9137358e-03
   8.4894236e-01   9.2575364e-02   9.9999997e-01   4.9920396e-01   7.9933399e-01   9.9954528e-01   9.9991420e-01   4.9991363e-01   9.9991146e-01   9.9998676e-01   1.0621897e+01   1.0411594e+02   2.0416023e+01   1.0000000e+00   9.9070326e-03
   3.1829557e-01   6.2506103e-01   9.9999988e-01   5.0134044e-01   7.9761708e-01   9.9955174e-01   9.9914744e-01   4.9727155e-01   9.9980479e-01   9.9863554e-01   2.7469547e+01   1.6477437e+01   9.4122749e+01   1.0000000e+00   9.9060542e-03
   6.6004309e-01   5.6655754e-02   1.0000000e+00   4.9931336e-01   8.0045333e-01   9.9962578e-01   9.9946732e-01   4.9842507e-01   9.9989262e-01   9.9978184e-01   5.0716345e+00   8.4445036e+01   4.6105794e+01   1.0000000e+00   9.8894646e-03
   4.8747259e-01   2.1858431e-01   9.9999887e-01   5.0019871e-01   7.9908825e-01   9.9859829e-01   9.9934860e-01   5.0236969e-01   9.9980362e-01   9.9907950e-01   1.4550307e+01   5.2015802e+01   6.9987434e+01   1.0000000e+00   9.8443028e-03
   6.6456088e-01   6.5147144e-01   9.9999992e-01   5.0141286e-01   7.9808995e-01   9.9945742e-01   9.9837694e-01   4.9828371e-01   9.9987667e-01   9.9847528e-01   5.9416383e+01   3.1786975e+01   4.6035171e+01   1.0000000e+00   9.8396075e-03
   7.1482040e-01   6.5890702e-01   9.9999790e-01   5.0097756e-01   8.0057881e-01   9.9960574e-01   9.9995970e-01   5.0080136e-01   9.9999777e-01   9.9959175e-01   6.3771339e+01   3.3012178e+01   3.8612055e+01   1.0000000e+00   9.7884422e-03
   4.3614666e-01   9.6569773e-03   9.9999944e-01   4.9895736e-01   7.9981766e-01   9.9893279e-01   9.9974847e-01   5.0033739e-01   9.9969953e-01   9.9980509e-01   5.6992312e-01   5.8446796e+01   7.6297211e+01   1.0000000e+00   9.7636834e-03
   5.2011079e-01   2.9186164e-02   9.9999888e-01   4.9781030e-01   7.9813588e-01   9.9968662e-01   9.9960321e-01   4.9972906e-01   9.9681574e-01   9.9981441e-01   2.0975558e+00   6.9770602e+01   6.6310398e+01   1.0000000e+00   9.7635242e-03
   9.6855585e-01   1.0109507e-01   9.9999842e-01   5.0055605e-01   8.0007441e-01   9.9842041e-01   9.9980767e-01   4.9981811e-01   9.9989264e-01   9.9968165e-01   1.3255426e+01   1.1786300e+02   4.2567582e+00   1.0000000e+00   9.7622588e-03
   8.4416867e-01   2.4244467e-01   9.9999991e-01   4.9873344e-01   8.0224337e-01   9.9855553e-01   9.9985748e-01   5.0328795e-01   9.9995094e-01   9.9955230e-01   2.8411161e+01   8.8775003e+01   2.1632259e+01   1.0000000e+00   9.7477294e-03
   9.3233745e-01   1.4172159e-01   9.9999838e-01   5.0030617e-01   7.9967986e-01   9.9853002e-01   9.9975285e-01   5.0015373e-01   9.9984036e-01   9.9968476e-01   1.7873280e+01   1.0824216e+02   9.1525784e+00   1.0000000e+00   9.7071357e-03
   4.3021077e-01   1.7537773e-01   9.9999982e-01   5.0058684e-01   8.0035294e-01   9.9982720e-01   9.9909502e-01   5.0067090e-01   9.9964464e-01   9.9971301e-01   1.0203733e+01   4.7977728e+01   7.7057971e+01   1.0000000e+00   9.6843455e-03
   1.6561126e-01   1.4803333e-01   1.0000000e+00   5.0329118e-01   7.9900602e-01   9.9914395e-01   9.9898848e-01   5.0031434e-01   9.9964994e-01   9.9907124e-01   3.3712691e+00   1.9402447e+01   1.1473937e+02   1.0000000e+00   9.6826724e-03
   5.6666861e-01   4.6535582e-01   9.9999939e-01   4.9960374e-01   7.9998980e-01   9.9870453e-01   9.9995555e-01   5.0211947e-01   9.9992071e-01   9.9984928e-01   3.5889015e+01   4.1232649e+01   5.8974925e+01   1.0000000e+00   9.6812538e-03
   9.4993328e-01   7.3906561e-01   9.9999643e-01   5.0040064e-01   7.9706518e-01   9.9988302e-01   9.9996531e-01   4.9938025e-01   9.9999233e-01   9.9979937e-01   9.5903370e+01   3.3859629e+01   6.8392257e+00   1.0000000e+00   9.6200639e-03
   1.5674184e-01   9.1395045e-01   9.9999660e-01   4.9994648e-01   7.9955893e-01   9.9978798e-01   9.9992073e-01   4.9787507e-01   1.0000000e+00   9.9958532e-01   1.9464829e+01   1.8326374e+00   1.1457862e+02   1.0000000e+00   9.5995220e-03
   8.7930774e-01   7.0484957e-01   9.9999981e-01   5.0083783e-01   8.0081812e-01   9.9932464e-01   9.9998996e-01   5.0091724e-01   1.0000000e+00   9.9965909e-01   8.3977880e+01   3.5165102e+01   1.6353360e+01   1.0000000e+00   9.5687757e-03
   6.7085119e-01   9.1603098e-01   9.9999795e-01   4.9967844e-01   7.9963917e-01   9.9903023e-01   9.9997286e-01   4.9831262e-01   9.9994099e-01   9.9940439e-01   8.3376584e+01   7.6428089e+00   4.4658078e+01   1.0000000e+00   9.5290702e-03
   5.9424827e-01   3.9691094e-01   1.0000000e+00   5.0147540e-01   7.9827343e-01   9.9995486e-01   9.9968236e-01   4.9962418e-01   9.9988776e-01   9.9974525e-01   3.2054978e+01   4.8706157e+01   5.5143569e+01   1.0000000e+00   9.5201756e-03
   9.1983467e-01   5.4037082e-01   9.9999911e-01   4.9973712e-01   8.0072325e-01   9.9975522e-01   9.9999105e-01   4.9734606e-01   9.9992490e-01   9.9926312e-01   6.7878215e+01   5.7735923e+01   1.0947510e+01   1.0000000e+00   9.5192605e-03
   9.9086051e-01   8.5758187e-01   9.9999455e-01   4.9945296e-01   7.9933271e-01   9.9952220e-01   1.0000000e+00   4.9833314e-01   9.9993970e-01   9.9935231e-01   1.1528028e+02   1.9144529e+01   1.2399066e+00   1.0000000e+00   9.4759441e-03
   8.5754619e-01   3.1838065e-01   1.0000000e+00   4.9869509e-01   8.0214951e-01   9.9878621e-01   9.9947694e-01   5.0038114e-01   9.9997310e-01   9.9952749e-01   3.7287262e+01   7.9828093e+01   1.9454963e+01   1.0000000e+00   9.4734625e-03
   5.4699145e-01   2.0283470e-01   9.9999909e-01   4.9809556e-01   8.0096874e-01   9.9980798e-01   9.9903326e-01   5.0211812e-01   9.9968005e-01   9.9945157e-01   1.5190247e+01   5.9699539e+01   6.2022383e+01   1.0000000e+00   9.4556201e-03
   9.7148566e-01   6.9678033e-01   9.9999572e-01   4.9985429e-01   7.9729150e-01   1.0000000e+00   9.9997068e-01   4.9948158e-01   1.0000000e+00   9.9986333e-01   9.2281322e+01   4.0158298e+01   3.8872714e+00   1.0000000e+00   9.4512736e-03
   1.0000000e+00   1.0817277e-01   1.0000000e+00   4.9767940e-01   8.0188786e-01   9.9970759e-01   9.9933557e-01   5.0025518e-01   9.9999784e-01   9.9958071e-01   1.4807961e+01   1.2208381e+02   0.0000000e+00   1.0000000e+00   9.4427206e-03
   7.9653156e-01   3.2428286e-01   9.9999818e-01   5.0027794e-01   8.0020736e-01   9.9837352e-01   9.9993164e-01   5.0112782e-01   9.9994799e-01   9.9988197e-01   3.5032617e+01   7.2998431e+01   2.7595779e+01   1.0000000e+00   9.4337145e-03
   8.5667327e-01   2.5889692e-01   9.9999985e-01   4.9964531e-01   8.0087640e-01   9.9876588e-01   9.9990575e-01   5.0072221e-01   9.9991567e-01   9.9981791e-01   3.0048767e+01   8.6015832e+01   1.9418325e+01   1.0000000e+00   9.4073259e-03
   9.7052956e-01   7.6965871e-01   9.9999792e-01   4.9910566e-01   8.0036242e-01   9.9881437e-01   9.9862111e-01   4.9806787e-01   1.0000000e+00   9.9937173e-01   1.0185262e+02   3.0482167e+01   4.0183885e+00   1.0000000e+00   9.3657595e-03
   7.3883175e-01   6.1483430e-01   9.9999529e-01   4.9870229e-01   8.0010480e-01   9.9932964e-01   9.9984881e-01   4.9650561e-01   1.0000000e+00   9.9946916e-01   6.2576881e+01   3.9201567e+01   3.5977472e+01   1.0000000e+00   9.3256136e-03
   7.5735793e-01   8.3457740e-01   9.9999734e-01   4.9912350e-01   8.0034388e-01   9.9922127e-01   9.9996272e-01   4.9807463e-01   9.9985677e-01   9.9921253e-01   8.5961066e+01   1.7038448e+01   3.2998949e+01   1.0000000e+00   9.3254491e-03
   3.8179022e-01   2.5843239e-01   9.9999901e-01   4.9809467e-01   8.0098457e-01   9.9974965e-01   9.9919777e-01   5.0203752e-01   9.9967101e-01   9.9945191e-01   1.3498864e+01   3.8734775e+01   8.4578767e+01   1.0000000e+00   9.2793190e-03
   8.7402601e-01   6.0003881e-02   9.9999751e-01   4.9945141e-01   7.9908776e-01   9.9956760e-01   9.9973346e-01   4.9921486e-01   9.9999788e-01   9.9989705e-01   7.0938678e+00   1.1112962e+02   1.7039635e+01   1.0000000e+00   9.2739230e-03
   3.4324411e-01   7.0518340e-01   1.0000000e+00   4.9844429e-01   7.9937553e-01   9.9807527e-01   9.9994594e-01   5.0277664e-01   9.9968572e-01   9.9966509e-01   3.3293031e+01   1.3918845e+01   9.0334187e+01   1.0000000e+00   9.2520614e-03
   5.3453699e-01   9.0184149e-01   9.9999779e-01   4.9950412e-01   7.9930535e-01   9.9904946e-01   9.9994540e-01   4.9827076e-01   9.9987061e-01   9.9959888e-01   6.5441840e+01   7.1228414e+00   6.3187722e+01   1.0000000e+00   9.2451493e-03
   8.1671979e-01   9.7553174e-01   9.9999667e-01   4.9886553e-01   8.0024623e-01   9.9885387e-01   9.9980724e-01   4.9540735e-01   9.9989363e-01   9.9931665e-01   1.1119687e+02   2.7890365e+00   2.5579594e+01   1.0000000e+00   9.2331292e-03
   8.3534341e-01   1.6284883e-01   9.9999968e-01   4.9938687e-01   7.9999745e-01   9.9987650e-01   9.9882486e-01   5.0021781e-01   9.9990246e-01   9.9928531e-01   1.8398787e+01   9.4581982e+01   2.2269917e+01   1.0000000e+00   9.1943778e-03
   9.2010420e-01   4.0732303e-01   9.9999958e-01   4.9863621e-01   7.9890325e-01   9.9964753e-01   9.9971536e-01   4.9993217e-01   9.9861755e-01   9.9996660e-01   5.0877190e+01   7.4029056e+01   1.0846038e+01   1.0000000e+00   9.1754050e-03
   8.3580404e-01   2.6948350e-01   9.9999999e-01   4.9890925e-01   8.0171342e-01   9.9896876e-01   9.9980795e-01   5.0076657e-01   9.9996281e-01   9.9949296e-01   3.0660048e+01   8.3113330e+01   2.2351088e+01   1.0000000e+00   9.1743828e-03
   7.0398383e-01   5.3874621e-01   9.9999826e-01   4.9836384e-01   7.9986172e-01   9.9942108e-01   9.9983878e-01   4.9639420e-01   9.9990786e-01   9.9952007e-01   5.2364698e+01   4.4832641e+01   4.0870234e+01   1.0000000e+00   9.1291299e-03
   9.5107870e-01   3.3015506e-01   9.9999916e-01   5.0170671e-01   8.0088374e-01   1.0000000e+00   9.9972615e-01   5.0011461e-01   9.9979900e-01   1.0000000e+00   4.2629031e+01   8.6489181e+01   6.6415441e+00   1.0000000e+00   9.1236513e-03
   9.2641283e-01   6.6181753e-01   9.9999835e-01   4.9979510e-01   7.9976961e-01   9.9943203e-01   9.9993749e-01   4.9740242e-01   9.9989957e-01   9.9951468e-01   8.3583533e+01   4.2710391e+01   1.0031826e+01   1.0000000e+00   9.0914026e-03
   8.4978525e-01   6.9068105e-01   9.9999965e-01   5.0082665e-01   8.0142943e-01   9.9964856e-01   1.0000000e+00   5.0042674e-01   1.0000000e+00   9.9958742e-01   7.9612134e+01   3.5653999e+01   2.0375353e+01   1.0000000e+00   9.0813012e-03
   9.6080635e-01   7.9581645e-01   9.9999900e-01   5.0027448e-01   7.9855563e-01   9.9922216e-01   1.0000000e+00   4.9834033e-01   9.9981022e-01   9.9966439e-01   1.0391401e+02   2.6661338e+01   5.3264887e+00   1.0000000e+00   9.0623406e-03
   9.4493249e-01   6.8713081e-01   9.9999822e-01   4.9983792e-01   7.9973939e-01   9.9943839e-01   9.9988773e-01   4.9779067e-01   9.9988699e-01   9.9948722e-01   8.8274187e+01   4.0193618e+01   7.4866741e+00   1.0000000e+00   9.0064542e-03
   9.7496247e-01   2.4192817e-01   9.9999865e-01   4.9824643e-01   7.9996775e-01   9.9999932e-01   9.9952228e-01   5.0029742e-01   1.0000000e+00   9.9953819e-01   3.1987735e+01   1.0023223e+02   3.3954763e+00   1.0000000e+00   8.9983013e-03
   6.2341154e-01   2.4746366e-01   9.9999978e-01   5.0085501e-01   7.9783952e-01   9.9969515e-01   9.9985632e-01   4.9948434e-01   9.9980776e-01   9.9974872e-01   2.0971789e+01   6.3775154e+01   5.1193664e+01   1.0000000e+00   8.9393745e-03
   8.1042664e-01   2.4125938e-01   1.0000000e+00   4.9969225e-01   8.0150958e-01   9.9873448e-01   9.9988551e-01   5.0067252e-01   9.9992637e-01   9.9982054e-01   2.6554204e+01   8.3510759e+01   2.5746173e+01   1.0000000e+00   8.9367244e-03
   5.3326299e-01   7.0543820e-01   1.0000000e+00   5.0109792e-01   7.9667405e-01   9.9968746e-01   9.9928483e-01   4.9950247e-01   9.9978923e-01   9.9846440e-01   5.1755779e+01   2.1611072e+01   6.4214141e+01   1.0000000e+00   8.9282971e-03
   7.2610227e-01   5.9592650e-01   9.9999841e-01   4.9846975e-01   8.0013436e-01   9.9959119e-01   9.9988271e-01   4.9613843e-01   9.9992820e-01   9.9950772e-01   5.9877383e+01   4.0600416e+01   3.7901880e+01   1.0000000e+00   8.9119522e-03
   7.6279503e-01   7.5316042e-01   9.9999833e-01   5.0312777e-01   7.9875766e-01   9.9928853e-01   9.9997647e-01   5.0121733e-01   9.9992899e-01   9.9997646e-01   7.8975486e+01   2.5883298e+01   3.2607743e+01   1.0000000e+00   8.9089554e-03
   9.0172255e-01   0.0000000e+00   9.9999941e-01   5.0040053e-01   7.9939842e-01   9.9988048e-01   9.9927085e-01   5.0001452e-01   9.9968459e-01   9.9965681e-01   0.0000000e+00   1.2179297e+02   1.3274042e+01   1.0000000e+00   8.8971933e-03
   6.6000400e-01   4.5164708e-01   1.0000000e+00   4.9751946e-01   8.0167644e-01   9.9867241e-01   9.9968132e-01   4.9754870e-01   1.0000000e+00   9.9960007e-01   4.1209925e+01   5.0033718e+01   4.7003463e+01   1.0000000e+00   8.8919324e-03
   8.3955190e-01   2.8105529e-01   1.0000000e+00   4.9961704e-01   8.0259232e-01   9.9874283e-01   9.9996938e-01   5.0098717e-01   9.9997486e-01   9.9952248e-01   3.2298132e+01   8.2619228e+01   2.1962040e+01   1.0000000e+00   8.8709359e-03
   5.3640487e-01   2.3881230e-01   9.9999893e-01   5.0002119e-01   7.9875307e-01   9.9826931e-01   9.9927811e-01   5.0308585e-01   9.9979607e-01   9.9913224e-01   1.7627229e+01   5.6184837e+01   6.3793073e+01   1.0000000e+00   8.8099982e-03
   8.0344081e-01   8.0613093e-01   9.9999715e-01   4.9873259e-01   7.9972767e-01   9.9906857e-01   9.9995874e-01   4.9715056e-01   9.9986243e-01   9.9934049e-01   8.8731036e+01   2.1339218e+01   2.6928331e+01   1.0000000e+00   8.7878567e-03
   5.7026727e-01   2.4582767e-01   9.9999931e-01   5.0017881e-01   7.9987518e-01   9.9869211e-01   9.9995223e-01   5.0421148e-01   9.9993838e-01   9.9981823e-01   1.9439761e+01   5.9639057e+01   5.9590928e+01   1.0000000e+00   8.7601631e-03
   9.2445613e-01   7.0960605e-01   9.9999456e-01   4.9993325e-01   7.9974143e-01   9.9909657e-01   1.0000000e+00   4.9767326e-01   9.9987308e-01   9.9958344e-01   8.9294151e+01   3.6542080e+01   1.0282971e+01   1.0000000e+00   8.7206602e-03
   1.0000000e+00   2.2780187e-01   9.9999916e-01   5.0110139e-01   8.0170632e-01   9.9992652e-01   9.9977366e-01   4.9983593e-01   9.9999216e-01   9.9995683e-01   3.0957823e+01   1.0494020e+02   0.0000000e+00   1.0000000e+00   8.7172508e-03
   8.8766443e-01   2.3422516e-01   9.9999926e-01   5.0227176e-01   8.0143851e-01   9.9987619e-01   9.9972770e-01   5.0078518e-01   9.9986269e-01   9.9995682e-01   2.8400540e+01   9.2852620e+01   1.5344811e+01   1.0000000e+00   8.7122117e-03
   4.6353877e-01   8.6506731e-01   9.9999923e-01   4.9723501e-01   7.9955999e-01   9.9807531e-01   9.9993232e-01   5.0135276e-01   9.9925077e-01   9.9914371e-01   5.5139018e+01   8.6005514e+00   7.3766876e+01   1.0000000e+00   8.7093996e-03
   1.0000000e+00   5.7428827e-02   9.9999960e-01   5.0023188e-01   7.9977504e-01   9.9849024e-01   9.9966596e-01   4.9779436e-01   1.0000000e+00   9.9964274e-01   7.8242910e+00   1.2841898e+02   0.0000000e+00   1.0000000e+00   8.7059977e-03
   7.5035111e-01   7.7931433e-01   9.9999724e-01   4.9874782e-01   7.9966716e-01   9.9933080e-01   9.9996354e-01   4.9622249e-01   9.9987167e-01   9.9928856e-01   8.0786502e+01   2.2877063e+01   3.4489845e+01   1.0000000e+00   8.6416297e-03
   9.2561603e-02   4.6358871e-01   9.9999930e-01   5.0296752e-01   7.9910213e-01   9.9911183e-01   9.9888535e-01   5.0114954e-01   9.9977577e-01   9.9907742e-01   5.8943705e+00   6.8202844e+00   1.2464959e+02   1.0000000e+00   8.6285945e-03
   7.6629911e-01   9.0066405e-01   9.9999816e-01   5.0018574e-01   7.9897130e-01   9.9918971e-01   9.9975985e-01   4.9759738e-01   9.9998684e-01   9.9902627e-01   9.4151487e+01   1.0384147e+01   3.1880594e+01   1.0000000e+00   8.6207428e-03
   5.2783044e-01   9.9614744e-02   9.9999889e-01   4.9786318e-01   7.9838133e-01   9.9969564e-01   9.9960425e-01   4.9936524e-01   9.9535954e-01   9.9981543e-01   7.3677776e+00   6.6594944e+01   6.6163189e+01   1.0000000e+00   8.6064631e-03
   1.0000000e+00   7.2095466e-01   9.9999663e-01   5.0040036e-01   7.9673119e-01   1.0000000e+00   9.9985553e-01   4.9956117e-01   9.9990030e-01   9.9983715e-01   9.8732335e+01   3.8214327e+01   0.0000000e+00   1.0000000e+00   8.5739473e-03
   6.6524406e-01   4.6154215e-01   9.9999906e-01   4.9855134e-01   8.0100049e-01   9.9872604e-01   9.9971540e-01   4.9766434e-01   9.9997944e-01   9.9963588e-01   4.2038277e+01   4.9043927e+01   4.5833267e+01   1.0000000e+00   8.5709792e-03
   7.7106197e-01   2.3906335e-01   9.9999891e-01   4.9882006e-01   7.9979874e-01   9.9950041e-01   9.9873942e-01   4.9875410e-01   9.9998718e-01   9.9950248e-01   2.5025346e+01   7.9655467e+01   3.1081055e+01   1.0000000e+00   8.5154113e-03
   8.0361042e-01   8.5516930e-01   9.9999715e-01   4.9826417e-01   7.9972664e-01   9.9907249e-01   9.9996045e-01   4.9714546e-01   9.9986222e-01   9.9934226e-01   9.4342350e+01   1.5977735e+01   2.6960471e+01   1.0000000e+00   8.5021748e-03
   9.7254868e-01   7.6656007e-01   1.0000000e+00   4.9994858e-01   7.9823213e-01   9.9962831e-01   9.9946205e-01   4.9849490e-01   9.9981263e-01   9.9956769e-01   1.0134069e+02   3.0861199e+01   3.7315526e+00   1.0000000e+00   8.5017770e-03
   6.6071546e-01   3.5936150e-01   9.9999911e-01   4.9754756e-01   8.0238028e-01   9.9868034e-01   9.9968665e-01   4.9767164e-01   1.0000000e+00   9.9959729e-01   3.2933607e+01   5.8711178e+01   4.7060589e+01   1.0000000e+00   8.4948235e-03
   1.0000000e+00   8.4129871e-01   9.9999392e-01   5.0015326e-01   7.9746743e-01   9.9997601e-01   9.9994753e-01   4.9943554e-01   1.0000000e+00   9.9990540e-01   1.1455489e+02   2.1609457e+01   0.0000000e+00   1.0000000e+00   8.4940887e-03
   9.1537289e-01   9.2889290e-01   9.9999821e-01   5.0014594e-01   7.9949688e-01   1.0000000e+00   1.0000000e+00   5.0111107e-01   9.9996143e-01   9.9993571e-01   1.1500793e+02   8.8039003e+00   1.1446524e+01   1.0000000e+00   8.4817945e-03
   6.3001746e-01   2.3466934e-01   9.9999969e-01   5.0100122e-01   7.9638634e-01   9.9999454e-01   9.9985783e-01   4.9981453e-01   9.9989120e-01   9.9979204e-01   2.0332373e+01   6.6310272e+01   5.0881550e+01   1.0000000e+00   8.4803092e-03
   6.7222148e-01   4.5621938e-01   9.9999929e-01   4.9785975e-01   8.0210679e-01   9.9911685e-01   9.9974960e-01   4.9776679e-01   9.9998148e-01   9.9962409e-01   4.2300376e+01   5.0419000e+01   4.5210427e+01   1.0000000e+00   8.4796192e-03
