   1.0000000e+00   1.0000000e+00   4.9853917e-01   3.9819007e-01   1.9972071e-01   4.9742389e-01   1.5573843e-03   9.9790580e-01   9.0038102e-01   6.9838649e-01   8.4930220e+01   0.0000000e+00   0.0000000e+00   1.0000000e+00             Inf
   1.0000000e+00   0.0000000e+00   5.0104438e-01   4.0044650e-01   1.9951406e-01   4.9933286e-01   1.3968652e-03   9.9926196e-01   8.9816624e-01   6.9934981e-01   0.0000000e+00   8.2262757e+01   0.0000000e+00   1.0000000e+00             Inf
   0.0000000e+00   6.6350942e-01   2.6443195e-04   3.9995898e-01   3.3169196e-05   1.1774023e-08   1.3931276e-04   4.0001921e-01   2.0012625e-01   6.9985128e-01   0.0000000e+00   0.0000000e+00   1.1596900e+02   1.0000000e+00             Inf
   3.3104850e-02   5.6634030e-01   3.4453341e-04   3.9992190e-01   3.0114432e-05   1.4883385e-09   1.3521017e-04   4.0008033e-01   2.0021695e-01   6.9953765e-01   2.1748141e+00   1.6653048e+00   1.1215856e+02   1.0000000e+00   2.3080048e-02
   9.8957571e-01   5.2631763e-01   1.2648454e-04   4.0086774e-01   9.7281452e-05   1.5754916e-09   0.0000000e+00   3.9937307e-01   1.9809563e-01   6.9896116e-01   6.1044146e+01   5.4939326e+01   1.2217810e+00   1.0000000e+00   2.0597226e-02
   9.5457763e-01   5.2923413e-01   1.3915455e-03   4.0045032e-01   2.8376272e-05   7.3931704e-08   1.2443205e-05   4.0259970e-01   2.0141375e-01   6.9908668e-01   5.9606827e+01   5.3021636e+01   5.3592835e+00   1.0000000e+00   2.0406207e-02
   9.5838882e-01   4.7562669e-01   0.0000000e+00   3.9884236e-01   1.1135574e-04   3.2465857e-08   9.5131944e-04   4.0181844e-01   2.0217120e-01   7.0002385e-01   5.3687772e+01   5.9190192e+01   4.9009181e+00   1.0000000e+00   2.0099606e-02
   2.8350022e-01   2.7960450e-01   1.9664740e-04   3.9987845e-01   2.7139696e-05   2.3069042e-07   2.1239192e-04   4.0018121e-01   2.0133858e-01   6.9877335e-01   9.2349167e+00   2.3793582e+01   8.3474050e+01   1.0000000e+00   1.8809009e-02
   3.0148407e-02   7.2246958e-01   1.4739935e-04   3.9899164e-01   5.1952041e-04   3.1016958e-09   6.0799183e-05   4.0146015e-01   1.9882153e-01   6.9991279e-01   2.5471255e+00   9.7845615e-01   1.1341531e+02   1.0000000e+00   1.8637167e-02
   9.8467349e-01   6.6386603e-01   0.0000000e+00   3.9969911e-01   1.2796820e-04   2.7335960e-08   1.9047541e-03   4.0279223e-01   2.0007859e-01   7.0143007e-01   7.7447264e+01   3.9213720e+01   1.8158359e+00   1.0000000e+00   1.8432849e-02
   6.5927415e-01   8.0262273e-01   3.7843798e-04   4.0070501e-01   2.5672352e-04   1.2032680e-09   6.9524954e-04   3.9808101e-01   1.9994114e-01   6.9956704e-01   6.1844981e+01   1.5208632e+01   3.9822823e+01   1.0000000e+00   1.8338070e-02
   9.3150667e-01   7.2531020e-01   6.7050103e-04   4.0000912e-01   5.4974637e-05   2.4399438e-08   1.6662379e-04   4.0319949e-01   2.0202320e-01   7.0261739e-01   8.1141220e+01   3.0729839e+01   8.2258361e+00   1.0000000e+00   1.7956729e-02
   8.7128830e-01   5.4836705e-01   2.7786676e-04   4.0074014e-01   4.2241758e-05   1.3976979e-07   3.9988376e-05   4.0192665e-01   2.0154543e-01   6.9941165e-01   5.5991869e+01   4.6114684e+01   1.5083765e+01   1.0000000e+00   1.7676883e-02
   8.8715205e-01   6.6504284e-01   3.3169218e-04   4.0029935e-01   2.7617832e-05   1.0147784e-07   7.1833708e-05   4.0209750e-01   2.0131826e-01   6.9925670e-01   6.9123958e+01   3.4815147e+01   1.3221312e+01   1.0000000e+00   1.7662407e-02
   5.8168373e-01   5.7722883e-01   4.0366634e-04   3.9885841e-01   1.0716852e-04   7.7035780e-08   1.2524662e-03   4.0147986e-01   2.0257088e-01   7.0099355e-01   3.9698559e+01   2.9075828e+01   4.9458913e+01   1.0000000e+00   1.7614761e-02
   5.1022835e-02   4.6688665e-01   1.0771425e-03   4.0080292e-01   8.5683303e-05   5.3259989e-08   9.2276259e-05   3.9883732e-01   1.9905210e-01   6.9830269e-01   2.7929439e+00   3.1891160e+00   1.1126074e+02   1.0000000e+00   1.7535260e-02
   9.9706374e-01   3.7707780e-01   3.7567149e-04   4.0016983e-01   8.7970848e-06   3.0902014e-08   1.8509237e-04   3.9888503e-01   2.0064368e-01   7.0062519e-01   4.3760378e+01   7.2290948e+01   3.4176052e-01   1.0000000e+00   1.7505585e-02
   5.4423336e-01   7.5270034e-01   2.7851918e-04   3.9903762e-01   1.3773964e-04   7.6023277e-08   0.0000000e+00   3.9955285e-01   1.9822274e-01   6.9884855e-01   4.7999467e+01   1.5770223e+01   5.3403740e+01   1.0000000e+00   1.7088231e-02
   6.1136860e-01   7.5946018e-01   6.1437290e-04   4.0058616e-01   0.0000000e+00   8.5931714e-09   8.0992967e-04   3.9833763e-01   1.9904186e-01   6.9805829e-01   5.4603335e+01   1.7294227e+01   4.5703443e+01   1.0000000e+00   1.7071762e-02
   5.2713625e-01   1.0854992e-01   1.5633207e-03   3.9925765e-01   5.6912296e-05   0.0000000e+00   2.2771567e-04   3.9943458e-01   1.9929018e-01   6.9800750e-01   6.7149447e+00   5.5145482e+01   5.5491448e+01   1.0000000e+00   1.6754128e-02
   5.3535482e-01   1.9651403e-01   2.2658391e-03   3.9934236e-01   0.0000000e+00   8.2357353e-09   7.4252317e-05   4.0018623e-01   2.0067345e-01   6.9942500e-01   1.2306052e+01   5.0315694e+01   5.4350670e+01   1.0000000e+00   1.6714214e-02
   4.1783760e-01   2.9291738e-01   1.3801875e-03   4.0302302e-01   1.1693243e-04   1.3905926e-08   1.9343234e-07   4.0043088e-01   1.9927708e-01   6.9854012e-01   1.4504014e+01   3.5011704e+01   6.8988978e+01   1.0000000e+00   1.6661713e-02
   5.7007653e-01   9.7926102e-01   9.0568739e-04   4.0058458e-01   1.8382200e-04   0.0000000e+00   5.6326810e-04   3.9840003e-01   1.9939098e-01   6.9985039e-01   6.5185691e+01   1.3805152e+00   5.0200935e+01   1.0000000e+00   1.6498760e-02
   6.3867066e-01   7.3079550e-01   5.0728930e-04   3.9868227e-01   8.0728324e-04   1.0866112e-07   7.6090340e-04   3.9946678e-01   2.0068655e-01   7.0067614e-01   5.4464249e+01   2.0063097e+01   4.2164012e+01   1.0000000e+00   1.6418117e-02
   8.6666127e-01   4.5654315e-01   3.2029810e-06   3.9983797e-01   1.9023954e-05   2.0045612e-08   3.8151253e-04   3.9740649e-01   2.0166434e-01   6.9969398e-01   4.6620460e+01   5.5495759e+01   1.5710922e+01   1.0000000e+00   1.6393705e-02
   7.0711118e-01   2.0340386e-01   3.4135507e-04   4.0013036e-01   2.1217883e-05   3.6459839e-08   1.6587762e-04   3.9878816e-01   2.0028260e-01   6.9961933e-01   1.6727727e+01   6.5511260e+01   3.4063780e+01   1.0000000e+00   1.6152028e-02
   8.2636553e-01   6.4691796e-01   3.6167583e-04   4.0033807e-01   0.0000000e+00   6.0621415e-08   4.6177065e-05   4.0225596e-01   2.0077766e-01   6.9969479e-01   6.2567702e+01   3.4148893e+01   2.0321920e+01   1.0000000e+00   1.5922319e-02
   9.9380708e-01   5.5091044e-01   1.3493537e-04   4.0126531e-01   4.9728145e-05   2.7702093e-08   0.0000000e+00   3.9953317e-01   1.9942931e-01   6.9891539e-01   6.3847166e+01   5.2046746e+01   7.2219403e-01   1.0000000e+00   1.5907687e-02
   7.3478447e-01   4.6955030e-01   5.4602633e-05   4.0010409e-01   6.0173416e-05   9.0344826e-08   2.9250239e-05   3.9992228e-01   1.9979294e-01   6.9935091e-01   4.0045577e+01   4.5239379e+01   3.0783033e+01   1.0000000e+00   1.5709373e-02
   9.7750198e-01   7.3897141e-01   5.9030764e-04   3.9978069e-01   7.6442625e-04   3.8827206e-08   3.3465066e-04   4.0016151e-01   1.9908693e-01   7.0014095e-01   8.3995927e+01   2.9670076e+01   2.6161169e+00   1.0000000e+00   1.5461275e-02
   5.5248485e-01   1.2416539e-01   1.4133007e-04   3.9849557e-01   9.4900168e-05   1.2759301e-08   2.0828013e-04   4.0019475e-01   1.9984007e-01   6.9926755e-01   7.9946853e+00   5.6392705e+01   5.2154068e+01   1.0000000e+00   1.5445514e-02
   6.9528217e-01   9.6875808e-01   6.6523835e-04   4.0049299e-01   1.2382973e-05   3.5552099e-10   7.0833984e-04   3.9729499e-01   1.9915856e-01   6.9860248e-01   7.9548518e+01   2.5653967e+00   3.5987653e+01   1.0000000e+00   1.5435738e-02
   7.0263601e-01   9.5752897e-01   6.6083529e-04   4.0046260e-01   0.0000000e+00   7.2869458e-10   7.5879065e-04   3.9816055e-01   1.9920447e-01   6.9840997e-01   7.8988217e+01   3.5035084e+00   3.4911488e+01   1.0000000e+00   1.5413159e-02
   2.5600771e-01   5.3351731e-02   1.2049304e-03   4.0087742e-01   4.1550835e-06   9.9151618e-08   2.7314087e-04   3.9923204e-01   2.0178912e-01   6.9808593e-01   1.6060926e+00   2.8497759e+01   8.7485777e+01   1.0000000e+00   1.5376977e-02
   8.7474885e-01   6.1000700e-01   2.8221936e-04   4.0017472e-01   4.3314880e-04   7.8884444e-08   2.7551653e-04   3.9664489e-01   2.0098249e-01   7.0083201e-01   6.3261195e+01   4.0444492e+01   1.4849126e+01   1.0000000e+00   1.5259890e-02
   9.1321294e-01   2.4663786e-01   7.1271058e-04   4.0014861e-01   2.4689878e-05   9.1982291e-08   5.6036442e-04   3.9967058e-01   2.0090851e-01   6.9946933e-01   2.6173163e+01   7.9946645e+01   1.0085081e+01   1.0000000e+00   1.5251534e-02
   9.2554991e-01   2.4652279e-01   6.7890464e-04   4.0006855e-01   2.5916736e-05   4.2872541e-08   4.5010055e-04   3.9962065e-01   2.0089032e-01   6.9940572e-01   2.6513317e+01   8.1035836e+01   8.6511205e+00   1.0000000e+00   1.5004533e-02
   7.7163327e-01   8.6528129e-01   8.3786796e-04   4.0042249e-01   3.0054283e-04   4.3069716e-08   0.0000000e+00   4.0228617e-01   2.0034853e-01   7.0078613e-01   7.8259197e+01   1.2184451e+01   2.6767017e+01   1.0000000e+00   1.5003828e-02
   2.1585676e-01   4.2310764e-02   1.9390048e-03   3.9939275e-01   5.5540269e-05   1.3005722e-08   2.1301297e-04   4.0086071e-01   1.9941645e-01   6.9942135e-01   1.0675608e+00   2.4163863e+01   9.1658239e+01   1.0000000e+00   1.4890686e-02
   4.0528299e-01   1.4944552e-02   1.6994120e-04   3.9992353e-01   0.0000000e+00   2.2901026e-07   2.7626268e-04   3.9940450e-01   2.0146890e-01   6.9855701e-01   7.0713824e-01   4.6610323e+01   6.9434198e+01   1.0000000e+00   1.4860387e-02
   6.6226220e-01   7.4773220e-01   3.7814705e-04   3.9836117e-01   7.6286165e-04   1.0848943e-07   7.6522732e-04   3.9952984e-01   2.0069637e-01   7.0066992e-01   5.7865150e+01   1.9522383e+01   3.9465782e+01   1.0000000e+00   1.4587590e-02
   6.8480523e-01   9.5724804e-01   4.9020289e-04   4.0049862e-01   2.0242783e-04   2.8036494e-09   8.2783481e-04   3.9878053e-01   1.9912352e-01   6.9871076e-01   7.6615970e+01   3.4217702e+00   3.6838908e+01   1.0000000e+00   1.4540995e-02
   7.4113161e-01   1.2728029e-01   3.1795934e-04   4.0094669e-01   0.0000000e+00   8.1200765e-08   8.9029121e-05   4.0057019e-01   1.9828948e-01   6.9986465e-01   1.1024492e+01   7.5591375e+01   3.0253885e+01   1.0000000e+00   1.4422576e-02
   2.2430892e-01   6.5171763e-01   3.6682834e-04   3.9973953e-01   3.5073387e-05   0.0000000e+00   3.6155226e-04   4.0006838e-01   2.0035252e-01   6.9962084e-01   1.6959202e+01   9.0631140e+00   8.9988747e+01   1.0000000e+00   1.4321381e-02
   5.4921330e-01   8.9928655e-01   1.7785817e-04   4.0080841e-01   1.4048571e-04   8.9605693e-09   1.1396099e-04   3.9778904e-01   1.9847800e-01   6.9816149e-01   5.8394878e+01   6.5397952e+00   5.3297483e+01   1.0000000e+00   1.4313578e-02
   8.4435055e-01   5.1783131e-01   1.0714588e-04   4.0097693e-01   0.0000000e+00   6.1759430e-08   0.0000000e+00   3.9962497e-01   1.9999341e-01   6.9978975e-01   5.0804701e+01   4.7305823e+01   1.8085911e+01   1.0000000e+00   1.4309774e-02
   5.9039625e-01   7.5828373e-01   5.0787137e-04   4.0025534e-01   6.1687130e-05   1.3489914e-09   8.1822352e-04   3.9742581e-01   1.9898790e-01   6.9861115e-01   5.2826398e+01   1.6839343e+01   4.8332538e+01   1.0000000e+00   1.4270311e-02
   4.7807112e-02   6.6810955e-01   4.3279308e-04   3.9993744e-01   2.8259712e-05   1.2274437e-08   1.3948634e-04   4.0005038e-01   2.0015417e-01   6.9991388e-01   3.7043158e+00   1.8401578e+00   1.1043144e+02   1.0000000e+00   1.4249999e-02
   2.7964339e-01   7.3971544e-01   3.9969076e-04   3.9927630e-01   1.8154677e-04   0.0000000e+00   5.4368124e-05   4.0048378e-01   2.0171182e-01   7.0001591e-01   2.4120642e+01   8.4873591e+00   8.3997653e+01   1.0000000e+00   1.4203903e-02
   7.5197329e-01   3.6537410e-01   2.4172576e-04   4.0052579e-01   7.1201648e-05   7.6907176e-08   0.0000000e+00   3.9859756e-01   1.9975223e-01   6.9734845e-01   3.2351388e+01   5.6191802e+01   2.9204596e+01   1.0000000e+00   1.4135403e-02
   6.4600422e-01   7.8207056e-01   4.6382169e-04   4.0054958e-01   2.4539711e-04   6.1089505e-09   6.9531045e-04   3.9859390e-01   1.9935005e-01   6.9954927e-01   5.8919303e+01   1.6418276e+01   4.1283298e+01   1.0000000e+00   1.3915567e-02
   9.0793678e-01   2.3819210e-01   4.1303120e-04   4.0056825e-01   1.5601321e-05   5.2899386e-08   3.7874688e-04   3.9910567e-01   2.0055288e-01   6.9943130e-01   2.5146637e+01   8.0426287e+01   1.0704913e+01   1.0000000e+00   1.3860657e-02
   3.7385277e-01   3.2168935e-01   0.0000000e+00   4.0032321e-01   1.5692783e-04   6.1116847e-09   4.4908665e-05   4.0052869e-01   2.0058411e-01   6.9935132e-01   1.3966712e+01   2.9450057e+01   7.2716566e+01   1.0000000e+00   1.3825654e-02
   2.3378022e-01   8.0505137e-01   0.0000000e+00   3.9897453e-01   2.3334262e-04   1.5628086e-08   4.1162913e-04   3.9927396e-01   1.9947258e-01   6.9951689e-01   2.1914560e+01   5.3067587e+00   8.9218467e+01   1.0000000e+00   1.3794346e-02
   4.0027194e-01   3.7002783e-01   0.0000000e+00   4.0062002e-01   1.4964631e-04   0.0000000e+00   5.2812360e-05   4.0028546e-01   2.0105262e-01   6.9905936e-01   1.7232992e+01   2.9339158e+01   6.9779125e+01   1.0000000e+00   1.3744092e-02
   5.6442510e-01   3.5809515e-01   4.2104733e-04   4.0072598e-01   1.0493925e-04   1.0738466e-08   4.8442848e-05   3.9964594e-01   1.9967909e-01   6.9812453e-01   2.3599288e+01   4.2302996e+01   5.0857732e+01   1.0000000e+00   1.3699535e-02
   1.0000000e+00   6.7624937e-01   1.9076436e-04   4.0012818e-01   3.6531137e-04   9.9755922e-08   3.0275753e-04   3.9673595e-01   2.0122048e-01   7.0101365e-01   8.0198197e+01   3.8394441e+01   0.0000000e+00   1.0000000e+00   1.3627661e-02
   1.6711059e-01   3.5747099e-01   3.9124680e-04   4.0016554e-01   8.8109585e-05   6.3276304e-08   5.6651521e-05   4.0072696e-01   2.0277704e-01   6.9840252e-01   7.0408010e+00   1.2655346e+01   9.8166798e+01   1.0000000e+00   1.3622051e-02
   8.2794313e-01   5.8590048e-01   0.0000000e+00   4.0004659e-01   1.6450876e-04   9.2983899e-08   2.0671915e-05   3.9955332e-01   1.9952545e-01   6.9894388e-01   5.6409262e+01   3.9868629e+01   2.0007743e+01   1.0000000e+00   1.3620935e-02
   9.6149280e-01   3.7292383e-01   9.8151597e-04   4.0196643e-01   0.0000000e+00   1.7813524e-08   2.7532912e-04   3.9923267e-01   1.9775823e-01   6.9957901e-01   4.2338468e+01   7.1192672e+01   4.5468525e+00   1.0000000e+00   1.3615324e-02
   6.5246122e-01   7.6897514e-01   0.0000000e+00   3.9997893e-01   4.1053002e-04   8.1649089e-09   1.8202735e-04   4.0064679e-01   2.0042016e-01   6.9943714e-01   5.8250667e+01   1.7500373e+01   4.0349409e+01   1.0000000e+00   1.3599964e-02
   8.9533002e-01   5.4352710e-01   2.7543633e-04   4.0027717e-01   2.8501307e-05   1.1751759e-07   3.9868424e-05   4.0212222e-01   2.0152110e-01   6.9936963e-01   5.7060515e+01   4.7921397e+01   1.2273077e+01   1.0000000e+00   1.3589166e-02
   6.2765151e-01   6.7257796e-02   1.5019711e-03   3.9962860e-01   3.4294850e-05   1.1957993e-08   1.3437966e-04   4.0176341e-01   2.0040715e-01   6.9918528e-01   4.9391591e+00   6.8497073e+01   4.3565370e+01   1.0000000e+00   1.3577578e-02
   6.4064967e-01   1.6189013e-01   5.1244428e-04   3.9965892e-01   1.1594215e-05   5.6909102e-09   2.4553908e-04   4.0063714e-01   2.0006892e-01   6.9978179e-01   1.2039378e+01   6.2328211e+01   4.1713933e+01   1.0000000e+00   1.3550096e-02
   8.0395323e-01   7.9497732e-01   0.0000000e+00   4.0027893e-01   1.2287526e-03   5.7724852e-08   6.6190758e-04   4.0103931e-01   2.0018541e-01   7.0115435e-01   7.4587505e+01   1.9235933e+01   2.2879169e+01   1.0000000e+00   1.3497366e-02
   5.0934546e-01   0.0000000e+00   2.0150528e-03   3.9927401e-01   1.2375885e-04   2.4338695e-08   2.4763426e-04   3.9862132e-01   1.9892890e-01   6.9788367e-01   0.0000000e+00   6.0198511e+01   5.7989470e+01   1.0000000e+00   1.3404060e-02
   5.3095809e-01   9.1584315e-01   5.1452457e-04   4.0014077e-01   3.7907406e-04   9.0322245e-09   1.3291389e-04   4.0121497e-01   2.0145658e-01   6.9946426e-01   5.6707485e+01   5.2108525e+00   5.4697905e+01   1.0000000e+00   1.3309774e-02
   9.6410913e-02   7.0710847e-01   5.8860907e-04   4.0006917e-01   2.0433838e-04   5.5275873e-10   0.0000000e+00   4.0033146e-01   2.0022669e-01   7.0012317e-01   7.9091873e+00   3.2760660e+00   1.0483121e+02   1.0000000e+00   1.3268073e-02
   5.2643903e-03   7.5969946e-01   2.3722944e-04   3.9962101e-01   0.0000000e+00   0.0000000e+00   1.1051305e-04   3.9980697e-01   1.9952307e-01   7.0038172e-01   4.6449900e-01   1.4692568e-01   1.1553207e+02   1.0000000e+00   1.3153105e-02
   2.3357530e-02   7.6214432e-01   0.0000000e+00   3.9919927e-01   0.0000000e+00   3.0046251e-09   1.7244194e-04   3.9968968e-01   2.0053395e-01   6.9957286e-01   2.0685644e+00   6.4557299e-01   1.1348554e+02   1.0000000e+00   1.3150093e-02
   9.7093292e-01   4.4110255e-01   0.0000000e+00   3.9915305e-01   1.1611469e-04   2.8545159e-08   1.4365872e-03   4.0185922e-01   2.0216152e-01   6.9999988e-01   5.0472735e+01   6.3951302e+01   3.4255428e+00   1.0000000e+00   1.3066413e-02
   7.0598749e-01   9.4397970e-01   7.1095489e-04   4.0051775e-01   1.1510469e-04   0.0000000e+00   8.4250939e-04   3.9743645e-01   1.9916085e-01   6.9860709e-01   7.8627171e+01   4.6661144e+00   3.4687963e+01   1.0000000e+00   1.3064766e-02
   5.3051019e-01   1.1062406e-01   1.7383920e-03   3.9920991e-01   6.5151379e-05   4.1281829e-09   2.2008766e-04   3.9947483e-01   1.9886144e-01   6.9812320e-01   6.8988129e+00   5.5463868e+01   5.5189597e+01   1.0000000e+00   1.2985978e-02
   2.1654687e-01   6.0743873e-01   3.3892563e-04   4.0005116e-01   2.7186217e-05   1.7122455e-08   1.3857410e-04   3.9999793e-01   1.9987806e-01   6.9985239e-01   1.5256459e+01   9.8595867e+00   9.0868295e+01   1.0000000e+00   1.2952293e-02
   2.9839112e-01   3.3792041e-01   4.5574277e-04   4.0009059e-01   2.0236692e-05   5.1925918e-08   9.4166707e-06   4.0085030e-01   2.0258798e-01   6.9962304e-01   1.1827207e+01   2.3172772e+01   8.2295669e+01   1.0000000e+00   1.2927068e-02
   2.3159880e-01   5.4270216e-02   7.9305888e-04   4.0111248e-01   2.9820816e-05   1.4388997e-07   3.2359811e-04   3.9813602e-01   2.0153105e-01   6.9699599e-01   1.4957335e+00   2.6065121e+01   9.1441726e+01   1.0000000e+00   1.2847843e-02
   3.9655756e-01   7.3110998e-01   4.9470659e-04   4.0015223e-01   2.3129527e-04   7.8105306e-09   0.0000000e+00   4.0203525e-01   2.0149626e-01   6.9959947e-01   3.3959685e+01   1.2489804e+01   7.0682282e+01   1.0000000e+00   1.2807767e-02
   3.2749412e-01   7.3528125e-01   0.0000000e+00   4.0014949e-01   0.0000000e+00   1.9826605e-08   1.4592971e-04   4.0016894e-01   2.0037205e-01   7.0101711e-01   2.7991403e+01   1.0077571e+01   7.8174253e+01   1.0000000e+00   1.2806815e-02
   3.5645216e-01   3.8476302e-03   1.8500572e-03   3.9919566e-01   1.2101557e-04   1.6147346e-08   2.3317231e-04   3.9876017e-01   1.9971505e-01   6.9818409e-01   1.6122141e-01   4.1740260e+01   7.5650004e+01   1.0000000e+00   1.2778105e-02
   6.5945306e-01   1.7497742e-01   1.1559681e-05   3.9957681e-01   9.5339035e-05   1.7088482e-07   2.3897673e-04   3.9914069e-01   2.0069051e-01   6.9866671e-01   1.3446969e+01   6.3402769e+01   3.9685831e+01   1.0000000e+00   1.2771463e-02
   3.9968184e-01   1.8070259e-01   2.0041186e-03   3.9982504e-01   1.7031802e-04   3.0548086e-08   2.8042172e-05   4.0207856e-01   1.9992880e-01   6.9962201e-01   8.4802133e+00   3.8448906e+01   7.0487072e+01   1.0000000e+00   1.2765003e-02
   2.8340733e-02   2.7067988e-01   1.2038644e-03   4.0051645e-01   2.1681626e-05   9.4474316e-08   0.0000000e+00   3.9895530e-01   2.0152955e-01   6.9806439e-01   9.0117289e-01   2.4281211e+00   1.1414452e+02   1.0000000e+00   1.2696215e-02
   1.9831190e-01   6.3102517e-01   6.7668452e-04   3.9988625e-01   6.6521057e-06   1.0796181e-08   2.1643970e-04   4.0082123e-01   2.0179339e-01   6.9904350e-01   1.4616397e+01   8.5465413e+00   9.3637609e+01   1.0000000e+00   1.2577083e-02
   5.3109173e-01   5.5484980e-01   9.4398268e-05   3.9857059e-01   5.8742257e-05   6.7814609e-09   2.4387616e-04   4.0317304e-01   2.0301519e-01   6.9953466e-01   3.5348765e+01   2.8359946e+01   5.6249307e+01   1.0000000e+00   1.2532574e-02
   1.8814203e-01   5.6020572e-01   5.7020507e-04   4.0009584e-01   2.4657451e-04   0.0000000e+00   7.9224143e-06   4.0023054e-01   2.0014707e-01   7.0102335e-01   1.2251773e+01   9.6183589e+00   9.4372536e+01   1.0000000e+00   1.2473383e-02
   3.4479230e-01   8.5579567e-02   3.8976583e-04   3.9943030e-01   1.0552155e-05   2.8280047e-07   3.0455164e-04   3.9944940e-01   2.0104132e-01   6.9977305e-01   3.4310022e+00   3.6660369e+01   7.6185505e+01   1.0000000e+00   1.2465447e-02
   6.6369297e-01   2.2685355e-01   2.6827621e-04   4.0011866e-01   0.0000000e+00   4.4017571e-08   1.5833342e-04   3.9880403e-01   1.9903773e-01   7.0049782e-01   1.7554308e+01   5.9827368e+01   3.9210904e+01   1.0000000e+00   1.2442225e-02
   4.7820595e-01   6.0973078e-01   6.1451624e-05   3.9946205e-01   7.7882352e-04   2.4002978e-08   1.0030432e-04   4.0090340e-01   1.9826796e-01   7.0179362e-01   3.4301583e+01   2.1955349e+01   6.1384708e+01   1.0000000e+00   1.2423397e-02
   6.6601052e-01   9.5785804e-01   6.2263051e-04   4.0069409e-01   2.4742892e-04   0.0000000e+00   6.7795602e-04   3.9876375e-01   2.0002840e-01   7.0047470e-01   7.4316717e+01   3.2696412e+00   3.8907835e+01   1.0000000e+00   1.2421332e-02
   1.4033325e-01   5.4555582e-01   3.2792257e-04   3.9995625e-01   4.0718828e-05   9.2708981e-09   1.3896618e-04   4.0014471e-01   1.9994977e-01   6.9966559e-01   8.8800990e+00   7.3970604e+00   9.9712171e+01   1.0000000e+00   1.2412747e-02
   3.6582285e-01   4.1554420e-01   2.0114505e-05   4.0035617e-01   1.4673902e-04   3.1870901e-09   3.7034097e-05   4.0080854e-01   2.0057959e-01   6.9943006e-01   1.7662378e+01   2.4841832e+01   7.3683749e+01   1.0000000e+00   1.2397251e-02
   4.1625376e-01   8.5234241e-01   0.0000000e+00   4.0077483e-01   1.2397660e-04   3.8374591e-09   0.0000000e+00   4.0077929e-01   2.0056556e-01   6.9964285e-01   4.1240215e+01   7.1443477e+00   6.7853578e+01   1.0000000e+00   1.2320392e-02
   2.6512555e-01   1.8637615e-01   9.0644530e-04   4.0034156e-01   0.0000000e+00   1.0110209e-07   2.1185237e-04   3.9871200e-01   2.0120153e-01   6.9811236e-01   5.7946186e+00   2.5296369e+01   8.6177936e+01   1.0000000e+00   1.2305617e-02
   2.5720290e-01   0.0000000e+00   9.8407620e-04   4.0098832e-01   1.8863816e-05   1.5313555e-07   3.2498702e-04   3.9805863e-01   2.0203428e-01   6.9810454e-01   0.0000000e+00   3.0442953e+01   8.7918673e+01   1.0000000e+00   1.2289294e-02
   7.7969558e-01   5.6785737e-01   2.4625214e-03   3.9908124e-01   2.8989201e-06   3.6408042e-08   5.5661802e-05   4.0168280e-01   2.0224273e-01   7.0115962e-01   5.2609501e+01   4.0036124e+01   2.6177191e+01   1.0000000e+00   1.2233287e-02
   9.6836365e-01   5.4502332e-01   2.5508094e-04   4.0042385e-01   1.3468650e-05   6.0589803e-08   5.1706207e-05   4.0243605e-01   2.0134580e-01   6.9943077e-01   6.1986431e+01   5.1745272e+01   3.7156036e+00   1.0000000e+00   1.2229065e-02
   8.1777179e-01   6.7916697e-01   7.3699734e-04   3.9902711e-01   1.1828670e-03   8.8296813e-08   7.5868436e-04   4.0037782e-01   2.0005809e-01   7.0127904e-01   6.4886390e+01   3.0651810e+01   2.1289258e+01   1.0000000e+00   1.2211265e-02
   2.7335464e-01   2.1397209e-02   7.6530110e-04   4.0108382e-01   1.6281233e-05   1.3140462e-07   2.7031731e-04   3.9815167e-01   2.0154027e-01   6.9811735e-01   6.8986731e-01   3.1551128e+01   8.5704671e+01   1.0000000e+00   1.2184454e-02
   2.5927935e-01   3.2812688e-01   5.5035530e-04   4.0035013e-01   6.6261191e-05   5.9160352e-08   6.9545349e-05   4.0083260e-01   2.0275487e-01   6.9843113e-01   1.0029092e+01   2.0535585e+01   8.7318514e+01   1.0000000e+00   1.2178265e-02
   3.8537382e-01   2.7924965e-01   1.2153598e-05   4.0357817e-01   1.3651516e-04   3.0551775e-09   9.9371089e-06   4.0097923e-01   2.0026193e-01   6.9942734e-01   1.2767895e+01   3.2954258e+01   7.2921490e+01   1.0000000e+00   1.2157177e-02
   8.0203678e-01   7.3657182e-01   7.3469046e-04   4.0000894e-01   2.5716670e-05   2.1374880e-08   1.8291867e-04   4.0401533e-01   2.0187884e-01   7.0294221e-01   7.1784062e+01   2.5672914e+01   2.4054878e+01   1.0000000e+00   1.2146963e-02
   1.1618139e-01   3.1660947e-01   1.3153605e-03   4.0371185e-01   1.2961485e-04   1.4445121e-08   0.0000000e+00   4.0035343e-01   1.9896961e-01   6.9820950e-01   4.4024961e+00   9.5026349e+00   1.0577953e+02   1.0000000e+00   1.2102630e-02
   6.4141832e-01   2.8719686e-01   1.6629256e-04   3.9988079e-01   0.0000000e+00   2.5947568e-07   2.8528574e-04   4.0006857e-01   2.0171297e-01   6.9880537e-01   2.1496072e+01   5.3351795e+01   4.1843323e+01   1.0000000e+00   1.2102177e-02
   5.6002001e-01   7.2271333e-01   1.0684600e-05   3.9989468e-01   6.0425968e-04   9.0193384e-09   1.4291483e-04   4.0089131e-01   2.0069685e-01   6.9967411e-01   4.7032393e+01   1.8045130e+01   5.1128187e+01   1.0000000e+00   1.2029400e-02
   6.7663618e-01   9.2212805e-01   0.0000000e+00   4.0013707e-01   3.0696073e-04   8.0032688e-10   7.2125688e-04   3.9872198e-01   1.9993860e-01   6.9957110e-01   7.2621625e+01   6.1327576e+00   3.7636649e+01   1.0000000e+00   1.2022680e-02
   4.4869017e-01   7.3540919e-01   4.9543287e-04   4.0013702e-01   2.6142428e-04   5.6259871e-09   0.0000000e+00   4.0223661e-01   2.0147568e-01   6.9947999e-01   3.8706457e+01   1.3926087e+01   6.4670102e+01   1.0000000e+00   1.2018483e-02
   1.5648740e-01   0.0000000e+00   1.2077521e-03   4.0085665e-01   0.0000000e+00   9.9898119e-08   2.6665585e-04   3.9890670e-01   2.0173803e-01   6.9801638e-01   0.0000000e+00   1.8423036e+01   9.9305526e+01   1.0000000e+00   1.1995866e-02
   7.0829571e-01   7.5212366e-02   1.5776069e-04   4.0015482e-01   5.4858967e-05   1.0300576e-07   9.6144034e-05   3.9990916e-01   1.9979495e-01   6.9937258e-01   6.1825393e+00   7.6018561e+01   3.3853676e+01   1.0000000e+00   1.1984615e-02
   3.4893457e-01   1.1217596e-01   2.4185064e-03   3.9928256e-01   6.5199225e-05   0.0000000e+00   2.2640071e-04   3.9901620e-01   1.9994865e-01   6.9891153e-01   4.5958109e+00   3.6373851e+01   7.6443932e+01   1.0000000e+00   1.1945527e-02
   4.4944804e-01   6.7678032e-01   0.0000000e+00   4.0017856e-01   1.4055079e-05   2.9873967e-08   1.5026486e-04   4.0137439e-01   2.0051116e-01   7.0119900e-01   3.5494115e+01   1.6951433e+01   6.4243241e+01   1.0000000e+00   1.1907712e-02
   6.3001937e-01   4.2387502e-01   2.6954104e-04   4.0049673e-01   5.7146569e-05   6.6859814e-08   0.0000000e+00   3.9739211e-01   1.9961312e-01   6.9716655e-01   3.1761322e+01   4.3169543e+01   4.4003359e+01   1.0000000e+00   1.1907122e-02
   1.7240355e-01   6.2079082e-02   1.8597961e-03   3.9948845e-01   5.8286154e-05   2.9352733e-08   2.5199717e-04   4.0038341e-01   1.9936997e-01   6.9942099e-01   1.2492246e+00   1.8873892e+01   9.6597895e+01   1.0000000e+00   1.1905011e-02
   2.6584772e-01   6.4805335e-01   5.3024810e-05   3.9983956e-01   0.0000000e+00   0.0000000e+00   1.8092156e-04   4.0005911e-01   2.0013308e-01   6.9905114e-01   2.0006722e+01   1.0865307e+01   8.5254712e+01   1.0000000e+00   1.1873515e-02
   8.0612957e-01   6.7031599e-01   1.2519106e-03   3.9865666e-01   8.1641874e-06   3.0271020e-08   5.6883566e-05   4.0183865e-01   2.0151420e-01   7.0043289e-01   6.3550535e+01   3.1256297e+01   2.2800604e+01   1.0000000e+00   1.1867542e-02
   1.0351620e-01   6.2286905e-01   3.2842152e-04   3.9990769e-01   3.4571112e-05   0.0000000e+00   1.4396780e-04   4.0004215e-01   2.0022968e-01   6.9959325e-01   7.4787567e+00   4.5281921e+00   1.0398406e+02   1.0000000e+00   1.1796975e-02
   6.8771167e-02   3.7851964e-01   9.3241333e-04   4.0092966e-01   8.3388957e-05   3.6253815e-08   7.0942027e-05   3.9951324e-01   1.9987633e-01   6.9848616e-01   3.0372219e+00   4.9867261e+00   1.0865210e+02   1.0000000e+00   1.1773617e-02
   9.5551615e-01   2.8373027e-01   9.9036881e-04   4.0192446e-01   0.0000000e+00   2.0353173e-08   2.1335240e-04   3.9969584e-01   1.9776067e-01   6.9964624e-01   3.1972486e+01   8.0713716e+01   5.2460826e+00   1.0000000e+00   1.1761860e-02
   7.8981909e-01   2.9090200e-01   2.1709887e-05   3.9994594e-01   8.7119296e-05   4.4932333e-08   1.9481771e-04   3.9733441e-01   2.0148020e-01   6.9979062e-01   2.7060560e+01   6.5962382e+01   2.4754588e+01   1.0000000e+00   1.1714839e-02
   9.2186563e-01   5.4446978e-01   1.1036743e-03   4.0052760e-01   1.5696145e-04   7.4019701e-08   0.0000000e+00   4.0231565e-01   2.0131631e-01   6.9884750e-01   5.9053642e+01   4.9407185e+01   9.1927917e+00   1.0000000e+00   1.1712391e-02
   8.2371744e-02   6.2683079e-01   3.4457284e-04   3.9990366e-01   3.4379252e-05   3.1816057e-09   1.4087896e-04   4.0002688e-01   2.0022289e-01   6.9958763e-01   5.9890579e+00   3.5654471e+00   1.0643800e+02   1.0000000e+00   1.1691061e-02
   7.5187251e-01   3.4885180e-01   4.1492127e-04   4.0016997e-01   8.2841394e-05   3.8363539e-08   2.7400662e-04   3.9956675e-01   2.0003130e-01   7.0109628e-01   3.0504690e+01   5.6938430e+01   2.8857342e+01   1.0000000e+00   1.1665170e-02
   9.6051339e-01   7.2486587e-01   9.6384155e-04   4.0000997e-01   2.8994066e-05   1.6213237e-11   1.9286910e-04   4.0364848e-01   2.0146528e-01   7.0208998e-01   8.3477795e+01   3.1685297e+01   4.7343434e+00   1.0000000e+00   1.1622668e-02
   8.3498006e-01   6.7508308e-01   6.8495592e-04   3.9875339e-01   8.6770901e-04   6.6465403e-08   7.2696453e-04   4.0024649e-01   2.0013776e-01   7.0131709e-01   6.5864424e+01   3.1700492e+01   1.9282085e+01   1.0000000e+00   1.1617616e-02
   3.6053965e-01   6.2680527e-01   1.0395318e-05   4.0000024e-01   0.0000000e+00   1.7785176e-08   1.2907772e-04   3.9977256e-01   1.9965073e-01   7.0094008e-01   2.6273667e+01   1.5643127e+01   7.4344464e+01   1.0000000e+00   1.1589392e-02
   8.8263438e-01   2.8357873e-01   1.2195064e-04   3.9990977e-01   1.9386119e-05   2.9239986e-08   4.1798075e-04   3.9798384e-01   2.0143792e-01   6.9988348e-01   2.9321424e+01   7.4076401e+01   1.3749011e+01   1.0000000e+00   1.1582509e-02
   9.4760867e-01   6.6198066e-01   0.0000000e+00   4.0118086e-01   5.2564808e-05   3.2714471e-08   5.2615281e-05   3.9953439e-01   1.9944046e-01   6.9893097e-01   7.3125827e+01   3.7339373e+01   6.1073935e+00   1.0000000e+00   1.1582414e-02
   5.6605151e-01   7.0153058e-01   4.9279734e-04   3.9889528e-01   1.3669528e-04   1.7894337e-08   3.0011385e-05   3.9923973e-01   1.9855257e-01   6.9892559e-01   4.6486185e+01   1.9777762e+01   5.0799511e+01   1.0000000e+00   1.1570107e-02
   9.6241984e-01   6.3649275e-01   0.0000000e+00   3.9888653e-01   1.0565190e-04   0.0000000e+00   7.4245731e-04   4.0236786e-01   2.0131368e-01   7.0024566e-01   7.2059873e+01   4.1154100e+01   4.4207309e+00   1.0000000e+00   1.1497050e-02
   4.1067124e-01   9.0188428e-01   2.1218273e-05   4.0069660e-01   1.4207052e-04   0.0000000e+00   4.3198212e-05   4.0087374e-01   2.0051871e-01   6.9960980e-01   4.3051031e+01   4.6835087e+00   6.8500868e+01   1.0000000e+00   1.1485719e-02
   1.0000000e+00   5.9893738e-01   6.4546257e-05   4.0125962e-01   6.2943586e-05   2.2237467e-08   1.4718585e-05   4.0024095e-01   1.9954467e-01   6.9891749e-01   6.9799183e+01   4.6739182e+01   0.0000000e+00   1.0000000e+00   1.1479201e-02
   5.2365562e-01   2.9719922e-01   4.3027359e-05   4.0104675e-01   0.0000000e+00   2.1668288e-07   3.1312702e-04   4.0046650e-01   2.0069672e-01   6.9764063e-01   1.8250757e+01   4.3158412e+01   5.5860973e+01   1.0000000e+00   1.1412579e-02
   2.6713177e-01   7.1754199e-01   3.8805501e-04   3.9924767e-01   1.9695662e-04   0.0000000e+00   2.5100957e-05   4.0040398e-01   2.0170781e-01   7.0007967e-01   2.2350623e+01   8.7982483e+00   8.5456023e+01   1.0000000e+00   1.1383145e-02
   9.0632940e-01   6.9027892e-01   1.0744549e-04   3.9881737e-01   1.1466387e-04   2.5581295e-08   6.1794337e-04   4.0250080e-01   2.0123386e-01   7.0002461e-01   7.3639337e+01   3.3041217e+01   1.1025607e+01   1.0000000e+00   1.1373460e-02
   4.3977278e-01   7.3239094e-01   0.0000000e+00   3.9711624e-01   1.9961817e-04   1.9737217e-08   4.0298115e-04   3.9951656e-01   1.9988780e-01   6.9951342e-01   3.7931233e+01   1.3859731e+01   6.5976590e+01   1.0000000e+00   1.1339057e-02
   5.4491442e-01   7.7771843e-01   4.6764285e-05   4.0034032e-01   5.0389882e-04   1.1578400e-08   1.4507762e-04   4.0092134e-01   2.0061028e-01   6.9974590e-01   4.9240120e+01   1.4073437e+01   5.2876351e+01   1.0000000e+00   1.1320936e-02
   6.5829741e-01   1.9706265e-01   1.6463325e-04   3.9957483e-01   0.0000000e+00   2.5896832e-07   2.8363078e-04   4.0073715e-01   2.0162595e-01   6.9843999e-01   1.5172095e+01   6.1819133e+01   3.9963855e+01   1.0000000e+00   1.1289485e-02
   4.1786648e-01   6.9668461e-01   0.0000000e+00   3.9967991e-01   1.4625710e-03   1.8679770e-08   6.9458672e-05   4.0056171e-01   1.9901658e-01   7.0145982e-01   3.4083453e+01   1.4838904e+01   6.8154170e+01   1.0000000e+00   1.1288007e-02
   1.0048938e-02   8.0544996e-01   6.2203365e-04   4.0009647e-01   2.2267115e-04   6.0815307e-09   0.0000000e+00   4.0034728e-01   2.0020633e-01   7.0026958e-01   9.3921537e-01   2.2686002e-01   1.1487359e+02   1.0000000e+00   1.1286952e-02
   7.9529191e-01   8.2081263e-01   4.0770181e-04   3.9941308e-01   1.5730076e-04   2.4728537e-08   7.0924638e-04   4.0042096e-01   1.9976595e-01   6.9916470e-01   7.5883174e+01   1.6565664e+01   2.3796325e+01   1.0000000e+00   1.1275152e-02
   9.8277113e-01   7.2099130e-01   3.6641382e-04   3.9932278e-01   4.1961664e-04   1.1689334e-07   1.9764596e-04   3.9692468e-01   2.0098946e-01   7.0082005e-01   8.3822158e+01   3.2437438e+01   2.0381360e+00   1.0000000e+00   1.1259168e-02
   2.3502856e-01   5.3246968e-01   3.5956282e-04   4.0040897e-01   7.7304381e-05   4.2621900e-08   0.0000000e+00   4.0187550e-01   2.0296047e-01   6.9855381e-01   1.4838191e+01   1.3028543e+01   9.0700699e+01   1.0000000e+00   1.1241117e-02
   9.7319092e-01   3.2127650e-01   4.0427210e-04   4.0107010e-01   3.4427762e-05   2.8913695e-08   1.2038168e-04   3.9991485e-01   1.9926065e-01   7.0124528e-01   3.6486399e+01   7.7080572e+01   3.1284979e+00   1.0000000e+00   1.1240100e-02
   9.5632996e-01   7.1011368e-01   8.9717008e-06   3.9961356e-01   2.8423787e-04   2.2186316e-07   2.7554105e-04   3.9730417e-01   2.0083858e-01   7.0056781e-01   7.9911381e+01   3.2621842e+01   5.1387396e+00   1.0000000e+00   1.1213201e-02
   9.3059957e-01   5.6671867e-01   0.0000000e+00   3.9847857e-01   3.5829003e-04   1.5046137e-08   8.5384266e-04   4.0267102e-01   2.0108296e-01   7.0115369e-01   6.2423248e+01   4.7725316e+01   8.2144437e+00   1.0000000e+00   1.1196939e-02
   6.9573556e-01   4.7399350e-01   2.5306795e-04   3.9952917e-01   1.2387929e-04   0.0000000e+00   6.1298298e-05   4.0103344e-01   2.0023819e-01   6.9787495e-01   3.8589639e+01   4.2824218e+01   3.5604536e+01   1.0000000e+00   1.1174857e-02
   3.7943824e-01   6.4944147e-01   2.2424087e-05   4.0005638e-01   1.4204251e-06   2.2846826e-08   1.6837727e-04   3.9974038e-01   2.0041464e-01   7.0064086e-01   2.8614701e+01   1.5445776e+01   7.2059809e+01   1.0000000e+00   1.1112720e-02
   7.6908085e-01   2.1574435e-01   7.6175423e-05   4.0088215e-01   0.0000000e+00   5.8727622e-08   5.0630192e-07   3.9952251e-01   1.9827832e-01   6.9988128e-01   1.9391673e+01   7.0490975e+01   2.6987573e+01   1.0000000e+00   1.1099364e-02
   5.8933768e-01   2.6036452e-01   6.9425882e-04   4.0012041e-01   5.6363380e-05   4.6006844e-08   2.8608564e-04   4.0033401e-01   2.0001753e-01   7.0127629e-01   1.7860059e+01   5.0736303e+01   4.7799321e+01   1.0000000e+00   1.1079735e-02
   6.9358031e-01   2.8710656e-01   8.9141547e-05   4.0120944e-01   0.0000000e+00   7.8320896e-08   0.0000000e+00   3.9967285e-01   1.9922737e-01   6.9987125e-01   2.3188307e+01   5.7577200e+01   3.5681726e+01   1.0000000e+00   1.1066438e-02
   1.2248169e-01   7.2334560e-01   2.2571768e-04   3.9974663e-01   3.0822631e-05   1.2154217e-08   1.3660444e-04   4.0000859e-01   2.0006421e-01   6.9991799e-01   1.0276072e+01   3.9302384e+00   1.0178091e+02   1.0000000e+00   1.1063284e-02
   2.9042731e-01   2.5538599e-01   6.9103640e-05   3.9956037e-01   3.1797103e-05   1.4417585e-07   3.2435300e-04   4.0081392e-01   2.0113311e-01   6.9873516e-01   8.6477180e+00   2.5213647e+01   8.2730167e+01   1.0000000e+00   1.1033476e-02
   7.9922177e-01   6.4338382e-01   1.3880037e-03   3.9922462e-01   2.6603950e-06   4.8020150e-08   4.9664481e-05   4.0193726e-01   2.0163303e-01   7.0107453e-01   6.0558896e+01   3.3566716e+01   2.3645969e+01   1.0000000e+00   1.1002927e-02
   7.1046077e-01   9.3667708e-01   4.8163727e-04   4.0051120e-01   2.1077583e-04   1.9045250e-09   7.1698342e-04   3.9874056e-01   1.9908771e-01   6.9878910e-01   7.7763688e+01   5.2571202e+00   3.3834072e+01   1.0000000e+00   1.0986785e-02
   2.9745001e-01   2.5267665e-01   3.8302737e-04   3.9961933e-01   0.0000000e+00   2.8091096e-07   1.9582887e-04   3.9940347e-01   2.0100028e-01   7.0101199e-01   8.7542751e+00   2.5891883e+01   8.1831089e+01   1.0000000e+00   1.0968776e-02
   7.6594686e-01   3.2056787e-01   3.2679418e-04   3.9899429e-01   1.8856224e-04   4.3970058e-08   5.3575526e-05   4.0008760e-01   2.0048399e-01   7.0131720e-01   2.8630637e+01   6.0681610e+01   2.7291465e+01   1.0000000e+00   1.0966443e-02
   7.9960844e-02   3.6361658e-01   1.1287063e-03   4.0102846e-01   7.2819689e-05   3.7248139e-08   6.6891755e-05   3.9979360e-01   1.9992488e-01   6.9770358e-01   3.4099502e+00   5.9679230e+00   1.0790294e+02   1.0000000e+00   1.0963691e-02
   2.5453662e-01   6.5115284e-01   1.0364358e-04   3.9982267e-01   1.4996523e-06   0.0000000e+00   1.5108927e-04   3.9995167e-01   2.0000291e-01   6.9877411e-01   1.9265817e+01   1.0321426e+01   8.6652386e+01   1.0000000e+00   1.0929609e-02
   2.0455240e-01   6.2539899e-01   5.9427323e-04   3.9989479e-01   6.3999706e-06   1.0827217e-08   1.9773122e-04   4.0063090e-01   2.0163874e-01   6.9931390e-01   1.4911791e+01   8.9318533e+00   9.2721325e+01   1.0000000e+00   1.0917424e-02
   8.3667689e-01   2.5284184e-01   7.3555505e-04   4.0004118e-01   0.0000000e+00   4.1638145e-08   4.1579530e-04   3.9963665e-01   2.0095240e-01   6.9918889e-01   2.4598271e+01   7.2688915e+01   1.8990898e+01   1.0000000e+00   1.0909472e-02
   6.1311526e-01   2.1545027e-01   9.0662437e-04   3.9904589e-01   1.5283177e-05   1.1226122e-08   1.1376489e-04   4.0038071e-01   2.0013561e-01   6.9927136e-01   1.5369659e+01   5.5967727e+01   4.5014939e+01   1.0000000e+00   1.0874003e-02
   3.6828075e-01   4.4528378e-01   6.1855806e-05   4.0044497e-01   1.2109710e-04   2.6289873e-09   7.2730012e-05   4.0056700e-01   2.0103800e-01   6.9937197e-01   1.9066179e+01   2.3751861e+01   7.3446630e+01   1.0000000e+00   1.0816026e-02
   9.1072538e-01   2.8034074e-01   3.7090014e-04   4.0054206e-01   1.1712624e-05   5.8587242e-08   2.6698853e-04   3.9915369e-01   2.0039879e-01   6.9943401e-01   2.9675061e+01   7.6178484e+01   1.0376383e+01   1.0000000e+00   1.0813080e-02
   7.1832329e-01   3.3245626e-01   1.6070402e-04   4.0047570e-01   0.0000000e+00   2.8029418e-08   6.2352914e-04   3.9752382e-01   2.0188950e-01   6.9960721e-01   2.8156367e+01   5.6535578e+01   3.3210323e+01   1.0000000e+00   1.0809895e-02
   5.5548717e-01   1.7109567e-01   1.3371467e-03   3.9995552e-01   4.2633968e-05   1.2415692e-08   4.1075885e-05   4.0173052e-01   1.9913799e-01   6.9721751e-01   1.1251130e+01   5.4508163e+01   5.2622007e+01   1.0000000e+00   1.0770701e-02
   8.2568071e-01   3.8457066e-01   4.3457695e-04   4.0032362e-01   1.0377200e-04   1.0104485e-07   6.0481222e-05   3.9940618e-01   1.9992067e-01   6.9950068e-01   3.6869100e+01   5.9001709e+01   2.0240428e+01   1.0000000e+00   1.0721176e-02
   3.4138291e-01   7.3283427e-01   0.0000000e+00   4.0013988e-01   6.9354877e-07   1.8232166e-08   1.4717339e-04   4.0012781e-01   2.0019571e-01   7.0100619e-01   2.9077377e+01   1.0600594e+01   7.6549202e+01   1.0000000e+00   1.0717345e-02
   3.5462343e-01   1.3689483e-01   5.5951550e-04   3.9971852e-01   0.0000000e+00   2.7470484e-07   1.4059126e-04   3.9955468e-01   2.0092755e-01   6.9993067e-01   5.6399619e+00   3.5559272e+01   7.4978183e+01   1.0000000e+00   1.0715505e-02
   6.9291920e-01   9.9857443e-01   7.5741953e-04   4.0047607e-01   3.1358116e-05   0.0000000e+00   7.1537439e-04   3.9738955e-01   1.9907592e-01   6.9850745e-01   8.1715931e+01   1.1665779e-01   3.6265725e+01   1.0000000e+00   1.0702874e-02
   7.8724352e-01   6.3866229e-01   1.2722118e-03   3.9873267e-01   3.0412485e-06   3.6473238e-08   5.5582515e-05   4.0194049e-01   2.0171003e-01   7.0089194e-01   5.9278292e+01   3.3538042e+01   2.5084076e+01   1.0000000e+00   1.0683218e-02
   4.8125988e-01   3.5362000e-01   1.5136360e-03   4.0331805e-01   6.1619107e-05   7.7433980e-09   0.0000000e+00   3.9909671e-01   1.9899830e-01   6.9854692e-01   2.0284357e+01   3.7077663e+01   6.1829342e+01   1.0000000e+00   1.0625691e-02
   9.8924447e-01   6.2542627e-01   5.3827899e-04   3.9992208e-01   3.9548374e-05   1.9544338e-08   1.6550069e-04   4.0223103e-01   2.0164468e-01   7.0155658e-01   7.2946893e+01   4.3688586e+01   1.2681153e+00   1.0000000e+00   1.0620410e-02
   9.3108892e-01   3.6299146e-01   7.6670090e-04   4.0007963e-01   0.0000000e+00   4.0377559e-08   4.4614213e-04   3.9934653e-01   2.0086963e-01   6.9941357e-01   3.9297547e+01   6.8962706e+01   8.0124794e+00   1.0000000e+00   1.0544314e-02
   6.1642299e-01   9.7961170e-01   6.9609853e-04   4.0148891e-01   3.1151189e-04   3.6977542e-08   0.0000000e+00   4.0215340e-01   2.0069879e-01   7.0069205e-01   7.0934790e+01   1.4763400e+00   4.5058742e+01   1.0000000e+00   1.0537675e-02
   4.3835233e-01   5.7418255e-01   2.1182606e-04   3.9917166e-01   8.7252469e-04   2.0329769e-08   2.7982746e-06   4.0096573e-01   1.9874301e-01   7.0262150e-01   2.9753694e+01   2.2065530e+01   6.6394415e+01   1.0000000e+00   1.0526785e-02
   9.2256437e-01   7.4796549e-01   6.9351939e-04   3.9984551e-01   2.5837666e-05   2.1194040e-08   1.6368523e-04   4.0140074e-01   2.0119804e-01   7.0241755e-01   8.1314573e+01   2.7399764e+01   9.1249607e+00   1.0000000e+00   1.0517087e-02
   8.3988485e-01   5.5407301e-01   5.6777627e-04   3.9872478e-01   1.0569157e-03   8.1745153e-08   9.1878810e-04   4.0169087e-01   2.0021883e-01   7.0162535e-01   5.4752061e+01   4.4065351e+01   1.8838493e+01   1.0000000e+00   1.0515697e-02
   7.7552219e-01   7.5339850e-01   2.7101490e-04   3.9916172e-01   1.5102656e-04   7.1073593e-08   1.1117090e-04   3.9947173e-01   1.9752418e-01   6.9891032e-01   6.8790943e+01   2.2516570e+01   2.6429302e+01   1.0000000e+00   1.0509616e-02
   1.7992656e-01   6.1603252e-01   2.4234726e-05   4.0000556e-01   3.3185428e-06   4.1794794e-11   1.7127345e-04   4.0005228e-01   2.0027762e-01   6.9915813e-01   1.2867514e+01   8.0202047e+00   9.5202526e+01   1.0000000e+00   1.0476237e-02
   2.9784840e-01   8.5598616e-01   3.8438294e-04   3.9952135e-01   2.1213761e-04   1.6640402e-08   3.8205828e-04   4.0003192e-01   1.9959606e-01   6.9946291e-01   2.9604086e+01   4.9806858e+00   8.1530580e+01   1.0000000e+00   1.0467600e-02
   3.6461941e-01   3.1418523e-01   3.9939692e-04   4.0005245e-01   9.8398634e-05   6.8976801e-08   2.3848240e-04   4.0098402e-01   2.0262171e-01   6.9709273e-01   1.3619504e+01   2.9729141e+01   7.5538733e+01   1.0000000e+00   1.0458863e-02
   4.9159983e-01   3.7256548e-01   5.8846023e-04   4.0072542e-01   1.1034783e-04   1.2078644e-08   6.2106661e-05   3.9966296e-01   1.9955144e-01   6.9838421e-01   2.1361371e+01   3.5974512e+01   5.9295327e+01   1.0000000e+00   1.0447443e-02
   7.1523433e-02   6.5974568e-01   2.0334478e-04   3.9971743e-01   4.8090940e-05   8.1980665e-09   3.1275913e-04   3.9999596e-01   2.0009003e-01   6.9970817e-01   5.4734583e+00   2.8228572e+00   1.0769805e+02   1.0000000e+00   1.0425029e-02
   8.4058365e-01   6.8628139e-01   7.0880017e-04   3.9916556e-01   1.1545511e-03   7.7174790e-08   6.9675881e-04   4.0104587e-01   2.0014358e-01   7.0127081e-01   6.7446398e+01   3.0831653e+01   1.8638393e+01   1.0000000e+00   1.0422136e-02
   3.0990737e-01   2.2988123e-01   3.8354135e-04   3.9964230e-01   0.0000000e+00   2.7863920e-07   1.8229092e-04   3.9957365e-01   2.0085673e-01   6.9998357e-01   8.2746567e+00   2.7720700e+01   8.0153404e+01   1.0000000e+00   1.0421550e-02
   8.9845419e-01   3.8525461e-01   2.5946938e-04   4.0074829e-01   3.8093551e-05   1.0186161e-07   8.5550209e-05   3.9969223e-01   1.9999692e-01   6.9788349e-01   4.0461662e+01   6.4564109e+01   1.1870308e+01   1.0000000e+00   1.0412871e-02
   9.7497724e-01   3.6829875e-01   3.4888624e-04   4.0123139e-01   3.1930934e-05   6.2919312e-08   6.3660556e-04   3.9955423e-01   2.0099352e-01   6.9950818e-01   4.1829107e+01   7.1744742e+01   2.9148688e+00   1.0000000e+00   1.0410962e-02
   4.8278232e-01   1.3497759e-01   1.5883815e-03   3.9975671e-01   1.1505985e-04   3.2610082e-08   2.7013565e-05   4.0181893e-01   2.0004488e-01   6.9961197e-01   7.6224789e+00   4.8849703e+01   6.0500167e+01   1.0000000e+00   1.0340308e-02
   6.3296740e-01   9.6423990e-01   1.3261881e-03   4.0076802e-01   2.3384038e-04   2.1838424e-09   4.8971744e-04   3.9858904e-01   1.9926859e-01   6.9953342e-01   7.1345668e+01   2.6459479e+00   4.2904793e+01   1.0000000e+00   1.0332553e-02
   7.1095541e-01   9.0770313e-01   0.0000000e+00   3.9941503e-01   1.6757044e-04   0.0000000e+00   6.0318913e-04   4.0029928e-01   1.9920379e-01   6.9991856e-01   7.5028293e+01   7.6290107e+00   3.3604985e+01   1.0000000e+00   1.0321738e-02
   1.4032949e-01   3.1608969e-01   1.0329737e-03   4.0345493e-01   1.2177147e-04   1.4499329e-08   1.3441665e-05   4.0068733e-01   1.9874347e-01   6.9818663e-01   5.2970156e+00   1.1460936e+01   1.0266065e+02   1.0000000e+00   1.0296851e-02
   6.3044697e-01   5.6964561e-01   3.4116908e-04   3.9863829e-01   1.2639044e-04   4.7263388e-08   1.2703564e-03   4.0180704e-01   2.0236296e-01   7.0083988e-01   4.2486654e+01   3.2097708e+01   4.3719581e+01   1.0000000e+00   1.0269142e-02
   8.7939813e-01   3.5872556e-01   2.2997923e-04   4.0069980e-01   3.6732434e-05   1.0374860e-07   6.3085738e-05   3.9976330e-01   2.0002282e-01   7.0003927e-01   3.6618147e+01   6.5460296e+01   1.3999178e+01   1.0000000e+00   1.0267778e-02
   6.2342922e-01   6.5073116e-01   2.8552754e-04   3.9880814e-01   1.4671026e-04   3.5511270e-08   1.3302784e-03   4.0168858e-01   2.0191662e-01   7.0105700e-01   4.7829789e+01   2.5671822e+01   4.4397275e+01   1.0000000e+00   1.0266889e-02
   7.2682425e-01   3.8199987e-01   5.1130813e-04   3.9982945e-01   6.1946248e-05   3.9772341e-08   1.9196258e-04   3.9968782e-01   2.0000473e-01   7.0115437e-01   3.2297743e+01   5.2251350e+01   3.1777644e+01   1.0000000e+00   1.0255598e-02
   5.8367509e-01   6.9282293e-01   2.3140479e-04   3.9867838e-01   4.1992955e-04   2.0898833e-08   3.8736361e-04   3.9955169e-01   2.0197961e-01   6.9957508e-01   4.7338681e+01   2.0988563e+01   4.8736590e+01   1.0000000e+00   1.0222052e-02
   4.5695168e-01   2.3425923e-01   1.6817281e-04   4.0000914e-01   0.0000000e+00   3.4026890e-07   2.7412322e-04   4.0011372e-01   2.0099817e-01   6.9878952e-01   1.2455122e+01   4.0712994e+01   6.3185795e+01   1.0000000e+00   1.0207453e-02
   3.3637940e-01   7.3895540e-01   3.1043255e-04   3.9919395e-01   1.7993480e-04   7.6327353e-08   7.0570908e-05   3.9954110e-01   1.9835314e-01   6.9876916e-01   2.9094859e+01   1.0278098e+01   7.7676293e+01   1.0000000e+00   1.0206167e-02
   8.8992638e-01   6.3443155e-01   5.1128512e-04   3.9928721e-01   4.9164338e-04   1.9318733e-07   1.9653011e-04   3.9673579e-01   2.0076275e-01   7.0039342e-01   6.6836603e+01   3.8512198e+01   1.3030430e+01   1.0000000e+00   1.0200031e-02
   9.1492159e-01   4.1364646e-01   4.1659059e-04   4.0079360e-01   1.2096708e-04   4.8322145e-08   3.7605079e-04   3.9919477e-01   2.0054104e-01   7.0064100e-01   4.4036332e+01   6.2422530e+01   9.8995922e+00   1.0000000e+00   1.0155765e-02
   1.0000000e+00   3.0014954e-01   0.0000000e+00   4.0010714e-01   3.4779546e-05   0.0000000e+00   1.7609075e-04   3.9921666e-01   2.0142632e-01   6.9991580e-01   3.4948268e+01   8.1487918e+01   0.0000000e+00   1.0000000e+00   1.0144069e-02
   8.4599362e-01   2.1091752e-01   3.5179183e-05   4.0014982e-01   3.5023603e-05   3.8181180e-08   1.3705462e-04   3.9899982e-01   2.0144464e-01   6.9962574e-01   2.0794854e+01   7.7797497e+01   1.7947949e+01   1.0000000e+00   1.0139697e-02
   8.4102702e-01   6.0659632e-01   0.0000000e+00   3.9886472e-01   1.1353188e-04   2.6266617e-08   5.1462415e-04   4.0233012e-01   2.0163310e-01   6.9995885e-01   6.0056433e+01   3.8949167e+01   1.8714280e+01   1.0000000e+00   1.0125964e-02
   7.6224553e-01   3.4762134e-01   4.1202591e-04   3.9994788e-01   8.1630519e-05   3.7804029e-08   2.4234366e-04   3.9962678e-01   2.0016025e-01   7.0122816e-01   3.0830041e+01   5.7858533e+01   2.7663141e+01   1.0000000e+00   1.0123772e-02
   3.3446969e-01   6.9098734e-01   1.4609961e-04   3.9986460e-01   2.6385694e-05   0.0000000e+00   1.7083767e-04   3.9996580e-01   2.0011943e-01   6.9870344e-01   2.6869034e+01   1.2015954e+01   7.7373642e+01   1.0000000e+00   1.0102623e-02
   1.7263128e-01   5.3475861e-01   3.7072400e-04   3.9990795e-01   3.7554711e-05   0.0000000e+00   1.3677233e-04   4.0004309e-01   2.0057776e-01   6.9952784e-01   1.0711988e+01   9.3194578e+00   9.6004573e+01   1.0000000e+00   1.0099825e-02
   6.1390222e-01   5.9023835e-01   1.0676126e-04   3.9849335e-01   7.2587824e-05   2.0088198e-08   2.4638850e-04   4.0233603e-01   2.0307492e-01   6.9947331e-01   4.3188555e+01   2.9982826e+01   4.6019230e+01   1.0000000e+00   1.0098949e-02
   2.2634826e-01   7.0446129e-01   3.4551984e-04   3.9934767e-01   2.3891374e-04   0.0000000e+00   2.6384263e-05   4.0043856e-01   2.0170788e-01   7.0007787e-01   1.8588706e+01   7.7984161e+00   9.0190414e+01   1.0000000e+00   1.0091835e-02
   7.9484561e-01   1.7768502e-01   0.0000000e+00   4.0087202e-01   4.4018623e-06   4.6887223e-08   4.5812626e-07   3.9964582e-01   1.9829471e-01   6.9982439e-01   1.6501455e+01   7.6367681e+01   2.3970078e+01   1.0000000e+00   1.0078668e-02
   7.8601833e-01   7.6666236e-01   4.9462064e-04   3.9917317e-01   1.1253791e-03   4.9269270e-08   6.8516249e-04   4.0125810e-01   2.0033063e-01   7.0171064e-01   7.0654195e+01   2.1503968e+01   2.5088673e+01   1.0000000e+00   1.0069152e-02
   7.9984877e-01   2.5225916e-01   0.0000000e+00   4.0012236e-01   6.7312747e-05   9.7362049e-09   1.5329982e-04   3.9982342e-01   2.0139683e-01   6.9947061e-01   2.3471631e+01   6.9574072e+01   2.3283416e+01   1.0000000e+00   1.0064634e-02
   5.0721191e-01   7.2333426e-01   0.0000000e+00   3.9963947e-01   3.4408035e-07   1.6676677e-08   1.3144092e-04   4.0005978e-01   2.0039200e-01   7.0128131e-01   4.2707015e+01   1.6334866e+01   5.7362879e+01   1.0000000e+00   1.0054710e-02
   8.9375107e-01   5.1148421e-01   1.3059641e-04   4.0156600e-01   4.8481148e-05   2.6039179e-08   0.0000000e+00   3.9951890e-01   1.9946683e-01   6.9901452e-01   5.3363870e+01   5.0967543e+01   1.2402895e+01   1.0000000e+00   1.0038059e-02
   6.8140150e-01   2.0269745e-01   3.1446502e-04   4.0013323e-01   0.0000000e+00   4.1614548e-08   1.5116957e-04   3.9964489e-01   2.0000740e-01   7.0033367e-01   1.6027974e+01   6.3045413e+01   3.6971834e+01   1.0000000e+00   1.0027220e-02
   3.5144228e-01   5.4728157e-01   0.0000000e+00   4.0042624e-01   1.2211510e-04   7.1985317e-09   6.3607470e-05   4.0044972e-01   2.0041458e-01   6.9918804e-01   2.2340090e+01   1.8480013e+01   7.5330131e+01   1.0000000e+00   1.0025777e-02
   8.4941727e-01   2.5862512e-01   2.8352374e-05   4.0016562e-01   3.3322617e-05   2.7185331e-08   1.5284628e-04   3.9928500e-01   2.0142625e-01   6.9971763e-01   2.5575491e+01   7.3314713e+01   1.7531027e+01   1.0000000e+00   9.9994537e-03
   5.1408871e-01   3.3909503e-01   4.3352891e-04   4.0073888e-01   9.9281878e-05   8.5562050e-09   5.5045579e-05   3.9955871e-01   1.9936830e-01   6.9830620e-01   2.0350028e+01   3.9662729e+01   5.6723431e+01   1.0000000e+00   9.9705824e-03
   9.2271193e-01   3.5559338e-01   1.3798111e-04   4.0040205e-01   1.3576768e-05   6.0221168e-08   3.5772887e-04   3.9984383e-01   2.0119549e-01   6.9964055e-01   3.8136743e+01   6.9111436e+01   8.9833075e+00   1.0000000e+00   9.9590023e-03
   8.2793272e-01   4.6125259e-01   1.9580964e-03   3.9990496e-01   1.9682541e-04   1.7964872e-08   1.5475577e-04   4.0255999e-01   2.0022455e-01   7.0006651e-01   4.4979178e+01   5.2536109e+01   2.0266369e+01   1.0000000e+00   9.9474773e-03
   9.4436880e-01   3.0463528e-01   4.1425936e-04   4.0026414e-01   8.8918874e-06   3.5803167e-08   1.7208310e-04   3.9935221e-01   2.0103270e-01   6.9978338e-01   3.3439056e+01   7.6328451e+01   6.4662215e+00   1.0000000e+00   9.9151921e-03
   8.2194147e-01   6.5957713e-01   6.8946799e-04   3.9954204e-01   1.3078407e-03   8.7210785e-08   8.0446977e-04   4.0150667e-01   2.0028822e-01   7.0107055e-01   6.3438160e+01   3.2741889e+01   2.0835642e+01   1.0000000e+00   9.8892374e-03
   4.4882671e-01   3.2725109e-02   9.3732562e-04   4.0117309e-01   3.7650163e-05   1.0463525e-07   4.0088973e-04   3.9847966e-01   2.0167053e-01   6.9810402e-01   1.7315022e+00   5.1179006e+01   6.4975765e+01   1.0000000e+00   9.8858222e-03
   9.1829923e-01   2.8271098e-01   5.4795564e-04   4.0087509e-01   4.8202025e-06   3.9689792e-08   0.0000000e+00   3.9950015e-01   2.0073929e-01   7.0085117e-01   3.0228774e+01   7.6695880e+01   9.5130506e+00   1.0000000e+00   9.8692275e-03
   3.3019148e-01   6.9271794e-01   2.2551062e-04   3.9999202e-01   1.9589198e-04   1.7921420e-08   1.4861300e-04   3.9980254e-01   1.9892697e-01   6.9972556e-01   2.6594931e+01   1.1797219e+01   7.7880232e+01   1.0000000e+00   9.8571723e-03
   7.5157397e-01   1.0485920e-01   5.5534670e-04   3.9970542e-01   7.8869172e-06   7.7762222e-09   3.8900022e-04   3.9715457e-01   2.0095442e-01   6.9941104e-01   9.2867291e+00   7.9277065e+01   2.9273967e+01   1.0000000e+00   9.8490994e-03
   2.9404685e-01   6.6473364e-01   0.0000000e+00   3.9923288e-01   8.2791740e-04   2.0441735e-08   6.9151797e-05   4.0024762e-01   1.9895638e-01   7.0131323e-01   2.2840972e+01   1.1520118e+01   8.2494744e+01   1.0000000e+00   9.8485264e-03
   1.1380769e-01   6.8240730e-01   4.2980839e-04   3.9999350e-01   2.1429864e-04   0.0000000e+00   1.5005029e-04   3.9911371e-01   1.9893129e-01   6.9972354e-01   9.0428837e+00   4.2085625e+00   1.0318573e+02   1.0000000e+00   9.8410811e-03
   7.2008938e-01   9.0235973e-01   7.9208713e-05   4.0004137e-01   3.0421484e-04   0.0000000e+00   6.8227268e-04   3.9919928e-01   1.9998509e-01   6.9957146e-01   7.5482986e+01   8.1676730e+00   3.2516390e+01   1.0000000e+00   9.8339842e-03
   2.1153503e-01   5.2636503e-01   6.2165518e-04   3.9966728e-01   1.0131516e-04   0.0000000e+00   3.0535482e-05   4.0141204e-01   2.0169772e-01   6.9952016e-01   1.3015082e+01   1.1711260e+01   9.2163716e+01   1.0000000e+00   9.8307396e-03
   8.1135405e-01   2.7773533e-01   0.0000000e+00   4.0099321e-01   1.7437755e-06   5.6203205e-08   0.0000000e+00   3.9967238e-01   1.9999325e-01   6.9981854e-01   2.6185182e+01   6.8095879e+01   2.1921059e+01   1.0000000e+00   9.8270960e-03
   1.3107110e-02   6.4271595e-01   3.4999571e-04   3.9990111e-01   0.0000000e+00   0.0000000e+00   1.7099779e-04   3.9969671e-01   2.0041527e-01   6.9959314e-01   9.7746713e-01   5.4337131e-01   1.1451072e+02   1.0000000e+00   9.8230266e-03
   4.4820099e-01   6.1762447e-01   1.7283794e-04   3.9938257e-01   8.7670436e-04   2.5465798e-08   9.6090007e-05   4.0093215e-01   1.9742475e-01   7.0253957e-01   3.2974633e+01   2.0414820e+01   6.5729992e+01   1.0000000e+00   9.8039075e-03
   1.2247515e-01   1.3317784e-01   2.8077913e-04   3.9955204e-01   7.9107328e-05   1.2143278e-07   4.5631686e-04   4.0061435e-01   2.0098949e-01   6.9873474e-01   1.9000075e+00   1.2366686e+01   1.0221975e+02   1.0000000e+00   9.7852191e-03
   8.9850558e-01   4.2655696e-01   0.0000000e+00   4.0092206e-01   0.0000000e+00   6.3492580e-08   0.0000000e+00   3.9928866e-01   2.0000033e-01   6.9973378e-01   4.4560888e+01   5.9905555e+01   1.1800439e+01   1.0000000e+00   9.7743170e-03
   1.3678123e-01   0.0000000e+00   1.2103666e-03   4.0119658e-01   0.0000000e+00   1.0824235e-07   2.5706744e-04   4.0015636e-01   2.0173634e-01   6.9852400e-01   0.0000000e+00   1.6041352e+01   1.0123608e+02   1.0000000e+00   9.7337296e-03
   8.2176592e-01   7.7626295e-01   4.5286337e-04   3.9963916e-01   1.9393143e-04   2.4658934e-08   7.0913733e-04   4.0036918e-01   2.0032981e-01   6.9930034e-01   7.4082918e+01   2.1352421e+01   2.0699119e+01   1.0000000e+00   9.7265301e-03
   4.5383687e-01   8.9428237e-02   1.6878826e-03   3.9977016e-01   1.3758001e-04   3.2281237e-08   2.6801226e-05   4.0174225e-01   1.9993572e-01   6.9956604e-01   4.7479064e+00   4.8343898e+01   6.3892529e+01   1.0000000e+00   9.7182827e-03
   6.7652922e-01   1.0000000e+00   7.8315116e-04   4.0052480e-01   1.5545578e-05   1.0269717e-08   7.6463215e-04   3.9697780e-01   1.9904187e-01   6.9864488e-01   8.0188999e+01   0.0000000e+00   3.8340987e+01   1.0000000e+00   9.7101755e-03
   8.8460219e-01   4.3893106e-01   9.4877451e-04   4.0081026e-01   4.1064721e-06   6.6869522e-08   2.9972748e-05   3.9934693e-01   1.9925533e-01   7.0133567e-01   4.5370462e+01   5.7995341e+01   1.3484239e+01   1.0000000e+00   9.7002754e-03
   8.6835110e-01   2.6106775e-01   1.0292680e-04   4.0115619e-01   5.4797427e-06   5.2383252e-08   0.0000000e+00   3.9959074e-01   1.9830488e-01   6.9992123e-01   2.6510120e+01   7.5034863e+01   1.5395023e+01   1.0000000e+00   9.6967096e-03
   5.8492092e-01   2.7083486e-01   3.3295802e-03   3.9915715e-01   5.7332872e-05   1.9566272e-08   2.3421683e-04   3.9907246e-01   2.0004346e-01   6.9863925e-01   1.8770059e+01   5.0534383e+01   4.9180706e+01   1.0000000e+00   9.6819794e-03
   4.9690291e-01   9.3571249e-01   6.5598200e-04   4.0083223e-01   3.2910379e-04   3.0767077e-08   3.5260344e-05   4.0614724e-01   2.0063482e-01   7.0091097e-01   5.7475431e+01   3.9488118e+00   6.2189932e+01   1.0000000e+00   9.6660842e-03
   6.4779320e-01   3.4142913e-01   4.1934084e-04   3.9983147e-01   3.8230697e-05   5.2203861e-08   1.7975138e-04   3.9970108e-01   2.0000706e-01   7.0159134e-01   2.5783133e+01   4.9732197e+01   4.1057876e+01   1.0000000e+00   9.6476680e-03
   8.0787239e-01   2.6743896e-01   7.0052561e-04   3.9984045e-01   0.0000000e+00   4.1185340e-08   5.1382036e-04   3.9951404e-01   2.0098078e-01   6.9950837e-01   2.5116856e+01   6.8799362e+01   2.2335085e+01   1.0000000e+00   9.6421074e-03
   8.8639264e-01   3.6336615e-01   1.0012449e-03   4.0082991e-01   0.0000000e+00   6.9130785e-08   0.0000000e+00   3.9881691e-01   1.9867430e-01   7.0061244e-01   3.7697527e+01   6.6047764e+01   1.3296848e+01   1.0000000e+00   9.5988175e-03
   1.6323127e-01   4.0234964e-01   4.2591731e-04   3.9995356e-01   6.6023272e-05   9.0026670e-08   1.5216248e-04   4.0267005e-01   2.0240001e-01   6.9749632e-01   7.8454057e+00   1.1653570e+01   9.9957150e+01   1.0000000e+00   9.5962730e-03
   1.1620679e-01   5.3861036e-02   2.8930426e-04   3.9950714e-01   7.7353543e-05   1.1918086e-07   5.6408104e-04   4.0055143e-01   2.0058842e-01   6.9871929e-01   7.2854907e-01   1.2797910e+01   1.0287344e+02   1.0000000e+00   9.5720879e-03
   7.9354002e-01   6.0897445e-01   1.2524774e-03   3.9716446e-01   3.2090217e-06   4.6338950e-08   5.5230341e-05   4.0226374e-01   2.0148113e-01   7.0087403e-01   5.7658206e+01   3.7022624e+01   2.4633669e+01   1.0000000e+00   9.5431087e-03
   6.8606614e-01   6.9493401e-01   4.6203554e-04   4.0057728e-01   3.7946238e-04   1.5615413e-08   6.6906177e-04   3.9881314e-01   1.9938154e-01   6.9949122e-01   5.5547311e+01   2.4384467e+01   3.6575615e+01   1.0000000e+00   9.5376005e-03
   2.2253390e-01   4.3723989e-01   9.9991365e-04   4.0078293e-01   8.8723575e-05   3.5223520e-08   6.5323087e-05   3.9917384e-01   1.9992559e-01   6.9857785e-01   1.1353910e+01   1.4613323e+01   9.0721657e+01   1.0000000e+00   9.5293681e-03
   1.7366709e-01   3.5917462e-01   3.8756961e-04   4.0008836e-01   8.2992372e-05   5.9035790e-08   0.0000000e+00   4.0102246e-01   2.0232421e-01   6.9770786e-01   7.3629152e+00   1.3136627e+01   9.7539763e+01   1.0000000e+00   9.4859382e-03
   7.3390626e-01   2.6492828e-01   1.3679597e-04   4.0007291e-01   3.1357402e-05   0.0000000e+00   1.6430087e-04   3.9857685e-01   2.0151221e-01   6.9990725e-01   2.2702387e+01   6.2990191e+01   3.1069715e+01   1.0000000e+00   9.4673614e-03
   9.5016623e-01   7.4705968e-01   9.6516385e-04   4.0020401e-01   6.1751866e-04   8.0668686e-08   2.6575576e-04   4.0237481e-01   1.9935445e-01   6.9976127e-01   8.3248550e+01   2.8186390e+01   5.8444758e+00   1.0000000e+00   9.4314646e-03
   8.7340576e-01   2.3591118e-01   5.1283188e-04   4.0026753e-01   2.5411522e-06   6.2480324e-08   5.0142476e-04   3.9922705e-01   2.0055703e-01   6.9944687e-01   2.3944268e+01   7.7552692e+01   1.4711295e+01   1.0000000e+00   9.4303618e-03
   1.0000000e+00   5.6272460e-01   1.0138814e-04   4.0135319e-01   3.6105703e-05   2.8542948e-08   2.5095828e-06   3.9938162e-01   1.9941871e-01   6.9882538e-01   6.5691061e+01   5.1046436e+01   0.0000000e+00   1.0000000e+00   9.4245767e-03
   5.7436864e-01   3.6376261e-01   5.4903408e-04   4.0050438e-01   0.0000000e+00   0.0000000e+00   5.1341087e-05   3.9971922e-01   1.9943134e-01   6.9790973e-01   2.4432171e+01   4.2732982e+01   4.9772208e+01   1.0000000e+00   9.4067559e-03
   1.6646451e-01   1.6098288e-01   2.8896945e-04   3.9959521e-01   0.0000000e+00   2.8776039e-07   1.7524616e-04   3.9963211e-01   2.0143767e-01   6.9951373e-01   3.1192677e+00   1.6257127e+01   9.7023156e+01   1.0000000e+00   9.4030871e-03
   9.2341543e-01   7.7033109e-01   5.3740417e-04   3.9983317e-01   4.5606503e-04   2.9467484e-08   3.1534569e-04   4.0013219e-01   1.9903133e-01   6.9999403e-01   8.2685397e+01   2.4652081e+01   8.9021625e+00   1.0000000e+00   9.4013915e-03
   8.3406600e-01   6.9233938e-01   7.1033773e-04   3.9900763e-01   1.4466172e-03   6.6143067e-08   6.9452371e-04   4.0025390e-01   1.9976901e-01   7.0127534e-01   6.7528440e+01   3.0008175e+01   1.9404508e+01   1.0000000e+00   9.3821519e-03
   8.3586949e-01   6.8295171e-01   5.7061235e-05   4.0106855e-01   0.0000000e+00   6.3363938e-08   1.4205364e-06   3.9963073e-01   2.0023661e-01   6.9982291e-01   6.6350378e+01   3.0801993e+01   1.9076744e+01   1.0000000e+00   9.3681350e-03
   6.2137280e-01   7.1465466e-01   2.8842515e-04   3.9852802e-01   1.9782132e-04   3.5641251e-08   7.3508837e-04   4.0169706e-01   2.0155415e-01   7.0101940e-01   5.2235325e+01   2.0856377e+01   4.4537685e+01   1.0000000e+00   9.3556443e-03
   9.2406300e-01   4.7479439e-01   2.7590172e-04   3.9905550e-01   1.6449376e-04   0.0000000e+00   2.8331925e-05   4.0132069e-01   2.0055925e-01   6.9875445e-01   5.1232167e+01   5.6671734e+01   8.8672513e+00   1.0000000e+00   9.3523674e-03
   3.9374745e-01   6.1296166e-01   7.7903809e-05   3.9949111e-01   5.6685152e-04   2.6316615e-08   3.1762233e-04   4.0087439e-01   1.9829327e-01   7.0202378e-01   2.8418962e+01   1.7944398e+01   7.1385618e+01   1.0000000e+00   9.3486151e-03
   3.2499161e-01   1.1200827e-01   2.2695757e-03   3.9936207e-01   6.1487574e-05   1.6628979e-08   2.1173461e-04   3.9904268e-01   1.9995923e-01   6.9868440e-01   4.2719583e+00   3.3867709e+01   7.9216186e+01   1.0000000e+00   9.3463473e-03
   8.7316932e-01   6.2249312e-01   1.8749676e-04   3.9712774e-01   8.4269498e-04   5.8480888e-08   7.2564546e-04   4.0019194e-01   2.0024641e-01   7.0088321e-01   6.4109594e+01   3.8878844e+01   1.4959406e+01   1.0000000e+00   9.3248578e-03
   9.3724387e-01   4.7095188e-01   1.1086558e-03   3.9909892e-01   2.4410587e-04   2.3361413e-08   1.6840768e-04   4.0117644e-01   2.0249056e-01   7.0090472e-01   5.1999538e+01   5.8414158e+01   7.3930982e+00   1.0000000e+00   9.3138428e-03
   8.1975388e-01   4.7030401e-01   1.7364344e-03   3.9963519e-01   2.0553442e-04   9.0504613e-09   2.0292211e-04   4.0268682e-01   2.0004476e-01   7.0009079e-01   4.5416623e+01   5.1152027e+01   2.1233354e+01   1.0000000e+00   9.2947732e-03
   3.8341364e-01   2.4239995e-01   1.7622638e-04   3.9998041e-01   9.1570475e-06   3.4534923e-07   3.2025775e-04   4.0010173e-01   2.0089373e-01   6.9886503e-01   1.0807859e+01   3.3779028e+01   7.1702371e+01   1.0000000e+00   9.2812326e-03
   1.9410924e-01   1.0824335e-01   0.0000000e+00   3.9958583e-01   0.0000000e+00   2.5092569e-07   1.7294176e-04   3.9905420e-01   2.0164384e-01   6.9950996e-01   2.4517493e+00   2.0198597e+01   9.4038310e+01   1.0000000e+00   9.2462273e-03
   7.5621163e-01   2.3717740e-01   8.9181961e-05   4.0125903e-01   0.0000000e+00   5.4742167e-08   0.0000000e+00   3.9959606e-01   1.9851979e-01   6.9991216e-01   2.0955971e+01   6.7399708e+01   2.8484204e+01   1.0000000e+00   9.2177276e-03
   2.3736730e-01   7.1207550e-01   4.2854246e-04   3.9919702e-01   2.0250482e-04   0.0000000e+00   3.0403612e-05   4.0053295e-01   2.0175340e-01   6.9992867e-01   1.9719408e+01   7.9734535e+00   8.8973848e+01   1.0000000e+00   9.2096872e-03
   5.6527588e-01   9.6803642e-01   1.2665418e-03   4.0146733e-01   2.3660685e-04   2.4845198e-09   5.0921113e-04   3.9798013e-01   1.9832924e-01   6.9971074e-01   6.4611140e+01   2.1333940e+00   5.1329731e+01   1.0000000e+00   9.1965242e-03
   5.7365352e-02   8.3225483e-01   2.1515366e-04   3.9973375e-01   3.7392172e-05   0.0000000e+00   3.0210255e-04   4.0045217e-01   2.0005145e-01   6.9972759e-01   5.5392782e+00   1.1164695e+00   1.0936808e+02   1.0000000e+00   9.1761324e-03
   9.7527633e-01   3.7396279e-01   3.7876014e-04   4.0016983e-01   1.4912356e-05   3.1509534e-08   1.7019636e-04   3.9885760e-01   2.0063086e-01   7.0068248e-01   4.2460539e+01   7.1081610e+01   2.8783414e+00   1.0000000e+00   9.1612400e-03
   7.0296269e-01   1.0000000e+00   3.2266241e-04   4.0056239e-01   2.4979387e-04   1.0345078e-09   5.9302959e-04   3.9855982e-01   1.9879479e-01   7.0020441e-01   8.2141616e+01   0.0000000e+00   3.4708990e+01   1.0000000e+00   9.1585236e-03
   4.8577843e-01   2.7928388e-01   2.2090649e-03   4.0229804e-01   0.0000000e+00   6.6978733e-09   8.0500075e-06   3.9912536e-01   1.9899167e-01   6.9826355e-01   1.6102804e+01   4.1554674e+01   6.1033420e+01   1.0000000e+00   9.1579798e-03
   4.6003536e-01   4.0362363e-01   5.0874699e-04   4.0073922e-01   1.2598772e-04   8.0415682e-09   7.0475264e-05   3.9968799e-01   1.9940548e-01   6.9828066e-01   2.1673301e+01   3.2023509e+01   6.3026412e+01   1.0000000e+00   9.1497879e-03
   9.8647768e-01   4.2824984e-01   4.9337275e-04   4.0105626e-01   4.3472442e-05   3.6010604e-08   0.0000000e+00   3.9939887e-01   1.9893635e-01   7.0280126e-01   4.9944032e+01   6.6679556e+01   1.5986390e+00   1.0000000e+00   9.1395971e-03
   9.6696286e-01   4.3470818e-01   4.8683839e-04   4.0117080e-01   5.1047365e-05   3.5792197e-08   0.0000000e+00   3.9939147e-01   1.9895992e-01   7.0223153e-01   4.9463485e+01   6.4322010e+01   3.8875816e+00   1.0000000e+00   9.1372498e-03
   6.2675618e-01   1.4690059e-01   6.9451684e-04   3.9904541e-01   7.7102999e-05   1.3560120e-08   6.0002668e-04   3.9577644e-01   2.0059628e-01   6.9858574e-01   1.1065884e+01   6.4263180e+01   4.4859721e+01   1.0000000e+00   9.1366903e-03
   7.0801209e-01   4.8931191e-01   3.5517127e-04   3.9957996e-01   4.2648199e-06   1.0671986e-08   1.0734761e-04   4.0052887e-01   2.0027880e-01   6.9948762e-01   4.0220978e+01   4.1978080e+01   3.3899325e+01   1.0000000e+00   9.1333361e-03
   5.6708861e-01   8.8201045e-02   4.8413585e-04   3.9977117e-01   1.2571421e-05   1.3397738e-08   4.0529861e-04   3.9618748e-01   2.0071854e-01   6.9965507e-01   5.9523777e+00   6.1534098e+01   5.1518692e+01   1.0000000e+00   9.1182614e-03
   8.6636559e-01   2.6232231e-01   0.0000000e+00   4.0037718e-01   1.8843770e-05   4.8452710e-08   3.8077507e-04   3.9936829e-01   2.0149519e-01   6.9971058e-01   2.6466873e+01   7.4427606e+01   1.5562684e+01   1.0000000e+00   9.0934191e-03
   3.2606697e-01   4.0984111e-01   4.7011150e-04   3.9971620e-01   1.2977598e-05   5.1628932e-08   0.0000000e+00   4.0085493e-01   2.0251799e-01   6.9956000e-01   1.5670552e+01   2.2565124e+01   7.9027584e+01   1.0000000e+00   9.0926696e-03
   9.5170517e-01   4.2768046e-01   0.0000000e+00   3.9908223e-01   3.3355232e-04   3.4996991e-08   1.4482003e-03   4.0170694e-01   2.0115864e-01   7.0000261e-01   4.7694738e+01   6.3824826e+01   5.6591252e+00   1.0000000e+00   9.0891349e-03
   9.3974594e-01   2.5130088e-01   6.5553941e-04   4.0019884e-01   2.6525279e-05   3.6939444e-08   4.5718871e-04   3.9966311e-01   2.0089404e-01   6.9931139e-01   2.7445355e+01   8.1767771e+01   7.0024612e+00   1.0000000e+00   9.0452661e-03
   8.4280988e-01   2.6229397e-01   7.6197052e-04   3.9915551e-01   0.0000000e+00   4.1010568e-08   3.8668865e-04   3.9965752e-01   2.0051237e-01   6.9770003e-01   2.5906265e+01   7.2861789e+01   1.8420954e+01   1.0000000e+00   9.0330088e-03
   6.4994447e-01   9.9594947e-01   5.0088165e-07   3.9999224e-01   5.6222664e-04   0.0000000e+00   1.7859932e-04   4.0042363e-01   2.0038771e-01   6.9962017e-01   7.5115002e+01   3.0549287e-01   4.0620948e+01   1.0000000e+00   9.0281508e-03
   3.0754775e-01   3.7766273e-01   2.4986416e-05   4.0041943e-01   1.3310124e-04   0.0000000e+00   1.1988956e-05   4.0095277e-01   2.0063556e-01   6.9943928e-01   1.3502875e+01   2.2250919e+01   8.0500655e+01   1.0000000e+00   9.0022237e-03
   3.6801923e-01   2.2973529e-02   7.3873549e-04   3.9998785e-01   1.2839347e-05   1.5552714e-07   2.3008015e-04   3.9892132e-01   2.0235748e-01   6.9768159e-01   9.9928367e-01   4.2497893e+01   7.4695497e+01   1.0000000e+00   9.0019196e-03
   5.2279740e-01   5.9824681e-01   9.5227584e-05   3.9846997e-01   5.2250998e-05   9.3408398e-09   2.3376598e-04   4.0289713e-01   2.0293160e-01   6.9972319e-01   3.7401112e+01   2.5116751e+01   5.7065484e+01   1.0000000e+00   8.9940611e-03
   7.1090462e-01   3.6328840e-01   4.0304421e-04   4.0077391e-01   4.1591789e-05   3.4700466e-08   2.7405525e-04   3.9955668e-01   1.9991714e-01   7.0077420e-01   3.0031253e+01   5.2633795e+01   3.3616440e+01   1.0000000e+00   8.9940588e-03
   9.1926791e-01   4.6259896e-01   1.1925962e-03   3.9898153e-01   2.6113204e-04   1.0376467e-08   1.5696989e-04   4.0102812e-01   2.0349910e-01   7.0264546e-01   5.1129984e+01   5.9397684e+01   9.7067786e+00   1.0000000e+00   8.9932903e-03
   8.7628410e-01   3.6452902e-01   1.3799863e-04   4.0041147e-01   2.1315406e-05   5.8610364e-08   3.5115870e-04   3.9940603e-01   2.0118418e-01   6.9964071e-01   3.7150073e+01   6.4762453e+01   1.4388256e+01   1.0000000e+00   8.9613150e-03
   7.8203676e-01   4.5236304e-01   1.1599026e-03   3.9984232e-01   1.4092754e-04   3.0731630e-08   5.5918554e-05   4.0029794e-01   2.0211844e-01   6.9968106e-01   4.1361902e+01   5.0073292e+01   2.5484111e+01   1.0000000e+00   8.9586649e-03
   1.0000000e+00   5.8843644e-01   1.3157713e-04   3.9884121e-01   1.0918652e-04   2.2681157e-08   5.8561832e-04   4.0133779e-01   2.0132954e-01   6.9948904e-01   6.8791654e+01   4.8114182e+01   0.0000000e+00   1.0000000e+00   8.9469119e-03
   3.1433035e-01   5.1418669e-01   1.5348971e-04   4.0047345e-01   1.1668509e-04   7.0949587e-09   3.9877865e-05   4.0164618e-01   2.0008046e-01   6.9997528e-01   1.8830677e+01   1.7791580e+01   7.9886558e+01   1.0000000e+00   8.9156956e-03
   9.1834349e-01   6.2753787e-01   5.1043750e-04   3.9990631e-01   4.1328665e-04   5.5608770e-08   1.8707720e-04   4.0044544e-01   1.9902715e-01   6.9982394e-01   6.6999631e+01   3.9766246e+01   9.4933202e+00   1.0000000e+00   8.8447285e-03
   8.7440648e-01   3.4299825e-01   3.3522127e-04   3.9997320e-01   0.0000000e+00   3.9191465e-09   1.4346584e-04   3.9906433e-01   2.0111475e-01   6.9980120e-01   3.4895353e+01   6.6840890e+01   1.4612670e+01   1.0000000e+00   8.8428840e-03
   3.0506733e-01   6.5003277e-01   8.7420675e-06   4.0010698e-01   0.0000000e+00   2.4577525e-08   1.5805731e-04   3.9974402e-01   2.0037942e-01   7.0097927e-01   2.3050951e+01   1.2410263e+01   8.0779400e+01   1.0000000e+00   8.8264729e-03
   7.6541553e-01   3.5016206e-01   4.2056045e-04   4.0019405e-01   8.2834642e-05   3.5813764e-08   3.8971265e-04   3.9948281e-01   2.0029922e-01   7.0178099e-01   3.1288709e+01   5.8066228e+01   2.7385491e+01   1.0000000e+00   8.8219612e-03
