   0.0000000e+00   0.0000000e+00   1.5024055e-05   1.4146574e-04   1.2605955e-05   1.3752097e-05   6.6987207e-07   0.0000000e+00   6.8414734e-05   2.4650606e-05   0.0000000e+00   1.6912336e-05   0.0000000e+00   0.0000000e+00   0.0000000e+00   0.0000000e+00   9.3620362e-06   1.0362096e-05   1.0675842e-05   3.2466068e-05   2.2305973e-04   3.3110634e-05   5.9657390e-06   0.0000000e+00   2.8218504e-05   2.2620201e-05   0.0000000e+00   1.0746831e-04   7.3474130e-06   1.1557183e-04   0.0000000e+00   1.0002792e+00   1.0000000e+00             Inf
   1.0000000e+00   3.2338775e-04   1.0664464e-04   6.1001505e-05   9.7256498e-06   1.7801591e-05   5.3012760e-05   1.3683080e-04   1.1452967e-04   1.3326629e-05   3.0306227e-04   1.5738006e-04   0.0000000e+00   2.9896015e-04   0.0000000e+00   0.0000000e+00   2.0354797e-04   3.0783531e-04   9.8779582e-05   4.5812637e-04   5.7090702e-05   0.0000000e+00   4.4166587e-05   4.3635402e-05   0.0000000e+00   0.0000000e+00   0.0000000e+00   9.4860850e-05   0.0000000e+00   0.0000000e+00   1.0000000e+00   4.5067657e-04   1.0000000e+00             Inf
   5.3557491e-04   2.3788729e-06   1.0757531e-04   9.3291039e-05   0.0000000e+00   1.1436670e-03   1.2356345e-05   6.0336002e-05   3.2044488e-03   9.1094531e-06   1.2219863e-04   4.5965593e-05   2.8048809e-05   8.4758973e-05   5.7944430e-05   0.0000000e+00   1.2613261e-04   8.4905813e-05   4.3550896e-05   2.5465714e-03   8.4432467e-05   2.0733447e-04   1.1841310e-05   1.1404019e-03   9.8702597e-06   5.2107106e-06   1.8249280e-04   1.9287351e-04   5.7979361e-06   5.6446188e-06   5.3557491e-04   9.7980824e-01   1.0000000e+00   6.0811911e-02
   3.1032897e-01   0.0000000e+00   2.0128380e-05   1.4875272e-04   1.5048735e-05   6.7756229e-05   1.8468653e-06   0.0000000e+00   5.6310295e-05   1.2146865e-05   6.0100736e-05   0.0000000e+00   0.0000000e+00   3.0187569e-05   2.0874593e-06   0.0000000e+00   4.4512862e-05   0.0000000e+00   2.2406285e-05   1.6682712e-04   4.8307125e-04   1.3408378e-05   0.0000000e+00   0.0000000e+00   5.8148678e-05   4.4386485e-04   2.0303747e-04   4.0799604e-06   0.0000000e+00   1.0331260e-04   3.1032897e-01   4.4336643e-01   1.0000000e+00   5.6150243e-02
   3.4636434e-03   1.1916071e-04   5.4886384e-06   2.5223947e-04   1.7414619e-05   7.3279591e-04   3.6881729e-05   1.5110684e-04   3.5238694e-04   0.0000000e+00   0.0000000e+00   1.5088601e-05   1.7571255e-04   0.0000000e+00   1.5514137e-04   6.2701852e-04   7.1398412e-05   2.1911592e-04   6.4723190e-06   2.7928327e-04   2.0178262e-05   8.6742838e-05   0.0000000e+00   9.5706382e-04   3.3354901e-05   2.1211179e-04   5.2332776e-04   0.0000000e+00   2.6080722e-04   6.4394618e-04   3.4636434e-03   9.4294079e-01   1.0000000e+00   5.0189219e-02
   1.8290153e-01   4.3485717e-05   3.8516745e-05   2.5411201e-04   0.0000000e+00   5.8935540e-04   2.8083502e-05   7.2292881e-05   1.6671389e-04   2.8492880e-05   2.1860017e-04   1.5759345e-04   1.9204937e-05   4.0737041e-04   2.4886206e-04   1.7912096e-04   5.5726237e-05   9.3069228e-05   2.2433002e-05   4.2781795e-04   2.3722195e-04   3.3530126e-04   1.7869027e-04   1.4237343e-03   0.0000000e+00   8.1843139e-05   5.8118379e-04   1.3484099e-05   0.0000000e+00   2.1049401e-04   1.8290153e-01   5.7382172e-01   1.0000000e+00   4.8077236e-02
   1.2162415e-01   0.0000000e+00   4.2706714e-05   3.4215450e-04   1.6283308e-05   1.5289266e-04   0.0000000e+00   7.2783029e-06   5.4968833e-05   5.9530028e-05   2.8242424e-04   2.3902733e-05   0.0000000e+00   8.4994855e-05   1.3427601e-05   1.4979004e-04   1.7064871e-04   2.6271217e-05   0.0000000e+00   9.1939878e-05   6.1611126e-05   8.3787178e-05   4.9262022e-04   2.0327880e-04   1.5700302e-04   0.0000000e+00   7.0903738e-04   5.5961472e-05   0.0000000e+00   0.0000000e+00   1.2162415e-01   6.5209458e-01   1.0000000e+00   4.4376643e-02
   5.1727766e-01   1.3411180e-04   5.6283423e-05   9.8969934e-05   1.2232718e-05   6.8692812e-04   1.2825881e-05   0.0000000e+00   4.5407130e-04   2.8766827e-05   3.5482367e-04   1.3474644e-04   1.3356868e-03   5.4069034e-04   7.5996208e-04   3.0099747e-03   1.5009692e-04   1.3547793e-03   2.0308073e-05   7.6708372e-04   1.6709181e-05   3.1332599e-04   3.3656178e-04   5.7579814e-04   7.8827745e-04   2.1912635e-03   5.5782100e-04   5.4113883e-05   1.7649731e-05   2.3642704e-05   5.1727766e-01   2.8372061e-01   1.0000000e+00   4.4001561e-02
   1.3854211e-01   1.3918630e-04   0.0000000e+00   1.9821509e-04   2.0162671e-05   9.3289001e-04   3.7456545e-05   1.2569148e-04   4.4203899e-04   7.0583882e-06   1.4554990e-04   4.9612703e-05   1.0693696e-05   2.1185429e-04   0.0000000e+00   3.5614768e-04   3.8178623e-05   1.6732050e-04   0.0000000e+00   1.4335228e-04   0.0000000e+00   9.6345529e-05   4.7784518e-06   2.7810872e-03   0.0000000e+00   4.8358759e-04   3.2029462e-04   1.7387426e-05   4.6734290e-04   1.7807084e-04   1.3854211e-01   6.2965045e-01   1.0000000e+00   4.3084180e-02
   2.0076798e-01   1.1503681e-04   0.0000000e+00   7.0690327e-04   1.0530653e-05   7.7778095e-04   4.3195638e-05   1.2702707e-04   0.0000000e+00   7.1297468e-05   1.7955522e-04   0.0000000e+00   3.2769604e-04   3.2675009e-04   6.7529634e-06   5.9084347e-05   1.3758269e-04   3.4008459e-04   4.6417711e-06   1.9168844e-05   1.9694838e-04   2.2589926e-04   2.1412183e-05   3.8655982e-04   1.9891824e-04   3.8811544e-04   1.4074090e-04   3.2422904e-04   6.5047846e-07   9.3274323e-05   2.0076798e-01   5.5318817e-01   1.0000000e+00   4.0627846e-02
   4.0036353e-01   1.0129612e-04   5.7840631e-05   2.2146175e-04   1.5254119e-05   5.0857587e-04   2.1738622e-05   0.0000000e+00   1.2193314e-04   1.2262213e-04   0.0000000e+00   1.3891880e-05   6.6924656e-06   1.2661549e-04   2.9123112e-05   4.0764291e-04   6.5866034e-05   0.0000000e+00   3.0233368e-05   5.6490016e-05   0.0000000e+00   1.2138383e-04   6.3384932e-06   1.0402573e-04   4.9269285e-05   5.7943980e-04   7.3171844e-05   3.0991611e-05   5.1191730e-05   5.2649232e-05   4.0036353e-01   3.6788854e-01   1.0000000e+00   4.0619926e-02
   9.8699657e-01   2.9138058e-04   3.7084247e-05   1.3315052e-04   4.8138665e-06   7.5149757e-05   2.7141770e-05   2.6070751e-04   0.0000000e+00   2.0923431e-05   5.3811716e-04   1.3763871e-04   8.2619104e-06   0.0000000e+00   4.7029326e-04   5.8369718e-04   1.5268707e-04   1.7480109e-04   1.5290288e-04   1.2259088e-03   2.6630297e-04   3.9572338e-04   9.6453479e-05   1.3355656e-04   6.9677134e-04   2.7961693e-05   5.3786509e-04   1.9130929e-04   9.8148519e-05   7.9795110e-06   9.8699657e-01   7.5772710e-03   1.0000000e+00   4.0374152e-02
   1.0960906e-01   2.9922119e-04   3.1425418e-07   1.6177756e-04   1.8778717e-05   1.0263545e-03   4.3155754e-05   1.7622354e-04   3.7300007e-04   1.3294275e-05   3.7260914e-05   3.3209797e-06   0.0000000e+00   3.4507770e-05   1.3796348e-04   5.5541263e-04   5.7219308e-07   1.6601558e-04   2.5379943e-05   3.0830201e-05   1.5517453e-05   8.2707568e-05   0.0000000e+00   7.4575820e-04   1.7155456e-04   6.2191036e-04   5.2831076e-04   4.9411885e-07   4.0272269e-04   3.0698337e-04   1.0960906e-01   6.7047604e-01   1.0000000e+00   3.9592683e-02
   2.5180792e-01   8.7781706e-06   0.0000000e+00   5.2418273e-04   2.0503121e-05   1.3576802e-03   3.7570379e-05   1.0084689e-04   0.0000000e+00   5.0684873e-05   2.2833018e-04   1.7613928e-05   3.5577420e-04   3.4263084e-04   0.0000000e+00   1.0638057e-05   1.2367779e-04   3.5547257e-04   3.9231427e-06   0.0000000e+00   3.5575486e-05   8.0541291e-05   4.6127434e-06   4.2724557e-04   1.8171854e-04   4.6763841e-05   4.0388702e-04   3.5042401e-04   2.9435811e-05   8.1460877e-05   2.5180792e-01   4.9939974e-01   1.0000000e+00   3.9513634e-02
   9.1585305e-01   3.0513796e-04   1.1312990e-04   6.1600631e-05   9.0922210e-06   0.0000000e+00   3.5909362e-05   1.6337678e-04   1.2632752e-04   1.6554683e-05   3.0782424e-04   1.3639169e-04   6.6552461e-04   3.7979336e-04   1.6594662e-04   2.8470281e-04   2.3109038e-04   2.2426218e-04   7.7947307e-05   5.1271278e-04   0.0000000e+00   1.1522849e-04   1.0060701e-04   8.5811211e-05   9.0083162e-05   2.0070791e-04   0.0000000e+00   1.1499234e-04   0.0000000e+00   5.4337716e-07   9.1585305e-01   4.3730515e-02   1.0000000e+00   3.9200991e-02
   4.6419530e-03   1.3169239e-04   1.3211129e-05   1.3398319e-04   1.5478893e-05   9.3798125e-04   3.3184262e-05   1.2113259e-04   8.0808728e-04   9.7224672e-06   6.3499516e-05   4.4354777e-06   1.1951870e-03   1.0906349e-04   0.0000000e+00   0.0000000e+00   0.0000000e+00   0.0000000e+00   3.5163517e-05   1.1554526e-04   1.0560666e-05   0.0000000e+00   9.6249028e-05   8.7217470e-04   1.5109114e-04   6.5252530e-04   2.1719869e-04   4.9485646e-05   1.9197511e-04   2.5325304e-04   4.6419530e-03   9.3373330e-01   1.0000000e+00   3.7628517e-02
   6.5703201e-01   1.2851777e-04   1.7705253e-05   1.9386195e-05   0.0000000e+00   9.1592803e-05   2.6140147e-05   5.8883492e-05   4.6902903e-04   1.1232107e-05   5.9948171e-04   5.5288607e-04   1.5603053e-04   1.1372424e-04   0.0000000e+00   4.6464447e-04   0.0000000e+00   9.1556186e-05   2.7397687e-04   8.7594792e-04   7.2372808e-04   5.3170575e-04   1.3877234e-06   4.9784184e-06   2.7645661e-05   7.6679474e-04   5.5350395e-04   5.3850615e-04   9.3369328e-04   4.2540372e-05   6.5703201e-01   1.9091594e-01   1.0000000e+00   3.7030086e-02
   1.1264811e-02   1.2464543e-04   0.0000000e+00   1.2702746e-04   2.1012793e-05   9.5166820e-04   5.5259190e-05   8.6213954e-05   3.6944456e-04   1.5186745e-05   8.6694199e-05   1.0602264e-05   8.8196985e-05   1.9260205e-04   0.0000000e+00   4.3968189e-04   4.6630530e-06   2.2249289e-04   3.1318139e-05   8.8734246e-05   7.0749421e-05   0.0000000e+00   0.0000000e+00   7.6550994e-04   7.6064292e-05   3.2762255e-04   2.8505434e-04   0.0000000e+00   4.7436876e-04   2.0069261e-04   1.1264811e-02   8.9536754e-01   1.0000000e+00   3.5594645e-02
   3.2851904e-01   1.7933882e-04   5.0698673e-05   2.1776920e-04   1.5601098e-05   5.0814835e-04   2.1778379e-05   1.5970273e-05   9.2685572e-05   1.0426628e-04   0.0000000e+00   0.0000000e+00   8.3651475e-06   1.2677678e-04   9.3724544e-05   3.9245239e-04   6.6898641e-05   0.0000000e+00   5.3674685e-05   6.6770382e-05   2.7138256e-05   8.2606896e-05   4.9577443e-06   1.4225739e-04   0.0000000e+00   5.4294728e-04   0.0000000e+00   3.4099477e-05   3.6738119e-05   5.9010664e-05   3.2851904e-01   4.2748622e-01   1.0000000e+00   3.4385821e-02
   4.2883243e-02   1.4110964e-05   1.0987650e-05   1.3527987e-04   1.9079024e-05   1.1411219e-05   0.0000000e+00   0.0000000e+00   0.0000000e+00   3.5999654e-05   1.1901233e-04   0.0000000e+00   4.7933475e-05   0.0000000e+00   0.0000000e+00   0.0000000e+00   2.0336789e-05   9.2360286e-05   0.0000000e+00   0.0000000e+00   2.2203214e-04   0.0000000e+00   5.1886836e-06   2.6615960e-05   4.5817491e-05   4.9170860e-05   1.3895173e-04   1.3381192e-04   0.0000000e+00   1.0400638e-04   4.2883243e-02   7.9326009e-01   1.0000000e+00   3.3349479e-02
   1.0598281e-01   3.1362856e-04   0.0000000e+00   1.3101474e-04   1.9193334e-05   9.6493746e-04   3.6210055e-05   1.9543095e-04   3.7898940e-04   1.2885532e-05   0.0000000e+00   4.1278204e-05   1.2476583e-05   0.0000000e+00   1.6364890e-04   5.5379807e-04   1.0287116e-05   1.6733952e-04   0.0000000e+00   0.0000000e+00   1.3489423e-04   1.1399910e-04   3.4679500e-06   7.7630390e-04   1.7218076e-04   6.7756555e-04   5.9469847e-04   0.0000000e+00   3.2191086e-04   3.2967486e-04   1.0598281e-01   6.7604180e-01   1.0000000e+00   3.0973906e-02
   3.5959081e-02   1.2048568e-05   4.4841017e-05   4.2492273e-04   1.5941066e-05   1.4999938e-04   3.8138435e-06   0.0000000e+00   7.1449425e-05   7.7168351e-05   3.0203105e-04   0.0000000e+00   0.0000000e+00   9.5899781e-05   1.3430446e-05   1.4349563e-04   1.4408661e-04   1.3965010e-05   0.0000000e+00   4.1406078e-05   5.7626906e-05   6.6315518e-05   5.0751653e-04   2.0185608e-04   1.5908270e-04   0.0000000e+00   7.0921794e-04   5.9371175e-05   1.9855711e-05   0.0000000e+00   3.5959081e-02   8.1130819e-01   1.0000000e+00   3.0697214e-02
   5.5026911e-02   0.0000000e+00   1.0508879e-05   3.6740177e-04   1.4098677e-05   2.4694394e-04   1.4580416e-05   1.0596893e-05   9.7254089e-06   1.7663014e-05   1.5252341e-04   7.8856739e-05   7.7807871e-05   6.0130408e-05   0.0000000e+00   1.1471057e-05   3.3995749e-06   3.7005793e-05   1.2028567e-04   0.0000000e+00   1.7274145e-04   0.0000000e+00   9.4541500e-06   1.3447211e-04   7.1672203e-05   1.3929363e-04   3.3030516e-05   1.6614668e-04   0.0000000e+00   8.7631078e-05   5.5026911e-02   7.6598274e-01   1.0000000e+00   3.0578520e-02
   9.0168991e-01   2.5422217e-04   3.6669980e-05   5.1615339e-05   4.6575288e-06   7.2201125e-05   2.8367941e-05   2.9278314e-04   2.4166459e-05   2.3183888e-05   3.3884849e-04   1.5430060e-04   2.9745697e-04   7.9398832e-05   2.9986275e-04   0.0000000e+00   1.3004046e-04   2.1499862e-04   1.5231296e-04   9.3380220e-04   2.6944856e-04   2.8100082e-04   9.0629139e-05   3.7178979e-04   3.8664455e-04   3.7454062e-05   1.2667846e-03   1.5324756e-04   7.3590824e-05   1.0098358e-05   9.0168991e-01   5.1458620e-02   1.0000000e+00   3.0348110e-02
   2.3741899e-01   2.1362488e-05   0.0000000e+00   4.5203927e-04   2.0533243e-05   1.5159900e-03   3.3263211e-05   1.0346286e-04   0.0000000e+00   5.1732399e-05   1.6976376e-04   1.8381507e-05   2.6892923e-04   3.4413152e-04   0.0000000e+00   0.0000000e+00   1.1840856e-04   3.3902196e-04   3.4153467e-06   0.0000000e+00   4.2322811e-05   7.9586046e-05   7.9385904e-06   3.5408180e-04   2.1034549e-04   3.6671410e-05   5.6343549e-04   3.1987331e-04   1.7619789e-04   1.1913498e-04   2.3741899e-01   5.1400411e-01   1.0000000e+00   3.0343469e-02
   8.3646040e-03   1.0623883e-04   9.9109980e-06   0.0000000e+00   1.6132304e-05   8.9594484e-04   3.6592102e-05   1.1197849e-04   1.1903421e-03   1.7767549e-06   6.7518948e-05   1.1243727e-05   8.1219737e-05   2.1583926e-04   0.0000000e+00   4.5907734e-04   2.2248765e-05   2.1542591e-04   3.9078454e-05   1.1847044e-04   2.0595363e-05   1.0576219e-04   8.4020367e-06   9.6905086e-04   1.0148571e-04   3.4290504e-04   0.0000000e+00   4.3715182e-05   2.1198883e-04   2.5973039e-04   8.3646040e-03   9.1021884e-01   1.0000000e+00   3.0069697e-02
   9.7860145e-02   0.0000000e+00   9.9443318e-05   1.0543503e-04   0.0000000e+00   7.8895392e-04   1.2008502e-05   6.0294055e-05   2.7478164e-03   9.5294610e-06   1.6256239e-04   4.3496453e-05   7.9795443e-05   8.5970382e-05   6.8564542e-05   3.2111603e-05   1.2295826e-04   4.7840104e-05   4.8361738e-05   3.1173835e-03   5.6483209e-05   1.9940081e-04   1.7273793e-05   1.3319771e-03   0.0000000e+00   1.4396304e-05   1.8391184e-04   1.8670349e-04   5.3577317e-06   1.0694477e-05   9.7860145e-02   6.8969773e-01   1.0000000e+00   2.9596510e-02
   1.4733564e-01   1.0987062e-04   1.8926429e-05   1.6611324e-04   2.1808670e-05   1.4760232e-04   5.1564592e-06   0.0000000e+00   7.6940796e-05   1.7207572e-04   1.2346235e-04   0.0000000e+00   5.3886427e-05   8.0864038e-05   0.0000000e+00   8.6191512e-05   2.1765585e-05   0.0000000e+00   0.0000000e+00   1.0817795e-05   0.0000000e+00   4.1564533e-05   7.5647645e-06   6.1893862e-05   2.2188233e-05   2.4425896e-04   1.5961419e-04   1.2132501e-04   4.3437571e-05   6.8531339e-05   1.4733564e-01   6.1662470e-01   1.0000000e+00   2.8599739e-02
   9.2714391e-01   2.6194563e-04   9.0865511e-05   0.0000000e+00   1.2032524e-06   2.0985219e-05   4.3801439e-05   2.0938834e-04   1.0953186e-04   2.2462052e-05   3.1463686e-04   1.4959989e-04   2.9316824e-05   3.6957463e-04   0.0000000e+00   2.1820153e-04   3.1931007e-04   2.4382605e-04   9.8178353e-05   5.4453863e-04   5.0075688e-06   0.0000000e+00   1.4407185e-05   0.0000000e+00   6.4742264e-06   3.5744775e-04   0.0000000e+00   1.2715232e-04   1.4441469e-04   7.0694120e-06   9.2714391e-01   3.7713987e-02   1.0000000e+00   2.8437097e-02
   7.6861593e-01   1.1374300e-04   1.4379656e-05   3.5113516e-05   2.2299743e-06   0.0000000e+00   1.7713467e-05   8.1164452e-05   4.1688097e-04   2.4017920e-07   5.5829979e-04   4.3895710e-04   1.2736337e-04   1.3392845e-04   0.0000000e+00   5.6512424e-04   5.9938939e-05   1.9591430e-04   1.0187406e-04   8.8978795e-04   1.2484048e-03   4.7618528e-04   2.2267279e-06   3.0109566e-05   6.5919573e-06   5.5386736e-04   8.7698957e-04   3.9766547e-04   4.2591684e-04   4.0396256e-05   7.6861593e-01   1.2465470e-01   1.0000000e+00   2.7591915e-02
   9.4667877e-01   2.6781018e-04   3.2929043e-05   2.9300808e-05   2.6241055e-07   8.0142009e-05   3.5677053e-05   2.9354198e-04   7.0203357e-06   3.6071935e-06   4.0663789e-04   1.4721127e-04   3.1507358e-07   2.8480515e-04   3.1162008e-04   9.5637105e-05   1.5106828e-04   2.5388784e-04   1.2408462e-04   9.0697162e-04   3.3047148e-04   2.7850848e-04   6.8113642e-05   1.6218653e-04   4.0204520e-04   3.0717060e-05   1.1725558e-03   1.1760864e-04   9.9352428e-05   0.0000000e+00   9.4667877e-01   2.7997440e-02   1.0000000e+00   2.7330796e-02
   6.2464193e-02   0.0000000e+00   4.0142884e-05   1.5715890e-04   1.7498397e-06   5.9912254e-05   7.1771943e-06   0.0000000e+00   1.4223888e-06   1.1720116e-05   0.0000000e+00   1.7475554e-06   0.0000000e+00   9.4591360e-06   0.0000000e+00   0.0000000e+00   0.0000000e+00   0.0000000e+00   2.9533953e-05   1.7294196e-04   4.2657568e-04   0.0000000e+00   8.0788096e-08   0.0000000e+00   0.0000000e+00   4.5759917e-04   3.3430290e-04   3.2419315e-05   0.0000000e+00   1.1098982e-04   6.2464193e-02   7.5057537e-01   1.0000000e+00   2.7324625e-02
   6.4882378e-01   2.8285718e-04   3.6910301e-05   5.5758732e-05   2.8622634e-07   3.5370140e-05   3.5357802e-05   2.4081522e-04   0.0000000e+00   3.9030198e-06   3.7848318e-04   9.2673288e-05   0.0000000e+00   2.7145761e-04   3.5855615e-04   1.0231750e-04   1.4902542e-04   2.2750569e-04   9.3458840e-05   1.1742720e-03   3.3393799e-04   3.1916319e-04   4.0233928e-07   2.4947819e-04   5.0635750e-04   4.7901590e-05   1.5266432e-03   1.5489196e-04   9.9440637e-05   2.1452627e-05   6.4882378e-01   1.9576463e-01   1.0000000e+00   2.7128850e-02
   5.3031620e-01   1.1497953e-04   1.5772436e-06   6.6489357e-05   0.0000000e+00   1.2156825e-05   1.9441680e-05   1.0831877e-04   2.4631477e-04   0.0000000e+00   4.3929147e-04   3.3192238e-04   1.5234915e-04   5.9178030e-05   1.3801897e-05   3.5463196e-04   8.6336640e-05   3.1151287e-04   7.2190080e-05   1.1125115e-03   3.3987926e-04   4.6199008e-04   2.3605568e-05   0.0000000e+00   5.7551441e-05   1.3526154e-03   7.2132068e-04   3.0211764e-04   0.0000000e+00   0.0000000e+00   5.3031620e-01   2.7310674e-01   1.0000000e+00   2.6729100e-02
   7.5753236e-01   2.6131332e-04   6.5777144e-06   1.1477543e-04   0.0000000e+00   0.0000000e+00   2.3863531e-05   1.2589642e-04   1.4362629e-04   0.0000000e+00   4.7610218e-04   3.4454010e-04   7.8700039e-05   8.8489500e-05   2.2355477e-05   2.9601243e-04   5.7452340e-05   2.7094114e-04   1.1613609e-04   9.9858130e-04   1.4570881e-03   6.4134137e-04   4.3879086e-05   2.7803714e-05   7.2989415e-05   5.1125657e-04   6.8328791e-04   4.3324084e-04   9.5123659e-05   1.7675594e-05   7.5753236e-01   1.3093595e-01   1.0000000e+00   2.6697453e-02
   3.8603172e-01   9.9862550e-05   6.8695438e-05   2.0390570e-04   1.5227634e-05   4.0891277e-05   1.8203729e-05   2.1585825e-05   1.0923881e-04   1.4821426e-04   1.1956251e-04   9.4394378e-06   4.1624263e-06   1.2804677e-04   9.1434280e-06   2.2891245e-04   6.2158912e-05   0.0000000e+00   4.4382498e-06   0.0000000e+00   8.5633026e-06   8.6141293e-05   1.3137382e-05   6.5289389e-05   5.0080699e-05   4.0146930e-05   1.1761693e-05   3.2118598e-05   1.5978665e-05   6.1219996e-05   3.8603172e-01   3.7904409e-01   1.0000000e+00   2.6618056e-02
   3.0957330e-02   1.1504233e-04   7.9887481e-06   1.2492391e-04   1.4778347e-05   7.6939945e-04   3.7914730e-05   1.2613505e-04   7.1837236e-04   0.0000000e+00   7.0995231e-05   9.8529941e-06   8.3082055e-05   2.1621707e-04   6.2619278e-07   3.3363644e-04   0.0000000e+00   2.0605897e-04   2.8962687e-05   1.4015736e-04   0.0000000e+00   1.0216353e-04   9.2364679e-06   7.2695646e-04   8.3715137e-05   3.5182086e-04   2.2145505e-04   4.2086853e-05   2.6564379e-04   2.0450678e-04   3.0957330e-02   8.2547163e-01   1.0000000e+00   2.6295408e-02
   6.7217657e-01   9.9289289e-05   1.5818351e-05   8.2458982e-05   0.0000000e+00   3.2080620e-06   1.9174616e-05   7.0838978e-05   2.2469637e-04   3.1173221e-07   5.3231468e-04   4.3662798e-04   2.0627427e-04   2.8185469e-06   7.1635940e-05   5.0827361e-04   9.5551756e-05   1.5838976e-04   4.7105923e-05   1.2756015e-03   2.4975497e-03   5.1144242e-04   2.6068596e-05   5.7883203e-04   0.0000000e+00   9.3847869e-04   9.0129963e-04   4.6532359e-04   8.7534376e-04   1.6329158e-05   6.7217657e-01   1.8208967e-01   1.0000000e+00   2.5768325e-02
   5.0558480e-01   1.4493569e-04   4.4915928e-05   4.8851861e-06   1.1591336e-05   7.0045298e-04   1.5944438e-05   2.6448675e-05   3.7445801e-04   3.1285851e-05   3.1505850e-04   9.7252565e-05   1.3642482e-03   5.5215686e-04   8.7786331e-04   2.4989141e-03   1.6651768e-04   2.6964469e-03   7.7103766e-05   9.7461431e-04   0.0000000e+00   3.4444270e-04   3.6237549e-04   7.2941333e-04   1.2731317e-03   2.5918044e-03   6.1281208e-04   1.2187826e-04   9.1116178e-06   5.8948567e-05   5.0558480e-01   2.9237360e-01   1.0000000e+00   2.5647039e-02
   1.5130324e-02   1.1112519e-04   3.5478636e-06   1.5314926e-04   1.7893989e-05   8.0311192e-04   3.4624623e-05   1.4007873e-04   3.6042184e-04   3.4520587e-05   4.8053224e-05   2.0412706e-05   1.1794915e-04   0.0000000e+00   1.3966142e-04   6.3081852e-04   5.7112438e-05   1.1170038e-04   7.1245528e-06   1.9402456e-04   0.0000000e+00   9.3879213e-05   2.4001376e-05   8.1566384e-04   6.6233651e-05   1.8648572e-04   3.9336223e-04   0.0000000e+00   2.6186459e-04   5.7091158e-04   1.5130324e-02   8.7856679e-01   1.0000000e+00   2.5582895e-02
   2.9011003e-01   0.0000000e+00   3.5172029e-06   9.9876105e-04   1.7599722e-05   1.0092649e-03   4.3327022e-05   9.8482767e-05   0.0000000e+00   4.8163597e-05   2.4027540e-04   0.0000000e+00   1.5600195e-04   2.7647200e-04   0.0000000e+00   5.9008265e-07   1.1699574e-04   3.6114428e-04   5.1113129e-06   0.0000000e+00   4.4001169e-05   0.0000000e+00   0.0000000e+00   2.4875961e-04   2.9598076e-04   4.2020963e-06   3.2249961e-04   3.0450378e-04   3.7781207e-05   1.0931831e-04   2.9011003e-01   4.6245701e-01   1.0000000e+00   2.5391638e-02
   1.3035466e-01   1.0198195e-04   8.3644415e-06   1.4371951e-04   1.4350578e-05   7.9330677e-04   3.7327214e-05   1.2753049e-04   1.0401985e-03   6.9083033e-06   1.3143102e-04   6.5953299e-05   6.8869187e-05   2.1509237e-04   9.0633895e-06   2.3650626e-04   3.8819513e-05   1.8003749e-04   4.6451155e-05   1.4878124e-04   0.0000000e+00   1.5024110e-04   7.5868979e-06   9.9328064e-03   1.7391822e-04   3.4404056e-04   2.8939801e-04   6.3668037e-05   2.2028222e-04   2.2356536e-04   1.3035466e-01   6.4272342e-01   1.0000000e+00   2.5388991e-02
   2.9911435e-01   9.9832247e-06   0.0000000e+00   5.6540237e-04   1.8677465e-05   1.5012557e-03   3.9750087e-05   9.7740405e-05   1.4132701e-04   5.5389018e-05   1.9062438e-04   5.1060098e-07   3.1860988e-04   3.3463964e-04   0.0000000e+00   0.0000000e+00   8.9953507e-05   3.3779066e-04   6.2127774e-06   0.0000000e+00   5.9091868e-05   9.1455763e-05   0.0000000e+00   1.9368219e-04   2.2634118e-04   3.9655070e-05   3.5312996e-04   2.4431859e-04   5.8108668e-05   8.4505284e-05   2.9911435e-01   4.5422720e-01   1.0000000e+00   2.4505762e-02
   6.1971075e-01   1.1897796e-04   1.1317408e-05   3.4840691e-05   8.4298271e-07   1.0513431e-04   2.4615792e-05   5.4318584e-05   1.1859782e-03   1.1235478e-05   6.0548100e-04   4.1658383e-04   1.2985165e-04   0.0000000e+00   0.0000000e+00   4.4977632e-04   2.9222156e-05   8.5773485e-05   2.8810698e-04   8.7717061e-04   8.2497184e-04   5.7973432e-04   1.3857738e-06   2.6746409e-05   2.6584757e-05   7.9650655e-04   1.0271409e-03   7.3807942e-04   9.1493996e-04   6.5463074e-05   6.1971075e-01   2.1455853e-01   1.0000000e+00   2.4368135e-02
   7.3752669e-01   1.2933883e-04   1.4379524e-05   5.0429918e-05   3.0216866e-07   4.1730694e-05   2.1662709e-05   1.5308423e-04   2.4950905e-04   4.6328331e-06   4.1224735e-04   2.9179285e-04   6.3886410e-04   6.3656426e-05   0.0000000e+00   8.3350877e-04   8.9856420e-05   3.3461890e-04   7.2860803e-05   1.0803547e-03   5.2444965e-04   4.8104826e-04   7.0775853e-05   1.0658748e-04   1.7876972e-04   2.8407695e-04   7.0189304e-04   2.0542756e-04   5.0525773e-07   4.7438200e-05   7.3752669e-01   1.4246120e-01   1.0000000e+00   2.4319329e-02
   1.6085896e-02   1.0629158e-04   5.6435731e-06   9.5414300e-05   1.8505808e-05   5.9712943e-04   4.0109951e-05   1.3351390e-04   3.6206785e-04   3.5320769e-05   6.8566845e-05   3.9928485e-05   1.1672609e-04   0.0000000e+00   1.3230786e-04   6.0657399e-04   5.5951582e-05   1.1415700e-04   1.4499898e-05   1.9988866e-04   0.0000000e+00   1.0199194e-04   2.4482651e-05   7.8017685e-04   6.6121540e-05   1.8278280e-04   4.0293866e-04   0.0000000e+00   2.9774829e-04   3.5338541e-04   1.6085896e-02   8.7460929e-01   1.0000000e+00   2.4260166e-02
   3.4566909e-01   0.0000000e+00   1.1437797e-04   1.7184892e-04   4.1758733e-06   1.6046994e-03   2.4270707e-05   7.2684619e-05   1.7707155e-03   7.6811870e-06   3.3570139e-04   9.8741500e-05   1.4551662e-05   1.2324231e-04   7.9354998e-05   4.3511360e-05   2.8229531e-04   0.0000000e+00   3.3805975e-06   2.0671703e-03   4.5297616e-05   1.7882439e-04   1.1827046e-07   1.4007184e-03   3.9735941e-05   4.9654913e-05   1.3680703e-04   3.2270437e-04   1.2836366e-04   0.0000000e+00   3.4566909e-01   4.1406274e-01   1.0000000e+00   2.4086756e-02
   2.0005548e-02   2.2857921e-05   8.7672497e-06   3.9406709e-04   1.2472233e-05   2.0598249e-04   0.0000000e+00   6.5648318e-06   1.0776580e-05   1.7284846e-05   1.3483917e-04   5.2891480e-05   8.0215392e-05   4.6367401e-05   7.3535558e-06   2.4244535e-05   5.1574227e-06   6.1220948e-05   1.4693235e-04   0.0000000e+00   1.9587064e-04   0.0000000e+00   9.0431430e-06   3.6195794e-05   6.9615357e-05   1.3944311e-04   0.0000000e+00   1.8717376e-04   0.0000000e+00   2.9574744e-04   2.0005548e-02   8.5918517e-01   1.0000000e+00   2.3801198e-02
   3.5234481e-01   1.0188425e-04   8.4527904e-05   1.7011375e-04   1.7938974e-05   1.3183623e-04   1.6759853e-05   2.0092866e-05   2.7507740e-04   1.2549862e-04   2.3398515e-04   1.4420560e-04   2.0755711e-05   1.7211482e-04   6.8236382e-06   7.5818121e-05   2.3230770e-05   1.0152359e-05   0.0000000e+00   1.2235421e-05   3.4613458e-05   1.3497847e-04   1.1438235e-05   3.8712769e-04   5.3318898e-05   1.9520248e-04   0.0000000e+00   7.9025522e-05   1.0582483e-04   7.2434788e-05   3.5234481e-01   4.0700660e-01   1.0000000e+00   2.3703184e-02
   2.0961119e-02   1.8024314e-05   1.0862959e-05   3.3633213e-04   1.3084053e-05   0.0000000e+00   1.2425378e-06   0.0000000e+00   1.2422592e-05   1.8085029e-05   1.5535279e-04   7.2407259e-05   7.8992331e-05   4.4637441e-05   0.0000000e+00   0.0000000e+00   3.9965664e-06   6.3677565e-05   1.5430770e-04   0.0000000e+00   1.9528955e-04   0.0000000e+00   9.5244181e-06   7.0880022e-07   6.9503245e-05   1.3574019e-04   0.0000000e+00   1.3717750e-04   9.5209581e-06   7.8221264e-05   2.0961119e-02   8.5568656e-01   1.0000000e+00   2.3575403e-02
   1.6035909e-01   0.0000000e+00   2.0313080e-05   1.4306235e-04   1.4315902e-05   5.9064558e-05   3.1118857e-06   0.0000000e+00   0.0000000e+00   1.1959828e-05   7.6069574e-05   0.0000000e+00   0.0000000e+00   0.0000000e+00   1.8666516e-06   0.0000000e+00   5.2893860e-05   0.0000000e+00   0.0000000e+00   3.2407569e-04   4.5199766e-04   0.0000000e+00   7.7371068e-08   0.0000000e+00   5.8655679e-05   4.7085203e-04   3.0444041e-04   3.8193677e-06   0.0000000e+00   1.0641265e-04   1.6035909e-01   6.0007338e-01   1.0000000e+00   2.3560909e-02
   3.3970622e-01   3.0336491e-04   8.2365140e-06   5.4745219e-05   9.8177892e-06   2.2111132e-04   2.1244537e-05   1.3268590e-04   3.3695724e-04   8.9854995e-06   3.2145918e-04   1.4122888e-04   4.0321426e-05   1.5966318e-04   3.4734925e-04   2.3044551e-04   2.2609012e-04   8.7422973e-05   1.8475107e-04   2.7131369e-04   7.4582982e-05   2.5839094e-04   5.9942621e-07   0.0000000e+00   3.2139160e-04   8.5389063e-04   9.7995871e-04   1.2650373e-04   1.3542434e-04   3.4542406e-05   3.3970622e-01   4.1845280e-01   1.0000000e+00   2.3442737e-02
   4.6091207e-01   9.6227995e-05   8.5249435e-05   2.1755059e-04   1.5766969e-05   6.1077614e-05   1.8963935e-05   6.5802580e-05   1.4213110e-04   1.1435666e-04   1.4233454e-04   3.3892170e-05   1.0387216e-05   1.5980121e-04   5.5406819e-05   8.4878944e-05   2.3642232e-05   1.3309382e-04   0.0000000e+00   3.1029938e-04   3.8815958e-05   3.7580898e-06   5.0372546e-05   1.9777918e-04   1.7124027e-04   5.0105674e-05   0.0000000e+00   1.5358147e-04   7.4404610e-05   5.4016200e-05   4.6091207e-01   3.2162081e-01   1.0000000e+00   2.3199355e-02
   5.5742452e-01   2.2382251e-04   7.7692262e-06   3.3816549e-05   1.2813207e-05   2.1481202e-04   5.3246322e-06   9.9911932e-05   2.9781607e-04   3.7679914e-06   9.0050630e-04   1.7942998e-04   2.5113500e-05   3.7786017e-04   3.1141438e-05   0.0000000e+00   2.5540833e-04   1.4418976e-04   1.5287740e-04   1.0470473e-04   0.0000000e+00   2.7355888e-04   2.1635035e-06   9.7383782e-05   5.1899105e-04   1.0030489e-03   6.2347594e-04   1.3877986e-04   2.8862139e-04   2.3053670e-05   5.5742452e-01   2.5456641e-01   1.0000000e+00   2.3089939e-02
   2.2649299e-01   0.0000000e+00   6.5594760e-05   3.0802385e-04   3.2483314e-06   0.0000000e+00   2.7700744e-05   0.0000000e+00   2.2544054e-04   3.1284905e-06   4.7904263e-04   4.0401793e-04   1.4157667e-03   1.0446044e-04   9.1220717e-06   6.7481270e-04   1.1782142e-04   6.7968352e-04   1.0639262e-04   1.0622474e-03   3.3517513e-04   2.8418359e-04   2.2435765e-04   3.5910926e-04   1.3842670e-03   7.3967969e-04   2.5003232e-03   0.0000000e+00   1.9760791e-04   2.2086180e-06   2.2649299e-01   5.2685817e-01   1.0000000e+00   2.2716387e-02
   2.1119354e-01   1.3320746e-04   0.0000000e+00   1.4933467e-04   1.7182095e-05   1.0093142e-03   4.0389328e-05   1.3317042e-04   5.5308310e-04   7.1541527e-06   8.0827448e-05   1.5299069e-05   0.0000000e+00   1.8877474e-04   0.0000000e+00   3.4543515e-04   0.0000000e+00   1.7697677e-04   0.0000000e+00   0.0000000e+00   0.0000000e+00   9.2521022e-05   5.4643690e-06   2.2613518e-03   8.2062393e-05   3.3368727e-04   3.7168445e-04   3.0039850e-05   4.7015839e-04   1.5684827e-04   2.1119354e-01   5.4203279e-01   1.0000000e+00   2.2681044e-02
   8.4459666e-01   2.1362128e-04   1.2133208e-05   8.1544081e-06   9.6398061e-06   0.0000000e+00   1.1873693e-06   4.3931652e-05   2.4403671e-04   3.2441739e-06   8.1873523e-04   3.6599867e-04   4.5448847e-05   2.5836841e-04   1.5027569e-05   3.2980390e-06   2.8348766e-04   1.0929195e-04   2.7753567e-04   4.0432741e-04   8.7973137e-08   4.0167810e-04   0.0000000e+00   1.0766185e-04   1.8331656e-03   1.8545875e-03   6.2584595e-04   1.3935383e-04   1.8787281e-04   1.3704022e-05   8.4459666e-01   8.2370468e-02   1.0000000e+00   2.2632595e-02
   4.0945516e-01   0.0000000e+00   1.4733884e-04   1.3910834e-04   1.7715322e-06   1.1058908e-03   1.0130539e-05   6.6060277e-05   1.8744035e-03   8.9451494e-06   3.4843511e-04   1.1856177e-04   0.0000000e+00   1.7016379e-04   0.0000000e+00   9.7952969e-05   2.3180068e-04   0.0000000e+00   2.8481052e-06   1.8461851e-03   7.1431149e-05   7.8234058e-05   0.0000000e+00   1.5775883e-03   9.2416570e-05   0.0000000e+00   0.0000000e+00   1.6630881e-04   6.0542083e-05   1.3394513e-05   4.0945516e-01   3.6185055e-01   1.0000000e+00   2.2520165e-02
   7.0105764e-01   4.1186654e-04   1.4980607e-05   2.1663184e-05   7.8413837e-06   2.3150647e-04   2.3406983e-05   1.1033349e-04   3.1040506e-04   0.0000000e+00   3.9750165e-04   2.0124664e-04   1.5740353e-06   5.2704680e-05   5.3451377e-04   2.7622961e-05   2.3105662e-04   4.3638709e-04   2.1933138e-04   5.7970150e-04   1.2968761e-05   4.1368008e-04   1.9035226e-05   4.0659973e-04   3.8866814e-04   1.6752119e-03   8.6556396e-04   1.0157882e-04   1.2564584e-04   1.0281878e-05   7.0105764e-01   1.6412198e-01   1.0000000e+00   2.2430053e-02
   5.6618638e-01   1.2546376e-04   1.3587317e-05   0.0000000e+00   0.0000000e+00   0.0000000e+00   2.0005147e-05   8.2079093e-05   5.0086005e-04   1.0870364e-05   6.8800247e-04   5.2259320e-04   1.5313604e-04   1.1101698e-04   0.0000000e+00   5.3115811e-04   0.0000000e+00   8.2989813e-05   1.6161472e-04   8.4880868e-04   9.7338597e-04   2.9206451e-04   4.5114571e-06   4.7265387e-06   4.2680738e-05   7.2069814e-04   4.3598151e-04   5.2081587e-04   1.0662475e-03   4.2966805e-05   5.6618638e-01   2.4908721e-01   1.0000000e+00   2.2288416e-02
   8.1125274e-01   2.1488077e-04   0.0000000e+00   3.5853567e-05   8.9220042e-06   0.0000000e+00   1.3153488e-05   3.6656190e-05   2.1732045e-04   0.0000000e+00   1.2740297e-03   3.4828786e-04   6.3068639e-05   2.5894601e-04   1.4307575e-05   0.0000000e+00   2.3898317e-04   9.3125725e-05   2.7561695e-04   4.5047908e-04   0.0000000e+00   3.1460076e-04   0.0000000e+00   1.5501152e-04   1.8890149e-03   1.4918565e-03   7.4284347e-04   1.0078610e-04   2.2024108e-04   2.1986049e-05   8.1125274e-01   1.0075161e-01   1.0000000e+00   2.2171519e-02
   9.7374035e-01   2.2038423e-04   1.6895926e-04   3.8706883e-05   6.5122190e-05   1.0571513e-04   5.6237165e-05   6.4129324e-04   8.2450432e-06   1.6599649e-05   3.8760615e-04   6.9523255e-05   0.0000000e+00   2.8281281e-04   4.1468846e-04   1.0418285e-04   4.3173298e-04   4.0362098e-04   1.2151333e-04   1.2441023e-03   3.2592004e-04   2.8237406e-04   0.0000000e+00   2.1100771e-05   9.0380514e-04   1.8931271e-04   1.5317966e-03   5.1752293e-04   0.0000000e+00   0.0000000e+00   9.7374035e-01   1.4562754e-02   1.0000000e+00   2.1873947e-02
   1.5466110e-01   1.2591287e-04   3.6642882e-06   4.9710118e-04   1.4674073e-05   5.7044018e-04   3.4552898e-05   1.0142300e-04   6.7878334e-06   4.5402114e-05   9.1692034e-05   9.9884004e-06   3.3467051e-04   4.2850140e-04   0.0000000e+00   0.0000000e+00   1.0671103e-04   3.8807421e-04   3.6448524e-06   1.1371859e-04   1.4949774e-04   1.8788160e-04   2.2400026e-05   3.6411250e-04   1.9041030e-04   7.8367570e-04   9.7490099e-05   3.9411395e-04   4.8955125e-06   1.1788776e-04   1.5466110e-01   6.0802417e-01   1.0000000e+00   2.1804444e-02
   9.3444219e-01   2.5933765e-04   8.2600201e-05   0.0000000e+00   0.0000000e+00   4.0010614e-05   4.6512882e-05   1.8513513e-04   9.2967963e-05   1.8744154e-05   3.2348438e-04   1.5429566e-04   3.2325711e-05   4.2827515e-04   2.5630289e-06   2.1157410e-04   3.1865894e-04   2.3759564e-04   6.7611200e-05   6.2533716e-04   2.7988386e-06   0.0000000e+00   1.4695160e-05   0.0000000e+00   4.7299786e-06   0.0000000e+00   0.0000000e+00   1.2716327e-04   1.4407147e-04   7.2133252e-06   9.3444219e-01   3.3884250e-02   1.0000000e+00   2.1748643e-02
   7.3381996e-02   2.8417961e-04   3.1403316e-07   1.6345838e-04   1.8695373e-05   1.0211797e-03   3.5064406e-05   2.0156109e-04   3.7435303e-04   1.2300002e-05   3.7212888e-05   4.7585852e-06   0.0000000e+00   0.0000000e+00   1.7668830e-04   5.5800181e-04   0.0000000e+00   1.4739964e-04   2.5531188e-05   0.0000000e+00   1.0459220e-05   1.1003770e-04   0.0000000e+00   7.4497463e-04   1.6189022e-04   6.3413069e-04   5.8890223e-04   5.1987910e-07   4.3789969e-04   3.0761058e-04   7.3381996e-02   7.3073419e-01   1.0000000e+00   2.1713913e-02
   6.8704489e-02   1.9919657e-05   3.9908424e-05   4.5622744e-04   1.6094156e-05   1.9888939e-04   0.0000000e+00   0.0000000e+00   7.6851556e-05   1.1610734e-04   3.6177344e-04   8.0169317e-07   0.0000000e+00   8.6294917e-05   4.2739844e-06   8.2994604e-05   1.0141372e-04   0.0000000e+00   3.1993696e-07   0.0000000e+00   5.5662220e-05   7.5814024e-05   6.2552350e-04   0.0000000e+00   1.9782579e-04   1.4844937e-06   6.5702314e-04   6.7477116e-05   2.4706901e-05   0.0000000e+00   6.8704489e-02   7.3876574e-01   1.0000000e+00   2.1289811e-02
   2.3187080e-01   5.2586692e-05   4.8700257e-05   2.5877192e-04   0.0000000e+00   6.0518658e-04   2.7373120e-05   7.2771846e-05   1.9965242e-05   2.6262022e-05   2.7394476e-04   1.8006742e-04   3.7968574e-05   3.7161432e-04   3.5136953e-04   2.2149694e-04   5.5335621e-05   1.1880976e-04   9.1841409e-06   6.5196870e-04   2.9895028e-04   3.0710814e-04   1.6580705e-04   2.2249768e-03   2.0991295e-06   0.0000000e+00   5.0229459e-04   9.7761540e-05   7.7824393e-05   2.1722099e-04   2.3187080e-01   5.2018540e-01   1.0000000e+00   2.1101315e-02
   6.3195228e-01   1.1822602e-04   0.0000000e+00   1.4073523e-04   2.4679371e-06   6.7100612e-05   1.9389782e-05   1.9160955e-04   3.2347528e-04   1.0252514e-05   6.1787117e-04   2.7505942e-04   2.1112468e-04   0.0000000e+00   3.2677499e-05   3.1608254e-04   1.0809259e-04   3.9443729e-04   1.0598337e-04   1.0908040e-03   3.0875369e-04   4.8603021e-04   1.6381357e-06   5.8040700e-06   7.8728038e-05   5.5898096e-04   6.7917320e-04   2.8387498e-04   1.2286734e-05   9.4974396e-05   6.3195228e-01   2.0626824e-01   1.0000000e+00   2.0903662e-02
   3.6804752e-01   9.4420478e-05   7.2359726e-05   1.6707446e-04   1.6221042e-05   0.0000000e+00   1.2485969e-05   2.0560271e-05   1.0095319e-04   1.2935011e-04   1.1379126e-04   9.5022729e-06   1.1800703e-05   1.6800993e-04   7.7365192e-06   1.9288212e-04   2.1753352e-05   0.0000000e+00   5.2942348e-06   0.0000000e+00   0.0000000e+00   1.1874250e-04   1.2374899e-05   7.3301239e-05   4.7857585e-05   1.2856513e-04   0.0000000e+00   7.9021732e-05   2.0874177e-05   7.5341533e-05   3.6804752e-01   3.9369843e-01   1.0000000e+00   2.0730919e-02
   8.3207522e-01   2.7741770e-04   9.4091446e-05   0.0000000e+00   6.3505969e-06   6.1325851e-08   4.6629927e-05   1.3751759e-04   8.6406873e-05   1.3502118e-05   3.0450992e-04   2.0980355e-04   9.3228530e-05   4.0047152e-04   1.3707223e-06   0.0000000e+00   2.4003864e-04   2.8373380e-04   7.6343735e-05   2.4529767e-04   0.0000000e+00   0.0000000e+00   6.9751028e-05   3.1098920e-05   0.0000000e+00   1.3706258e-04   3.4663851e-04   9.5249713e-05   4.8214774e-05   0.0000000e+00   8.3207522e-01   8.8366262e-02   1.0000000e+00   2.0729575e-02
   8.1576067e-01   1.3001350e-04   9.2974461e-06   1.1968651e-05   7.0860331e-07   8.8608511e-05   2.1667198e-05   2.6790261e-04   1.5275596e-04   0.0000000e+00   3.9689433e-04   2.9582268e-04   6.3493106e-04   1.3560006e-04   0.0000000e+00   8.6953410e-04   1.0860750e-04   3.3590121e-04   9.1639089e-05   1.0553969e-03   5.2183091e-04   4.8933288e-04   6.2302563e-05   4.4022264e-06   1.7924491e-04   2.6153256e-04   9.5948983e-04   2.0771640e-04   7.0384469e-07   5.4382445e-05   8.1576067e-01   9.8056499e-02   1.0000000e+00   2.0555462e-02
   9.4411327e-02   1.3068026e-04   5.0820779e-06   5.7239370e-04   1.3274231e-05   5.6445364e-04   4.0266169e-05   0.0000000e+00   1.1182654e-04   9.7978384e-05   1.1281630e-04   5.8957362e-06   3.3096527e-04   3.1659460e-04   0.0000000e+00   0.0000000e+00   1.2836551e-04   3.7286919e-04   0.0000000e+00   1.0275432e-04   1.6067979e-04   1.4699577e-04   3.1635800e-05   4.5828591e-04   1.9215822e-04   7.1780189e-04   0.0000000e+00   3.4492199e-04   0.0000000e+00   9.6821979e-05   9.4411327e-02   6.9406374e-01   1.0000000e+00   2.0544383e-02
   9.5998432e-01   1.9940566e-04   1.1478960e-05   0.0000000e+00   6.5712103e-06   7.6424189e-05   1.6053612e-05   4.3865001e-05   3.4641643e-04   2.9834409e-06   8.3820116e-04   3.1659929e-04   3.7360171e-05   2.3545124e-04   2.0177032e-05   0.0000000e+00   2.3930146e-04   1.2142856e-04   3.4161947e-04   3.0983243e-04   0.0000000e+00   3.0489313e-04   1.0340207e-06   0.0000000e+00   1.9559474e-03   1.4803214e-03   7.4885311e-04   1.1292856e-04   2.2279715e-04   0.0000000e+00   9.5998432e-01   2.1477737e-02   1.0000000e+00   2.0476678e-02
   2.5653736e-02   1.1206111e-04   0.0000000e+00   1.9917092e-04   2.0982671e-05   7.9335838e-04   5.9566358e-05   8.3597987e-05   4.2840855e-04   1.4139219e-05   1.4526062e-04   9.8346863e-06   1.7504195e-04   1.9110137e-04   0.0000000e+00   4.5039494e-04   9.9322870e-06   2.3894350e-04   3.1825935e-05   1.0568586e-04   6.4002096e-05   9.5524482e-07   0.0000000e+00   8.3867370e-04   4.7437349e-05   3.3771498e-04   1.2550587e-04   3.0550699e-05   3.2760668e-04   1.6301851e-04   2.5653736e-02   8.4126103e-01   1.0000000e+00   2.0425086e-02
   4.4978945e-01   2.4180386e-04   1.5622558e-05   0.0000000e+00   1.3614487e-05   1.6953069e-04   9.9423808e-06   9.4077066e-05   2.9301263e-04   0.0000000e+00   9.3026315e-04   1.0867242e-04   8.3323751e-05   3.4844732e-04   1.8220185e-05   0.0000000e+00   2.6739630e-04   1.1942360e-04   1.5447135e-04   4.7808024e-04   7.2350799e-05   2.8035301e-04   4.8666655e-06   6.1064511e-05   5.9309873e-04   9.5664433e-04   8.2528833e-04   1.9972054e-04   1.7335147e-04   2.3533882e-05   4.4978945e-01   3.3068516e-01   1.0000000e+00   2.0412493e-02
   4.5641311e-01   1.5846384e-04   6.2284938e-05   4.3551400e-06   0.0000000e+00   7.2748324e-05   5.1877197e-05   1.6491175e-04   1.1981144e-04   0.0000000e+00   2.8718836e-04   1.7349451e-04   1.0817311e-05   2.5436285e-04   1.8454750e-05   3.7285949e-05   1.7646938e-04   1.6046107e-05   1.7228574e-04   1.7069905e-03   1.3666983e-06   7.9325180e-04   1.7600565e-05   0.0000000e+00   1.4019389e-03   5.7223089e-04   1.5936243e-04   2.6467082e-04   1.4947142e-04   2.3273720e-06   4.5641311e-01   3.2582463e-01   1.0000000e+00   2.0188529e-02
   3.3279414e-01   1.1226925e-04   8.7570171e-06   1.2547910e-04   1.4687268e-05   1.4708593e-03   5.0904328e-05   1.0314394e-04   9.9357677e-04   1.0714480e-07   7.2476807e-05   6.8093366e-06   7.4029894e-05   2.3171968e-04   0.0000000e+00   3.1330052e-04   0.0000000e+00   1.9175190e-04   5.0876985e-05   1.1860219e-04   7.9164605e-06   1.6687558e-04   1.2819576e-05   1.0592742e-03   6.0045377e-04   3.4031514e-04   2.1274939e-04   4.5387038e-05   2.0275087e-04   2.5682922e-04   3.3279414e-01   4.2462871e-01   1.0000000e+00   1.9909336e-02
   2.1924211e-01   1.3127907e-04   0.0000000e+00   4.5604288e-04   1.7070084e-05   5.5373657e-04   3.9296780e-05   8.7818277e-05   0.0000000e+00   1.0568139e-04   1.1345938e-04   0.0000000e+00   3.0974136e-04   3.8886047e-04   0.0000000e+00   8.7837523e-05   1.4347916e-04   3.0372729e-04   3.8563858e-05   8.2899475e-05   1.7703852e-05   1.3974060e-04   1.8099141e-05   3.6938077e-04   1.5925835e-04   6.8985685e-04   2.0327919e-04   1.8713291e-04   0.0000000e+00   1.2150709e-04   2.1924211e-01   5.3289986e-01   1.0000000e+00   1.9812010e-02
   2.7716035e-02   1.2135201e-04   8.3716273e-06   1.2462846e-04   1.4666761e-05   8.2309009e-04   3.6320951e-05   1.1261161e-04   9.1254285e-04   0.0000000e+00   7.0822160e-05   1.0446531e-05   7.4081505e-05   2.2468059e-04   0.0000000e+00   2.9459028e-04   5.8779612e-06   2.0167798e-04   3.4677542e-05   1.2887150e-04   9.8345760e-06   1.1903539e-04   8.4952956e-06   9.7335863e-04   8.8764072e-05   3.4728891e-04   2.1967250e-04   4.9906276e-05   2.0313622e-04   2.6291644e-04   2.7716035e-02   8.3507834e-01   1.0000000e+00   1.9791230e-02
   5.3982392e-01   1.4313242e-04   1.6835811e-05   5.6875265e-05   3.5563502e-08   2.8743951e-04   2.8200736e-05   1.0960269e-04   3.9057684e-04   1.2841573e-06   1.0801562e-03   2.5916534e-04   1.5412691e-04   1.2924148e-04   1.1241228e-07   5.0556198e-04   2.6128603e-05   2.8038173e-04   1.7277299e-04   2.4699321e-03   5.3820888e-04   4.6093910e-04   1.9593625e-06   0.0000000e+00   3.4809127e-05   6.7227404e-04   6.6136417e-04   3.1800826e-04   4.3479091e-04   0.0000000e+00   5.3982392e-01   2.6708659e-01   1.0000000e+00   1.9629671e-02
   6.8476608e-01   1.1502834e-04   5.7200712e-06   6.9667967e-05   0.0000000e+00   0.0000000e+00   2.3303608e-05   1.2287998e-04   2.4147989e-04   0.0000000e+00   4.9830414e-04   3.1420828e-04   9.9727186e-05   6.2813474e-05   0.0000000e+00   3.4789766e-04   9.0125118e-05   3.1081859e-04   8.6078775e-05   1.1861010e-03   4.6264800e-04   5.2999105e-04   1.5415094e-05   0.0000000e+00   7.4540913e-05   6.9786085e-04   6.9339281e-04   2.7290997e-04   0.0000000e+00   2.9622295e-05   6.8476608e-01   1.7364987e-01   1.0000000e+00   1.9561944e-02
   8.6461795e-01   3.0843986e-04   1.0023946e-04   2.6506487e-05   9.2638951e-06   1.8164129e-05   3.5426978e-05   1.7716653e-04   1.1223431e-04   1.1847262e-05   3.0623534e-04   1.9551538e-04   1.2032207e-05   3.3932042e-04   0.0000000e+00   0.0000000e+00   2.4150259e-04   3.0367418e-04   7.3019555e-05   5.9739815e-04   6.2608729e-06   0.0000000e+00   1.4284289e-04   7.4052924e-06   1.2610485e-05   0.0000000e+00   8.9590465e-05   1.0333842e-04   2.0232385e-06   0.0000000e+00   8.6461795e-01   7.0688479e-02   1.0000000e+00   1.9271590e-02
   5.4597483e-01   8.8081854e-05   8.4875189e-05   2.1825577e-04   1.6600285e-05   6.1185944e-05   1.9954933e-05   6.5863795e-05   1.0069709e-05   1.1171977e-04   1.2328051e-04   3.0443597e-05   0.0000000e+00   1.6484565e-04   4.0800406e-05   1.0030250e-04   1.7648203e-05   1.4966170e-04   0.0000000e+00   3.0827231e-04   4.8277404e-05   0.0000000e+00   5.6882089e-05   2.2892821e-04   1.7326422e-04   0.0000000e+00   0.0000000e+00   1.6004947e-04   6.9830494e-05   7.4819599e-05   5.4597483e-01   2.6157329e-01   1.0000000e+00   1.9202015e-02
   3.4553861e-02   1.1001813e-04   4.1867086e-06   1.5229951e-04   1.4790804e-05   8.6690181e-04   3.2990741e-05   1.4013677e-04   4.4138379e-04   3.5289103e-05   0.0000000e+00   7.2101903e-05   0.0000000e+00   0.0000000e+00   1.1523251e-04   6.4354851e-04   0.0000000e+00   1.0764058e-04   1.8874316e-05   2.2664451e-04   0.0000000e+00   6.3111673e-05   3.3092947e-05   8.8475063e-04   7.6723018e-05   1.8988885e-04   3.8155524e-04   0.0000000e+00   1.6791543e-04   5.8757005e-04   3.4553861e-02   8.1562409e-01   1.0000000e+00   1.9167623e-02
   8.5429920e-01   1.7314030e-04   1.3007717e-06   1.4046938e-04   2.1809736e-06   0.0000000e+00   2.6218899e-05   1.4674396e-04   2.1193138e-04   0.0000000e+00   4.1632675e-04   3.3622372e-04   7.2332834e-05   5.9240741e-05   3.1993256e-06   2.1063760e-04   6.5331059e-05   2.0893696e-04   6.8447184e-05   1.0331244e-03   7.1838631e-04   6.9377544e-04   4.4506152e-05   4.0337550e-05   8.7777668e-05   5.3516248e-04   6.0727316e-04   3.6145169e-04   2.3238544e-06   1.3145443e-05   8.5429920e-01   7.6765621e-02   1.0000000e+00   1.9078334e-02
   3.6179470e-01   9.5959148e-05   2.9534805e-05   4.8280253e-06   4.1916310e-06   1.9261261e-04   1.2126048e-05   2.6452584e-04   2.8777583e-04   3.3392997e-05   2.8518523e-04   7.7903980e-05   3.6338458e-03   6.0610934e-04   1.2700093e-03   3.0320030e-03   2.2768049e-04   1.1704011e-03   7.8867675e-05   7.6574728e-04   0.0000000e+00   5.9312701e-04   7.0374985e-04   5.4741328e-04   6.6376523e-04   2.1728477e-03   5.8965052e-04   1.1279304e-05   0.0000000e+00   9.9168095e-06   3.6179470e-01   4.0227670e-01   1.0000000e+00   1.9043037e-02
   6.4020212e-01   1.3344274e-04   2.2511516e-05   3.8285923e-05   4.1899045e-07   3.9644381e-04   2.2010552e-05   1.5312617e-04   7.0614142e-04   4.2128252e-06   3.7188359e-04   2.9426199e-04   5.8711746e-04   6.2445017e-05   0.0000000e+00   8.0139717e-04   9.3030768e-05   3.7168461e-04   6.8049962e-05   5.0954263e-04   5.5239891e-04   4.8898192e-04   6.5343370e-05   0.0000000e+00   2.1843123e-04   2.7489135e-04   7.0047400e-04   2.1159758e-04   9.4546220e-07   4.2388342e-05   6.4020212e-01   2.0121314e-01   1.0000000e+00   1.8761464e-02
   8.3999400e-01   2.3240978e-04   1.5736308e-04   3.3557936e-05   5.8826806e-05   1.1124108e-04   5.4312645e-05   5.2016164e-04   1.4142718e-05   1.9270931e-05   3.6038291e-04   8.4826984e-05   0.0000000e+00   2.5091421e-04   4.3377383e-04   1.5772147e-04   5.1375583e-04   3.8582622e-04   1.2247284e-04   1.2450545e-03   3.2916260e-04   2.8861368e-04   0.0000000e+00   2.2195315e-05   1.0952316e-03   4.2615040e-05   2.3980643e-03   5.9042579e-04   0.0000000e+00   8.8209080e-06   8.3999400e-01   8.5091585e-02   1.0000000e+00   1.8518263e-02
   9.6968850e-01   4.0284389e-04   1.0297608e-04   0.0000000e+00   8.4095604e-06   8.3076576e-06   4.8158240e-05   1.8434690e-04   1.0553772e-04   4.8401922e-06   3.0664683e-04   1.4811729e-04   1.1281257e-05   2.8432246e-04   1.4805772e-06   1.6320974e-05   2.2135391e-04   2.7539759e-04   9.8378011e-05   8.3965294e-04   1.8613802e-06   4.5272956e-06   0.0000000e+00   4.9155660e-05   0.0000000e+00   0.0000000e+00   4.7588040e-05   1.0985981e-04   2.1416259e-06   1.9240780e-06   9.6968850e-01   1.5790093e-02   1.0000000e+00   1.8390846e-02
   4.3478084e-01   1.5836909e-04   8.5250235e-05   8.0869667e-05   4.9712668e-07   4.8683022e-05   1.1187992e-05   1.0744260e-04   2.9239694e-04   5.1674765e-07   5.5621284e-04   6.3008066e-04   3.3829875e-04   2.9660176e-05   9.0830416e-05   3.2341521e-04   0.0000000e+00   2.7685180e-04   1.6552249e-04   9.4649445e-04   7.6716839e-04   3.4384815e-04   6.4368677e-05   0.0000000e+00   1.5539174e-04   5.2316686e-04   1.1276983e-03   4.7429805e-04   4.6092906e-04   2.7879682e-05   4.3478084e-01   3.4230377e-01   1.0000000e+00   1.8244111e-02
   9.4200727e-01   2.2354248e-04   1.6913476e-04   5.3015343e-05   6.4356762e-05   9.9153440e-05   6.2180858e-05   7.0273838e-04   0.0000000e+00   1.1836572e-05   4.0382197e-04   9.1118402e-05   0.0000000e+00   3.0635821e-04   4.4336159e-04   9.8579983e-05   4.5600372e-04   4.1900895e-04   1.2567465e-04   1.2438234e-03   4.0534378e-04   1.7506008e-04   0.0000000e+00   1.6730273e-05   7.2047768e-04   1.9110605e-04   1.7779994e-03   5.0126218e-04   0.0000000e+00   0.0000000e+00   9.4200727e-01   3.0829888e-02   1.0000000e+00   1.8124391e-02
   8.1932193e-02   1.1196449e-04   4.9972354e-06   7.9900648e-05   4.5711711e-05   6.2252804e-04   3.5517734e-05   1.7006448e-04   4.2159175e-04   0.0000000e+00   2.1128853e-04   0.0000000e+00   8.9259031e-05   1.8159476e-04   2.0541892e-05   5.0372372e-04   6.2650962e-05   1.9704415e-04   0.0000000e+00   5.3804981e-04   2.1902179e-05   0.0000000e+00   1.6855865e-06   1.5597057e-03   9.6519372e-05   3.7966733e-04   4.4604505e-04   2.2128510e-05   5.1774008e-04   2.5053362e-04   8.1932193e-02   7.1551525e-01   1.0000000e+00   1.8122123e-02
   1.2723048e-01   1.6279245e-05   1.4861410e-05   3.6368354e-04   1.4037071e-05   2.8632596e-05   0.0000000e+00   0.0000000e+00   8.9241138e-06   1.0660835e-05   1.5312913e-04   6.0453627e-05   9.2629373e-05   3.1221621e-05   0.0000000e+00   0.0000000e+00   1.8133694e-05   9.1796519e-05   1.5904860e-04   0.0000000e+00   1.9570062e-04   0.0000000e+00   9.4882914e-06   0.0000000e+00   1.0608900e-05   1.3424311e-04   0.0000000e+00   1.7392642e-04   1.0351430e-05   4.6157062e-05   1.2723048e-01   6.4372540e-01   1.0000000e+00   1.8103266e-02
   9.2008347e-03   1.0616718e-04   1.6195777e-05   6.6450800e-06   4.7274702e-06   1.4318630e-04   1.9788971e-05   3.2379542e-04   4.2060135e-04   3.5744416e-05   6.6891649e-05   1.2419751e-04   3.3606357e-03   4.7296675e-04   8.7403973e-04   1.9184571e-03   1.3151714e-04   7.2444628e-04   1.0091193e-04   7.4963182e-04   1.8573598e-04   2.4531989e-04   1.7661988e-04   9.2579814e-04   4.1477368e-04   1.2431283e-03   1.1551306e-03   2.0242769e-05   6.7979871e-05   2.5183701e-06   9.2008347e-03   9.0822686e-01   1.0000000e+00   1.7754059e-02
   8.0166781e-01   2.6015205e-04   8.6686046e-06   9.9560084e-05   9.2095440e-06   0.0000000e+00   1.8770105e-05   2.9107752e-05   2.5185291e-04   2.0526000e-05   9.2253042e-04   3.2701019e-04   5.0957634e-05   2.6943571e-04   1.4011086e-05   0.0000000e+00   2.5091798e-04   9.9466086e-05   5.7727958e-04   4.0265091e-04   0.0000000e+00   2.9124598e-04   1.5244412e-05   1.5160170e-04   1.8106303e-03   1.7179351e-03   6.9764383e-04   1.0368584e-04   2.8611673e-04   1.8064548e-05   8.0166781e-01   1.0613377e-01   1.0000000e+00   1.7562242e-02
   2.6496309e-01   1.1040652e-04   1.9742982e-05   1.7635099e-04   1.5933153e-05   1.5756535e-04   7.1121289e-06   0.0000000e+00   1.0099547e-04   1.1300316e-04   1.2437673e-04   9.7470538e-06   3.7463071e-05   7.6928362e-05   0.0000000e+00   8.5026985e-05   2.7377835e-05   1.7406697e-06   3.8026541e-06   0.0000000e+00   1.3288848e-05   1.0926707e-04   3.9395493e-06   7.4272309e-05   1.5674084e-05   1.5734183e-04   0.0000000e+00   8.8265865e-05   0.0000000e+00   8.0508156e-05   2.6496309e-01   4.8562545e-01   1.0000000e+00   1.7546211e-02
   2.9797431e-01   1.3122535e-04   0.0000000e+00   1.5287242e-03   1.0714084e-05   6.0101563e-04   3.4419652e-05   1.1305473e-04   0.0000000e+00   7.4322633e-05   7.5761976e-05   5.9121501e-05   1.9623179e-04   3.4448128e-04   0.0000000e+00   0.0000000e+00   1.4639937e-04   3.7140421e-04   1.2672360e-05   3.6148164e-04   1.1784864e-04   1.5633823e-04   3.0212276e-05   3.4279841e-04   1.9416757e-04   7.4113062e-04   7.3861251e-05   3.1120580e-04   8.2267706e-09   1.1141773e-04   2.9797431e-01   4.5551546e-01   1.0000000e+00   1.7235539e-02
   4.1583100e-01   1.8721682e-04   7.4241341e-05   2.0259518e-04   2.0386364e-05   1.8123640e-05   2.1263934e-05   4.0287087e-05   3.2427363e-05   9.6527259e-05   2.1151977e-04   0.0000000e+00   2.1510755e-04   2.3007427e-04   9.1382036e-05   1.4641024e-05   4.2698678e-06   0.0000000e+00   5.5229554e-05   0.0000000e+00   4.7786814e-06   2.3327897e-04   4.9116004e-06   2.3490923e-04   1.9450224e-04   3.2873937e-05   1.0740252e-04   1.0063842e-04   4.9221258e-05   5.5117277e-05   4.1583100e-01   3.5568308e-01   1.0000000e+00   1.6857956e-02
   4.6976074e-01   1.0529314e-04   9.1787125e-06   8.0954959e-05   1.1492680e-06   1.0824999e-05   2.3513371e-05   1.2750727e-04   6.7952306e-04   0.0000000e+00   4.9223567e-04   3.1144485e-04   0.0000000e+00   3.5254009e-05   1.0450298e-04   2.6349077e-04   9.2801162e-05   3.0494373e-04   9.3380751e-05   1.2757523e-03   4.2385836e-04   4.8234457e-04   3.3414893e-05   0.0000000e+00   1.3049223e-04   5.6726167e-04   7.2253420e-04   2.9324115e-04   3.9760869e-09   2.7340754e-05   4.6976074e-01   3.1597459e-01   1.0000000e+00   1.6633264e-02
   3.7507044e-01   9.7323211e-05   8.3663376e-05   1.6324971e-04   1.7641466e-05   0.0000000e+00   1.3586240e-05   0.0000000e+00   1.5918982e-04   1.7590208e-04   2.2899763e-04   9.3469101e-05   6.2310727e-07   1.7894804e-04   5.7797675e-06   7.6106453e-05   2.2037260e-05   0.0000000e+00   0.0000000e+00   0.0000000e+00   3.8857780e-05   1.4027723e-04   1.1528422e-05   7.6642268e-05   4.6361593e-05   1.8845047e-04   2.5356124e-05   8.0048886e-05   1.1172679e-04   6.1361291e-05   3.7507044e-01   3.8802162e-01   1.0000000e+00   1.6628919e-02
