   1.0000000e+00   8.4479998e-06   1.7430843e-04   1.6415243e-04   7.8806033e-06   1.3792681e-05   1.3181937e-05   4.2348547e-05   0.0000000e+00   4.8614582e-05   0.0000000e+00   3.9484800e-05   1.7903146e-05   0.0000000e+00   7.7263720e-05   6.5877430e-05   8.9837369e-06   4.2247348e-05   5.8049462e-05   9.8112194e-08   4.9524218e-04   5.6261564e-05   4.4724930e-04   5.1249810e-07   9.2501394e-08   3.7907700e-05   6.2236468e-05   1.2075736e-04   6.2745681e-05   9.7495591e-05   1.0000000e+00   3.3571532e-04   1.0000000e+00             Inf
   0.0000000e+00   2.7633364e-05   4.2846615e-06   5.3232726e-06   1.8776293e-06   2.8562094e-05   1.2425822e-05   3.3624022e-05   8.4788495e-06   2.8249992e-05   2.6319524e-05   2.5373717e-05   1.0421322e-04   0.0000000e+00   1.9690018e-04   1.2673023e-06   7.8199827e-05   1.6619253e-04   2.2737083e-05   0.0000000e+00   0.0000000e+00   1.7638533e-05   0.0000000e+00   0.0000000e+00   7.6357793e-06   1.3009278e-05   0.0000000e+00   1.0921888e-04   1.3605039e-04   2.7111610e-05   0.0000000e+00   1.0003359e+00   1.0000000e+00             Inf
   1.0719516e-01   3.6024361e-06   8.7003370e-06   1.8004086e-04   9.8274919e-06   3.0354875e-06   9.3707192e-05   0.0000000e+00   1.7473768e-04   1.5581770e-05   8.8491633e-05   2.5742720e-05   2.9116633e-04   9.4424102e-05   2.6040608e-04   0.0000000e+00   1.6843059e-04   1.7164304e-04   4.8567834e-05   0.0000000e+00   2.6425104e-04   4.8824316e-06   1.3226276e-05   8.1375458e-06   0.0000000e+00   1.9670576e-05   4.8640561e-05   7.6237271e-05   1.6618683e-04   9.9603784e-05   1.0719516e-01   6.7320036e-01   1.0000000e+00   7.8504132e-02
   1.3681291e-01   5.3012878e-05   5.6616861e-05   9.1052581e-05   8.5172127e-06   1.1023186e-06   2.6184164e-04   2.0968585e-05   6.4730854e-06   0.0000000e+00   3.4323343e-04   2.9635541e-05   2.5157948e-04   0.0000000e+00   1.5429169e-04   5.1999516e-05   1.2191038e-04   3.0836703e-04   4.3447505e-05   2.7632805e-04   4.5067161e-04   2.9686470e-06   8.4647851e-05   5.0459098e-06   4.4602107e-06   2.4996921e-04   6.9976479e-05   4.0009172e-05   1.8034701e-04   3.4971083e-05   1.3681291e-01   6.3092807e-01   1.0000000e+00   7.2426172e-02
   7.6325915e-02   3.3762865e-05   4.9355470e-05   0.0000000e+00   5.4731914e-06   4.3467745e-05   0.0000000e+00   3.4249435e-05   1.6384415e-05   1.9973185e-05   0.0000000e+00   6.9772502e-06   1.5851558e-04   4.3634737e-06   1.3004928e-04   8.8811699e-06   1.1889397e-04   1.5990373e-04   6.2565516e-06   0.0000000e+00   0.0000000e+00   1.3760807e-05   0.0000000e+00   4.3643087e-06   6.8289462e-06   1.9079263e-05   1.7887101e-05   1.2614322e-04   1.4439844e-04   1.1503446e-04   7.6325915e-02   7.2406129e-01   1.0000000e+00   6.0889516e-02
   3.8066933e-01   5.8226472e-06   0.0000000e+00   2.7723293e-05   1.9638394e-06   2.6986228e-05   1.2065745e-04   8.5356187e-06   1.0612728e-04   1.9683662e-05   9.5322712e-05   0.0000000e+00   2.5508540e-04   6.5941667e-06   3.8499022e-04   1.0905189e-06   2.8921650e-04   1.8218138e-04   3.2190082e-05   2.2451648e-04   0.0000000e+00   2.1332300e-07   4.8394255e-05   1.2820727e-05   0.0000000e+00   3.7021253e-05   5.5392122e-05   1.6908166e-04   1.6448045e-04   1.2610811e-05   3.8066933e-01   3.8350715e-01   1.0000000e+00   5.4761216e-02
   8.9852008e-02   1.5172742e-04   1.3015185e-04   0.0000000e+00   1.7911311e-06   0.0000000e+00   5.5413197e-04   4.7943115e-05   1.0840376e-04   2.4195828e-05   3.0571359e-04   8.9232304e-05   1.2626075e-04   1.5928173e-04   2.7030975e-05   0.0000000e+00   4.8507250e-05   1.5541100e-04   0.0000000e+00   1.0850184e-04   1.2912284e-03   3.3594469e-05   1.3257208e-05   0.0000000e+00   5.4019988e-05   1.5097171e-04   7.1332783e-05   1.6480127e-04   3.4690424e-04   2.1397208e-04   8.9852008e-02   7.0140197e-01   1.0000000e+00   4.7899126e-02
   1.8699338e-01   4.1101497e-05   1.8611563e-04   2.7351416e-06   3.1842662e-06   2.8984243e-05   2.3869300e-06   3.5563055e-05   0.0000000e+00   2.7133909e-05   0.0000000e+00   9.7014828e-06   1.3031018e-04   5.6643044e-07   1.3686046e-04   0.0000000e+00   1.2079704e-04   1.9203560e-04   2.5056830e-05   0.0000000e+00   6.7366792e-06   9.2203247e-06   0.0000000e+00   0.0000000e+00   6.9133862e-06   1.7430465e-05   0.0000000e+00   1.1838394e-04   1.5797407e-04   7.0538859e-05   1.8699338e-01   5.6789615e-01   1.0000000e+00   4.7887905e-02
   1.6947178e-01   0.0000000e+00   1.5691834e-04   1.4468604e-04   2.5355926e-05   1.3333020e-06   4.3888433e-05   4.6091853e-05   7.5751566e-04   3.9504864e-05   0.0000000e+00   1.2856552e-04   1.9456899e-05   5.2505104e-05   5.1659581e-05   9.2150127e-05   1.2922326e-05   7.7765369e-05   5.9130309e-05   4.3719632e-06   7.7996987e-04   6.0078312e-05   3.6123863e-04   0.0000000e+00   0.0000000e+00   5.4863259e-07   7.8191330e-05   1.6761049e-04   0.0000000e+00   7.4887309e-05   1.6947178e-01   5.8912820e-01   1.0000000e+00   4.7224134e-02
   2.6078553e-01   3.8102587e-05   2.7172273e-06   2.3641178e-05   1.5496819e-06   2.8236350e-03   1.2329086e-04   4.8129630e-05   3.8339367e-05   7.8554945e-05   2.1870391e-04   3.1204800e-04   1.4309804e-04   9.4055094e-06   1.0992617e-05   2.6430147e-06   1.3828721e-04   8.6867297e-05   1.2845268e-05   4.7593085e-04   1.2807761e-03   3.7995729e-05   5.7381960e-06   4.3866119e-05   3.8604919e-05   6.1715170e-05   6.2963742e-06   2.1315164e-04   6.3141785e-05   5.3785010e-05   2.6078553e-01   4.9080624e-01   1.0000000e+00   4.4276070e-02
   1.4608159e-01   7.0242281e-07   8.0189145e-05   7.1060582e-05   8.3704842e-06   9.6285383e-07   2.5759624e-04   1.8915534e-05   0.0000000e+00   0.0000000e+00   2.9411586e-04   6.2905047e-06   2.7688246e-04   2.5713782e-05   1.8400973e-04   5.2638195e-05   1.4043486e-04   2.8247946e-04   4.0725416e-05   2.0716348e-04   5.0518886e-04   0.0000000e+00   8.2983134e-05   3.0663611e-06   1.1173366e-06   2.5580118e-04   7.0518130e-05   4.2562909e-05   1.6714067e-04   0.0000000e+00   1.4608159e-01   6.1856618e-01   1.0000000e+00   4.3678663e-02
   2.4453529e-01   7.0967893e-07   1.2641902e-04   7.1586235e-05   3.7547213e-06   3.4787946e-05   1.9840091e-04   1.8902387e-05   7.4716656e-06   0.0000000e+00   3.7927406e-04   8.7938695e-06   3.0023331e-04   2.0606087e-04   2.2225283e-04   5.5904495e-05   1.2138764e-04   1.4547575e-06   4.1160400e-05   2.0748044e-04   4.9598857e-04   0.0000000e+00   1.1998444e-04   7.3423223e-06   0.0000000e+00   2.4626283e-04   1.0755854e-04   4.3928378e-05   1.5000910e-04   0.0000000e+00   2.4453529e-01   5.0623717e-01   1.0000000e+00   4.3593240e-02
   3.9278550e-01   0.0000000e+00   2.3372278e-04   1.3044099e-04   1.0390576e-05   4.3439382e-05   1.0169923e-04   3.2324172e-06   2.6385047e-04   5.0299616e-05   1.9002409e-04   2.5251524e-05   4.4419382e-05   6.2002903e-06   2.3801635e-04   1.2948285e-04   0.0000000e+00   0.0000000e+00   8.8599723e-05   0.0000000e+00   9.8132044e-04   8.5946041e-05   3.8642486e-04   9.5148857e-05   6.2193602e-06   2.5686289e-05   7.3267654e-05   7.2914022e-05   5.5561031e-05   1.0735641e-04   3.9278550e-01   3.7400902e-01   1.0000000e+00   4.2346391e-02
   3.6293457e-01   3.3777447e-05   9.4022558e-05   3.5842655e-05   1.8674433e-05   1.6800795e-03   2.8071001e-04   1.3248301e-05   4.3671530e-05   5.3966948e-05   2.8454709e-04   0.0000000e+00   5.3749183e-05   1.5066841e-04   1.6358732e-04   8.0305029e-05   2.1162656e-04   3.2091265e-04   4.2038097e-05   1.5034332e-04   1.2613658e-03   9.6508027e-05   5.3958310e-05   8.5825927e-06   1.4204522e-05   2.6396562e-04   1.9570491e-04   3.6308824e-04   2.5135721e-04   4.8588542e-05   3.6293457e-01   3.9891931e-01   1.0000000e+00   4.0751917e-02
   9.1062621e-04   0.0000000e+00   3.4803994e-04   0.0000000e+00   2.9383179e-06   1.6542532e-05   0.0000000e+00   3.3886491e-05   8.4677335e-05   0.0000000e+00   6.7105063e-06   2.9814022e-05   1.1054769e-04   9.1334326e-06   1.9787485e-04   0.0000000e+00   1.2669535e-04   2.0223033e-04   0.0000000e+00   0.0000000e+00   0.0000000e+00   0.0000000e+00   0.0000000e+00   0.0000000e+00   1.0274963e-05   0.0000000e+00   2.0416637e-05   1.1284482e-04   1.2073548e-04   1.1142222e-04   9.1062621e-04   9.7029560e-01   1.0000000e+00   3.6172329e-02
   8.9706570e-01   0.0000000e+00   4.5052482e-04   1.9562523e-04   2.9799542e-05   1.6211494e-03   3.9013544e-04   5.1277340e-05   3.4772681e-05   5.3691951e-05   2.0290422e-04   1.5071231e-05   0.0000000e+00   1.9607710e-05   1.8885264e-05   7.5007208e-05   1.1186048e-04   0.0000000e+00   8.4003710e-05   2.2758171e-04   6.4856514e-05   4.8600122e-06   4.0296893e-04   1.4439053e-04   3.5345022e-06   8.3156598e-05   3.8516272e-04   3.1586950e-04   3.2716130e-04   8.1725545e-04   8.9706570e-01   5.3866579e-02   1.0000000e+00   3.3975385e-02
   8.7688057e-01   2.8218306e-05   1.9156128e-04   2.0859644e-04   8.3294985e-06   1.1053968e-05   5.0047578e-05   4.2562543e-05   7.9226249e-05   5.3640572e-05   2.3297525e-05   3.9121128e-05   2.5482986e-05   1.1064422e-05   8.2801790e-05   6.0364923e-05   0.0000000e+00   4.9250957e-05   9.0463400e-05   3.1393239e-06   3.8986269e-04   5.9763350e-05   4.2577223e-04   0.0000000e+00   1.1441601e-05   1.6915046e-05   4.7492960e-05   1.6894417e-04   0.0000000e+00   1.2288026e-04   8.7688057e-01   6.3960846e-02   1.0000000e+00   3.1995528e-02
   4.1587802e-01   0.0000000e+00   2.4308212e-04   1.3673448e-04   9.2350428e-06   2.4059504e-05   9.6425338e-05   0.0000000e+00   3.1233111e-04   4.8263572e-05   1.6393640e-04   1.5527567e-06   3.6211201e-05   9.3838719e-06   2.5866328e-04   1.1699178e-04   2.0677420e-07   0.0000000e+00   9.1251156e-05   9.6480056e-08   1.0021717e-03   1.0874829e-04   4.5169084e-04   5.6482208e-05   7.7152179e-06   1.8168736e-05   6.6420840e-05   1.4360501e-04   0.0000000e+00   1.1098931e-04   4.1587802e-01   3.5585304e-01   1.0000000e+00   3.1883119e-02
   6.0029724e-01   1.9072878e-05   4.0171252e-04   1.7007730e-04   1.3966913e-05   8.4627442e-06   2.0514350e-04   4.0751168e-05   4.1402826e-04   8.6084015e-05   5.4218710e-08   4.5117054e-06   5.0406273e-05   0.0000000e+00   7.8377853e-05   1.1388966e-04   2.2812646e-05   6.5829842e-05   1.2253453e-04   9.0346556e-05   1.2820164e-03   2.7253104e-04   4.7677125e-04   2.5136728e-05   2.0014047e-06   1.1583329e-04   6.9080908e-05   0.0000000e+00   2.2397441e-04   1.7098043e-04   6.0029724e-01   2.2607603e-01   1.0000000e+00   3.1621963e-02
   1.9142371e-01   0.0000000e+00   1.5463611e-05   7.1666912e-05   9.5409165e-06   1.2467584e-06   2.5197035e-04   1.7577100e-05   0.0000000e+00   1.8001433e-05   3.9390994e-04   7.0205454e-06   2.2531328e-04   3.0970560e-05   1.6738471e-04   1.5160570e-05   9.4500514e-05   2.0490057e-04   5.5457758e-05   1.8984578e-04   4.5937271e-04   5.5028604e-05   7.3812716e-05   2.3091183e-06   7.7429136e-07   2.9060449e-04   7.0193669e-05   4.7842787e-05   1.6086972e-04   6.4703690e-06   1.9142371e-01   5.6319223e-01   1.0000000e+00   3.0984577e-02
   2.0905639e-04   1.9560452e-05   0.0000000e+00   1.4077452e-04   1.3090322e-05   1.6477526e-04   0.0000000e+00   1.5350763e-05   4.7069765e-05   2.7629042e-05   0.0000000e+00   5.3555571e-04   2.0474741e-04   1.5955599e-04   1.9733654e-04   2.3544548e-06   1.3940927e-04   2.3484531e-04   3.4914212e-05   3.8770259e-05   0.0000000e+00   0.0000000e+00   2.4633906e-05   7.8877292e-06   7.6699206e-07   0.0000000e+00   5.4083713e-05   6.8661052e-05   2.0598948e-04   5.2062700e-05   2.0905639e-04   9.8627753e-01   1.0000000e+00   3.0950916e-02
   4.6778320e-01   2.9061085e-05   9.0277063e-05   4.1824733e-05   9.6740669e-06   1.3011989e-03   3.7549603e-04   1.4996245e-05   5.5504011e-05   4.7137767e-05   2.6945045e-04   0.0000000e+00   8.2978175e-05   1.2470764e-04   1.2147781e-04   8.4835430e-05   2.6055108e-04   4.1161571e-04   4.2499225e-05   1.4694482e-04   1.3136743e-03   1.1745805e-04   5.1696647e-05   2.0706471e-05   1.0111518e-05   3.2922781e-04   1.8943687e-04   4.5357935e-04   2.4610938e-04   2.0859588e-05   4.6778320e-01   3.1733256e-01   1.0000000e+00   3.0483097e-02
   4.5262179e-01   4.3359207e-06   1.7861480e-04   1.3960148e-04   1.9366317e-05   8.7516566e-07   2.7835582e-05   4.4560550e-05   8.4920649e-04   4.5981125e-05   0.0000000e+00   1.2995667e-04   1.9580619e-05   6.5927381e-05   6.2787330e-05   8.0219815e-05   0.0000000e+00   7.7140657e-05   5.9232124e-05   3.1641478e-06   5.4836886e-04   6.1957376e-05   3.3391422e-04   0.0000000e+00   0.0000000e+00   5.7790970e-07   7.2083064e-05   1.8166940e-04   0.0000000e+00   7.0209915e-05   4.5262179e-01   3.2786209e-01   1.0000000e+00   3.0181605e-02
   1.9890692e-02   1.4853449e-06   0.0000000e+00   1.1271570e-04   4.3699368e-07   1.9174090e-04   1.2765255e-04   1.4996050e-05   1.3324008e-04   9.9527199e-07   1.8683208e-04   0.0000000e+00   1.1271724e-04   1.2686085e-05   1.1780166e-04   2.1423548e-05   1.1112113e-04   1.3389654e-04   3.9448919e-05   1.1677215e-06   0.0000000e+00   3.8675711e-06   1.2605423e-05   1.0170242e-05   1.0038341e-05   0.0000000e+00   0.0000000e+00   0.0000000e+00   1.3653296e-04   7.7575768e-05   1.9890692e-02   8.5941885e-01   1.0000000e+00   2.9416147e-02
   6.8044958e-02   1.2498959e-04   1.5667547e-04   0.0000000e+00   1.4725875e-06   8.4909815e-07   3.4355720e-04   4.8063262e-05   1.3747023e-04   2.3182579e-05   5.6893420e-04   9.0771975e-05   1.4354008e-04   1.8689573e-04   4.0772346e-05   0.0000000e+00   3.1925255e-05   1.5449779e-04   0.0000000e+00   1.0405826e-04   1.7350455e-03   3.0159655e-05   1.8262528e-05   0.0000000e+00   3.8035022e-05   1.4493336e-04   7.4743995e-05   1.6309286e-04   4.1369928e-04   1.8478882e-04   6.8044958e-02   7.4048445e-01   1.0000000e+00   2.6623212e-02
   8.4878169e-01   2.8335198e-05   1.7860055e-04   2.7551681e-04   2.3563391e-05   1.8811559e-04   1.2120190e-04   4.8546975e-05   2.8019959e-04   4.9092232e-05   2.3862365e-04   9.9693754e-06   5.6308012e-05   0.0000000e+00   7.1321614e-05   9.4999725e-05   5.1485686e-05   2.7586232e-05   1.6752589e-05   6.8485057e-05   6.8408426e-04   3.4889595e-05   5.1551560e-04   1.1816107e-04   0.0000000e+00   3.5160409e-05   7.6762593e-05   2.3298585e-04   6.6344200e-05   2.7816064e-04   8.4878169e-01   7.9354590e-02   1.0000000e+00   2.6215314e-02
   6.2276754e-02   0.0000000e+00   0.0000000e+00   1.9911881e-04   1.0354162e-06   1.1561814e-05   1.0468433e-04   1.1630883e-05   1.5309910e-04   0.0000000e+00   1.1895623e-04   2.6343818e-05   1.8614592e-04   1.6484585e-04   2.6416744e-04   0.0000000e+00   1.2032773e-04   1.5113380e-04   4.8518171e-05   0.0000000e+00   2.1931070e-04   3.2056203e-06   1.3095116e-05   1.7346708e-05   0.0000000e+00   2.2581803e-05   4.8530406e-05   7.4145941e-05   1.7377938e-04   9.5353909e-05   6.2276754e-02   7.5105233e-01   1.0000000e+00   2.5927385e-02
   6.1043521e-01   1.0378357e-05   6.9184470e-05   1.1022428e-04   1.6206285e-05   5.5413014e-05   4.8883759e-05   5.2125852e-05   5.8512771e-04   3.0952172e-05   2.1033035e-06   6.9998102e-05   6.7138856e-05   1.4987707e-05   7.4684223e-05   7.3598311e-05   3.8001342e-06   4.3594465e-05   6.2841767e-05   0.0000000e+00   6.2294242e-04   6.1052401e-05   4.2569883e-04   0.0000000e+00   0.0000000e+00   2.3768921e-05   6.9232995e-05   1.6621517e-04   4.1577742e-05   1.5209019e-04   6.1043521e-01   2.1925514e-01   1.0000000e+00   2.5529039e-02
   6.7746066e-03   1.8350879e-06   0.0000000e+00   1.1490705e-04   6.8214042e-06   2.9449036e-05   3.3431852e-04   1.3203946e-06   1.7173942e-05   0.0000000e+00   0.0000000e+00   1.8829458e-05   2.2786359e-04   1.2200351e-04   1.6832918e-04   3.1142678e-06   1.0117503e-04   2.0924603e-04   0.0000000e+00   3.7381811e-05   1.4156062e-04   0.0000000e+00   9.1979145e-05   1.8736346e-05   2.1396527e-06   2.4116670e-05   5.4436966e-05   4.8677952e-05   1.7797099e-04   7.9038179e-05   6.7746066e-03   9.1829680e-01   1.0000000e+00   2.5351320e-02
   3.3025547e-01   1.6588508e-05   2.2482242e-04   4.1758851e-05   0.0000000e+00   2.1357097e-05   1.4464839e-04   3.1350595e-05   0.0000000e+00   6.1720905e-05   1.1757598e-04   1.0079024e-06   2.8520499e-04   2.2094324e-06   2.0805362e-04   8.5042210e-05   2.6609008e-04   2.2964822e-04   1.0395595e-04   4.1727818e-04   5.4338075e-04   3.6528758e-06   2.4469068e-04   0.0000000e+00   1.7787055e-06   1.5022226e-06   4.7400153e-05   1.0361656e-04   1.6649653e-04   1.6368248e-05   3.3025547e-01   4.2607065e-01   1.0000000e+00   2.5059826e-02
   2.3873160e-01   1.1726717e-04   1.0634054e-04   0.0000000e+00   0.0000000e+00   0.0000000e+00   4.2472938e-04   4.9433397e-05   1.1287975e-04   2.6854029e-05   2.9374950e-04   2.4184504e-05   1.0436207e-04   1.6649888e-04   2.6036365e-05   0.0000000e+00   9.2069227e-06   5.3198139e-05   9.5829039e-06   1.0888443e-04   1.3338825e-03   3.4181935e-05   0.0000000e+00   1.5981860e-06   7.8806481e-05   1.3637536e-04   7.3338186e-05   1.6342924e-04   3.6486791e-04   2.1880005e-04   2.3873160e-01   5.1234555e-01   1.0000000e+00   2.4964539e-02
   1.5715656e-02   0.0000000e+00   0.0000000e+00   1.8557961e-04   0.0000000e+00   2.1797773e-04   7.1527279e-05   1.4912825e-05   1.1136721e-04   1.5164352e-06   1.0004530e-04   0.0000000e+00   1.1491499e-04   1.0336640e-04   1.5275016e-04   1.0081218e-05   1.2437405e-04   1.4600301e-04   3.6353854e-05   0.0000000e+00   0.0000000e+00   0.0000000e+00   1.0460303e-05   1.3086249e-05   0.0000000e+00   9.1434974e-06   0.0000000e+00   6.6912001e-05   1.3549121e-04   1.0213781e-04   1.5715656e-02   8.7514057e-01   1.0000000e+00   2.4943093e-02
   9.6182997e-01   1.1917095e-05   2.8849073e-04   1.0415182e-04   2.2774691e-05   0.0000000e+00   2.6479594e-05   4.5440785e-05   8.0820776e-04   4.1168439e-05   1.0183678e-06   5.1135793e-05   0.0000000e+00   4.1520967e-07   2.2477350e-04   5.2707251e-05   5.4557492e-07   0.0000000e+00   1.3133849e-04   0.0000000e+00   5.5469193e-04   4.6682562e-05   2.0674906e-04   0.0000000e+00   3.8090436e-08   3.1716963e-06   6.1647952e-05   1.4155910e-04   3.6601557e-05   1.0951972e-04   9.6182997e-01   1.9740738e-02   1.0000000e+00   2.4872956e-02
   3.1781223e-01   1.5226162e-04   4.9133113e-05   2.3023733e-06   9.9112176e-05   2.1108870e-05   1.3345527e-03   2.3770208e-05   3.6416234e-04   7.1131574e-05   1.3223762e-04   1.3870469e-04   1.9511970e-04   0.0000000e+00   0.0000000e+00   0.0000000e+00   4.6066189e-05   0.0000000e+00   2.6537160e-06   0.0000000e+00   9.0200582e-04   0.0000000e+00   3.7959673e-05   2.0303794e-05   3.9702326e-05   1.5739370e-04   7.1592854e-05   1.1760037e-04   1.4221190e-04   2.3444445e-04   3.1781223e-01   4.3722245e-01   1.0000000e+00   2.4720182e-02
   1.5600420e-01   0.0000000e+00   1.1566836e-04   6.9135706e-05   8.5502774e-06   0.0000000e+00   1.9781570e-04   1.8769443e-05   1.3685936e-05   0.0000000e+00   2.7149053e-04   0.0000000e+00   3.3016447e-04   8.5276870e-05   1.7842870e-04   6.5259855e-05   1.5449476e-04   3.2056752e-04   3.8029457e-05   3.0674765e-04   7.4512858e-04   9.2949057e-06   5.9997948e-05   2.0165082e-05   0.0000000e+00   2.8396918e-04   6.4386797e-05   0.0000000e+00   1.6890944e-04   0.0000000e+00   1.5600420e-01   6.0590455e-01   1.0000000e+00   2.4386812e-02
   7.5507205e-01   5.0027716e-07   2.0912083e-04   1.4119109e-04   0.0000000e+00   4.2640990e-04   0.0000000e+00   2.5440709e-05   4.3101521e-04   4.0145825e-05   0.0000000e+00   1.0537041e-04   2.3352649e-04   7.1753806e-06   0.0000000e+00   1.1624751e-04   3.5849138e-05   0.0000000e+00   1.0212559e-04   1.6656721e-05   7.2269401e-04   6.5322584e-05   4.4258134e-04   4.3769286e-05   0.0000000e+00   0.0000000e+00   1.4215001e-04   3.0634356e-05   5.2005617e-05   2.0690209e-04   7.5507205e-01   1.3168259e-01   1.0000000e+00   2.4136011e-02
   6.1566165e-01   1.0294607e-05   7.7949723e-05   1.0884023e-04   1.5686191e-05   3.5143587e-05   4.5384411e-05   5.3181778e-05   5.8035775e-04   3.4581588e-05   0.0000000e+00   7.3097229e-05   6.4809453e-05   1.4244374e-05   6.1497711e-05   7.4404078e-05   3.9136572e-06   4.8998111e-05   6.8943759e-05   0.0000000e+00   6.1103425e-04   6.0931573e-05   4.4674148e-04   0.0000000e+00   0.0000000e+00   2.3844581e-05   6.7641645e-05   1.6496896e-04   4.2390438e-05   1.4029645e-04   6.1566165e-01   2.1591140e-01   1.0000000e+00   2.3803288e-02
   9.7973044e-01   2.9724470e-06   1.6943897e-04   1.5356467e-04   1.9336874e-05   1.1736356e-05   0.0000000e+00   4.8220015e-05   8.2350694e-04   4.2527950e-05   0.0000000e+00   5.4617003e-05   2.3573848e-05   9.0583723e-06   2.7420810e-05   6.7514053e-05   6.4378775e-06   4.0543858e-06   3.2889700e-05   0.0000000e+00   7.8105689e-04   3.0700479e-05   2.1465960e-04   3.5538640e-06   1.4934310e-05   2.6173908e-05   6.0872394e-05   1.8525786e-04   4.8561332e-05   1.1321531e-04   9.7973044e-01   1.0653245e-02   1.0000000e+00   2.3762366e-02
   7.8086701e-01   7.0130363e-06   2.5134782e-04   2.4594833e-04   2.6949454e-05   3.5757869e-06   1.0800462e-04   3.4923899e-05   3.3352606e-04   6.3244746e-05   6.9866527e-05   5.0449701e-04   8.7183998e-05   0.0000000e+00   2.3800283e-05   6.0601501e-05   0.0000000e+00   4.7239506e-06   3.9524380e-05   3.1545558e-04   0.0000000e+00   6.2011322e-05   4.4023409e-04   1.1257705e-04   1.3349034e-04   2.2158207e-05   9.5661713e-05   2.5622772e-04   0.0000000e+00   3.6245806e-04   7.8086701e-01   1.1696821e-01   1.0000000e+00   2.3742270e-02
   7.2989868e-01   4.6006792e-07   2.4743641e-04   1.4310928e-04   2.1090797e-06   4.1060745e-04   1.7912494e-05   3.0151509e-05   4.3050444e-04   3.8069410e-05   5.4122181e-06   1.1418099e-04   2.3532497e-04   6.0481410e-06   2.7738313e-06   1.2949068e-04   3.4588025e-05   1.0636330e-06   1.0202129e-04   1.3643221e-05   7.2446471e-04   6.5487060e-05   4.0742461e-04   4.8827459e-05   0.0000000e+00   1.6732764e-05   1.4755396e-04   4.0922502e-05   7.1131059e-05   2.0954671e-04   7.2989868e-01   1.4631630e-01   1.0000000e+00   2.3462264e-02
   2.0192199e-01   2.3438300e-06   1.6028596e-03   7.7998763e-05   2.3341747e-06   4.2436641e-05   4.1692794e-04   5.6015957e-05   1.1911996e-04   1.0955518e-05   1.7345448e-04   1.9336510e-04   1.7423604e-04   1.1791462e-04   6.3733642e-05   9.2008196e-06   2.2054887e-04   1.0865633e-04   1.1033802e-04   0.0000000e+00   5.5489832e-04   0.0000000e+00   3.3983476e-04   2.6284426e-05   8.1836321e-06   3.0011537e-04   7.5859983e-05   6.4807138e-06   6.5860213e-05   9.6280636e-05   2.0192199e-01   5.5184019e-01   1.0000000e+00   2.3290211e-02
   2.1110805e-01   2.1879477e-06   1.0880782e-03   7.8020477e-05   8.4995964e-06   2.2682222e-05   4.1078228e-04   5.1414559e-05   1.3856084e-04   1.0933202e-05   3.9904075e-04   1.9388068e-04   1.2626350e-04   4.0673537e-04   9.7692029e-05   5.6708781e-06   2.1624546e-04   0.0000000e+00   1.1999435e-04   0.0000000e+00   5.3353241e-04   0.0000000e+00   3.4856715e-04   2.5936219e-05   6.5358772e-06   2.9910071e-04   5.5119382e-05   2.5275495e-05   6.5768658e-05   9.4644872e-05   2.1110805e-01   5.4169006e-01   1.0000000e+00   2.3270853e-02
   9.9338312e-02   0.0000000e+00   3.5747753e-04   0.0000000e+00   3.1826783e-06   1.7498737e-05   7.5877654e-07   3.3762166e-05   8.8462411e-05   1.0684333e-05   0.0000000e+00   7.0359275e-05   1.1027861e-04   9.0771214e-06   1.6654280e-04   0.0000000e+00   1.3096083e-04   1.1667986e-04   0.0000000e+00   0.0000000e+00   1.3462150e-05   0.0000000e+00   0.0000000e+00   0.0000000e+00   4.2679616e-06   0.0000000e+00   1.9378564e-05   1.0408368e-04   1.2641790e-04   1.3834172e-04   9.9338312e-02   6.8521802e-01   1.0000000e+00   2.3209173e-02
   7.0101526e-01   2.7606254e-05   2.3452329e-04   1.5783442e-04   1.7556388e-05   4.5412579e-05   0.0000000e+00   3.0068913e-05   1.7244681e-04   4.9872194e-05   1.4704290e-04   3.8939253e-05   5.5813418e-05   0.0000000e+00   2.4489982e-04   1.1629570e-04   5.1077944e-05   0.0000000e+00   7.1646782e-05   4.3700211e-07   8.3776630e-04   9.7866025e-05   2.6665014e-04   8.0590050e-05   2.8521351e-08   5.3080493e-05   5.6933604e-05   1.3375937e-04   2.5859768e-05   5.4732775e-05   7.0101526e-01   1.6328723e-01   1.0000000e+00   2.3143330e-02
   6.6164154e-01   1.7040431e-05   1.8935845e-04   1.0381522e-04   6.6048903e-05   8.3813660e-05   8.1985797e-05   5.2042396e-05   3.7889903e-04   4.4676260e-05   1.0036305e-04   1.5651528e-05   2.9175965e-05   7.8128078e-05   2.6958807e-04   6.4266111e-05   0.0000000e+00   7.7161650e-06   1.1330850e-04   9.0040079e-05   9.7747058e-04   4.6377981e-05   5.3893191e-04   7.7416164e-05   0.0000000e+00   1.5443359e-05   7.6895294e-05   1.2732943e-04   1.7175426e-05   8.3848807e-05   6.6164154e-01   1.8727651e-01   1.0000000e+00   2.3116246e-02
   3.6947580e-03   3.4467910e-05   3.8311506e-08   0.0000000e+00   4.7335353e-06   2.8775678e-05   5.6127980e-06   3.3883588e-05   1.4106489e-05   2.7512278e-05   4.6910479e-05   2.4969843e-05   1.4246319e-04   5.1372456e-06   2.8758846e-04   1.4307233e-06   1.2492617e-04   2.0773437e-04   2.2404664e-05   0.0000000e+00   1.0509341e-04   2.2507412e-05   0.0000000e+00   2.2251822e-06   8.5542492e-06   1.6531027e-05   0.0000000e+00   1.0656809e-04   1.2208942e-04   3.0945874e-05   3.6947580e-03   9.3964495e-01   1.0000000e+00   2.2812795e-02
   4.8449303e-01   2.8821605e-05   8.6744584e-05   3.6146413e-05   1.0156734e-05   1.4094048e-03   2.8255893e-04   1.4987354e-05   5.1529053e-05   5.2592030e-05   3.1704475e-04   0.0000000e+00   8.3920736e-05   1.2663778e-04   1.2081172e-04   7.9496203e-05   2.7109321e-04   3.2971695e-04   4.1236351e-05   1.5107211e-04   1.1994189e-03   1.0214183e-04   5.2290050e-05   2.1873836e-05   1.0795526e-05   3.2500792e-04   2.3016280e-04   3.9939762e-04   2.4658342e-04   1.5294962e-05   4.8449303e-01   3.0517861e-01   1.0000000e+00   2.2777712e-02
   4.8077224e-01   1.3612014e-05   3.4673400e-04   1.7715921e-04   1.0112352e-05   4.4602016e-04   2.6691169e-04   4.3048097e-05   4.6769773e-04   1.4791428e-04   1.8904346e-04   5.0842382e-06   6.6676009e-05   1.2761654e-06   4.7661582e-05   1.0220018e-04   4.3440469e-05   1.1532235e-05   1.2011303e-04   1.0445524e-04   1.0898216e-03   2.3240688e-04   5.5541384e-04   1.8311661e-05   0.0000000e+00   9.3321075e-05   9.2232400e-05   0.0000000e+00   2.2947595e-04   1.4640091e-04   4.8077224e-01   3.0765036e-01   1.0000000e+00   2.2735675e-02
   6.4933915e-01   0.0000000e+00   0.0000000e+00   3.4554301e-05   4.4347723e-05   6.7019773e-04   6.9005134e-04   7.4604719e-06   7.5528640e-05   6.6698053e-06   6.2521444e-04   4.1187899e-04   3.8366382e-04   4.9450669e-03   2.7356836e-05   4.8523054e-05   2.7877172e-04   1.3318218e-03   3.3511372e-05   1.3576304e-04   4.1648136e-04   7.7966390e-05   4.9815083e-04   2.9361533e-05   5.3890534e-05   1.3497923e-04   1.8208423e-04   7.8811182e-05   0.0000000e+00   1.1026030e-04   6.4933915e-01   1.9628535e-01   1.0000000e+00   2.2721319e-02
   2.6934544e-02   9.6342698e-05   7.9058144e-05   1.1786354e-05   1.3509952e-05   3.1948941e-04   0.0000000e+00   3.9382459e-05   1.1619125e-04   3.8016301e-05   2.1733142e-04   8.2453176e-06   1.8954997e-04   4.3958709e-06   0.0000000e+00   0.0000000e+00   0.0000000e+00   1.2855357e-04   4.2710813e-06   1.0567624e-05   1.1174292e-03   2.7973283e-06   2.7920309e-05   1.2178333e-05   4.0562109e-05   1.2221299e-04   8.8952559e-05   1.7905659e-04   2.4250914e-04   2.5292776e-04   2.6934544e-02   8.3684067e-01   1.0000000e+00   2.2712697e-02
   2.7489388e-01   3.4997847e-05   3.5743776e-05   0.0000000e+00   1.7067885e-06   3.2069315e-03   1.3672874e-04   5.2437000e-05   3.1531571e-05   7.1825942e-05   3.0073891e-04   2.8068909e-04   1.2289441e-04   7.5600997e-06   1.4894859e-05   0.0000000e+00   1.3344597e-04   9.8802688e-05   0.0000000e+00   4.5794863e-04   1.2297594e-03   3.9702926e-05   0.0000000e+00   4.4039972e-05   5.0657351e-05   4.8968685e-05   1.1336061e-05   5.4496646e-04   6.2735730e-05   2.7185942e-05   2.7489388e-01   4.7731103e-01   1.0000000e+00   2.2205079e-02
   1.2211548e-02   3.2862172e-05   7.0803838e-06   1.0982303e-05   4.0445649e-06   2.6929528e-05   0.0000000e+00   3.2811109e-05   1.7915513e-05   2.3826288e-05   3.7995715e-05   9.8386130e-06   1.4094392e-04   0.0000000e+00   1.5444974e-04   0.0000000e+00   1.2697953e-04   1.9681090e-04   2.4471038e-05   6.7810244e-06   1.4081586e-04   1.2693475e-05   1.3044798e-08   5.3019765e-07   7.2317931e-06   2.1248413e-05   2.2821938e-05   1.0708270e-04   1.4533520e-04   4.0927862e-05   1.2211548e-02   8.8989095e-01   1.0000000e+00   2.1646600e-02
   7.9390888e-01   3.9654316e-06   0.0000000e+00   3.6965011e-05   5.4256946e-05   4.4868579e-04   7.5190709e-04   1.8356971e-05   6.4904745e-05   0.0000000e+00   5.3748235e-04   1.9680104e-04   4.1897716e-04   4.3543927e-03   2.1517301e-05   4.5246147e-05   2.1228429e-04   1.1767337e-03   3.3475152e-05   2.1492333e-04   4.7528873e-04   7.1020162e-05   5.8225940e-04   3.4020093e-05   3.7676293e-05   1.3473292e-04   2.3250755e-04   7.1055309e-05   1.3880245e-04   1.0947825e-04   7.9390888e-01   1.1078857e-01   1.0000000e+00   2.1634074e-02
   1.3718216e-01   5.8837207e-06   1.3008866e-03   7.0554581e-05   2.9233842e-06   0.0000000e+00   3.3269963e-04   5.5519050e-05   0.0000000e+00   0.0000000e+00   2.3692529e-04   1.9897268e-04   1.9681368e-04   1.1427489e-04   8.8499725e-05   0.0000000e+00   1.9714107e-04   1.2071055e-04   9.6276267e-05   0.0000000e+00   5.4279755e-04   1.3862225e-05   3.7392617e-04   2.7824518e-05   7.8414896e-06   2.7495280e-04   6.6239962e-05   0.0000000e+00   8.5015484e-05   1.0631819e-04   1.3718216e-01   6.3076118e-01   1.0000000e+00   2.1630574e-02
   9.5342529e-01   1.6454346e-05   2.4906798e-04   1.3389949e-04   9.7772661e-06   0.0000000e+00   0.0000000e+00   4.6706432e-05   1.0532942e-06   3.9184514e-05   2.7864364e-05   4.1966857e-05   4.9629901e-06   1.1986101e-05   7.4885728e-05   7.0841985e-05   1.3938684e-05   4.8991575e-05   6.5321208e-05   0.0000000e+00   4.7877535e-04   0.0000000e+00   3.1005964e-04   0.0000000e+00   4.6777160e-07   0.0000000e+00   6.1371058e-05   1.6448645e-04   1.4417113e-05   9.4783060e-05   9.5342529e-01   2.3879738e-02   1.0000000e+00   2.1311025e-02
   3.0817799e-01   5.0912139e-06   1.2255508e-06   2.5365704e-05   9.2526479e-06   1.6384728e-04   5.7499501e-06   8.3935950e-06   9.9987910e-05   2.3084398e-05   7.7020835e-05   0.0000000e+00   2.6483829e-04   0.0000000e+00   3.9231087e-04   0.0000000e+00   3.2059621e-04   2.5944734e-04   3.2703824e-05   2.4064614e-04   1.4972989e-04   0.0000000e+00   0.0000000e+00   1.1452432e-05   1.4433105e-05   4.5509591e-05   5.7165681e-05   1.2841488e-04   8.0541765e-05   8.6709738e-06   3.0817799e-01   4.4540603e-01   1.0000000e+00   2.1162252e-02
   9.4419618e-01   2.7445216e-05   2.6317265e-04   1.9418393e-04   1.3338763e-05   1.0252870e-05   0.0000000e+00   4.3182939e-05   2.4807784e-04   2.9263575e-05   0.0000000e+00   4.1311762e-05   5.1962423e-06   0.0000000e+00   0.0000000e+00   6.3586219e-05   0.0000000e+00   6.5055150e-05   7.3400959e-05   1.2278351e-10   6.9980990e-04   3.4633151e-05   3.3438018e-04   0.0000000e+00   0.0000000e+00   4.8569319e-06   7.5263957e-05   1.2929323e-04   4.4169329e-05   9.1683262e-05   9.4419618e-01   2.8700060e-02   1.0000000e+00   2.1121811e-02
   3.2425487e-02   0.0000000e+00   0.0000000e+00   1.7990129e-04   4.8266760e-07   3.2618361e-04   0.0000000e+00   1.4903934e-05   1.0739225e-04   6.9706988e-06   1.4763959e-04   0.0000000e+00   1.1585755e-04   1.0529653e-04   1.5208407e-04   4.7419910e-06   1.3491619e-04   6.4104252e-05   3.5090981e-05   4.1272932e-06   0.0000000e+00   0.0000000e+00   1.1053706e-05   1.4253614e-05   6.8400717e-07   4.9236044e-06   4.0725930e-05   1.2730277e-05   1.3596525e-04   9.6573184e-05   3.2425487e-02   8.2041400e-01   1.0000000e+00   2.0975974e-02
   8.6516597e-01   1.7429458e-05   7.3366547e-05   1.0327183e-04   3.1528847e-05   7.9521159e-06   0.0000000e+00   6.2175187e-05   6.0179337e-04   3.5545738e-05   2.1186804e-05   7.7465057e-05   9.3947525e-05   7.0506183e-05   5.2727499e-05   1.0154527e-04   0.0000000e+00   5.1762128e-05   5.9578708e-05   0.0000000e+00   6.0742332e-04   5.2558083e-05   6.7940440e-04   0.0000000e+00   4.6697113e-07   0.0000000e+00   7.2513474e-05   1.7459758e-04   4.6777230e-05   1.5323945e-04   8.6516597e-01   7.0396468e-02   1.0000000e+00   2.0963575e-02
   8.1720728e-01   7.9900065e-06   5.6569220e-04   4.0381711e-04   1.4625119e-05   0.0000000e+00   2.9958072e-04   3.7036041e-05   1.2850201e-04   4.8414813e-05   2.0717631e-06   0.0000000e+00   3.0144779e-05   3.1699229e-04   8.3815279e-06   8.2849415e-05   4.3829035e-05   0.0000000e+00   5.1146897e-05   0.0000000e+00   0.0000000e+00   0.0000000e+00   3.4233583e-04   5.8451523e-05   7.1490347e-06   5.6716766e-05   6.2891430e-05   2.4620565e-04   2.1964055e-04   3.0520139e-04   8.1720728e-01   9.6572921e-02   1.0000000e+00   2.0890923e-02
   4.0434850e-01   0.0000000e+00   3.3131031e-04   1.2970487e-04   1.0348538e-05   2.7174451e-05   1.2717537e-04   1.1982378e-06   1.1951963e-04   4.7857414e-05   1.8995913e-04   2.4304595e-07   6.1857975e-05   9.3307203e-06   2.5827072e-04   1.3596764e-04   2.7645004e-06   2.0610389e-06   6.9509823e-05   7.5972469e-08   9.4926900e-04   8.2738967e-05   3.8448229e-04   9.2292755e-05   7.5488494e-06   2.1366092e-05   7.2695653e-05   1.3922664e-04   5.4386003e-05   9.1424967e-05   4.0434850e-01   3.6483993e-01   1.0000000e+00   2.0869876e-02
   3.8098105e-02   1.1280282e-04   0.0000000e+00   2.0148694e-05   1.7159355e-06   2.8626178e-05   7.7559531e-04   4.7835625e-05   5.9570739e-05   3.5750424e-05   3.7581152e-04   4.6901468e-05   1.4345894e-04   2.6381681e-04   1.6011913e-05   2.2565015e-06   6.3923110e-06   2.9340887e-05   2.2820213e-05   1.7281149e-05   7.6220325e-04   7.4912767e-07   5.4862355e-05   5.3284480e-07   4.6551652e-05   1.7606008e-04   7.9194562e-05   1.5308436e-04   2.6378463e-04   1.3396375e-04   3.8098105e-02   8.0584248e-01   1.0000000e+00   2.0857116e-02
   8.5680191e-01   3.2905126e-05   2.5484941e-04   2.3197366e-04   6.7851932e-06   1.0511555e-05   0.0000000e+00   4.2071783e-05   0.0000000e+00   5.5068664e-05   2.9311427e-05   3.8521862e-05   2.1707813e-05   6.9091721e-06   5.1598402e-05   6.5745037e-05   2.1026915e-05   4.8425958e-05   6.4805543e-05   4.3246971e-06   8.0743840e-04   1.5087853e-04   8.1803331e-04   0.0000000e+00   1.9816994e-05   2.8591601e-05   6.1096520e-05   1.0480342e-04   2.6485366e-05   1.2027089e-04   8.5680191e-01   7.4884960e-02   1.0000000e+00   2.0812913e-02
   9.8801056e-01   1.1090423e-05   2.5198130e-04   1.4937556e-04   9.6363484e-06   1.0617039e-05   0.0000000e+00   4.2675521e-05   4.9488589e-06   5.1236400e-05   5.5039762e-06   2.8232084e-05   0.0000000e+00   0.0000000e+00   9.5281459e-05   6.2792090e-05   0.0000000e+00   5.7693241e-05   7.8122971e-05   1.3468422e-05   7.2049790e-04   6.0021740e-05   3.2694344e-04   0.0000000e+00   0.0000000e+00   1.0460943e-05   6.3546688e-05   8.7712792e-05   7.0620492e-05   1.0071054e-04   9.8801056e-01   6.3739588e-03   1.0000000e+00   2.0716457e-02
   2.3153933e-03   2.9475246e-05   7.2219080e-07   0.0000000e+00   6.3047536e-06   2.1571567e-05   0.0000000e+00   3.5640001e-05   0.0000000e+00   2.1867647e-05   0.0000000e+00   0.0000000e+00   1.5730276e-04   1.6620660e-05   1.3112007e-04   1.1894640e-06   1.3089600e-04   2.0408008e-04   2.5083313e-05   0.0000000e+00   0.0000000e+00   8.2313081e-06   0.0000000e+00   2.1878486e-06   6.0371235e-06   1.0546933e-05   0.0000000e+00   1.1130140e-04   1.3270729e-04   3.6865847e-05   2.3153933e-03   9.5221153e-01   1.0000000e+00   2.0695748e-02
   7.6590651e-01   0.0000000e+00   1.5637683e-04   1.4377377e-04   6.3719516e-07   4.7374577e-04   0.0000000e+00   2.3198976e-05   3.5999089e-04   1.4677202e-04   0.0000000e+00   8.2232393e-05   2.4337301e-04   0.0000000e+00   7.6641348e-05   1.2541162e-04   8.7280919e-05   0.0000000e+00   1.6788702e-04   2.1808089e-05   7.5427978e-04   7.6389159e-05   7.0085733e-04   4.7742682e-05   7.0060316e-09   0.0000000e+00   1.3407859e-04   3.1880845e-05   3.6138339e-05   1.9539061e-04   7.6590651e-01   1.2555250e-01   1.0000000e+00   2.0640285e-02
   4.0442877e-01   0.0000000e+00   2.4265025e-04   1.2906018e-04   1.1146085e-05   2.6456891e-05   9.6383918e-05   7.7018864e-08   2.9941359e-04   5.3129078e-05   1.5449746e-04   0.0000000e+00   5.1429801e-05   1.0838307e-05   2.5922313e-04   1.3010784e-04   1.2688768e-07   2.0445545e-06   9.0613492e-05   9.6228982e-08   9.3550443e-04   8.7027886e-05   3.9218901e-04   7.5224382e-05   7.5157348e-06   1.8013486e-05   7.2641240e-05   1.3560960e-04   5.4240861e-05   1.1110408e-04   4.0442877e-01   3.6478241e-01   1.0000000e+00   2.0516412e-02
   4.2225487e-01   6.7128984e-06   3.1168948e-06   4.7454912e-05   1.6162251e-06   0.0000000e+00   1.8239637e-04   0.0000000e+00   2.8238183e-05   2.5113384e-05   9.5712742e-05   0.0000000e+00   4.1273413e-04   1.6173342e-05   3.7960685e-04   3.5884975e-05   3.5579562e-04   2.8279508e-04   3.6391662e-05   2.1998412e-04   2.8496506e-05   4.6368718e-06   0.0000000e+00   2.5704194e-05   0.0000000e+00   5.5846075e-05   5.1154010e-05   1.3349240e-04   1.2096444e-04   1.1888161e-05   4.2225487e-01   3.5072539e-01   1.0000000e+00   2.0422504e-02
   2.3088698e-01   1.4976936e-04   1.4274970e-04   0.0000000e+00   6.3814984e-05   1.1122887e-04   8.1323329e-04   3.1597896e-05   2.9756735e-04   4.1977379e-05   3.2103914e-04   4.9980514e-04   2.0522968e-04   2.3727712e-04   0.0000000e+00   8.6981806e-06   7.4524326e-05   8.8674371e-06   1.0734266e-05   0.0000000e+00   1.0661399e-03   1.5009984e-05   9.2292705e-05   0.0000000e+00   5.4437467e-05   1.3142093e-04   9.4225377e-05   1.2775604e-04   2.0531840e-04   2.0649663e-04   2.3088698e-01   5.2067471e-01   1.0000000e+00   2.0398161e-02
   4.5954567e-02   7.5444209e-05   7.9201293e-05   1.2490035e-05   1.5466089e-05   2.3932652e-04   2.5920997e-05   3.4095460e-05   1.2012096e-04   3.2707063e-05   2.1739705e-04   2.0088204e-04   1.8859943e-04   4.2011129e-06   4.6568263e-07   0.0000000e+00   0.0000000e+00   1.3247106e-04   5.3730329e-06   0.0000000e+00   1.1427598e-03   1.6251853e-05   2.8037735e-05   3.1274740e-05   4.0163732e-05   1.3817615e-04   1.1245941e-04   1.6686100e-04   1.9864499e-04   2.4208079e-04   4.5954567e-02   7.8659989e-01   1.0000000e+00   2.0328612e-02
   5.8287334e-02   1.5539147e-04   1.4196802e-04   0.0000000e+00   1.8044608e-06   5.2277759e-06   3.7919772e-04   4.9869978e-05   1.1495488e-04   2.3128646e-05   4.3099145e-04   9.1519694e-05   1.3842477e-04   1.7152360e-04   3.7973139e-05   0.0000000e+00   5.1676551e-05   1.5321445e-04   0.0000000e+00   1.1232585e-04   1.4595825e-03   3.3884841e-05   2.1389794e-05   0.0000000e+00   4.3680240e-05   1.3293489e-04   6.8455019e-05   1.7691067e-04   4.0988477e-04   2.1423677e-04   5.8287334e-02   7.5983312e-01   1.0000000e+00   2.0180150e-02
   2.2245149e-01   2.4523350e-06   1.4150420e-03   8.1573914e-05   2.3253444e-06   3.5633371e-05   4.0331186e-04   8.9220299e-05   1.9610871e-04   1.1518775e-05   1.9773553e-04   1.4743760e-04   1.8053734e-04   1.1395968e-04   6.6922006e-05   9.0208428e-06   2.4633739e-04   1.1991518e-04   1.0322606e-04   0.0000000e+00   5.3466980e-04   0.0000000e+00   3.1412993e-04   2.7171852e-05   6.0024440e-06   3.4426220e-04   7.4545076e-05   7.3546843e-06   8.2250907e-05   9.3653904e-05   2.2245149e-01   5.2951608e-01   1.0000000e+00   2.0064277e-02
   8.5666591e-03   1.0957704e-04   0.0000000e+00   1.8682128e-05   1.2688114e-06   2.2547409e-05   1.0637021e-03   4.9270398e-05   7.0649318e-05   5.2004517e-05   3.5692493e-04   4.7362473e-05   2.0467064e-04   2.1414154e-04   3.5057624e-05   4.1715292e-06   3.1383242e-05   8.4162455e-05   2.0577380e-05   1.1100761e-05   1.0656368e-03   8.1483467e-07   5.2453543e-05   0.0000000e+00   4.4896618e-05   2.3499186e-04   8.1291099e-05   1.7367676e-04   3.0093452e-04   1.4337060e-04   8.5666591e-03   9.0877431e-01   1.0000000e+00   1.9906229e-02
   1.7140624e-02   2.0739098e-07   1.4950322e-06   8.0958968e-05   4.3033863e-07   2.0609410e-04   6.3904414e-05   3.2924265e-05   7.4996847e-05   3.1650440e-05   1.1634259e-05   6.7084963e-04   2.3778155e-04   1.9524001e-04   1.9228916e-04   9.6515553e-07   1.5095239e-04   3.0748708e-04   3.0815941e-05   6.3101285e-05   0.0000000e+00   0.0000000e+00   0.0000000e+00   6.6366556e-06   7.5396838e-07   5.0641331e-06   4.9542088e-05   8.3211649e-05   2.5607851e-04   2.5259835e-07   1.7140624e-02   8.6987693e-01   1.0000000e+00   1.9896747e-02
   1.0484281e-01   1.6680502e-04   5.3617265e-05   8.3862250e-06   1.0011539e-04   8.8569144e-05   1.3593946e-03   2.3793460e-05   3.4113904e-04   4.1717814e-05   2.5986145e-04   1.2059327e-04   2.2678644e-04   2.5735988e-04   0.0000000e+00   1.3000832e-06   3.6193328e-05   0.0000000e+00   0.0000000e+00   0.0000000e+00   9.0466046e-04   3.4519110e-06   0.0000000e+00   1.5325136e-05   3.9635793e-05   1.5889325e-04   8.4369282e-05   1.1704857e-04   1.5885358e-04   2.6264947e-04   1.0484281e-01   6.7746212e-01   1.0000000e+00   1.9874512e-02
   4.9381807e-01   0.0000000e+00   1.5411558e-04   1.4392021e-04   2.0654799e-05   0.0000000e+00   3.3676310e-05   4.4697920e-05   6.9768712e-04   3.9100231e-05   0.0000000e+00   1.3266390e-04   1.9974966e-05   6.6805073e-05   5.8708720e-05   8.7240532e-05   1.2338861e-05   7.6864725e-05   6.0117172e-05   3.0181090e-06   7.8873358e-04   5.9302440e-05   3.5615153e-04   0.0000000e+00   0.0000000e+00   3.3152156e-07   7.7839627e-05   1.7635950e-04   0.0000000e+00   7.0419651e-05   4.9381807e-01   2.9791847e-01   1.0000000e+00   1.9821975e-02
   4.2774541e-01   4.0438344e-05   8.7546665e-05   4.0250336e-05   9.4202955e-06   1.6472129e-03   2.8329468e-04   1.5007209e-05   4.9362853e-05   5.4495397e-05   3.2230132e-04   0.0000000e+00   5.2977617e-05   1.4133186e-04   1.2871583e-04   7.9604721e-05   2.7726868e-04   3.2334511e-04   4.1836358e-05   1.5109437e-04   1.2287609e-03   1.0279272e-04   4.6108678e-05   1.8839519e-05   1.2407049e-05   3.3012967e-04   1.9173635e-04   3.8643722e-04   2.4910200e-04   8.7050503e-06   4.2774541e-01   3.4729792e-01   1.0000000e+00   1.9586060e-02
   2.0251802e-01   9.4366295e-07   1.3047790e-03   8.1763890e-05   6.0521285e-06   4.2483498e-05   3.9813891e-04   5.5360309e-05   5.8687963e-05   1.2413852e-05   1.6217331e-04   1.7853931e-04   1.5738171e-04   1.0681229e-04   6.2765919e-05   0.0000000e+00   2.1076006e-04   1.1166668e-04   1.1101844e-04   1.2745395e-05   3.7763325e-04   0.0000000e+00   2.0777318e-04   2.6580847e-05   9.3156628e-06   3.1560387e-04   7.5895297e-05   2.0885503e-05   1.8856801e-05   9.8277648e-05   2.0251802e-01   5.5099632e-01   1.0000000e+00   1.9336182e-02
   2.3606731e-02   1.2242114e-05   0.0000000e+00   1.7833151e-04   0.0000000e+00   2.1832757e-04   9.6329530e-05   1.5536888e-05   1.1140656e-04   5.8586636e-06   1.0237628e-04   6.8329790e-06   1.0637634e-04   9.8308501e-05   1.4431165e-04   1.0521626e-05   1.0862258e-04   1.6137925e-04   5.3279728e-05   0.0000000e+00   1.7780452e-04   6.7974263e-06   1.1349132e-05   9.4718331e-06   2.6422530e-06   8.9841630e-06   3.9300989e-06   7.0079842e-05   1.4965132e-04   1.2468169e-04   2.3606731e-02   8.4692688e-01   1.0000000e+00   1.9158278e-02
   6.4363812e-01   0.0000000e+00   1.4505888e-05   5.9353196e-05   5.2058202e-05   4.2730811e-04   7.5317002e-04   1.7564887e-05   7.4421778e-05   6.3259383e-07   8.0847125e-04   1.5844683e-04   4.6750952e-04   1.8794817e-03   2.3173192e-05   3.7507719e-05   2.3720640e-04   1.3528706e-03   3.2542999e-05   2.1150267e-04   3.1537746e-04   7.2230219e-05   3.5928434e-04   4.3710700e-05   3.2743227e-05   1.2645976e-04   2.2650134e-04   5.0684553e-05   4.7214632e-07   0.0000000e+00   6.4363812e-01   1.9918620e-01   1.0000000e+00   1.9089170e-02
   7.7567759e-01   0.0000000e+00   2.1251410e-04   2.4792640e-04   1.9300704e-05   0.0000000e+00   1.0278141e-04   3.9171811e-05   2.5899010e-04   5.7231903e-05   5.3456639e-05   1.0234091e-04   4.6187685e-06   0.0000000e+00   4.3315529e-05   6.4622752e-05   0.0000000e+00   5.0352029e-05   2.9207908e-05   9.6665925e-05   5.3615570e-04   6.4105835e-05   4.1679123e-04   1.0809445e-04   8.2733623e-06   0.0000000e+00   9.6362317e-05   2.5711412e-04   0.0000000e+00   3.1337669e-04   7.7567759e-01   1.1982729e-01   1.0000000e+00   1.9024027e-02
   9.3246186e-01   2.5286296e-06   1.3684568e-04   1.4882270e-04   1.6942748e-05   0.0000000e+00   2.8868137e-05   4.9437993e-05   8.3001774e-04   3.2998001e-05   8.7873012e-06   5.9701241e-05   2.7088581e-05   1.0334538e-05   3.2224370e-05   7.4091855e-05   1.5568156e-05   0.0000000e+00   5.0328581e-05   0.0000000e+00   7.5928491e-04   4.2919414e-05   3.2160381e-04   0.0000000e+00   1.0494095e-05   7.8102957e-07   6.1998784e-05   1.4257850e-04   5.6634069e-05   1.1555625e-04   9.3246186e-01   3.4846822e-02   1.0000000e+00   1.9011727e-02
   6.8710004e-01   5.7615195e-06   3.6668222e-07   1.8165511e-05   4.9575160e-05   4.1344714e-04   6.5514306e-04   6.1660339e-06   0.0000000e+00   1.0285216e-06   6.3661035e-04   1.8670252e-04   4.3639450e-04   6.0675228e-03   8.4890464e-06   4.6498495e-05   1.8691529e-04   1.4540730e-03   3.6698139e-05   1.4643091e-04   5.0734355e-04   7.0575995e-05   3.4693542e-04   3.5117707e-05   3.5665136e-05   1.5483727e-04   1.5137915e-04   1.1088117e-04   7.1656448e-05   1.9478243e-04   6.8710004e-01   1.7327349e-01   1.0000000e+00   1.8639610e-02
   8.7591852e-01   4.4921134e-07   1.4417229e-04   1.4873832e-04   5.7832864e-08   5.0687551e-04   8.0932060e-07   2.2452374e-05   5.0003486e-04   4.9898240e-05   0.0000000e+00   8.7401471e-05   2.4815077e-04   5.0612170e-06   8.3718590e-06   1.1507029e-04   1.0050201e-04   0.0000000e+00   1.9861709e-04   1.2912010e-05   6.3456385e-04   6.0071614e-05   4.4226596e-04   3.7933762e-05   0.0000000e+00   1.6175147e-05   1.1443622e-04   5.6111610e-05   5.1748611e-05   1.9171649e-04   8.7591852e-01   6.4714926e-02   1.0000000e+00   1.8150222e-02
   7.2061351e-01   4.8509770e-06   2.3848492e-05   1.0137190e-04   3.6210592e-05   0.0000000e+00   2.5688512e-04   5.3367712e-05   1.2150190e-03   6.0330948e-05   1.3520597e-04   9.0026292e-06   1.0958783e-05   5.1496770e-05   2.4832584e-04   2.7902979e-05   6.2169691e-05   2.4547021e-05   2.0605609e-05   5.9044917e-05   5.9692479e-04   3.5581000e-05   5.4665379e-04   2.3050661e-05   6.4685048e-07   3.2681203e-04   6.0599764e-05   1.7963242e-04   4.2649043e-05   5.1101525e-05   7.2061351e-01   1.5187239e-01   1.0000000e+00   1.8146201e-02
   4.7100992e-01   0.0000000e+00   2.3658270e-04   1.3048097e-04   9.1594727e-06   1.4247097e-05   5.2865386e-05   1.1017559e-06   3.5206609e-04   4.9851129e-05   1.3287962e-04   0.0000000e+00   6.2002232e-05   4.0812128e-05   3.4318061e-04   1.3674676e-04   0.0000000e+00   0.0000000e+00   8.7296975e-05   3.1052857e-05   9.2494527e-04   8.4940045e-05   3.9058457e-04   7.5446954e-05   1.3405915e-05   1.2712483e-05   9.7602680e-05   1.5719362e-04   4.8913366e-05   1.0815876e-04   4.7100992e-01   3.1443117e-01   1.0000000e+00   1.7879081e-02
   3.5459013e-01   5.8109337e-04   5.5566173e-04   2.3323696e-04   7.7580262e-06   1.4197856e-04   2.0637074e-04   2.2864439e-06   6.5624043e-04   3.4727038e-05   0.0000000e+00   2.5012145e-03   2.8369774e-04   9.9716061e-05   3.7722095e-04   1.1019029e-04   4.4839721e-05   9.6844359e-05   1.4029559e-05   8.6062182e-04   7.6020542e-04   1.3852103e-07   1.6079150e-04   1.1719536e-04   5.7852477e-04   4.5067199e-03   2.4459151e-04   1.5522281e-04   8.0882626e-04   1.8036414e-04   3.5459013e-01   4.0764778e-01   1.0000000e+00   1.7808989e-02
   6.2567430e-01   1.5588233e-07   5.1478143e-04   7.7668080e-05   4.5649356e-05   4.3859887e-04   6.1629506e-04   1.8148769e-05   0.0000000e+00   5.1438645e-06   5.9798517e-04   2.4644340e-04   5.1399106e-04   2.3490511e-03   0.0000000e+00   4.7107495e-05   2.0040001e-04   1.4280728e-03   8.4996994e-06   3.1890547e-04   3.1086460e-04   7.5893150e-05   4.3270702e-04   3.7179991e-05   4.5843721e-05   1.6440165e-04   2.3500733e-04   8.0545012e-05   1.0596402e-05   1.6674672e-04   6.2567430e-01   2.1069094e-01   1.0000000e+00   1.7679572e-02
   1.6087810e-01   4.7272351e-08   3.9268190e-05   8.7767690e-05   0.0000000e+00   1.7085681e-04   1.3013734e-04   1.0568463e-05   7.1506852e-05   1.8128789e-05   1.2842552e-05   5.5973105e-04   2.5644115e-04   2.5285459e-04   1.7197527e-04   0.0000000e+00   1.7049173e-04   2.9122399e-04   3.4284084e-05   6.3249628e-05   0.0000000e+00   0.0000000e+00   8.6958342e-05   1.5003933e-05   1.1610605e-06   0.0000000e+00   5.0042199e-05   7.6141044e-05   2.8818281e-04   4.3999296e-05   1.6087810e-01   5.9962413e-01   1.0000000e+00   1.7670434e-02
   9.0729326e-01   0.0000000e+00   1.0173484e-04   1.7099831e-04   1.6563084e-05   0.0000000e+00   2.6168590e-05   4.8671971e-05   7.5581252e-04   3.4147133e-05   1.4010626e-05   5.9023635e-05   5.6820832e-05   1.3096435e-05   3.1350791e-05   6.8796902e-05   3.7785357e-05   0.0000000e+00   4.1165760e-05   0.0000000e+00   7.1506040e-04   5.2429160e-05   3.0388758e-04   9.1101312e-08   1.0389837e-05   8.5492955e-07   5.2585423e-05   1.3387383e-04   6.5123201e-05   1.7020335e-04   9.0729326e-01   4.7965150e-02   1.0000000e+00   1.7530978e-02
   5.9148195e-01   1.4151977e-05   3.4067765e-04   2.1866498e-04   1.1671448e-05   7.0813736e-04   2.0598404e-04   4.3105548e-05   4.6728878e-04   1.3001803e-04   1.5969932e-04   4.5866381e-07   7.3675291e-05   6.2863755e-07   1.0466001e-04   9.6094583e-05   5.7508792e-05   4.4900936e-05   1.0257461e-04   0.0000000e+00   1.1687794e-03   2.4399710e-04   4.3143447e-04   2.9002244e-05   1.7641783e-06   1.1794788e-04   9.1705539e-05   3.7287171e-06   2.3417847e-04   1.4469050e-04   5.9148195e-01   2.3192384e-01   1.0000000e+00   1.7497200e-02
   6.6690819e-01   1.8700745e-05   1.9164583e-04   1.1507021e-04   5.7927651e-05   8.5624499e-05   1.3980080e-04   5.5775029e-05   2.7669836e-04   4.2057990e-05   1.0750132e-04   1.6126861e-05   2.8191292e-05   7.3939903e-05   2.6169092e-04   6.5306156e-05   0.0000000e+00   7.0627415e-06   1.0467108e-04   8.3765805e-05   1.0015302e-03   4.9631466e-05   5.2749988e-04   8.2182768e-05   0.0000000e+00   3.1762573e-06   7.8699394e-05   1.3178005e-04   2.4596716e-05   8.1270515e-05   6.6690819e-01   1.8403727e-01   1.0000000e+00   1.7326465e-02
   6.9081526e-01   1.8720391e-06   2.3103216e-04   1.1570436e-04   1.1344018e-05   2.1243478e-05   0.0000000e+00   2.7491860e-05   2.9331455e-04   5.3552817e-05   1.3520531e-04   0.0000000e+00   4.7939009e-05   0.0000000e+00   4.8792280e-04   1.3876543e-04   3.9242537e-06   7.0615505e-06   8.6255783e-05   9.1373701e-08   1.1127629e-03   7.4660066e-05   3.9766299e-04   8.2938293e-05   7.4316271e-06   1.4339567e-05   7.7031634e-05   1.2137922e-04   4.3771940e-05   7.6719757e-05   6.9081526e-01   1.6951306e-01   1.0000000e+00   1.7148067e-02
   3.5842633e-01   0.0000000e+00   1.2065984e-04   8.6115504e-05   0.0000000e+00   0.0000000e+00   2.6134585e-04   1.7846540e-05   5.1927479e-05   0.0000000e+00   2.8748550e-04   7.3119213e-06   2.8100454e-04   2.2056707e-05   1.6048965e-04   5.2617049e-05   1.3989548e-04   3.3556710e-04   3.8414967e-05   1.5107588e-04   4.3177721e-04   0.0000000e+00   7.4741253e-05   1.3316557e-05   1.1958575e-06   2.2041727e-04   6.9060527e-05   4.4281298e-05   2.1297588e-04   1.5220858e-04   3.5842633e-01   4.0201607e-01   1.0000000e+00   1.7072915e-02
   7.6268529e-01   3.9324674e-07   3.5015606e-04   1.8795979e-04   3.2568644e-05   8.8466402e-06   2.1750021e-04   4.2189966e-05   4.0698584e-04   7.6047725e-05   2.8283634e-05   1.1068748e-05   1.9392609e-05   0.0000000e+00   3.2669911e-05   9.4454164e-05   2.8332184e-05   6.8505832e-05   1.0212827e-04   1.0521004e-04   1.4169086e-03   1.9765734e-04   5.5768760e-04   2.9668594e-05   0.0000000e+00   9.4433956e-05   7.1130763e-05   0.0000000e+00   2.1946985e-04   1.3968062e-04   7.6268529e-01   1.2747528e-01   1.0000000e+00   1.6964544e-02
   8.0669120e-01   8.2545738e-06   5.1561855e-04   3.9076851e-04   1.7740204e-05   0.0000000e+00   3.0131863e-04   3.6823822e-05   1.2000192e-04   4.8850885e-05   2.2373660e-06   9.3644817e-06   2.9627943e-05   2.0975561e-04   5.2952749e-05   8.2776641e-05   7.0919890e-05   0.0000000e+00   0.0000000e+00   0.0000000e+00   0.0000000e+00   4.5808737e-06   2.8739998e-04   4.4743610e-05   5.8669545e-06   4.7897490e-05   6.2930243e-05   2.8461895e-04   2.2104429e-04   2.7418255e-04   8.0669120e-01   1.0237541e-01   1.0000000e+00   1.6940581e-02
   7.9472702e-01   0.0000000e+00   1.6253568e-04   3.9415114e-04   0.0000000e+00   3.5620108e-04   0.0000000e+00   2.2735577e-05   4.9954488e-04   5.2289889e-05   0.0000000e+00   1.0987083e-04   2.3471364e-04   0.0000000e+00   0.0000000e+00   1.0956930e-04   6.3418999e-05   0.0000000e+00   8.7125260e-05   1.6648375e-05   7.2952875e-04   7.7214622e-05   4.5658969e-04   5.4263397e-05   4.0785415e-06   2.4716271e-05   1.2484289e-04   2.3270080e-05   8.8668694e-05   1.9507074e-04   7.9472702e-01   1.0919415e-01   1.0000000e+00   1.6858032e-02
   3.1354569e-01   3.1103789e-05   1.7394361e-04   0.0000000e+00   1.8494740e-05   3.0554768e-03   2.7012451e-04   1.4061594e-05   0.0000000e+00   6.3153019e-05   2.2437838e-04   0.0000000e+00   2.8862722e-05   1.4391856e-04   1.5311752e-04   8.2021067e-05   1.9598434e-04   3.7057693e-04   4.9731270e-05   1.3633756e-04   1.3996556e-03   1.1601059e-04   0.0000000e+00   8.8347648e-06   2.0683383e-05   2.6506598e-04   2.4948081e-04   2.7121489e-04   3.2186155e-04   5.6720505e-05   3.1354569e-01   4.4177415e-01   1.0000000e+00   1.6692672e-02
   8.2750746e-01   2.3837158e-05   1.4434647e-04   2.8838980e-04   2.0954824e-05   2.5218102e-04   1.3522074e-04   3.7952724e-05   2.8350874e-04   3.5339539e-05   2.3379974e-04   8.2377580e-06   6.0933884e-05   6.7087524e-06   8.0998131e-05   9.4342910e-05   6.2625905e-05   3.9884475e-05   1.2719669e-05   4.9177180e-05   5.8680354e-04   4.5752972e-05   6.1888785e-04   1.3236406e-04   0.0000000e+00   3.2277894e-05   7.7065715e-05   2.1153436e-04   6.3117339e-05   2.4107731e-04   8.2750746e-01   9.0982254e-02   1.0000000e+00   1.6674135e-02
   4.9686719e-02   0.0000000e+00   0.0000000e+00   8.2818639e-05   0.0000000e+00   1.2831521e-04   0.0000000e+00   1.9537999e-05   4.3337183e-05   3.2925559e-05   2.4153761e-05   5.5562462e-04   2.3893836e-04   3.3965732e-04   2.0000913e-04   1.3947415e-06   9.6567826e-05   3.1799888e-04   4.4534429e-05   6.7038825e-05   1.0747028e-04   0.0000000e+00   7.6493906e-05   1.0666248e-05   1.3806116e-06   0.0000000e+00   5.0924916e-05   8.6909319e-05   3.0174709e-04   4.1953286e-05   4.9686719e-02   7.7788637e-01   1.0000000e+00   1.6366697e-02
