   6.2289107e-01   0.0000000e+00   0.0000000e+00   1.6962339e-01   0.0000000e+00   1.4114750e-02   1.4958236e-01   1.8691784e-01   0.0000000e+00   0.0000000e+00   2.6197130e-03   0.0000000e+00   0.0000000e+00   0.0000000e+00   0.0000000e+00   0.0000000e+00   0.0000000e+00   4.1389132e-02   0.0000000e+00   0.0000000e+00   0.0000000e+00   9.9959422e-02   2.9575837e-01   0.0000000e+00   0.0000000e+00   0.0000000e+00   0.0000000e+00   0.0000000e+00   0.0000000e+00   0.0000000e+00   6.2289107e-01   9.9898554e-01   0.0000000e+00
   0.0000000e+00   2.3490989e-02   1.8274364e-05   3.4437320e-02   0.0000000e+00   1.0110136e-02   1.6776864e-04   3.8362088e-07   1.0120339e-02   2.7341847e-07   1.2821273e-02   2.0274699e-05   0.0000000e+00   3.7222800e-02   0.0000000e+00   1.5076004e-02   0.0000000e+00   1.0700288e-03   2.1267213e-03   2.3012996e-02   0.0000000e+00   1.6180293e-02   2.9607183e-01   4.3937701e-03   8.7304671e-03   1.1482971e-02   4.1428242e-02   4.0505197e-02   0.0000000e+00   2.2327496e-08   0.0000000e+00   1.1826343e+00   0.0000000e+00
   1.4797090e-04   1.4412270e-02   3.3749572e-05   0.0000000e+00   0.0000000e+00   8.5933128e-03   1.1786465e-04   1.4132197e-07   1.0088948e-02   1.0164879e-06   9.4504767e-03   2.0705435e-05   0.0000000e+00   2.4477956e-02   1.8719605e-02   1.6698492e-02   0.0000000e+00   1.1157070e-03   6.3280658e-03   1.2295220e-02   0.0000000e+00   1.7810487e-02   1.9231880e-02   3.8510200e-03   1.9865264e-03   5.5163517e-03   2.4377374e-02   3.6278243e-02   0.0000000e+00   1.0007703e-08   1.4797090e-04   1.0718155e+00   0.0000000e+00
   1.4797090e-04   1.4412270e-02   3.3749572e-05   0.0000000e+00   0.0000000e+00   8.5933128e-03   1.1786465e-04   1.4132197e-07   1.0088948e-02   1.0164879e-06   9.4504767e-03   2.0705435e-05   0.0000000e+00   2.4477956e-02   1.8719605e-02   1.6698492e-02   0.0000000e+00   1.1157070e-03   6.3280658e-03   1.2295220e-02   0.0000000e+00   1.7810487e-02   1.9231880e-02   3.8510200e-03   1.9865264e-03   5.5163517e-03   2.4377374e-02   3.6278243e-02   0.0000000e+00   1.0007703e-08   1.4797090e-04   1.0718155e+00   0.0000000e+00
   1.4797090e-04   1.4412270e-02   3.3749572e-05   0.0000000e+00   0.0000000e+00   8.5933128e-03   1.1786465e-04   1.4132197e-07   1.0088948e-02   1.0164879e-06   9.4504767e-03   2.0705435e-05   0.0000000e+00   2.4477956e-02   1.8719605e-02   1.6698492e-02   0.0000000e+00   1.1157070e-03   6.3280658e-03   1.2295220e-02   0.0000000e+00   1.7810487e-02   1.9231880e-02   3.8510200e-03   1.9865264e-03   5.5163517e-03   2.4377374e-02   3.6278243e-02   0.0000000e+00   1.0007703e-08   1.4797090e-04   1.0718155e+00   0.0000000e+00
   1.4797090e-04   1.4412270e-02   3.3749572e-05   0.0000000e+00   0.0000000e+00   8.5933128e-03   1.1786465e-04   1.4132197e-07   1.0088948e-02   1.0164879e-06   9.4504767e-03   2.0705435e-05   0.0000000e+00   2.4477956e-02   1.8719605e-02   1.6698492e-02   0.0000000e+00   1.1157070e-03   6.3280658e-03   1.2295220e-02   0.0000000e+00   1.7810487e-02   1.9231880e-02   3.8510200e-03   1.9865264e-03   5.5163517e-03   2.4377374e-02   3.6278243e-02   0.0000000e+00   1.0007703e-08   1.4797090e-04   1.0718155e+00   0.0000000e+00
   1.4797090e-04   1.4412270e-02   3.3749572e-05   0.0000000e+00   0.0000000e+00   8.5933128e-03   1.1786465e-04   1.4132197e-07   1.0088948e-02   1.0164879e-06   9.4504767e-03   2.0705435e-05   0.0000000e+00   2.4477956e-02   1.8719605e-02   1.6698492e-02   0.0000000e+00   1.1157070e-03   6.3280658e-03   1.2295220e-02   0.0000000e+00   1.7810487e-02   1.9231880e-02   3.8510200e-03   1.9865264e-03   5.5163517e-03   2.4377374e-02   3.6278243e-02   0.0000000e+00   1.0007703e-08   1.4797090e-04   1.0718155e+00   0.0000000e+00
   1.4797090e-04   1.4412270e-02   3.3749572e-05   0.0000000e+00   0.0000000e+00   8.5933128e-03   1.1786465e-04   1.4132197e-07   1.0088948e-02   1.0164879e-06   9.4504767e-03   2.0705435e-05   0.0000000e+00   2.4477956e-02   1.8719605e-02   1.6698492e-02   0.0000000e+00   1.1157070e-03   6.3280658e-03   1.2295220e-02   0.0000000e+00   1.7810487e-02   1.9231880e-02   3.8510200e-03   1.9865264e-03   5.5163517e-03   2.4377374e-02   3.6278243e-02   0.0000000e+00   1.0007703e-08   1.4797090e-04   1.0718155e+00   0.0000000e+00
   4.2273144e-04   2.6047237e-02   2.3090492e-05   0.0000000e+00   0.0000000e+00   1.3361807e-02   1.6741213e-04   2.8586389e-07   1.0325943e-02   1.0679923e-06   0.0000000e+00   2.2909391e-05   0.0000000e+00   1.6052224e-02   0.0000000e+00   2.6170319e-02   0.0000000e+00   1.4810501e-03   8.0084586e-03   1.0999562e-02   0.0000000e+00   8.1284329e-03   0.0000000e+00   2.3455248e-03   5.2302969e-03   1.2053601e-02   8.4259412e-03   0.0000000e+00   0.0000000e+00   1.2958329e-08   4.2273144e-04   1.0461932e+00   0.0000000e+00
   4.1977709e-04   2.7437688e-02   2.2651300e-05   0.0000000e+00   0.0000000e+00   1.3458980e-02   1.5856806e-04   2.8862926e-07   1.0410762e-02   1.0514119e-06   0.0000000e+00   2.1271722e-05   0.0000000e+00   1.6051780e-02   0.0000000e+00   2.6293044e-02   0.0000000e+00   1.4706987e-03   8.0212960e-03   1.0987599e-02   0.0000000e+00   8.1450104e-03   0.0000000e+00   2.5422386e-03   7.0357334e-03   1.1909060e-02   6.9929139e-03   0.0000000e+00   0.0000000e+00   1.3008456e-08   4.1977709e-04   1.0468497e+00   0.0000000e+00
   4.0760152e-04   1.8919073e-02   2.7563236e-05   2.0949039e-02   0.0000000e+00   7.1649635e-03   1.3428230e-04   3.0909516e-07   9.6401965e-03   9.4845281e-07   1.9229931e-02   1.6165314e-05   0.0000000e+00   1.5715709e-02   2.0697315e-02   1.0878694e-02   0.0000000e+00   1.0308726e-03   5.4018160e-03   1.2209517e-02   0.0000000e+00   8.0959670e-03   6.5731234e-03   1.2246743e-03   1.9009040e-03   1.7488492e-03   0.0000000e+00   0.0000000e+00   0.0000000e+00   1.6329495e-08   4.0760152e-04   1.0501391e+00   0.0000000e+00
   4.9204429e-04   2.3907977e-02   2.9840127e-05   0.0000000e+00   0.0000000e+00   7.4195650e-03   1.2337885e-04   2.8389617e-07   9.4711367e-03   1.1320250e-06   4.8193728e-04   1.8268406e-05   0.0000000e+00   1.5687386e-02   1.3473444e-02   7.6403559e-03   0.0000000e+00   1.0685952e-03   7.5539083e-03   1.3277213e-02   0.0000000e+00   7.8487295e-03   0.0000000e+00   1.1681580e-03   2.4059154e-03   1.4060966e-03   0.0000000e+00   4.8205092e-03   0.0000000e+00   1.5669824e-08   4.9204429e-04   1.0365596e+00   0.0000000e+00
   5.0316054e-04   2.3904362e-02   3.0865010e-05   0.0000000e+00   0.0000000e+00   7.4959205e-03   1.2187384e-04   2.8530072e-07   9.8266127e-03   9.7478789e-07   4.9446784e-04   1.7921429e-05   0.0000000e+00   1.5769927e-02   1.4234587e-02   7.8363220e-03   0.0000000e+00   1.1296795e-03   7.5943377e-03   1.2689614e-02   0.0000000e+00   7.8392358e-03   0.0000000e+00   1.1548574e-03   1.9457889e-03   1.5098669e-03   4.8851591e-04   0.0000000e+00   0.0000000e+00   1.5638344e-08   5.0316054e-04   1.0354058e+00   0.0000000e+00
   5.0316054e-04   2.3904362e-02   3.0865010e-05   0.0000000e+00   0.0000000e+00   7.4959205e-03   1.2187384e-04   2.8530072e-07   9.8266127e-03   9.7478789e-07   4.9446784e-04   1.7921429e-05   0.0000000e+00   1.5769927e-02   1.4234587e-02   7.8363220e-03   0.0000000e+00   1.1296795e-03   7.5943377e-03   1.2689614e-02   0.0000000e+00   7.8392358e-03   0.0000000e+00   1.1548574e-03   1.9457889e-03   1.5098669e-03   4.8851591e-04   0.0000000e+00   0.0000000e+00   1.5638344e-08   5.0316054e-04   1.0354058e+00   0.0000000e+00
   5.0289619e-04   2.3904376e-02   3.0903277e-05   0.0000000e+00   0.0000000e+00   7.4960252e-03   1.2170977e-04   2.8536064e-07   9.8031716e-03   9.7441999e-07   4.9447409e-04   1.7923750e-05   0.0000000e+00   1.5770469e-02   1.4231654e-02   7.8411301e-03   0.0000000e+00   1.1290464e-03   7.5942293e-03   1.2686458e-02   0.0000000e+00   7.8393288e-03   0.0000000e+00   1.1550844e-03   1.9497072e-03   1.5098641e-03   5.1457495e-04   0.0000000e+00   0.0000000e+00   1.5638312e-08   5.0289619e-04   1.0354074e+00   0.0000000e+00
   5.0316054e-04   2.3904362e-02   3.0865010e-05   0.0000000e+00   0.0000000e+00   7.4959205e-03   1.2187384e-04   2.8530072e-07   9.8266127e-03   9.7478789e-07   4.9446784e-04   1.7921429e-05   0.0000000e+00   1.5769927e-02   1.4234587e-02   7.8363220e-03   0.0000000e+00   1.1296795e-03   7.5943377e-03   1.2689614e-02   0.0000000e+00   7.8392358e-03   0.0000000e+00   1.1548574e-03   1.9457889e-03   1.5098669e-03   4.8851591e-04   0.0000000e+00   0.0000000e+00   1.5638344e-08   5.0316054e-04   1.0354058e+00   0.0000000e+00
   5.0395955e-04   2.3900662e-02   3.4025129e-05   0.0000000e+00   0.0000000e+00   7.4894369e-03   1.3319486e-04   2.8211376e-07   9.7270346e-03   9.3598971e-07   4.9352720e-04   1.7893620e-05   0.0000000e+00   1.5760533e-02   1.4228830e-02   7.8839007e-03   0.0000000e+00   1.1379218e-03   7.5956946e-03   1.2666301e-02   0.0000000e+00   7.8369177e-03   0.0000000e+00   1.1486899e-03   1.9697864e-03   1.5098666e-03   4.5219183e-04   0.0000000e+00   0.0000000e+00   1.5650085e-08   5.0395955e-04   1.0353752e+00   0.0000000e+00
   5.0395955e-04   2.3900662e-02   3.4025129e-05   0.0000000e+00   0.0000000e+00   7.4894369e-03   1.3319486e-04   2.8211376e-07   9.7270346e-03   9.3598971e-07   4.9352720e-04   1.7893620e-05   0.0000000e+00   1.5760533e-02   1.4228830e-02   7.8839007e-03   0.0000000e+00   1.1379218e-03   7.5956946e-03   1.2666301e-02   0.0000000e+00   7.8369177e-03   0.0000000e+00   1.1486899e-03   1.9697864e-03   1.5098666e-03   4.5219183e-04   0.0000000e+00   0.0000000e+00   1.5650085e-08   5.0395955e-04   1.0353752e+00   0.0000000e+00
   5.0395955e-04   2.3900662e-02   3.4025129e-05   0.0000000e+00   0.0000000e+00   7.4894369e-03   1.3319486e-04   2.8211376e-07   9.7270346e-03   9.3598971e-07   4.9352720e-04   1.7893620e-05   0.0000000e+00   1.5760533e-02   1.4228830e-02   7.8839007e-03   0.0000000e+00   1.1379218e-03   7.5956946e-03   1.2666301e-02   0.0000000e+00   7.8369177e-03   0.0000000e+00   1.1486899e-03   1.9697864e-03   1.5098666e-03   4.5219183e-04   0.0000000e+00   0.0000000e+00   1.5650085e-08   5.0395955e-04   1.0353752e+00   0.0000000e+00
   5.0395955e-04   2.3900662e-02   3.4025129e-05   0.0000000e+00   0.0000000e+00   7.4894369e-03   1.3319486e-04   2.8211376e-07   9.7270346e-03   9.3598971e-07   4.9352720e-04   1.7893620e-05   0.0000000e+00   1.5760533e-02   1.4228830e-02   7.8839007e-03   0.0000000e+00   1.1379218e-03   7.5956946e-03   1.2666301e-02   0.0000000e+00   7.8369177e-03   0.0000000e+00   1.1486899e-03   1.9697864e-03   1.5098666e-03   4.5219183e-04   0.0000000e+00   0.0000000e+00   1.5650085e-08   5.0395955e-04   1.0353752e+00   0.0000000e+00
   5.0395955e-04   2.3900662e-02   3.4025129e-05   0.0000000e+00   0.0000000e+00   7.4894369e-03   1.3319486e-04   2.8211376e-07   9.7270346e-03   9.3598971e-07   4.9352720e-04   1.7893620e-05   0.0000000e+00   1.5760533e-02   1.4228830e-02   7.8839007e-03   0.0000000e+00   1.1379218e-03   7.5956946e-03   1.2666301e-02   0.0000000e+00   7.8369177e-03   0.0000000e+00   1.1486899e-03   1.9697864e-03   1.5098666e-03   4.5219183e-04   0.0000000e+00   0.0000000e+00   1.5650085e-08   5.0395955e-04   1.0353752e+00   0.0000000e+00
   5.0395955e-04   2.3900662e-02   3.4025129e-05   0.0000000e+00   0.0000000e+00   7.4894369e-03   1.3319486e-04   2.8211376e-07   9.7270346e-03   9.3598971e-07   4.9352720e-04   1.7893620e-05   0.0000000e+00   1.5760533e-02   1.4228830e-02   7.8839007e-03   0.0000000e+00   1.1379218e-03   7.5956946e-03   1.2666301e-02   0.0000000e+00   7.8369177e-03   0.0000000e+00   1.1486899e-03   1.9697864e-03   1.5098666e-03   4.5219183e-04   0.0000000e+00   0.0000000e+00   1.5650085e-08   5.0395955e-04   1.0353752e+00   0.0000000e+00
   5.0395955e-04   2.3900662e-02   3.4025129e-05   0.0000000e+00   0.0000000e+00   7.4894369e-03   1.3319486e-04   2.8211376e-07   9.7270346e-03   9.3598971e-07   4.9352720e-04   1.7893620e-05   0.0000000e+00   1.5760533e-02   1.4228830e-02   7.8839007e-03   0.0000000e+00   1.1379218e-03   7.5956946e-03   1.2666301e-02   0.0000000e+00   7.8369177e-03   0.0000000e+00   1.1486899e-03   1.9697864e-03   1.5098666e-03   4.5219183e-04   0.0000000e+00   0.0000000e+00   1.5650085e-08   5.0395955e-04   1.0353752e+00   0.0000000e+00
   5.0395955e-04   2.3900662e-02   3.4025129e-05   0.0000000e+00   0.0000000e+00   7.4894369e-03   1.3319486e-04   2.8211376e-07   9.7270346e-03   9.3598971e-07   4.9352720e-04   1.7893620e-05   0.0000000e+00   1.5760533e-02   1.4228830e-02   7.8839007e-03   0.0000000e+00   1.1379218e-03   7.5956946e-03   1.2666301e-02   0.0000000e+00   7.8369177e-03   0.0000000e+00   1.1486899e-03   1.9697864e-03   1.5098666e-03   4.5219183e-04   0.0000000e+00   0.0000000e+00   1.5650085e-08   5.0395955e-04   1.0353752e+00   0.0000000e+00
   5.0395955e-04   2.3900662e-02   3.4025129e-05   0.0000000e+00   0.0000000e+00   7.4894369e-03   1.3319486e-04   2.8211376e-07   9.7270346e-03   9.3598971e-07   4.9352720e-04   1.7893620e-05   0.0000000e+00   1.5760533e-02   1.4228830e-02   7.8839007e-03   0.0000000e+00   1.1379218e-03   7.5956946e-03   1.2666301e-02   0.0000000e+00   7.8369177e-03   0.0000000e+00   1.1486899e-03   1.9697864e-03   1.5098666e-03   4.5219183e-04   0.0000000e+00   0.0000000e+00   1.5650085e-08   5.0395955e-04   1.0353752e+00   0.0000000e+00
   5.0415283e-04   2.3892897e-02   3.2108118e-05   0.0000000e+00   0.0000000e+00   7.4890889e-03   1.3228053e-04   2.8237534e-07   9.7489596e-03   9.4336412e-07   4.9361230e-04   1.7885435e-05   0.0000000e+00   1.5796777e-02   1.4214077e-02   7.7795210e-03   0.0000000e+00   1.1384267e-03   7.6014016e-03   1.2695638e-02   0.0000000e+00   7.8362356e-03   0.0000000e+00   1.1484680e-03   1.9485954e-03   1.5098740e-03   4.5149824e-04   0.0000000e+00   0.0000000e+00   1.5659399e-08   5.0415283e-04   1.0353569e+00   0.0000000e+00
   5.0415283e-04   2.3892897e-02   3.2108118e-05   0.0000000e+00   0.0000000e+00   7.4890889e-03   1.3228053e-04   2.8237534e-07   9.7489596e-03   9.4336412e-07   4.9361230e-04   1.7885435e-05   0.0000000e+00   1.5796777e-02   1.4214077e-02   7.7795210e-03   0.0000000e+00   1.1384267e-03   7.6014016e-03   1.2695638e-02   0.0000000e+00   7.8362356e-03   0.0000000e+00   1.1484680e-03   1.9485954e-03   1.5098740e-03   4.5149824e-04   0.0000000e+00   0.0000000e+00   1.5659399e-08   5.0415283e-04   1.0353569e+00   0.0000000e+00
   5.0415283e-04   2.3892897e-02   3.2108118e-05   0.0000000e+00   0.0000000e+00   7.4890889e-03   1.3228053e-04   2.8237534e-07   9.7489596e-03   9.4336412e-07   4.9361230e-04   1.7885435e-05   0.0000000e+00   1.5796777e-02   1.4214077e-02   7.7795210e-03   0.0000000e+00   1.1384267e-03   7.6014016e-03   1.2695638e-02   0.0000000e+00   7.8362356e-03   0.0000000e+00   1.1484680e-03   1.9485954e-03   1.5098740e-03   4.5149824e-04   0.0000000e+00   0.0000000e+00   1.5659399e-08   5.0415283e-04   1.0353569e+00   0.0000000e+00
   5.0437654e-04   2.3894982e-02   3.0514658e-05   0.0000000e+00   0.0000000e+00   7.4880585e-03   1.3218751e-04   2.8300757e-07   9.7488024e-03   9.4278724e-07   4.9350920e-04   1.7885371e-05   0.0000000e+00   1.5793020e-02   1.4175317e-02   7.7003320e-03   0.0000000e+00   1.1386081e-03   7.6007076e-03   1.2708410e-02   0.0000000e+00   7.8358127e-03   0.0000000e+00   1.1486212e-03   1.9532723e-03   1.5430505e-03   4.5093934e-04   0.0000000e+00   0.0000000e+00   1.5676885e-08   5.0437654e-04   1.0353341e+00   0.0000000e+00
   5.0437654e-04   2.3894982e-02   3.0514658e-05   0.0000000e+00   0.0000000e+00   7.4880585e-03   1.3218751e-04   2.8300757e-07   9.7488024e-03   9.4278724e-07   4.9350920e-04   1.7885371e-05   0.0000000e+00   1.5793020e-02   1.4175317e-02   7.7003320e-03   0.0000000e+00   1.1386081e-03   7.6007076e-03   1.2708410e-02   0.0000000e+00   7.8358127e-03   0.0000000e+00   1.1486212e-03   1.9532723e-03   1.5430505e-03   4.5093934e-04   0.0000000e+00   0.0000000e+00   1.5676885e-08   5.0437654e-04   1.0353341e+00   0.0000000e+00
   5.0437654e-04   2.3894982e-02   3.0514658e-05   0.0000000e+00   0.0000000e+00   7.4880585e-03   1.3218751e-04   2.8300757e-07   9.7488024e-03   9.4278724e-07   4.9350920e-04   1.7885371e-05   0.0000000e+00   1.5793020e-02   1.4175317e-02   7.7003320e-03   0.0000000e+00   1.1386081e-03   7.6007076e-03   1.2708410e-02   0.0000000e+00   7.8358127e-03   0.0000000e+00   1.1486212e-03   1.9532723e-03   1.5430505e-03   4.5093934e-04   0.0000000e+00   0.0000000e+00   1.5676885e-08   5.0437654e-04   1.0353341e+00   0.0000000e+00
   5.1215163e-04   2.3904552e-02   3.3798827e-05   0.0000000e+00   0.0000000e+00   7.5054379e-03   1.2336645e-04   2.8641127e-07   9.7508246e-03   9.6629795e-07   4.9714152e-04   1.7999746e-05   0.0000000e+00   1.5714657e-02   1.2252810e-02   8.0771289e-03   0.0000000e+00   1.1403462e-03   7.5908948e-03   1.2526917e-02   0.0000000e+00   7.8389574e-03   0.0000000e+00   1.1113518e-03   1.9934691e-03   1.6322539e-03   4.2119116e-04   0.0000000e+00   0.0000000e+00   1.5838484e-08   5.1215163e-04   1.0348001e+00   0.0000000e+00
   5.1215163e-04   2.3904552e-02   3.3798827e-05   0.0000000e+00   0.0000000e+00   7.5054379e-03   1.2336645e-04   2.8641127e-07   9.7508246e-03   9.6629795e-07   4.9714152e-04   1.7999746e-05   0.0000000e+00   1.5714657e-02   1.2252810e-02   8.0771289e-03   0.0000000e+00   1.1403462e-03   7.5908948e-03   1.2526917e-02   0.0000000e+00   7.8389574e-03   0.0000000e+00   1.1113518e-03   1.9934691e-03   1.6322539e-03   4.2119116e-04   0.0000000e+00   0.0000000e+00   1.5838484e-08   5.1215163e-04   1.0348001e+00   0.0000000e+00
   5.1215163e-04   2.3904552e-02   3.3798827e-05   0.0000000e+00   0.0000000e+00   7.5054379e-03   1.2336645e-04   2.8641127e-07   9.7508246e-03   9.6629795e-07   4.9714152e-04   1.7999746e-05   0.0000000e+00   1.5714657e-02   1.2252810e-02   8.0771289e-03   0.0000000e+00   1.1403462e-03   7.5908948e-03   1.2526917e-02   0.0000000e+00   7.8389574e-03   0.0000000e+00   1.1113518e-03   1.9934691e-03   1.6322539e-03   4.2119116e-04   0.0000000e+00   0.0000000e+00   1.5838484e-08   5.1215163e-04   1.0348001e+00   0.0000000e+00
   5.0395955e-04   2.3900662e-02   3.4025129e-05   0.0000000e+00   0.0000000e+00   7.4894369e-03   1.3319486e-04   2.8211376e-07   9.7270346e-03   9.3598971e-07   4.9352720e-04   1.7893620e-05   0.0000000e+00   1.5760533e-02   1.4228830e-02   7.8839007e-03   0.0000000e+00   1.1379218e-03   7.5956946e-03   1.2666301e-02   0.0000000e+00   7.8369177e-03   0.0000000e+00   1.1486899e-03   1.9697864e-03   1.5098666e-03   4.5219183e-04   0.0000000e+00   0.0000000e+00   1.5650085e-08   5.0395955e-04   1.0353752e+00   0.0000000e+00
   5.0395955e-04   2.3900662e-02   3.4025129e-05   0.0000000e+00   0.0000000e+00   7.4894369e-03   1.3319486e-04   2.8211376e-07   9.7270346e-03   9.3598971e-07   4.9352720e-04   1.7893620e-05   0.0000000e+00   1.5760533e-02   1.4228830e-02   7.8839007e-03   0.0000000e+00   1.1379218e-03   7.5956946e-03   1.2666301e-02   0.0000000e+00   7.8369177e-03   0.0000000e+00   1.1486899e-03   1.9697864e-03   1.5098666e-03   4.5219183e-04   0.0000000e+00   0.0000000e+00   1.5650085e-08   5.0395955e-04   1.0353752e+00   0.0000000e+00
   5.0395955e-04   2.3900662e-02   3.4025129e-05   0.0000000e+00   0.0000000e+00   7.4894369e-03   1.3319486e-04   2.8211376e-07   9.7270346e-03   9.3598971e-07   4.9352720e-04   1.7893620e-05   0.0000000e+00   1.5760533e-02   1.4228830e-02   7.8839007e-03   0.0000000e+00   1.1379218e-03   7.5956946e-03   1.2666301e-02   0.0000000e+00   7.8369177e-03   0.0000000e+00   1.1486899e-03   1.9697864e-03   1.5098666e-03   4.5219183e-04   0.0000000e+00   0.0000000e+00   1.5650085e-08   5.0395955e-04   1.0353752e+00   0.0000000e+00
   5.0395955e-04   2.3900662e-02   3.4025129e-05   0.0000000e+00   0.0000000e+00   7.4894369e-03   1.3319486e-04   2.8211376e-07   9.7270346e-03   9.3598971e-07   4.9352720e-04   1.7893620e-05   0.0000000e+00   1.5760533e-02   1.4228830e-02   7.8839007e-03   0.0000000e+00   1.1379218e-03   7.5956946e-03   1.2666301e-02   0.0000000e+00   7.8369177e-03   0.0000000e+00   1.1486899e-03   1.9697864e-03   1.5098666e-03   4.5219183e-04   0.0000000e+00   0.0000000e+00   1.5650085e-08   5.0395955e-04   1.0353752e+00   0.0000000e+00
   5.0395955e-04   2.3900662e-02   3.4025129e-05   0.0000000e+00   0.0000000e+00   7.4894369e-03   1.3319486e-04   2.8211376e-07   9.7270346e-03   9.3598971e-07   4.9352720e-04   1.7893620e-05   0.0000000e+00   1.5760533e-02   1.4228830e-02   7.8839007e-03   0.0000000e+00   1.1379218e-03   7.5956946e-03   1.2666301e-02   0.0000000e+00   7.8369177e-03   0.0000000e+00   1.1486899e-03   1.9697864e-03   1.5098666e-03   4.5219183e-04   0.0000000e+00   0.0000000e+00   1.5650085e-08   5.0395955e-04   1.0353752e+00   0.0000000e+00
   5.0395955e-04   2.3900662e-02   3.4025129e-05   0.0000000e+00   0.0000000e+00   7.4894369e-03   1.3319486e-04   2.8211376e-07   9.7270346e-03   9.3598971e-07   4.9352720e-04   1.7893620e-05   0.0000000e+00   1.5760533e-02   1.4228830e-02   7.8839007e-03   0.0000000e+00   1.1379218e-03   7.5956946e-03   1.2666301e-02   0.0000000e+00   7.8369177e-03   0.0000000e+00   1.1486899e-03   1.9697864e-03   1.5098666e-03   4.5219183e-04   0.0000000e+00   0.0000000e+00   1.5650085e-08   5.0395955e-04   1.0353752e+00   0.0000000e+00
   5.0395955e-04   2.3900662e-02   3.4025129e-05   0.0000000e+00   0.0000000e+00   7.4894369e-03   1.3319486e-04   2.8211376e-07   9.7270346e-03   9.3598971e-07   4.9352720e-04   1.7893620e-05   0.0000000e+00   1.5760533e-02   1.4228830e-02   7.8839007e-03   0.0000000e+00   1.1379218e-03   7.5956946e-03   1.2666301e-02   0.0000000e+00   7.8369177e-03   0.0000000e+00   1.1486899e-03   1.9697864e-03   1.5098666e-03   4.5219183e-04   0.0000000e+00   0.0000000e+00   1.5650085e-08   5.0395955e-04   1.0353752e+00   0.0000000e+00
   5.0387077e-04   2.3902063e-02   3.3180434e-05   0.0000000e+00   0.0000000e+00   7.4893996e-03   1.3316454e-04   2.8197194e-07   9.7195230e-03   9.2841968e-07   4.9351635e-04   1.7892556e-05   0.0000000e+00   1.5765496e-02   1.4230149e-02   7.9212251e-03   0.0000000e+00   1.1379117e-03   7.5960691e-03   1.2669509e-02   0.0000000e+00   7.8369102e-03   0.0000000e+00   1.1486579e-03   1.9711053e-03   1.5098658e-03   4.5239815e-04   0.0000000e+00   0.0000000e+00   1.5649442e-08   5.0387077e-04   1.0353881e+00   0.0000000e+00
   5.0415284e-04   2.3892889e-02   3.2108167e-05   0.0000000e+00   0.0000000e+00   7.4890889e-03   1.3228051e-04   2.8237533e-07   9.7489413e-03   9.4336409e-07   4.9361232e-04   1.7885436e-05   0.0000000e+00   1.5796775e-02   1.4214076e-02   7.7794880e-03   0.0000000e+00   1.1384266e-03   7.6014297e-03   1.2695549e-02   0.0000000e+00   7.8362361e-03   0.0000000e+00   1.1484680e-03   1.9485949e-03   1.5098740e-03   4.5149838e-04   0.0000000e+00   0.0000000e+00   1.5659400e-08   5.0415284e-04   1.0353569e+00   0.0000000e+00
   5.0416944e-04   2.3892973e-02   3.2070925e-05   0.0000000e+00   0.0000000e+00   7.4891246e-03   1.3224122e-04   2.8226988e-07   9.7488139e-03   9.4349281e-07   4.9360936e-04   1.7885431e-05   0.0000000e+00   1.5796479e-02   1.4218774e-02   7.7712557e-03   0.0000000e+00   1.1380604e-03   7.6015229e-03   1.2698062e-02   0.0000000e+00   7.8362478e-03   0.0000000e+00   1.1484783e-03   1.9494460e-03   1.5074491e-03   4.5150428e-04   0.0000000e+00   0.0000000e+00   1.5659795e-08   5.0416944e-04   1.0353559e+00   0.0000000e+00
   5.1229494e-04   2.3907890e-02   3.4315206e-05   0.0000000e+00   0.0000000e+00   7.5148774e-03   1.2324198e-04   2.8703600e-07   9.7505670e-03   9.6593262e-07   4.9757894e-04   1.8003513e-05   0.0000000e+00   1.5694498e-02   1.1716964e-02   8.0846863e-03   0.0000000e+00   1.1404668e-03   7.5923525e-03   1.2531494e-02   0.0000000e+00   7.8405067e-03   0.0000000e+00   1.1182154e-03   1.9817685e-03   1.6287214e-03   4.2306494e-04   0.0000000e+00   0.0000000e+00   1.5811856e-08   5.1229494e-04   1.0346344e+00   0.0000000e+00
   5.1229494e-04   2.3907890e-02   3.4315206e-05   0.0000000e+00   0.0000000e+00   7.5148774e-03   1.2324198e-04   2.8703600e-07   9.7505670e-03   9.6593262e-07   4.9757894e-04   1.8003513e-05   0.0000000e+00   1.5694498e-02   1.1716964e-02   8.0846863e-03   0.0000000e+00   1.1404668e-03   7.5923525e-03   1.2531494e-02   0.0000000e+00   7.8405067e-03   0.0000000e+00   1.1182154e-03   1.9817685e-03   1.6287214e-03   4.2306494e-04   0.0000000e+00   0.0000000e+00   1.5811856e-08   5.1229494e-04   1.0346344e+00   0.0000000e+00
   5.1229494e-04   2.3907890e-02   3.4315206e-05   0.0000000e+00   0.0000000e+00   7.5148774e-03   1.2324198e-04   2.8703600e-07   9.7505670e-03   9.6593262e-07   4.9757894e-04   1.8003513e-05   0.0000000e+00   1.5694498e-02   1.1716964e-02   8.0846863e-03   0.0000000e+00   1.1404668e-03   7.5923525e-03   1.2531494e-02   0.0000000e+00   7.8405067e-03   0.0000000e+00   1.1182154e-03   1.9817685e-03   1.6287214e-03   4.2306494e-04   0.0000000e+00   0.0000000e+00   1.5811856e-08   5.1229494e-04   1.0346344e+00   0.0000000e+00
   5.1229494e-04   2.3907890e-02   3.4315206e-05   0.0000000e+00   0.0000000e+00   7.5148774e-03   1.2324198e-04   2.8703600e-07   9.7505670e-03   9.6593262e-07   4.9757894e-04   1.8003513e-05   0.0000000e+00   1.5694498e-02   1.1716964e-02   8.0846863e-03   0.0000000e+00   1.1404668e-03   7.5923525e-03   1.2531494e-02   0.0000000e+00   7.8405067e-03   0.0000000e+00   1.1182154e-03   1.9817685e-03   1.6287214e-03   4.2306494e-04   0.0000000e+00   0.0000000e+00   1.5811856e-08   5.1229494e-04   1.0346344e+00   0.0000000e+00
   5.1223048e-04   2.3905125e-02   3.3670568e-05   0.0000000e+00   0.0000000e+00   7.5067840e-03   1.2449854e-04   2.8643333e-07   9.7509182e-03   9.6723407e-07   4.9688038e-04   1.7995842e-05   0.0000000e+00   1.5714846e-02   1.1772419e-02   8.0424707e-03   0.0000000e+00   1.1403658e-03   7.5910336e-03   1.2535946e-02   0.0000000e+00   7.8385282e-03   0.0000000e+00   1.1130223e-03   1.9917896e-03   1.6312102e-03   4.2116760e-04   0.0000000e+00   0.0000000e+00   1.5834527e-08   5.1223048e-04   1.0346435e+00   0.0000000e+00
   5.1222907e-04   2.3905125e-02   3.3434866e-05   0.0000000e+00   0.0000000e+00   7.5060972e-03   1.2438135e-04   2.8656046e-07   9.7507912e-03   9.6633489e-07   4.9710388e-04   1.7996423e-05   0.0000000e+00   1.5715911e-02   1.2179079e-02   8.0501061e-03   0.0000000e+00   1.1403456e-03   7.5910243e-03   1.2537277e-02   0.0000000e+00   7.8389931e-03   0.0000000e+00   1.1132738e-03   1.9939234e-03   1.6314817e-03   4.2085652e-04   0.0000000e+00   0.0000000e+00   1.5829943e-08   5.1222907e-04   1.0347734e+00   0.0000000e+00
   3.6095102e-04   2.4414666e-02   2.4808843e-05   0.0000000e+00   0.0000000e+00   1.0933371e-02   1.5304722e-04   3.2805867e-07   8.9993646e-03   9.9767767e-07   1.4514924e-02   1.3308294e-05   0.0000000e+00   1.5308099e-02   2.7778224e-02   1.2299386e-02   0.0000000e+00   1.2329131e-03   8.7468633e-03   8.5769434e-03   0.0000000e+00   7.7814547e-03   8.9373633e-03   1.0226504e-03   6.0110594e-03   2.8249705e-03   5.4931251e-02   0.0000000e+00   0.0000000e+00   1.4038018e-08   3.6095102e-04   1.0665707e+00   0.0000000e+00
   5.0395955e-04   2.3900662e-02   3.4025129e-05   0.0000000e+00   0.0000000e+00   7.4894369e-03   1.3319486e-04   2.8211376e-07   9.7270346e-03   9.3598971e-07   4.9352720e-04   1.7893620e-05   0.0000000e+00   1.5760533e-02   1.4228830e-02   7.8839007e-03   0.0000000e+00   1.1379218e-03   7.5956946e-03   1.2666301e-02   0.0000000e+00   7.8369177e-03   0.0000000e+00   1.1486899e-03   1.9697864e-03   1.5098666e-03   4.5219183e-04   0.0000000e+00   0.0000000e+00   1.5650085e-08   5.0395955e-04   1.0353752e+00   0.0000000e+00
   5.0395955e-04   2.3900662e-02   3.4025129e-05   0.0000000e+00   0.0000000e+00   7.4894369e-03   1.3319486e-04   2.8211376e-07   9.7270346e-03   9.3598971e-07   4.9352720e-04   1.7893620e-05   0.0000000e+00   1.5760533e-02   1.4228830e-02   7.8839007e-03   0.0000000e+00   1.1379218e-03   7.5956946e-03   1.2666301e-02   0.0000000e+00   7.8369177e-03   0.0000000e+00   1.1486899e-03   1.9697864e-03   1.5098666e-03   4.5219183e-04   0.0000000e+00   0.0000000e+00   1.5650085e-08   5.0395955e-04   1.0353752e+00   0.0000000e+00
   5.0395955e-04   2.3900662e-02   3.4025129e-05   0.0000000e+00   0.0000000e+00   7.4894369e-03   1.3319486e-04   2.8211376e-07   9.7270346e-03   9.3598971e-07   4.9352720e-04   1.7893620e-05   0.0000000e+00   1.5760533e-02   1.4228830e-02   7.8839007e-03   0.0000000e+00   1.1379218e-03   7.5956946e-03   1.2666301e-02   0.0000000e+00   7.8369177e-03   0.0000000e+00   1.1486899e-03   1.9697864e-03   1.5098666e-03   4.5219183e-04   0.0000000e+00   0.0000000e+00   1.5650085e-08   5.0395955e-04   1.0353752e+00   0.0000000e+00
   5.0395955e-04   2.3900662e-02   3.4025129e-05   0.0000000e+00   0.0000000e+00   7.4894369e-03   1.3319486e-04   2.8211376e-07   9.7270346e-03   9.3598971e-07   4.9352720e-04   1.7893620e-05   0.0000000e+00   1.5760533e-02   1.4228830e-02   7.8839007e-03   0.0000000e+00   1.1379218e-03   7.5956946e-03   1.2666301e-02   0.0000000e+00   7.8369177e-03   0.0000000e+00   1.1486899e-03   1.9697864e-03   1.5098666e-03   4.5219183e-04   0.0000000e+00   0.0000000e+00   1.5650085e-08   5.0395955e-04   1.0353752e+00   0.0000000e+00
   5.0395955e-04   2.3900662e-02   3.4025129e-05   0.0000000e+00   0.0000000e+00   7.4894369e-03   1.3319486e-04   2.8211376e-07   9.7270346e-03   9.3598971e-07   4.9352720e-04   1.7893620e-05   0.0000000e+00   1.5760533e-02   1.4228830e-02   7.8839007e-03   0.0000000e+00   1.1379218e-03   7.5956946e-03   1.2666301e-02   0.0000000e+00   7.8369177e-03   0.0000000e+00   1.1486899e-03   1.9697864e-03   1.5098666e-03   4.5219183e-04   0.0000000e+00   0.0000000e+00   1.5650085e-08   5.0395955e-04   1.0353752e+00   0.0000000e+00
   5.0395955e-04   2.3900662e-02   3.4025129e-05   0.0000000e+00   0.0000000e+00   7.4894369e-03   1.3319486e-04   2.8211376e-07   9.7270346e-03   9.3598971e-07   4.9352720e-04   1.7893620e-05   0.0000000e+00   1.5760533e-02   1.4228830e-02   7.8839007e-03   0.0000000e+00   1.1379218e-03   7.5956946e-03   1.2666301e-02   0.0000000e+00   7.8369177e-03   0.0000000e+00   1.1486899e-03   1.9697864e-03   1.5098666e-03   4.5219183e-04   0.0000000e+00   0.0000000e+00   1.5650085e-08   5.0395955e-04   1.0353752e+00   0.0000000e+00
   5.0395955e-04   2.3900662e-02   3.4025129e-05   0.0000000e+00   0.0000000e+00   7.4894369e-03   1.3319486e-04   2.8211376e-07   9.7270346e-03   9.3598971e-07   4.9352720e-04   1.7893620e-05   0.0000000e+00   1.5760533e-02   1.4228830e-02   7.8839007e-03   0.0000000e+00   1.1379218e-03   7.5956946e-03   1.2666301e-02   0.0000000e+00   7.8369177e-03   0.0000000e+00   1.1486899e-03   1.9697864e-03   1.5098666e-03   4.5219183e-04   0.0000000e+00   0.0000000e+00   1.5650085e-08   5.0395955e-04   1.0353752e+00   0.0000000e+00
   5.0415341e-04   2.3892879e-02   3.2105596e-05   0.0000000e+00   0.0000000e+00   7.4890889e-03   1.3228019e-04   2.8237484e-07   9.7487397e-03   9.4335241e-07   4.9361222e-04   1.7885428e-05   0.0000000e+00   1.5796853e-02   1.4213973e-02   7.7768522e-03   0.0000000e+00   1.1384251e-03   7.6014995e-03   1.2695668e-02   0.0000000e+00   7.8362432e-03   0.0000000e+00   1.1484685e-03   1.9485918e-03   1.5098740e-03   4.5149761e-04   0.0000000e+00   0.0000000e+00   1.5659430e-08   5.0415341e-04   1.0353560e+00   0.0000000e+00
   5.0415341e-04   2.3892879e-02   3.2105596e-05   0.0000000e+00   0.0000000e+00   7.4890889e-03   1.3228019e-04   2.8237484e-07   9.7487397e-03   9.4335241e-07   4.9361222e-04   1.7885428e-05   0.0000000e+00   1.5796853e-02   1.4213973e-02   7.7768522e-03   0.0000000e+00   1.1384251e-03   7.6014995e-03   1.2695668e-02   0.0000000e+00   7.8362432e-03   0.0000000e+00   1.1484685e-03   1.9485918e-03   1.5098740e-03   4.5149761e-04   0.0000000e+00   0.0000000e+00   1.5659430e-08   5.0415341e-04   1.0353560e+00   0.0000000e+00
   5.0415341e-04   2.3892879e-02   3.2105596e-05   0.0000000e+00   0.0000000e+00   7.4890889e-03   1.3228019e-04   2.8237484e-07   9.7487397e-03   9.4335241e-07   4.9361222e-04   1.7885428e-05   0.0000000e+00   1.5796853e-02   1.4213973e-02   7.7768522e-03   0.0000000e+00   1.1384251e-03   7.6014995e-03   1.2695668e-02   0.0000000e+00   7.8362432e-03   0.0000000e+00   1.1484685e-03   1.9485918e-03   1.5098740e-03   4.5149761e-04   0.0000000e+00   0.0000000e+00   1.5659430e-08   5.0415341e-04   1.0353560e+00   0.0000000e+00
   5.0415341e-04   2.3892879e-02   3.2105596e-05   0.0000000e+00   0.0000000e+00   7.4890889e-03   1.3228019e-04   2.8237484e-07   9.7487397e-03   9.4335241e-07   4.9361222e-04   1.7885428e-05   0.0000000e+00   1.5796853e-02   1.4213973e-02   7.7768522e-03   0.0000000e+00   1.1384251e-03   7.6014995e-03   1.2695668e-02   0.0000000e+00   7.8362432e-03   0.0000000e+00   1.1484685e-03   1.9485918e-03   1.5098740e-03   4.5149761e-04   0.0000000e+00   0.0000000e+00   1.5659430e-08   5.0415341e-04   1.0353560e+00   0.0000000e+00
   5.0415341e-04   2.3892879e-02   3.2105596e-05   0.0000000e+00   0.0000000e+00   7.4890889e-03   1.3228019e-04   2.8237484e-07   9.7487397e-03   9.4335241e-07   4.9361222e-04   1.7885428e-05   0.0000000e+00   1.5796853e-02   1.4213973e-02   7.7768522e-03   0.0000000e+00   1.1384251e-03   7.6014995e-03   1.2695668e-02   0.0000000e+00   7.8362432e-03   0.0000000e+00   1.1484685e-03   1.9485918e-03   1.5098740e-03   4.5149761e-04   0.0000000e+00   0.0000000e+00   1.5659430e-08   5.0415341e-04   1.0353560e+00   0.0000000e+00
   5.0417142e-04   2.3892961e-02   3.2065882e-05   0.0000000e+00   0.0000000e+00   7.4891160e-03   1.3224706e-04   2.8226105e-07   9.7488142e-03   9.4349864e-07   4.9360914e-04   1.7885432e-05   0.0000000e+00   1.5796457e-02   1.4217773e-02   7.7710148e-03   0.0000000e+00   1.1380716e-03   7.6015201e-03   1.2699125e-02   0.0000000e+00   7.8362476e-03   0.0000000e+00   1.1484775e-03   1.9494524e-03   1.5065313e-03   4.5150411e-04   0.0000000e+00   0.0000000e+00   1.5659803e-08   5.0417142e-04   1.0353555e+00   0.0000000e+00
   5.0473803e-04   2.3897803e-02   3.2051225e-05   0.0000000e+00   0.0000000e+00   7.4883950e-03   1.3415440e-04   2.8052846e-07   9.7489040e-03   9.4473981e-07   4.9419310e-04   1.7915482e-05   0.0000000e+00   1.5770365e-02   1.3969773e-02   7.7738332e-03   0.0000000e+00   1.1387214e-03   7.6029844e-03   1.2709712e-02   0.0000000e+00   7.8370058e-03   0.0000000e+00   1.1439636e-03   1.9475603e-03   1.5156380e-03   4.4763276e-04   0.0000000e+00   0.0000000e+00   1.5685601e-08   5.0473803e-04   1.0352772e+00   0.0000000e+00
   5.0473803e-04   2.3897803e-02   3.2051225e-05   0.0000000e+00   0.0000000e+00   7.4883950e-03   1.3415440e-04   2.8052846e-07   9.7489040e-03   9.4473981e-07   4.9419310e-04   1.7915482e-05   0.0000000e+00   1.5770365e-02   1.3969773e-02   7.7738332e-03   0.0000000e+00   1.1387214e-03   7.6029844e-03   1.2709712e-02   0.0000000e+00   7.8370058e-03   0.0000000e+00   1.1439636e-03   1.9475603e-03   1.5156380e-03   4.4763276e-04   0.0000000e+00   0.0000000e+00   1.5685601e-08   5.0473803e-04   1.0352772e+00   0.0000000e+00
   5.0415341e-04   2.3892879e-02   3.2105596e-05   0.0000000e+00   0.0000000e+00   7.4890889e-03   1.3228019e-04   2.8237484e-07   9.7487397e-03   9.4335241e-07   4.9361222e-04   1.7885428e-05   0.0000000e+00   1.5796853e-02   1.4213973e-02   7.7768522e-03   0.0000000e+00   1.1384251e-03   7.6014995e-03   1.2695668e-02   0.0000000e+00   7.8362432e-03   0.0000000e+00   1.1484685e-03   1.9485918e-03   1.5098740e-03   4.5149761e-04   0.0000000e+00   0.0000000e+00   1.5659430e-08   5.0415341e-04   1.0353560e+00   0.0000000e+00
   5.0415341e-04   2.3892879e-02   3.2105596e-05   0.0000000e+00   0.0000000e+00   7.4890889e-03   1.3228019e-04   2.8237484e-07   9.7487397e-03   9.4335241e-07   4.9361222e-04   1.7885428e-05   0.0000000e+00   1.5796853e-02   1.4213973e-02   7.7768522e-03   0.0000000e+00   1.1384251e-03   7.6014995e-03   1.2695668e-02   0.0000000e+00   7.8362432e-03   0.0000000e+00   1.1484685e-03   1.9485918e-03   1.5098740e-03   4.5149761e-04   0.0000000e+00   0.0000000e+00   1.5659430e-08   5.0415341e-04   1.0353560e+00   0.0000000e+00
   5.0417161e-04   2.3892960e-02   3.2061898e-05   0.0000000e+00   0.0000000e+00   7.4891179e-03   1.3224924e-04   2.8226243e-07   9.7488159e-03   9.4349797e-07   4.9360916e-04   1.7885434e-05   0.0000000e+00   1.5796464e-02   1.4217770e-02   7.7709139e-03   0.0000000e+00   1.1380709e-03   7.6015201e-03   1.2699131e-02   0.0000000e+00   7.8362477e-03   0.0000000e+00   1.1484774e-03   1.9494509e-03   1.5065480e-03   4.5150383e-04   0.0000000e+00   0.0000000e+00   1.5659804e-08   5.0417161e-04   1.0353555e+00   0.0000000e+00
   5.0417161e-04   2.3892960e-02   3.2061898e-05   0.0000000e+00   0.0000000e+00   7.4891179e-03   1.3224924e-04   2.8226243e-07   9.7488159e-03   9.4349797e-07   4.9360916e-04   1.7885434e-05   0.0000000e+00   1.5796464e-02   1.4217770e-02   7.7709139e-03   0.0000000e+00   1.1380709e-03   7.6015201e-03   1.2699131e-02   0.0000000e+00   7.8362477e-03   0.0000000e+00   1.1484774e-03   1.9494509e-03   1.5065480e-03   4.5150383e-04   0.0000000e+00   0.0000000e+00   1.5659804e-08   5.0417161e-04   1.0353555e+00   0.0000000e+00
   5.0417161e-04   2.3892960e-02   3.2061898e-05   0.0000000e+00   0.0000000e+00   7.4891179e-03   1.3224924e-04   2.8226243e-07   9.7488159e-03   9.4349797e-07   4.9360916e-04   1.7885434e-05   0.0000000e+00   1.5796464e-02   1.4217770e-02   7.7709139e-03   0.0000000e+00   1.1380709e-03   7.6015201e-03   1.2699131e-02   0.0000000e+00   7.8362477e-03   0.0000000e+00   1.1484774e-03   1.9494509e-03   1.5065480e-03   4.5150383e-04   0.0000000e+00   0.0000000e+00   1.5659804e-08   5.0417161e-04   1.0353555e+00   0.0000000e+00
   5.0590147e-04   2.3889593e-02   3.1713240e-05   0.0000000e+00   0.0000000e+00   7.4901696e-03   1.3128126e-04   2.8086637e-07   9.7489784e-03   9.4556399e-07   4.9424509e-04   1.7933724e-05   0.0000000e+00   1.5778212e-02   1.3441545e-02   7.7569545e-03   0.0000000e+00   1.1376719e-03   7.6024859e-03   1.2694723e-02   0.0000000e+00   7.8375555e-03   0.0000000e+00   1.1440495e-03   1.9338455e-03   1.4613035e-03   4.4814707e-04   0.0000000e+00   0.0000000e+00   1.5683797e-08   5.0590147e-04   1.0350816e+00   0.0000000e+00
   5.0417161e-04   2.3892960e-02   3.2061898e-05   0.0000000e+00   0.0000000e+00   7.4891179e-03   1.3224924e-04   2.8226243e-07   9.7488159e-03   9.4349797e-07   4.9360916e-04   1.7885434e-05   0.0000000e+00   1.5796464e-02   1.4217770e-02   7.7709139e-03   0.0000000e+00   1.1380709e-03   7.6015201e-03   1.2699131e-02   0.0000000e+00   7.8362477e-03   0.0000000e+00   1.1484774e-03   1.9494509e-03   1.5065480e-03   4.5150383e-04   0.0000000e+00   0.0000000e+00   1.5659804e-08   5.0417161e-04   1.0353555e+00   0.0000000e+00
   4.9712346e-04   2.3908272e-02   3.5553197e-05   0.0000000e+00   0.0000000e+00   7.5261711e-03   1.2727778e-04   2.8696721e-07   9.9111043e-03   1.0290319e-06   5.5972881e-04   1.8341213e-05   0.0000000e+00   1.5750014e-02   1.2334236e-02   8.5478738e-03   0.0000000e+00   1.1440155e-03   7.5893399e-03   1.2594478e-02   0.0000000e+00   7.8403122e-03   0.0000000e+00   1.2240399e-03   2.4609844e-03   1.7110209e-03   5.2256636e-04   3.5360128e-03   0.0000000e+00   1.6133770e-08   4.9712346e-04   1.0364165e+00   0.0000000e+00
   5.1230066e-04   2.3909853e-02   3.4179323e-05   0.0000000e+00   0.0000000e+00   7.5160103e-03   1.2304035e-04   2.8708951e-07   9.7504978e-03   9.6583237e-07   4.9748248e-04   1.8006382e-05   0.0000000e+00   1.5696499e-02   1.0791876e-02   8.0806793e-03   0.0000000e+00   1.1404569e-03   7.5920719e-03   1.2529521e-02   0.0000000e+00   7.8398490e-03   0.0000000e+00   1.1269912e-03   1.9850837e-03   1.6288960e-03   4.2278795e-04   0.0000000e+00   0.0000000e+00   1.5796921e-08   5.1230066e-04   1.0343503e+00   0.0000000e+00
   5.1230077e-04   2.3909853e-02   3.4179385e-05   0.0000000e+00   0.0000000e+00   7.5160106e-03   1.2304027e-04   2.8708951e-07   9.7504978e-03   9.6583237e-07   4.9748251e-04   1.8006385e-05   0.0000000e+00   1.5696503e-02   1.0790392e-02   8.0806794e-03   0.0000000e+00   1.1404569e-03   7.5920477e-03   1.2529521e-02   0.0000000e+00   7.8398467e-03   0.0000000e+00   1.1269913e-03   1.9850837e-03   1.6288961e-03   4.2278782e-04   0.0000000e+00   0.0000000e+00   1.5796921e-08   5.1230077e-04   1.0343498e+00   0.0000000e+00
   5.1230077e-04   2.3909853e-02   3.4179386e-05   0.0000000e+00   0.0000000e+00   7.5160107e-03   1.2304027e-04   2.8708951e-07   9.7504978e-03   9.6583237e-07   4.9748251e-04   1.8006385e-05   0.0000000e+00   1.5696503e-02   1.0790392e-02   8.0806794e-03   0.0000000e+00   1.1404569e-03   7.5920477e-03   1.2529521e-02   0.0000000e+00   7.8398467e-03   0.0000000e+00   1.1269913e-03   1.9850837e-03   1.6288961e-03   4.2278782e-04   0.0000000e+00   0.0000000e+00   1.5796921e-08   5.1230077e-04   1.0343498e+00   0.0000000e+00
   5.1230077e-04   2.3909853e-02   3.4179386e-05   0.0000000e+00   0.0000000e+00   7.5160107e-03   1.2304027e-04   2.8708951e-07   9.7504978e-03   9.6583237e-07   4.9748251e-04   1.8006385e-05   0.0000000e+00   1.5696503e-02   1.0790392e-02   8.0806794e-03   0.0000000e+00   1.1404569e-03   7.5920477e-03   1.2529521e-02   0.0000000e+00   7.8398467e-03   0.0000000e+00   1.1269913e-03   1.9850837e-03   1.6288961e-03   4.2278782e-04   0.0000000e+00   0.0000000e+00   1.5796921e-08   5.1230077e-04   1.0343498e+00   0.0000000e+00
   5.1230077e-04   2.3909853e-02   3.4179386e-05   0.0000000e+00   0.0000000e+00   7.5160107e-03   1.2304027e-04   2.8708951e-07   9.7504978e-03   9.6583237e-07   4.9748251e-04   1.8006385e-05   0.0000000e+00   1.5696503e-02   1.0790392e-02   8.0806794e-03   0.0000000e+00   1.1404569e-03   7.5920477e-03   1.2529521e-02   0.0000000e+00   7.8398467e-03   0.0000000e+00   1.1269913e-03   1.9850837e-03   1.6288961e-03   4.2278782e-04   0.0000000e+00   0.0000000e+00   1.5796921e-08   5.1230077e-04   1.0343498e+00   0.0000000e+00
   5.1230077e-04   2.3909853e-02   3.4179386e-05   0.0000000e+00   0.0000000e+00   7.5160107e-03   1.2304027e-04   2.8708951e-07   9.7504978e-03   9.6583237e-07   4.9748251e-04   1.8006385e-05   0.0000000e+00   1.5696503e-02   1.0790392e-02   8.0806794e-03   0.0000000e+00   1.1404569e-03   7.5920477e-03   1.2529521e-02   0.0000000e+00   7.8398467e-03   0.0000000e+00   1.1269913e-03   1.9850837e-03   1.6288961e-03   4.2278782e-04   0.0000000e+00   0.0000000e+00   1.5796921e-08   5.1230077e-04   1.0343498e+00   0.0000000e+00
   5.1230077e-04   2.3909853e-02   3.4179386e-05   0.0000000e+00   0.0000000e+00   7.5160107e-03   1.2304027e-04   2.8708951e-07   9.7504978e-03   9.6583237e-07   4.9748251e-04   1.8006385e-05   0.0000000e+00   1.5696503e-02   1.0790392e-02   8.0806794e-03   0.0000000e+00   1.1404569e-03   7.5920477e-03   1.2529521e-02   0.0000000e+00   7.8398467e-03   0.0000000e+00   1.1269913e-03   1.9850837e-03   1.6288961e-03   4.2278782e-04   0.0000000e+00   0.0000000e+00   1.5796921e-08   5.1230077e-04   1.0343498e+00   0.0000000e+00
   5.1230077e-04   2.3909853e-02   3.4179386e-05   0.0000000e+00   0.0000000e+00   7.5160107e-03   1.2304027e-04   2.8708951e-07   9.7504978e-03   9.6583237e-07   4.9748251e-04   1.8006385e-05   0.0000000e+00   1.5696503e-02   1.0790392e-02   8.0806794e-03   0.0000000e+00   1.1404569e-03   7.5920477e-03   1.2529521e-02   0.0000000e+00   7.8398467e-03   0.0000000e+00   1.1269913e-03   1.9850837e-03   1.6288961e-03   4.2278782e-04   0.0000000e+00   0.0000000e+00   1.5796921e-08   5.1230077e-04   1.0343498e+00   0.0000000e+00
   5.1230077e-04   2.3909853e-02   3.4179386e-05   0.0000000e+00   0.0000000e+00   7.5160107e-03   1.2304027e-04   2.8708951e-07   9.7504978e-03   9.6583237e-07   4.9748251e-04   1.8006385e-05   0.0000000e+00   1.5696503e-02   1.0790392e-02   8.0806794e-03   0.0000000e+00   1.1404569e-03   7.5920477e-03   1.2529521e-02   0.0000000e+00   7.8398467e-03   0.0000000e+00   1.1269913e-03   1.9850837e-03   1.6288961e-03   4.2278782e-04   0.0000000e+00   0.0000000e+00   1.5796921e-08   5.1230077e-04   1.0343498e+00   0.0000000e+00
   5.1230077e-04   2.3909853e-02   3.4179386e-05   0.0000000e+00   0.0000000e+00   7.5160107e-03   1.2304027e-04   2.8708951e-07   9.7504978e-03   9.6583237e-07   4.9748251e-04   1.8006385e-05   0.0000000e+00   1.5696503e-02   1.0790392e-02   8.0806794e-03   0.0000000e+00   1.1404569e-03   7.5920477e-03   1.2529521e-02   0.0000000e+00   7.8398467e-03   0.0000000e+00   1.1269913e-03   1.9850837e-03   1.6288961e-03   4.2278782e-04   0.0000000e+00   0.0000000e+00   1.5796921e-08   5.1230077e-04   1.0343498e+00   0.0000000e+00
   5.1230077e-04   2.3909853e-02   3.4179386e-05   0.0000000e+00   0.0000000e+00   7.5160107e-03   1.2304027e-04   2.8708951e-07   9.7504978e-03   9.6583237e-07   4.9748251e-04   1.8006385e-05   0.0000000e+00   1.5696503e-02   1.0790392e-02   8.0806794e-03   0.0000000e+00   1.1404569e-03   7.5920477e-03   1.2529521e-02   0.0000000e+00   7.8398467e-03   0.0000000e+00   1.1269913e-03   1.9850837e-03   1.6288961e-03   4.2278782e-04   0.0000000e+00   0.0000000e+00   1.5796921e-08   5.1230077e-04   1.0343498e+00   0.0000000e+00
   5.1230077e-04   2.3909853e-02   3.4179386e-05   0.0000000e+00   0.0000000e+00   7.5160107e-03   1.2304027e-04   2.8708951e-07   9.7504978e-03   9.6583237e-07   4.9748251e-04   1.8006385e-05   0.0000000e+00   1.5696503e-02   1.0790392e-02   8.0806794e-03   0.0000000e+00   1.1404569e-03   7.5920477e-03   1.2529521e-02   0.0000000e+00   7.8398467e-03   0.0000000e+00   1.1269913e-03   1.9850837e-03   1.6288961e-03   4.2278782e-04   0.0000000e+00   0.0000000e+00   1.5796921e-08   5.1230077e-04   1.0343498e+00   0.0000000e+00
   5.1230077e-04   2.3909853e-02   3.4179386e-05   0.0000000e+00   0.0000000e+00   7.5160107e-03   1.2304027e-04   2.8708951e-07   9.7504978e-03   9.6583237e-07   4.9748251e-04   1.8006385e-05   0.0000000e+00   1.5696503e-02   1.0790392e-02   8.0806794e-03   0.0000000e+00   1.1404569e-03   7.5920477e-03   1.2529521e-02   0.0000000e+00   7.8398467e-03   0.0000000e+00   1.1269913e-03   1.9850837e-03   1.6288961e-03   4.2278782e-04   0.0000000e+00   0.0000000e+00   1.5796921e-08   5.1230077e-04   1.0343498e+00   0.0000000e+00
   5.1230077e-04   2.3909853e-02   3.4179386e-05   0.0000000e+00   0.0000000e+00   7.5160107e-03   1.2304027e-04   2.8708951e-07   9.7504978e-03   9.6583237e-07   4.9748251e-04   1.8006385e-05   0.0000000e+00   1.5696503e-02   1.0790392e-02   8.0806794e-03   0.0000000e+00   1.1404569e-03   7.5920477e-03   1.2529521e-02   0.0000000e+00   7.8398467e-03   0.0000000e+00   1.1269913e-03   1.9850837e-03   1.6288961e-03   4.2278782e-04   0.0000000e+00   0.0000000e+00   1.5796921e-08   5.1230077e-04   1.0343498e+00   0.0000000e+00
   5.1230077e-04   2.3909853e-02   3.4179386e-05   0.0000000e+00   0.0000000e+00   7.5160107e-03   1.2304027e-04   2.8708951e-07   9.7504978e-03   9.6583237e-07   4.9748251e-04   1.8006385e-05   0.0000000e+00   1.5696503e-02   1.0790392e-02   8.0806794e-03   0.0000000e+00   1.1404569e-03   7.5920477e-03   1.2529521e-02   0.0000000e+00   7.8398467e-03   0.0000000e+00   1.1269913e-03   1.9850837e-03   1.6288961e-03   4.2278782e-04   0.0000000e+00   0.0000000e+00   1.5796921e-08   5.1230077e-04   1.0343498e+00   0.0000000e+00
   4.4878025e-04   2.3178368e-02   4.5135280e-05   1.4864236e-02   0.0000000e+00   8.7976819e-03   1.2521971e-04   2.8141725e-07   9.7105285e-03   1.1550519e-06   0.0000000e+00   1.1785731e-05   0.0000000e+00   1.7986304e-02   1.0361855e-02   8.3234126e-03   0.0000000e+00   9.8111685e-04   6.0488683e-03   1.6814271e-02   0.0000000e+00   7.8438665e-03   1.1996681e-04   1.1084357e-03   0.0000000e+00   1.9597659e-03   0.0000000e+00   0.0000000e+00   0.0000000e+00   1.2950280e-08   4.4878025e-04   1.0398115e+00   0.0000000e+00
   5.1230077e-04   2.3909853e-02   3.4179386e-05   0.0000000e+00   0.0000000e+00   7.5160107e-03   1.2304027e-04   2.8708951e-07   9.7504978e-03   9.6583237e-07   4.9748251e-04   1.8006385e-05   0.0000000e+00   1.5696503e-02   1.0790392e-02   8.0806794e-03   0.0000000e+00   1.1404569e-03   7.5920477e-03   1.2529521e-02   0.0000000e+00   7.8398467e-03   0.0000000e+00   1.1269913e-03   1.9850837e-03   1.6288961e-03   4.2278782e-04   0.0000000e+00   0.0000000e+00   1.5796921e-08   5.1230077e-04   1.0343498e+00   0.0000000e+00
   5.1230077e-04   2.3909853e-02   3.4179386e-05   0.0000000e+00   0.0000000e+00   7.5160107e-03   1.2304027e-04   2.8708951e-07   9.7504978e-03   9.6583237e-07   4.9748251e-04   1.8006385e-05   0.0000000e+00   1.5696503e-02   1.0790392e-02   8.0806794e-03   0.0000000e+00   1.1404569e-03   7.5920477e-03   1.2529521e-02   0.0000000e+00   7.8398467e-03   0.0000000e+00   1.1269913e-03   1.9850837e-03   1.6288961e-03   4.2278782e-04   0.0000000e+00   0.0000000e+00   1.5796921e-08   5.1230077e-04   1.0343498e+00   0.0000000e+00
   5.1230077e-04   2.3909853e-02   3.4179386e-05   0.0000000e+00   0.0000000e+00   7.5160107e-03   1.2304027e-04   2.8708951e-07   9.7504978e-03   9.6583237e-07   4.9748251e-04   1.8006385e-05   0.0000000e+00   1.5696503e-02   1.0790392e-02   8.0806794e-03   0.0000000e+00   1.1404569e-03   7.5920477e-03   1.2529521e-02   0.0000000e+00   7.8398467e-03   0.0000000e+00   1.1269913e-03   1.9850837e-03   1.6288961e-03   4.2278782e-04   0.0000000e+00   0.0000000e+00   1.5796921e-08   5.1230077e-04   1.0343498e+00   0.0000000e+00
