   0.0000000e+00  -2.0564552e-05  -4.9937853e-01   2.9961522e+00   1.4981055e+00   1.9975163e+00   1.4980985e+00  -4.9942805e-01   4.9939036e-01   9.9868891e-01   0.0000000e+00   2.0225657e+01   1.0000000e+00             Inf
   1.0000000e+00   1.5919516e-05  -4.9939769e-01   2.9962208e+00   1.4980744e+00   1.9975103e+00   1.4981297e+00  -4.9940217e-01   4.9935741e-01   9.9874718e-01   1.0000000e+00   1.5728358e+01   1.0000000e+00             Inf
   6.8574259e-01  -2.4250203e-04  -5.0008236e-01   2.9950483e+00   1.4980432e+00   1.9964783e+00   1.4980494e+00  -4.9940643e-01   4.9838692e-01   9.9839862e-01   6.8574259e-01   1.6504306e+01   1.0000000e+00   7.3900004e-02
   6.4923772e-01   7.4078662e-04  -4.9952986e-01   2.9950929e+00   1.4983082e+00   1.9975751e+00   1.4960969e+00  -4.9835979e-01   4.9871931e-01   9.9905122e-01   6.4923772e-01   1.6607278e+01   1.0000000e+00   7.2847201e-02
   5.8338262e-01   1.0046232e-04  -4.9980537e-01   2.9959527e+00   1.4973718e+00   1.9970120e+00   1.4983736e+00  -4.9954640e-01   4.9908259e-01   9.9824516e-01   5.8338262e-01   1.6791676e+01   1.0000000e+00   6.7796108e-02
   3.9929201e-01   2.7360316e-04  -4.9946295e-01   2.9962805e+00   1.4968621e+00   1.9976230e+00   1.4987937e+00  -4.9968744e-01   4.9928606e-01   9.9888815e-01   3.9929201e-01   1.7385490e+01   1.0000000e+00   6.3727349e-02
   5.5913574e-01   1.3712335e-04  -4.9985783e-01   2.9960028e+00   1.4973073e+00   1.9970394e+00   1.4983394e+00  -4.9953915e-01   4.9912121e-01   9.9821697e-01   5.5913574e-01   1.6863889e+01   1.0000000e+00   5.9593081e-02
   2.2472010e-01   2.0622268e-04  -5.0004144e-01   2.9961224e+00   1.4986178e+00   1.9973452e+00   1.4971547e+00  -4.9972612e-01   4.9925235e-01   9.9829270e-01   2.2472010e-01   1.8095234e+01   1.0000000e+00   5.7779443e-02
   5.4766273e-01   2.5115284e-04  -4.9937617e-01   2.9962680e+00   1.4968014e+00   1.9975637e+00   1.4986010e+00  -4.9976067e-01   4.9929395e-01   9.9878150e-01   5.4766273e-01   1.6899040e+01   1.0000000e+00   4.6415776e-02
   3.7850922e-01   5.9930390e-04  -4.9995012e-01   2.9965174e+00   1.4982155e+00   1.9969532e+00   1.4970589e+00  -4.9957765e-01   4.9872234e-01   9.9864762e-01   3.7850922e-01   1.7460712e+01   1.0000000e+00   4.4944808e-02
   8.5586292e-01   1.4869183e-04  -4.9952761e-01   2.9963337e+00   1.4970125e+00   1.9974836e+00   1.4991099e+00  -4.9968856e-01   4.9930101e-01   9.9874483e-01   8.5586292e-01   1.6066757e+01   1.0000000e+00   4.3727864e-02
   5.3147434e-01   8.5580761e-05  -4.9992288e-01   2.9959973e+00   1.4971760e+00   1.9970802e+00   1.4983635e+00  -4.9951349e-01   4.9910400e-01   9.9835262e-01   5.3147434e-01   1.6948233e+01   1.0000000e+00   4.1166919e-02
   4.1390229e-01   1.5333384e-04  -4.9997088e-01   2.9966304e+00   1.4982754e+00   1.9972173e+00   1.4973336e+00  -4.9957936e-01   4.9920551e-01   9.9862500e-01   4.1390229e-01   1.7333285e+01   1.0000000e+00   4.0793080e-02
   2.0647310e-01   5.9593350e-04  -4.9921674e-01   2.9958431e+00   1.4989635e+00   1.9974416e+00   1.4977965e+00  -4.9966273e-01   4.9891185e-01   9.9865964e-01   2.0647310e-01   1.8183342e+01   1.0000000e+00   4.0241131e-02
   6.3741649e-01   2.2628977e-04  -4.9948265e-01   2.9962666e+00   1.4967064e+00   1.9975652e+00   1.4970723e+00  -4.9963803e-01   4.9923326e-01   9.9876083e-01   6.3741649e-01   1.6637372e+01   1.0000000e+00   3.9401832e-02
   6.0100701e-01  -1.8254926e-04  -4.9940144e-01   2.9970267e+00   1.4959462e+00   1.9976428e+00   1.5005237e+00  -4.9953388e-01   4.9931543e-01   9.9886338e-01   6.0100701e-01   1.6747298e+01   1.0000000e+00   3.8462965e-02
   4.6288674e-01   4.8670855e-04  -4.9983570e-01   2.9964489e+00   1.4983003e+00   1.9970192e+00   1.4974851e+00  -4.9959651e-01   4.9903113e-01   9.9832497e-01   4.6288674e-01   1.7166955e+01   1.0000000e+00   3.7804894e-02
   7.9645334e-04   1.4724478e-04  -4.9972017e-01   2.9962572e+00   1.4984110e+00   1.9969014e+00   1.4971657e+00  -4.9960382e-01   4.9884404e-01   9.9839422e-01   7.9645334e-04   2.0100217e+01   1.0000000e+00   3.7593280e-02
   8.0469633e-01  -5.1397713e-04  -4.9906631e-01   2.9960643e+00   1.4979674e+00   1.9977753e+00   1.4982776e+00  -4.9940280e-01   4.9906814e-01   9.9871929e-01   8.0469633e-01   1.6191789e+01   1.0000000e+00   3.7303157e-02
   4.4663220e-01  -9.4818433e-05  -5.0004787e-01   2.9962609e+00   1.4989146e+00   1.9971527e+00   1.4966262e+00  -4.9953859e-01   4.9917813e-01   9.9791204e-01   4.4663220e-01   1.7223123e+01   1.0000000e+00   3.7200902e-02
   6.1685954e-01   6.1588847e-04  -4.9972251e-01   2.9953902e+00   1.4983717e+00   1.9975738e+00   1.4959174e+00  -4.9879213e-01   4.9808087e-01   9.9911238e-01   6.1685954e-01   1.6699336e+01   1.0000000e+00   3.6817032e-02
   7.9262699e-01  -2.5861549e-05  -4.9998867e-01   2.9949656e+00   1.4976607e+00   1.9973587e+00   1.4982386e+00  -4.9935244e-01   4.9652325e-01   9.9831496e-01   7.9262699e-01   1.6229139e+01   1.0000000e+00   3.5938649e-02
   9.7530017e-01  -3.6778223e-04  -5.0016816e-01   2.9951759e+00   1.4974207e+00   1.9973668e+00   1.4983126e+00  -4.9934355e-01   4.9728550e-01   9.9840454e-01   9.7530017e-01   1.5789025e+01   1.0000000e+00   3.5880875e-02
   8.6787366e-01  -5.3107921e-04  -4.9913131e-01   2.9961762e+00   1.4985064e+00   1.9977375e+00   1.4983042e+00  -4.9977124e-01   4.9917543e-01   9.9869814e-01   8.6787366e-01   1.6036559e+01   1.0000000e+00   3.5288117e-02
   1.5621420e-01   1.0757614e-04  -4.9983750e-01   2.9960738e+00   1.4982132e+00   1.9969834e+00   1.4969135e+00  -4.9957696e-01   4.9928363e-01   9.9842983e-01   1.5621420e-01   1.8449693e+01   1.0000000e+00   3.4211692e-02
   8.3949779e-01  -5.7906934e-04  -4.9911737e-01   2.9961352e+00   1.4980607e+00   1.9978147e+00   1.4982791e+00  -4.9976804e-01   4.9910422e-01   9.9868275e-01   8.3949779e-01   1.6105601e+01   1.0000000e+00   3.4155465e-02
   3.8437769e-03   5.0189994e-03  -4.9899028e-01   2.9964978e+00   1.4979033e+00   1.9973546e+00   1.4980997e+00  -4.9959339e-01   4.9952763e-01   9.9874129e-01   3.8437769e-03   1.9966876e+01   1.0000000e+00   3.2412694e-02
   2.6859380e-01   4.0957410e-04  -4.9941856e-01   2.9961013e+00   1.4993266e+00   1.9976596e+00   1.4984482e+00  -4.9948498e-01   4.9908571e-01   9.9892918e-01   2.6859380e-01   1.7896343e+01   1.0000000e+00   3.2160040e-02
   2.3446771e-01   8.3143308e-05  -5.0022609e-01   2.9963092e+00   1.4986673e+00   1.9969944e+00   1.4975189e+00  -4.9949103e-01   4.9897632e-01   9.9844215e-01   2.3446771e-01   1.8049391e+01   1.0000000e+00   3.1768981e-02
   3.7438218e-01   6.0236203e-04  -5.0010780e-01   2.9965392e+00   1.4982698e+00   1.9970743e+00   1.4973389e+00  -4.9957892e-01   4.9870182e-01   9.9858806e-01   3.7438218e-01   1.7475593e+01   1.0000000e+00   3.1580600e-02
   4.2755055e-01   7.4054863e-04  -4.9949311e-01   2.9953235e+00   1.4983658e+00   1.9996564e+00   1.4985903e+00  -4.9953781e-01   5.0180743e-01   9.9860539e-01   4.2755055e-01   1.7294095e+01   1.0000000e+00   3.0347030e-02
   3.6109488e-01   2.1585062e-04  -4.9995157e-01   2.9961095e+00   1.4986889e+00   1.9972197e+00   1.4973534e+00  -4.9970782e-01   4.9916168e-01   9.9831849e-01   3.6109488e-01   1.7524422e+01   1.0000000e+00   2.8920188e-02
   9.5636974e-02  -1.8712021e-06  -4.9748714e-01   2.9967428e+00   1.4989875e+00   1.9980067e+00   1.4980361e+00  -4.9950077e-01   4.9971044e-01   9.9881690e-01   9.5636974e-02   1.8838699e+01   1.0000000e+00   2.8507932e-02
   5.5517242e-02  -2.0574353e-03  -4.9966842e-01   2.9962362e+00   1.4981707e+00   1.9963648e+00   1.4972771e+00  -5.0007794e-01   5.0023909e-01   9.9763386e-01   5.5517242e-02   1.9172694e+01   1.0000000e+00   2.8347963e-02
   3.2052718e-01  -1.2822808e-04  -4.9908632e-01   2.9967946e+00   1.4965657e+00   1.9975520e+00   1.4996577e+00  -4.9954233e-01   4.9937013e-01   9.9883416e-01   3.2052718e-01   1.7683404e+01   1.0000000e+00   2.8333997e-02
   9.2715403e-01   2.0996242e-04  -4.9941613e-01   2.9942136e+00   1.4980525e+00   1.9980929e+00   1.4988164e+00  -4.9951932e-01   4.9941516e-01   9.9811644e-01   9.2715403e-01   1.5899004e+01   1.0000000e+00   2.7289433e-02
   1.0585316e-01   1.3344121e-05  -4.9569257e-01   2.9967852e+00   1.4987006e+00   1.9980469e+00   1.4980281e+00  -4.9950396e-01   4.9974318e-01   9.9902426e-01   1.0585316e-01   1.8773710e+01   1.0000000e+00   2.7203184e-02
   8.1929525e-01   1.2205742e-03  -4.9993747e-01   2.9965395e+00   1.4982882e+00   1.9969781e+00   1.4974238e+00  -4.9957734e-01   4.9866318e-01   9.9858867e-01   8.1929525e-01   1.6157219e+01   1.0000000e+00   2.6972747e-02
   9.4835669e-03  -1.8815499e-04  -4.9597489e-01   2.9973555e+00   1.4986224e+00   1.9979235e+00   1.4980130e+00  -4.9960227e-01   4.9922809e-01   9.9961592e-01   9.4835669e-03   1.9798791e+01   1.0000000e+00   2.6765116e-02
   8.9003807e-01   7.7873746e-05  -4.9897361e-01   2.9963582e+00   1.4977255e+00   1.9974265e+00   1.4979913e+00  -4.9998772e-01   4.9936191e-01   9.9880804e-01   8.9003807e-01   1.5983336e+01   1.0000000e+00   2.6517591e-02
   4.3925344e-01   5.5143943e-05  -4.9923202e-01   2.9963001e+00   1.4981498e+00   1.9974937e+00   1.4977281e+00  -4.9932684e-01   4.9976103e-01   9.9888166e-01   4.3925344e-01   1.7245270e+01   1.0000000e+00   2.6405549e-02
   7.8171067e-01   5.8701695e-05  -4.9873493e-01   2.9965281e+00   1.4975456e+00   1.9975511e+00   1.4980608e+00  -4.9948191e-01   4.9918150e-01   9.9892752e-01   7.8171067e-01   1.6250042e+01   1.0000000e+00   2.5916046e-02
   2.7968418e-01   1.5810352e-04  -4.9973344e-01   2.9967287e+00   1.4976965e+00   1.9970302e+00   1.4972559e+00  -4.9958237e-01   4.9889204e-01   9.9864737e-01   2.7968418e-01   1.7848577e+01   1.0000000e+00   2.5827932e-02
   9.6048427e-01   3.2859402e-05  -4.9875019e-01   2.9954740e+00   1.4984768e+00   1.9978273e+00   1.4997501e+00  -4.9938947e-01   4.9900022e-01   9.9875409e-01   9.6048427e-01   1.5820947e+01   1.0000000e+00   2.5797371e-02
   7.1316945e-01  -9.2348318e-05  -4.9999502e-01   2.9952115e+00   1.4974307e+00   1.9973975e+00   1.4981485e+00  -4.9939513e-01   4.9725513e-01   9.9819369e-01   7.1316945e-01   1.6432439e+01   1.0000000e+00   2.5485880e-02
   7.3694804e-01   4.8690235e-05  -4.9952486e-01   2.9965289e+00   1.4976214e+00   1.9974214e+00   1.4980157e+00  -4.9963536e-01   4.9919610e-01   9.9891886e-01   7.3694804e-01   1.6365279e+01   1.0000000e+00   2.5198838e-02
   9.8457406e-01  -5.8706193e-04  -5.0013528e-01   2.9954729e+00   1.4974023e+00   1.9973671e+00   1.4982598e+00  -4.9937252e-01   4.9720756e-01   9.9844375e-01   9.8457406e-01   1.5767919e+01   1.0000000e+00   2.4800097e-02
   1.6357942e-01   7.0298501e-04  -4.9932339e-01   2.9959866e+00   1.5000935e+00   1.9976119e+00   1.4980284e+00  -4.9960342e-01   4.9902777e-01   9.9870739e-01   1.6357942e-01   1.8410271e+01   1.0000000e+00   2.4770380e-02
   7.2402115e-01  -5.3321643e-05  -4.9987952e-01   2.9953896e+00   1.4973459e+00   1.9973043e+00   1.4983177e+00  -4.9941856e-01   4.9688002e-01   9.9816608e-01   7.2402115e-01   1.6404714e+01   1.0000000e+00   2.4755801e-02
   5.7242531e-03   1.5456130e-04  -5.0040583e-01   2.9967995e+00   1.4981291e+00   1.9972091e+00   1.4975415e+00  -4.9957391e-01   4.9914893e-01   9.9847560e-01   5.7242531e-03   1.9886953e+01   1.0000000e+00   2.4246684e-02
   9.9126744e-01   1.4740067e-05  -4.9977891e-01   2.9961099e+00   1.4981764e+00   1.9974389e+00   1.4968353e+00  -4.9941295e-01   4.9926637e-01   9.9874947e-01   9.9126744e-01   1.5749301e+01   1.0000000e+00   2.4222439e-02
   1.0906307e-02   2.2467156e-04  -4.9981045e-01   2.9969419e+00   1.4981175e+00   1.9977109e+00   1.4973045e+00  -4.9959209e-01   4.9912899e-01   9.9860549e-01   1.0906307e-02   1.9757238e+01   1.0000000e+00   2.4080857e-02
   4.9946324e-01  -1.6687448e-04  -4.9939903e-01   2.9974109e+00   1.4954336e+00   1.9974508e+00   1.5001863e+00  -4.9953318e-01   4.9931388e-01   9.9884241e-01   4.9946324e-01   1.7056749e+01   1.0000000e+00   2.4027160e-02
   1.3192125e-01   3.5554510e-05  -4.9636928e-01   2.9976068e+00   1.4986663e+00   1.9982244e+00   1.4984616e+00  -4.9959171e-01   4.9964498e-01   9.9888282e-01   1.3192125e-01   1.8601382e+01   1.0000000e+00   2.3872595e-02
   5.0088590e-02   1.4455952e-04  -4.9973623e-01   2.9963295e+00   1.4983938e+00   1.9967949e+00   1.4971966e+00  -4.9960229e-01   4.9884978e-01   9.9838708e-01   5.0088590e-02   1.9220656e+01   1.0000000e+00   2.3340470e-02
   2.8180240e-01   1.0483669e-04  -4.9985812e-01   2.9969046e+00   1.4982789e+00   1.9972839e+00   1.4971623e+00  -4.9963389e-01   4.9922305e-01   9.9863713e-01   2.8180240e-01   1.7839590e+01   1.0000000e+00   2.3305279e-02
   2.9846492e-02  -1.8309026e-03  -4.9973591e-01   2.9965683e+00   1.5030846e+00   1.9965289e+00   1.4971276e+00  -5.0024024e-01   5.0012593e-01   9.9796325e-01   2.9846492e-02   1.9473662e+01   1.0000000e+00   2.3102765e-02
   8.1943405e-02  -3.5311729e-05  -4.9935565e-01   2.9962194e+00   1.4995741e+00   1.9990462e+00   1.4982918e+00  -4.9949295e-01   4.9914563e-01   9.9851535e-01   8.1943405e-02   1.8941938e+01   1.0000000e+00   2.2588129e-02
   1.1256047e-01   2.7233658e-05  -4.9663394e-01   2.9969028e+00   1.4986654e+00   1.9981216e+00   1.4984943e+00  -4.9960000e-01   4.9957120e-01   9.9889439e-01   1.1256047e-01   1.8723635e+01   1.0000000e+00   2.2534032e-02
   2.4462275e-02  -3.7838840e-05  -4.9494488e-01   2.9967784e+00   1.4986265e+00   1.9979220e+00   1.4980982e+00  -4.9960634e-01   4.9931561e-01   9.9933586e-01   2.4462275e-02   1.9538396e+01   1.0000000e+00   2.2526987e-02
   8.3316256e-01   1.5589621e-04  -4.9964479e-01   2.9963450e+00   1.4969154e+00   1.9974864e+00   1.4990001e+00  -4.9972347e-01   4.9930303e-01   9.9874246e-01   8.3316256e-01   1.6122372e+01   1.0000000e+00   2.2526885e-02
   9.4184484e-01  -3.6907670e-04  -5.0022800e-01   2.9950004e+00   1.4977086e+00   1.9973791e+00   1.4988990e+00  -4.9932733e-01   4.9785232e-01   9.9846272e-01   9.4184484e-01   1.5864956e+01   1.0000000e+00   2.2392552e-02
   4.2221700e-01   3.8631686e-04  -4.9937949e-01   2.9960223e+00   1.4994875e+00   1.9976854e+00   1.4978229e+00  -4.9955516e-01   4.9902194e-01   9.9871696e-01   4.2221700e-01   1.7305132e+01   1.0000000e+00   2.2362290e-02
   8.1568436e-01  -8.5860372e-04  -4.9865850e-01   2.9965352e+00   1.4976877e+00   1.9974851e+00   1.4978925e+00  -4.9947775e-01   4.9921114e-01   9.9892631e-01   8.1568436e-01   1.6165072e+01   1.0000000e+00   2.2285803e-02
   3.1132593e-01  -1.3121743e-04  -4.9909543e-01   2.9970519e+00   1.4965741e+00   1.9976080e+00   1.5000934e+00  -4.9954275e-01   4.9938853e-01   9.9878223e-01   3.1132593e-01   1.7721621e+01   1.0000000e+00   2.2012488e-02
   1.4818399e-01   9.6248014e-05  -4.9928121e-01   2.9962405e+00   1.4981564e+00   1.9972533e+00   1.4981476e+00  -4.9927443e-01   5.0009098e-01   9.9884453e-01   1.4818399e-01   1.8494894e+01   1.0000000e+00   2.1637066e-02
   2.5569257e-01  -1.1113624e-04  -4.9403947e-01   2.9967553e+00   1.4985925e+00   1.9979497e+00   1.4987684e+00  -4.9958594e-01   4.9983223e-01   9.9909791e-01   2.5569257e-01   1.7973926e+01   1.0000000e+00   2.1301336e-02
   1.3867042e-01   4.7417053e-05  -5.0388271e-01   2.9962315e+00   1.4979797e+00   1.9974163e+00   1.4981393e+00  -4.9934695e-01   5.0013271e-01   9.9891541e-01   1.3867042e-01   1.8566857e+01   1.0000000e+00   2.1296143e-02
   1.7589298e-01   3.4848903e-04  -4.9932592e-01   2.9960188e+00   1.4995565e+00   1.9976425e+00   1.4980225e+00  -4.9957650e-01   4.9906157e-01   9.9871621e-01   1.7589298e-01   1.8341344e+01   1.0000000e+00   2.1079334e-02
   9.0949486e-01   5.0464065e-05  -4.9878740e-01   2.9956712e+00   1.4986551e+00   1.9976943e+00   1.4999643e+00  -4.9939459e-01   4.9900627e-01   9.9880017e-01   9.0949486e-01   1.5939931e+01   1.0000000e+00   2.0860221e-02
   8.8495533e-02  -3.7235094e-06  -4.9633853e-01   2.9967739e+00   1.4987224e+00   1.9980152e+00   1.4980392e+00  -4.9947240e-01   4.9970096e-01   9.9902154e-01   8.8495533e-02   1.8895724e+01   1.0000000e+00   2.0633483e-02
   1.6727569e-01   4.3787523e-04  -4.9936389e-01   2.9960315e+00   1.4994148e+00   1.9978287e+00   1.4977945e+00  -4.9949029e-01   4.9906943e-01   9.9897300e-01   1.6727569e-01   1.8388040e+01   1.0000000e+00   2.0476139e-02
   6.9526936e-01   3.6693849e-05  -4.9849974e-01   2.9964346e+00   1.4974226e+00   1.9947620e+00   1.4980114e+00  -4.9967026e-01   4.9923849e-01   9.9890136e-01   6.9526936e-01   1.6481946e+01   1.0000000e+00   2.0411608e-02
   2.4032055e-01   4.1005040e-04  -4.9958900e-01   2.9961297e+00   1.4993543e+00   1.9977859e+00   1.4983677e+00  -4.9948305e-01   4.9905488e-01   9.9884700e-01   2.4032055e-01   1.8022519e+01   1.0000000e+00   2.0197187e-02
   7.4402286e-02   1.3783527e-04  -5.0225063e-01   2.9968008e+00   1.4981550e+00   1.9971967e+00   1.4973830e+00  -4.9956756e-01   4.9923683e-01   9.9851723e-01   7.4402286e-02   1.9006126e+01   1.0000000e+00   2.0087093e-02
   2.9215131e-01  -1.7621821e-04  -4.9907238e-01   2.9967536e+00   1.4961201e+00   1.9976292e+00   1.4996326e+00  -4.9953913e-01   4.9929892e-01   9.9881877e-01   2.9215131e-01   1.7799834e+01   1.0000000e+00   2.0046009e-02
   1.8836473e-02  -2.3103761e-04  -4.9485445e-01   2.9967676e+00   1.4986461e+00   1.9978238e+00   1.4980318e+00  -4.9967369e-01   4.9952279e-01   9.9938179e-01   1.8836473e-02   1.9625299e+01   1.0000000e+00   2.0038969e-02
   4.8383844e-01  -7.0124773e-05  -4.9931118e-01   2.9969999e+00   1.4965264e+00   1.9975670e+00   1.4997036e+00  -4.9954318e-01   4.9928813e-01   9.9879025e-01   4.8383844e-01   1.7101583e+01   1.0000000e+00   1.9889922e-02
   5.0851148e-01   2.5567340e-04  -4.9937379e-01   2.9962728e+00   1.4965173e+00   1.9975786e+00   1.4987768e+00  -4.9974847e-01   4.9926792e-01   9.9875931e-01   5.0851148e-01   1.7020960e+01   1.0000000e+00   1.9846507e-02
   2.6082115e-01   1.2108799e-03  -5.0022525e-01   2.9968411e+00   1.4983186e+00   1.9971331e+00   1.4974782e+00  -4.9936609e-01   4.9906748e-01   9.9860722e-01   2.6082115e-01   1.7931284e+01   1.0000000e+00   1.9703659e-02
   2.4444758e-01   4.0699226e-04  -4.9943132e-01   2.9961079e+00   1.4993000e+00   1.9976649e+00   1.4980877e+00  -4.9948178e-01   4.9907541e-01   9.9890656e-01   2.4444758e-01   1.8003441e+01   1.0000000e+00   1.9485915e-02
   3.2759704e-02  -7.1204495e-05  -4.9892963e-01   2.9962649e+00   1.4982482e+00   1.9984899e+00   1.4980594e+00  -4.9949722e-01   4.9923621e-01   9.9854700e-01   3.2759704e-02   1.9412686e+01   1.0000000e+00   1.9177284e-02
   6.4872882e-02   6.6200604e-04  -4.9910565e-01   2.9961358e+00   1.4991871e+00   1.9977115e+00   1.4973248e+00  -4.9963492e-01   4.9904650e-01   9.9862675e-01   6.4872882e-02   1.9082129e+01   1.0000000e+00   1.9100697e-02
   1.7258341e-01   4.2452285e-05  -5.0031208e-01   2.9961874e+00   1.4981429e+00   1.9975428e+00   1.4981313e+00  -4.9885014e-01   5.0015353e-01   9.9873358e-01   1.7258341e-01   1.8358678e+01   1.0000000e+00   1.9000511e-02
   8.7880816e-01   4.8979996e-04  -4.9952934e-01   2.9966096e+00   1.4971321e+00   1.9975042e+00   1.4989167e+00  -4.9963696e-01   4.9902648e-01   9.9878477e-01   8.7880816e-01   1.6011247e+01   1.0000000e+00   1.8996025e-02
   2.1858438e-03   1.5942523e-04  -4.9979601e-01   2.9962892e+00   1.4984040e+00   1.9969284e+00   1.4973427e+00  -4.9963833e-01   4.9882471e-01   9.9821954e-01   2.1858438e-03   2.0016810e+01   1.0000000e+00   1.8963197e-02
   7.0186156e-03  -2.5323297e-05  -4.9636298e-01   2.9967941e+00   1.5001474e+00   1.9981363e+00   1.4984643e+00  -4.9957621e-01   4.9973753e-01   9.9896075e-01   7.0186156e-03   1.9860125e+01   1.0000000e+00   1.8767748e-02
   4.6906251e-01  -1.4958539e-04  -4.9923692e-01   2.9964987e+00   1.4960853e+00   1.9974830e+00   1.5007988e+00  -4.9965046e-01   4.9945808e-01   9.9883345e-01   4.6906251e-01   1.7153979e+01   1.0000000e+00   1.8719193e-02
   4.9206521e-01  -1.7078862e-04  -4.9934308e-01   2.9961357e+00   1.4984920e+00   1.9977510e+00   1.4982198e+00  -4.9962142e-01   4.9919186e-01   9.9857066e-01   4.9206521e-01   1.7071207e+01   1.0000000e+00   1.8572769e-02
   6.4032855e-01   2.0819950e-05  -4.9981175e-01   2.9959956e+00   1.4978321e+00   1.9974642e+00   1.4972225e+00  -4.9936571e-01   4.9947259e-01   9.9872403e-01   6.4032855e-01   1.6627681e+01   1.0000000e+00   1.8512628e-02
   4.7382673e-01   2.5419192e-04  -4.9946076e-01   2.9962839e+00   1.4968563e+00   1.9975563e+00   1.4991064e+00  -4.9973281e-01   4.9927014e-01   9.9876183e-01   4.7382673e-01   1.7131970e+01   1.0000000e+00   1.8362366e-02
   1.9882629e-01  -2.8782078e-03  -4.9944395e-01   2.9987050e+00   1.4974810e+00   1.9956886e+00   1.4972206e+00  -5.0046741e-01   5.0012751e-01   9.9769480e-01   1.9882629e-01   1.8236645e+01   1.0000000e+00   1.8320704e-02
   1.0599921e-01  -1.1250488e-04  -4.9995456e-01   2.9961836e+00   1.4983673e+00   1.9972643e+00   1.4972157e+00  -4.9954549e-01   4.9918417e-01   9.9791402e-01   1.0599921e-01   1.8762961e+01   1.0000000e+00   1.7841681e-02
   2.4995153e-01   1.2097526e-04  -4.9984664e-01   2.9966021e+00   1.4982752e+00   1.9973183e+00   1.4972666e+00  -4.9963148e-01   4.9913231e-01   9.9855197e-01   2.4995153e-01   1.7978199e+01   1.0000000e+00   1.7807854e-02
   5.1756031e-01  -6.9182970e-05  -4.9933933e-01   2.9964736e+00   1.4986897e+00   1.9975918e+00   1.4978887e+00  -4.9995302e-01   4.9919395e-01   9.9854511e-01   5.1756031e-01   1.6990869e+01   1.0000000e+00   1.7697503e-02
   8.9993409e-01  -7.0612945e-05  -4.9958566e-01   2.9955006e+00   1.4979564e+00   1.9975430e+00   1.4987219e+00  -4.9953149e-01   4.9938867e-01   9.9864190e-01   8.9993409e-01   1.5959999e+01   1.0000000e+00   1.7593356e-02
   8.8103334e-01   5.6331535e-05  -4.9767853e-01   2.9952084e+00   1.4985865e+00   1.9978589e+00   1.5001116e+00  -4.9940375e-01   4.9896610e-01   9.9882811e-01   8.8103334e-01   1.6010311e+01   1.0000000e+00   1.7436138e-02
   2.0491749e-01  -2.7559526e-03  -4.9931912e-01   2.9988061e+00   1.4974087e+00   1.9957063e+00   1.4971571e+00  -5.0029776e-01   4.9998952e-01   9.9783699e-01   2.0491749e-01   1.8205516e+01   1.0000000e+00   1.7096167e-02
   7.2141235e-01   1.2764708e-04  -4.9853550e-01   2.9965366e+00   1.4975603e+00   1.9974198e+00   1.4979803e+00  -4.9967373e-01   4.9923615e-01   9.9893877e-01   7.2141235e-01   1.6406745e+01   1.0000000e+00   1.7016667e-02
   5.2406216e-01  -5.6836345e-04  -4.9958836e-01   2.9973048e+00   1.4956685e+00   1.9974468e+00   1.4999867e+00  -4.9952648e-01   4.9921889e-01   9.9885685e-01   5.2406216e-01   1.6978042e+01   1.0000000e+00   1.6640759e-02
