   1.0000000e+00   1.3082832e-05  -4.9933565e-01   9.9869856e-01  -2.4967644e+00   9.9868316e-01   4.9936909e-01   1.9974324e+00  -4.9943436e-01   2.4969065e+00   1.0000000e+00   1.5728369e+01   1.0000000e+00             Inf
   0.0000000e+00  -3.6135709e-05  -4.9932120e-01   9.9873209e-01  -2.4968656e+00   9.9875961e-01   4.9936140e-01   1.9974968e+00  -4.9940887e-01   2.4969049e+00   0.0000000e+00   2.0225657e+01   1.0000000e+00             Inf
   1.5651694e-01   7.8366914e-04  -4.9949141e-01   9.9877030e-01  -2.4976199e+00   9.9755007e-01   4.9940138e-01   1.9974684e+00  -4.9896374e-01   2.4968479e+00   1.5651694e-01   1.8448544e+01   1.0000000e+00   9.3713733e-02
   6.0176248e-01   2.9414830e-04  -4.9972128e-01   9.9866113e-01  -2.4963140e+00   9.9965644e-01   4.9940989e-01   1.9974182e+00  -4.9926425e-01   2.4967534e+00   6.0176248e-01   1.6737930e+01   1.0000000e+00   6.3016014e-02
   1.3527038e-01  -5.8363108e-04  -4.9924322e-01   9.9859702e-01  -2.4966323e+00   9.9886594e-01   4.9974415e-01   1.9974669e+00  -4.9943128e-01   2.4968521e+00   1.3527038e-01   1.8572023e+01   1.0000000e+00   5.3680760e-02
   1.7653080e-01  -1.0743383e-04  -4.9926001e-01   9.9872803e-01  -2.4967666e+00   9.9867725e-01   4.9944600e-01   1.9975698e+00  -4.9941939e-01   2.4968967e+00   1.7653080e-01   1.8336125e+01   1.0000000e+00   5.2641123e-02
   5.2372057e-01  -3.5959951e-04  -4.9945598e-01   9.9873151e-01  -2.4968378e+00   9.9890219e-01   4.9973622e-01   1.9975208e+00  -4.9944938e-01   2.4971433e+00   5.2372057e-01   1.6971316e+01   1.0000000e+00   4.8089643e-02
   5.0289127e-01   3.6340973e-04  -5.0005138e-01   9.9873217e-01  -2.4961350e+00   9.9925476e-01   4.9974116e-01   1.9975914e+00  -4.9938147e-01   2.4967912e+00   5.0289127e-01   1.7037506e+01   1.0000000e+00   4.6394867e-02
   9.2479177e-01  -1.3901487e-04  -4.9905301e-01   9.9873118e-01  -2.4969651e+00   9.9886944e-01   4.9962742e-01   1.9979475e+00  -4.9950173e-01   2.4967792e+00   9.2479177e-01   1.5901108e+01   1.0000000e+00   4.2088749e-02
   6.1982775e-01   1.4183125e-04  -4.9977534e-01   9.9866220e-01  -2.4964285e+00   9.9952588e-01   4.9944806e-01   1.9973782e+00  -4.9927157e-01   2.4967792e+00   6.1982775e-01   1.6685697e+01   1.0000000e+00   4.1440954e-02
   5.8146853e-01  -2.9310357e-04  -4.9931998e-01   9.9867711e-01  -2.4968470e+00   9.9888909e-01   4.9971612e-01   1.9976445e+00  -4.9976293e-01   2.4968737e+00   5.8146853e-01   1.6796586e+01   1.0000000e+00   3.7108957e-02
   7.8793268e-01  -9.8187783e-05  -4.9902772e-01   9.9873538e-01  -2.4969617e+00   9.9926736e-01   4.9956432e-01   1.9978161e+00  -4.9951816e-01   2.4967928e+00   7.8793268e-01   1.6234032e+01   1.0000000e+00   3.5536858e-02
   7.4196085e-01   2.3882641e-04  -4.9972742e-01   9.9865030e-01  -2.4964077e+00   9.9946065e-01   4.9935707e-01   1.9973982e+00  -4.9896342e-01   2.4967556e+00   7.4196085e-01   1.6352579e+01   1.0000000e+00   3.5164458e-02
   9.5994286e-01  -1.3455028e-04  -4.9907557e-01   9.9870580e-01  -2.4970359e+00   9.9892349e-01   4.9969354e-01   1.9978787e+00  -4.9957416e-01   2.4967788e+00   9.5994286e-01   1.5819701e+01   1.0000000e+00   3.4389119e-02
   8.2829917e-01   2.5419547e-04  -4.9831275e-01   9.9881130e-01  -2.4969964e+00   9.9883281e-01   4.9954695e-01   1.9972444e+00  -4.9949937e-01   2.4971998e+00   8.2829917e-01   1.6133649e+01   1.0000000e+00   3.4092238e-02
   2.9486801e-02  -4.1802720e-04  -4.9929929e-01   9.9871941e-01  -2.4968006e+00   9.9851932e-01   4.9892211e-01   1.9975659e+00  -4.9919073e-01   2.4967538e+00   2.9486801e-02   1.9453752e+01   1.0000000e+00   3.3156978e-02
   5.6399357e-02  -1.8615194e-05  -4.9931913e-01   9.9864227e-01  -2.4966329e+00   9.9892807e-01   4.9974986e-01   1.9974269e+00  -4.9942096e-01   2.4968685e+00   5.6399357e-02   1.9157792e+01   1.0000000e+00   3.2954397e-02
   2.4093663e-01  -5.7893718e-04  -4.9912272e-01   9.9862752e-01  -2.4971374e+00   9.9893832e-01   4.9943355e-01   1.9971428e+00  -4.9943749e-01   2.4969154e+00   2.4093663e-01   1.8018632e+01   1.0000000e+00   3.2775036e-02
   9.6920270e-01  -8.6134705e-05  -4.9899177e-01   9.9870763e-01  -2.4970358e+00   9.9893429e-01   4.9958448e-01   1.9979522e+00  -4.9956873e-01   2.4967725e+00   9.6920270e-01   1.5798538e+01   1.0000000e+00   3.2060977e-02
   4.8567253e-01  -1.5564663e-03  -4.9934077e-01   9.9886254e-01  -2.4967911e+00   9.9892942e-01   4.9976718e-01   1.9975206e+00  -4.9953962e-01   2.4968478e+00   4.8567253e-01   1.7093423e+01   1.0000000e+00   3.1681907e-02
   2.4800901e-01  -5.5680491e-05  -4.9928340e-01   9.9854675e-01  -2.4965600e+00   9.9917523e-01   4.9987655e-01   1.9975652e+00  -4.9948665e-01   2.4967280e+00   2.4800901e-01   1.7986429e+01   1.0000000e+00   3.0285026e-02
   2.1908901e-01   3.4829512e-05  -4.9934529e-01   9.9865764e-01  -2.4968003e+00   9.9908691e-01   4.9976645e-01   1.9974321e+00  -4.9926596e-01   2.4969416e+00   2.1908901e-01   1.8120838e+01   1.0000000e+00   3.0087217e-02
   9.0816256e-01   1.7404984e-05  -4.9934341e-01   9.9869817e-01  -2.4967647e+00   9.9868571e-01   4.9936080e-01   1.9974126e+00  -4.9944592e-01   2.4969112e+00   9.0816256e-01   1.5939854e+01   1.0000000e+00   2.9988787e-02
   5.1522697e-04  -5.0921476e-05  -4.9932408e-01   9.9874427e-01  -2.4968709e+00   9.9877816e-01   4.9931830e-01   1.9975154e+00  -4.9939841e-01   2.4968954e+00   5.1522697e-04   2.0123579e+01   1.0000000e+00   2.9813782e-02
   4.9644917e-01  -2.6079859e-04  -4.9932324e-01   9.9868094e-01  -2.4968201e+00   9.9893009e-01   4.9975989e-01   1.9975254e+00  -4.9993005e-01   2.4968654e+00   4.9644917e-01   1.7057320e+01   1.0000000e+00   2.9652217e-02
   2.8361654e-01   2.1088311e-03  -4.9939598e-01   9.9878544e-01  -2.4971333e+00   9.9791723e-01   4.9887550e-01   1.9974525e+00  -4.9835340e-01   2.4966183e+00   2.8361654e-01   1.7835438e+01   1.0000000e+00   2.9582913e-02
   5.9184254e-03   2.3308032e-04  -4.9937966e-01   9.9869646e-01  -2.4967071e+00   9.9898823e-01   4.9972668e-01   1.9974352e+00  -4.9947242e-01   2.4968306e+00   5.9184254e-03   1.9879883e+01   1.0000000e+00   2.9367718e-02
   5.4561077e-01  -4.7338572e-04  -4.9891494e-01   9.9864297e-01  -2.4969861e+00   9.9904184e-01   4.9966865e-01   1.9970940e+00  -4.9933466e-01   2.4977859e+00   5.4561077e-01   1.6904925e+01   1.0000000e+00   2.9209045e-02
   3.6720733e-01  -7.2357382e-04  -4.9892535e-01   9.9877894e-01  -2.4970521e+00   9.9917102e-01   4.9947074e-01   1.9974418e+00  -4.9903810e-01   2.4968090e+00   3.6720733e-01   1.7501189e+01   1.0000000e+00   2.8371267e-02
   4.1338499e-01  -9.7911989e-05  -4.9936156e-01   9.9865628e-01  -2.4967621e+00   9.9903970e-01   4.9976693e-01   1.9974306e+00  -4.9943055e-01   2.4969567e+00   4.1338499e-01   1.7334328e+01   1.0000000e+00   2.8305198e-02
   9.8573709e-01   8.0991701e-06  -4.9928058e-01   9.9870637e-01  -2.4967628e+00   9.9870160e-01   4.9936742e-01   1.9974336e+00  -4.9941603e-01   2.4968920e+00   9.8573709e-01   1.5760557e+01   1.0000000e+00   2.8304274e-02
   1.0516430e-01  -1.7784868e-04  -4.9915822e-01   9.9855563e-01  -2.4965180e+00   9.9951678e-01   5.0009623e-01   1.9976021e+00  -4.9949947e-01   2.4967236e+00   1.0516430e-01   1.8768285e+01   1.0000000e+00   2.7782846e-02
   8.1710996e-02  -1.4384427e-04  -4.9934992e-01   9.9867279e-01  -2.4967868e+00   9.9903739e-01   5.0005430e-01   1.9974357e+00  -4.9942967e-01   2.4969374e+00   8.1710996e-02   1.8940554e+01   1.0000000e+00   2.7771171e-02
   2.3596618e-03  -2.7515124e-04  -4.9931439e-01   9.9875011e-01  -2.4968631e+00   9.9876723e-01   4.9937336e-01   1.9974930e+00  -4.9939710e-01   2.4969040e+00   2.3596618e-03   2.0007254e+01   1.0000000e+00   2.6993310e-02
   9.4640063e-01   1.0629726e-04  -4.9950313e-01   9.9869628e-01  -2.4970330e+00   9.9871958e-01   4.9955464e-01   1.9975324e+00  -4.9956308e-01   2.4969113e+00   9.4640063e-01   1.5850648e+01   1.0000000e+00   2.6784633e-02
   9.5029228e-03   2.3387993e-04  -4.9935807e-01   9.9870065e-01  -2.4966928e+00   9.9889815e-01   4.9989968e-01   1.9974550e+00  -4.9967022e-01   2.4968579e+00   9.5029228e-03   1.9787613e+01   1.0000000e+00   2.6711211e-02
   3.8114211e-03  -6.6133473e-05  -4.9948760e-01   9.9874167e-01  -2.4966756e+00   9.9871944e-01   4.9927562e-01   1.9975129e+00  -4.9935840e-01   2.4969429e+00   3.8114211e-03   1.9948052e+01   1.0000000e+00   2.6614053e-02
   6.4871796e-01   3.1527886e-04  -4.9973953e-01   9.9865776e-01  -2.4964000e+00   9.9965173e-01   4.9939806e-01   1.9974101e+00  -4.9927010e-01   2.4967535e+00   6.4871796e-01   1.6604324e+01   1.0000000e+00   2.6532302e-02
   6.3620885e-01   2.9829693e-04  -5.0018186e-01   9.9855736e-01  -2.4964603e+00   9.9982259e-01   4.9944354e-01   1.9974459e+00  -4.9928845e-01   2.4967220e+00   6.3620885e-01   1.6640023e+01   1.0000000e+00   2.6497885e-02
   9.3598677e-01  -4.4262227e-04  -4.9933273e-01   9.9880118e-01  -2.4966024e+00   9.9909221e-01   4.9899347e-01   1.9974168e+00  -4.9853240e-01   2.4973147e+00   9.3598677e-01   1.5875703e+01   1.0000000e+00   2.6467885e-02
   4.6902296e-01  -1.3293189e-03  -4.9914758e-01   9.9859599e-01  -2.4968479e+00   9.9889586e-01   4.9942098e-01   1.9974665e+00  -4.9927875e-01   2.4969390e+00   4.6902296e-01   1.7147040e+01   1.0000000e+00   2.6309540e-02
   4.8803058e-02   1.0631753e-04  -4.9942614e-01   9.9877169e-01  -2.4967419e+00   9.9866635e-01   4.9916902e-01   1.9975560e+00  -4.9929783e-01   2.4969098e+00   4.8803058e-02   1.9232199e+01   1.0000000e+00   2.6225025e-02
   2.0124389e-01   1.1861595e-03  -5.0083036e-01   9.9878020e-01  -2.4969592e+00   9.9871393e-01   4.9956568e-01   1.9977093e+00  -4.9972884e-01   2.4962675e+00   2.0124389e-01   1.8211244e+01   1.0000000e+00   2.6158669e-02
   2.7513243e-01  -3.8074470e-05  -4.9926888e-01   9.9874065e-01  -2.4967882e+00   9.9878318e-01   4.9940265e-01   1.9975218e+00  -4.9936929e-01   2.4969077e+00   2.7513243e-01   1.7866698e+01   1.0000000e+00   2.5812568e-02
   3.3920968e-02   1.0121276e-04  -4.9943008e-01   9.9860244e-01  -2.4967461e+00   9.9899722e-01   4.9983336e-01   1.9974213e+00  -4.9942929e-01   2.4967775e+00   3.3920968e-02   1.9397612e+01   1.0000000e+00   2.5742053e-02
   9.8117208e-01   1.3068925e-04  -4.9936208e-01   9.9869089e-01  -2.4970081e+00   9.9872149e-01   4.9958032e-01   1.9974513e+00  -4.9956454e-01   2.4968685e+00   9.8117208e-01   1.5770987e+01   1.0000000e+00   2.4979573e-02
   5.5878630e-01   3.5180604e-04  -4.9975673e-01   9.9872937e-01  -2.4962837e+00   9.9914272e-01   4.9969522e-01   1.9976229e+00  -4.9938150e-01   2.4967038e+00   5.5878630e-01   1.6864480e+01   1.0000000e+00   2.4691467e-02
   1.9678612e-01  -2.6590432e-05  -4.9933508e-01   9.9879242e-01  -2.4966982e+00   9.9884474e-01   4.9937043e-01   1.9975660e+00  -4.9933357e-01   2.4969037e+00   1.9678612e-01   1.8230661e+01   1.0000000e+00   2.4433940e-02
   7.6861584e-01  -2.2606798e-03  -4.9890970e-01   9.9901558e-01  -2.4969717e+00   9.9913289e-01   4.9939355e-01   1.9974660e+00  -4.9908363e-01   2.4968265e+00   7.6861584e-01   1.6286873e+01   1.0000000e+00   2.4264433e-02
   8.0194643e-01  -9.4016812e-04  -4.9891717e-01   9.9876776e-01  -2.4969317e+00   1.0001674e+00   4.9949006e-01   1.9974342e+00  -4.9909701e-01   2.4968426e+00   8.0194643e-01   1.6200561e+01   1.0000000e+00   2.4248488e-02
   8.4188919e-01  -1.3772553e-04  -4.9897716e-01   9.9873096e-01  -2.4969571e+00   9.9888524e-01   4.9963483e-01   1.9978230e+00  -4.9955484e-01   2.4967559e+00   8.4188919e-01   1.6099495e+01   1.0000000e+00   2.4148774e-02
   4.4061211e-01  -2.6678036e-04  -4.9943564e-01   9.9873131e-01  -2.4968086e+00   9.9865725e-01   4.9974377e-01   1.9975462e+00  -4.9946923e-01   2.4968763e+00   4.4061211e-01   1.7240584e+01   1.0000000e+00   2.4006736e-02
   8.1993912e-01   3.6343099e-04  -4.9988721e-01   9.9873213e-01  -2.4962143e+00   9.9915594e-01   4.9966737e-01   1.9976409e+00  -4.9938004e-01   2.4967752e+00   8.1993912e-01   1.6154101e+01   1.0000000e+00   2.3964827e-02
   4.2374239e-01  -2.5332490e-04  -4.9937131e-01   9.9875369e-01  -2.4968316e+00   9.9900929e-01   4.9966580e-01   1.9975765e+00  -4.9940041e-01   2.4968185e+00   4.2374239e-01   1.7298289e+01   1.0000000e+00   2.2921819e-02
   1.2750831e-01   2.4240966e-05  -4.9934510e-01   9.9866197e-01  -2.4967997e+00   9.9907791e-01   4.9976780e-01   1.9974265e+00  -4.9943116e-01   2.4969373e+00   1.2750831e-01   1.8619970e+01   1.0000000e+00   2.2822573e-02
   2.9056850e-01  -9.7564276e-04  -4.9920243e-01   9.9864610e-01  -2.4968844e+00   9.9882958e-01   4.9937578e-01   1.9974112e+00  -4.9914399e-01   2.4979287e+00   2.9056850e-01   1.7803076e+01   1.0000000e+00   2.2795318e-02
   2.2894796e-01   1.2765278e-03  -5.0081910e-01   9.9880419e-01  -2.4969429e+00   9.9870369e-01   4.9956158e-01   1.9976818e+00  -4.9972578e-01   2.4962925e+00   2.2894796e-01   1.8076949e+01   1.0000000e+00   2.2747471e-02
   7.4122254e-02   2.8467603e-04  -4.9866116e-01   9.9880718e-01  -2.4968479e+00   9.9843508e-01   4.9909229e-01   1.9975824e+00  -4.9951173e-01   2.4967883e+00   7.4122254e-02   1.9001845e+01   1.0000000e+00   2.2460745e-02
   4.0780387e-01  -3.2745668e-04  -4.9939547e-01   9.9870409e-01  -2.4968699e+00   9.9856688e-01   4.9973092e-01   1.9975236e+00  -4.9944721e-01   2.4968992e+00   4.0780387e-01   1.7353906e+01   1.0000000e+00   2.2155039e-02
   2.3177458e-01  -3.7477464e-04  -4.9926056e-01   9.9871704e-01  -2.4967537e+00   9.9853245e-01   4.9896870e-01   1.9976436e+00  -4.9928660e-01   2.4967709e+00   2.3177458e-01   1.8060817e+01   1.0000000e+00   2.1826346e-02
   7.6112950e-01  -1.1954889e-04  -4.9902830e-01   9.9871749e-01  -2.4969649e+00   9.9885454e-01   4.9963614e-01   1.9978981e+00  -4.9958140e-01   2.4967789e+00   7.6112950e-01   1.6302418e+01   1.0000000e+00   2.1754959e-02
   3.0497425e-01   5.6821023e-04  -4.9919940e-01   9.9878425e-01  -2.4971690e+00   9.9747959e-01   4.9934669e-01   1.9974737e+00  -4.9797734e-01   2.4968370e+00   3.0497425e-01   1.7744989e+01   1.0000000e+00   2.1672773e-02
   7.0010839e-01  -4.0035181e-04  -4.9924002e-01   9.9874291e-01  -2.4968291e+00   9.9892720e-01   5.0008286e-01   1.9975720e+00  -4.9946644e-01   2.4968848e+00   7.0010839e-01   1.6463187e+01   1.0000000e+00   2.1144222e-02
   3.2921908e-01  -7.6523357e-04  -4.9906008e-01   9.9867308e-01  -2.4968651e+00   9.9884151e-01   4.9949257e-01   1.9974259e+00  -4.9927955e-01   2.4977662e+00   3.2921908e-01   1.7646381e+01   1.0000000e+00   2.0743820e-02
   2.0920572e-01   4.7093363e-06  -4.9926694e-01   9.9864057e-01  -2.4967970e+00   9.9907444e-01   4.9975792e-01   1.9974072e+00  -4.9942462e-01   2.4970015e+00   2.0920572e-01   1.8168872e+01   1.0000000e+00   2.0710608e-02
   6.2696843e-01  -1.3748130e-04  -4.9899647e-01   9.9879015e-01  -2.4969269e+00   9.9870700e-01   4.9964540e-01   1.9978012e+00  -4.9955006e-01   2.4967501e+00   6.2696843e-01   1.6664917e+01   1.0000000e+00   2.0486055e-02
   1.4223793e-02   1.1437784e-04  -4.9922299e-01   9.9876803e-01  -2.4966249e+00   9.9891693e-01   4.9951787e-01   1.9974891e+00  -4.9942231e-01   2.4968764e+00   1.4223793e-02   1.9689394e+01   1.0000000e+00   2.0228022e-02
   3.6044748e-01  -9.4130179e-04  -4.9914388e-01   9.9864637e-01  -2.4969039e+00   9.9908890e-01   4.9961885e-01   1.9971228e+00  -4.9914460e-01   2.4968901e+00   3.6044748e-01   1.7526562e+01   1.0000000e+00   1.9806925e-02
   7.3072526e-01  -6.5527188e-04  -4.9937719e-01   9.9875282e-01  -2.4968480e+00   9.9888885e-01   4.9994536e-01   1.9975115e+00  -4.9947398e-01   2.4969001e+00   7.3072526e-01   1.6381826e+01   1.0000000e+00   1.9804374e-02
   3.1440152e-01   3.1408102e-04  -4.9936359e-01   9.9876185e-01  -2.4969577e+00   9.9699230e-01   4.9929123e-01   1.9974495e+00  -4.9822418e-01   2.4968527e+00   3.1440152e-01   1.7707256e+01   1.0000000e+00   1.9679997e-02
   7.5303149e-01   3.1468593e-04  -4.9976010e-01   9.9863440e-01  -2.4964381e+00   9.9969156e-01   4.9953394e-01   1.9973947e+00  -4.9931805e-01   2.4967614e+00   7.5303149e-01   1.6323999e+01   1.0000000e+00   1.9510099e-02
   8.6762981e-01   1.4457833e-04  -4.9935251e-01   9.9855754e-01  -2.4969970e+00   9.9870650e-01   4.9949479e-01   1.9974614e+00  -4.9946338e-01   2.4968736e+00   8.6762981e-01   1.6036645e+01   1.0000000e+00   1.9187162e-02
   3.7591442e-01  -4.4327405e-04  -4.9939434e-01   9.9875916e-01  -2.4968561e+00   9.9888698e-01   4.9970772e-01   1.9975464e+00  -4.9939888e-01   2.4968467e+00   3.7591442e-01   1.7468527e+01   1.0000000e+00   1.9087480e-02
   1.7652924e-02   9.5873052e-06  -4.9918076e-01   9.9878600e-01  -2.4967118e+00   9.9890763e-01   4.9950644e-01   1.9974858e+00  -4.9941719e-01   2.4968907e+00   1.7652924e-02   1.9628202e+01   1.0000000e+00   1.8899140e-02
   8.9284103e-01   9.1539238e-05  -4.9934038e-01   9.9867248e-01  -2.4967911e+00   9.9877725e-01   4.9940363e-01   1.9974606e+00  -4.9938387e-01   2.4965304e+00   8.9284103e-01   1.5976223e+01   1.0000000e+00   1.8835732e-02
   2.3001688e-02   1.0578699e-04  -4.9938920e-01   9.9875870e-01  -2.4966303e+00   9.9889397e-01   4.9942121e-01   1.9974832e+00  -4.9941850e-01   2.4969675e+00   2.3001688e-02   1.9543654e+01   1.0000000e+00   1.8181530e-02
   3.8739077e-01  -1.1305404e-03  -4.9918868e-01   9.9864891e-01  -2.4969044e+00   9.9903288e-01   4.9965362e-01   1.9972083e+00  -4.9911639e-01   2.4968832e+00   3.8739077e-01   1.7427697e+01   1.0000000e+00   1.7940607e-02
   7.7888430e-01   8.7436694e-05  -4.9940081e-01   9.9869327e-01  -2.4970551e+00   9.9870836e-01   4.9953373e-01   1.9973737e+00  -4.9946867e-01   2.4968514e+00   7.7888430e-01   1.6256663e+01   1.0000000e+00   1.7744717e-02
   1.8004228e-01  -5.5655455e-06  -4.9927735e-01   9.9876363e-01  -2.4967651e+00   9.9847424e-01   4.9898130e-01   1.9976445e+00  -4.9922544e-01   2.4967530e+00   1.8004228e-01   1.8317602e+01   1.0000000e+00   1.7654110e-02
   3.8194503e-01   4.2234302e-04  -4.9964485e-01   9.9842166e-01  -2.4964517e+00   9.9910789e-01   4.9931678e-01   1.9975618e+00  -4.9925332e-01   2.4966387e+00   3.8194503e-01   1.7446762e+01   1.0000000e+00   1.7437546e-02
   2.5440373e-02   2.8791730e-04  -4.9933344e-01   9.9870145e-01  -2.4967480e+00   9.9891821e-01   4.9981884e-01   1.9974424e+00  -4.9943196e-01   2.4968662e+00   2.5440373e-02   1.9508589e+01   1.0000000e+00   1.7324295e-02
   5.2340918e-03  -4.6899750e-06  -4.9935394e-01   9.9865307e-01  -2.4966573e+00   9.9894694e-01   4.9977175e-01   1.9974269e+00  -4.9946931e-01   2.4969094e+00   5.2340918e-03   1.9900490e+01   1.0000000e+00   1.7264788e-02
   8.8488243e-01   2.5686164e-05  -4.9895033e-01   9.9874514e-01  -2.4970640e+00   9.9894601e-01   4.9960220e-01   1.9978287e+00  -4.9954988e-01   2.4968471e+00   8.8488243e-01   1.5995471e+01   1.0000000e+00   1.7215714e-02
   4.0111337e-01  -7.5543165e-04  -4.9904110e-01   9.9866790e-01  -2.4968654e+00   9.9886917e-01   4.9958097e-01   1.9974258e+00  -4.9931350e-01   2.4979254e+00   4.0111337e-01   1.7378776e+01   1.0000000e+00   1.7203157e-02
   1.2077085e-01  -5.7998172e-05  -4.9930066e-01   9.9865127e-01  -2.4965362e+00   9.9893640e-01   4.9978280e-01   1.9974194e+00  -4.9942721e-01   2.4969217e+00   1.2077085e-01   1.8662996e+01   1.0000000e+00   1.7164118e-02
   8.5717836e-01  -6.4682165e-05  -4.9896159e-01   9.9872115e-01  -2.4970804e+00   9.9895625e-01   4.9960630e-01   1.9978563e+00  -4.9955294e-01   2.4968220e+00   8.5717836e-01   1.6062245e+01   1.0000000e+00   1.7083101e-02
   7.7659228e-01  -1.2187609e-04  -4.9894350e-01   9.9870638e-01  -2.4969646e+00   9.9885626e-01   4.9963465e-01   1.9979356e+00  -4.9958467e-01   2.4967832e+00   7.7659228e-01   1.6262834e+01   1.0000000e+00   1.6985901e-02
   1.8946285e-01  -1.7041298e-05  -4.9933662e-01   9.9879670e-01  -2.4966942e+00   9.9882024e-01   4.9934885e-01   1.9976443e+00  -4.9935526e-01   2.4969037e+00   1.8946285e-01   1.8268147e+01   1.0000000e+00   1.6883466e-02
   2.5600416e-01  -2.0183750e-05  -4.9923777e-01   9.9873384e-01  -2.4968615e+00   9.9877756e-01   4.9950373e-01   1.9975255e+00  -4.9939188e-01   2.4969107e+00   2.5600416e-01   1.7950194e+01   1.0000000e+00   1.6844226e-02
   5.6374299e-01   3.7621432e-04  -4.9993811e-01   9.9873213e-01  -2.4962028e+00   9.9914079e-01   4.9969278e-01   1.9976169e+00  -4.9938239e-01   2.4967724e+00   5.6374299e-01   1.6849797e+01   1.0000000e+00   1.6747658e-02
   2.9526007e-01   1.4596470e-03  -5.0072864e-01   9.9885781e-01  -2.4968963e+00   9.9870254e-01   4.9952432e-01   1.9976779e+00  -4.9969989e-01   2.4962411e+00   2.9526007e-01   1.7785285e+01   1.0000000e+00   1.6705427e-02
   9.5521581e-02   3.2161381e-04  -4.9931729e-01   9.9870900e-01  -2.4967165e+00   9.9892253e-01   4.9981314e-01   1.9974440e+00  -4.9946115e-01   2.4969082e+00   9.5521581e-02   1.8835971e+01   1.0000000e+00   1.6530922e-02
   6.6773106e-01  -3.6230044e-04  -4.9938426e-01   9.9874494e-01  -2.4968426e+00   9.9892668e-01   4.9985723e-01   1.9975298e+00  -4.9947222e-01   2.4968971e+00   6.6773106e-01   1.6550999e+01   1.0000000e+00   1.6506098e-02
   6.9032504e-01   1.4664302e-04  -4.9983964e-01   9.9865994e-01  -2.4964681e+00   9.9970841e-01   4.9940197e-01   1.9974084e+00  -4.9927880e-01   2.4967421e+00   6.9032504e-01   1.6490008e+01   1.0000000e+00   1.6413139e-02
   8.1271652e-01  -1.8315359e-05  -4.9930202e-01   9.9867982e-01  -2.4967761e+00   9.9866291e-01   4.9946878e-01   1.9973851e+00  -4.9942418e-01   2.4969928e+00   8.1271652e-01   1.6171346e+01   1.0000000e+00   1.6070858e-02
   9.4224387e-01  -2.0520323e-04  -4.9892319e-01   9.9870306e-01  -2.4969976e+00   9.9895980e-01   4.9960189e-01   1.9978842e+00  -4.9951685e-01   2.4967670e+00   9.4224387e-01   1.5860562e+01   1.0000000e+00   1.5984945e-02
   9.9353781e-02  -1.3589372e-04  -4.9933611e-01   9.9886830e-01  -2.4968876e+00   9.9869489e-01   4.9931132e-01   1.9974722e+00  -4.9937709e-01   2.4967584e+00   9.9353781e-02   1.8808120e+01   1.0000000e+00   1.5887748e-02
   4.6203910e-01  -2.6087477e-03  -4.9915498e-01   9.9865247e-01  -2.4968921e+00   9.9906595e-01   4.9962958e-01   1.9972008e+00  -4.9915531e-01   2.4968566e+00   4.6203910e-01   1.7173912e+01   1.0000000e+00   1.5848241e-02
   1.1035287e-01  -2.5025854e-04  -4.9916290e-01   9.9853833e-01  -2.4965258e+00   9.9947041e-01   5.0003000e-01   1.9976089e+00  -4.9950007e-01   2.4967322e+00   1.1035287e-01   1.8732639e+01   1.0000000e+00   1.5717905e-02
   4.7662482e-01  -5.9101184e-04  -4.9939739e-01   9.9873659e-01  -2.4968486e+00   9.9866509e-01   4.9973976e-01   1.9976023e+00  -4.9945365e-01   2.4968924e+00   4.7662482e-01   1.7121186e+01   1.0000000e+00   1.5694084e-02
