0 242.07667254617795
 
1 290.9298734396623
 
2 326.4942008003296
 
3 324.8766995136453
 
4 340.24087070029555
 
5 347.87836538302224
 
6 330.1307086374845
 
7 327.5826065416304
 
8 325.5344655391592
 
9 336.8942571159228
 
10 360.38655549855537
 
11 380.3851294664044
 
12 363.965799845884
 
13 398.6577022223128
 
14 397.7104402111978
 
15 368.8187667303996
 
16 398.71272725322956
 
17 390.5305749584276
 
18 399.21387077424544
 
19 379.00549310926493
 
20 369.37493528233216
 
21 388.63605093619765
 
22 398.26660876313036
 
23 398.2666087631304
 
24 419.0311549800435
 
25 419.53229850105936
 
26 429.663999849008
 
27 428.716737837893
 
28 429.66399984900795
 
29 456.2150308174771
 
30 446.5844729905443
 
31 437.9011771747266
 
32 438.84843918584164
 
33 455.267768806362
 
34 491.895476091863
 
35 491.895476091863
 
36 482.26491826493015
 
37 472.63436043799754
 
38 472.63436043799743
 
39 482.26491826493015
 
40 482.26491826493015
 
41 482.26491826493015
 
42 464.89832663329486
 
43 457.16229282859206
 
44 447.53173500165934
 
45 447.53173500165934
 
46 482.26491826493015
 
47 482.26491826493015
 
48 491.895476091863
 
49 482.26491826493015
 
50 482.26491826493015
 
51 491.895476091863
 
52 473.58162244911256
 
53 483.21218027604516
 
54 491.895476091863
 
55 491.89547609186286
 
56 472.63436043799743
 
57 455.2677688063621
 
58 464.8983266332948
 
59 482.26491826493015
 
60 501.52603391879563
 
61 492.842738102978
 
62 482.26491826493015
 
63 472.6343604379974
 
64 472.63436043799743
 
65 472.63436043799743
 
66 472.63436043799743
 
67 472.63436043799743
 
68 472.6343604379974
 
69 482.26491826493015
 
70 482.26491826493026
 
71 472.63436043799754
 
72 501.52603391879563
 
73 482.26491826493026
 
74 482.26491826493015
 
75 474.5288844602275
 
76 482.26491826493015
 
77 472.63436043799743
 
78 472.63436043799743
 
79 482.26491826493015
 
80 464.8983266332947
 
81 472.63436043799743
 
82 456.21503081747704
 
83 472.63436043799743
 
84 491.895476091863
 
85 491.895476091863
 
86 501.5260339187956
 
87 501.52603391879563
 
88 491.895476091863
 
89 491.895476091863
 
90 491.89547609186286
 
91 472.63436043799743
 
92 472.63436043799743
 
93 455.2677688063621
 
94 457.16229282859206
 
95 472.6343604379974
 
96 491.89547609186286
 
97 491.895476091863
 
98 473.5816224491124
 
99 482.26491826493015
 
100 501.5260339187956
 
101 501.5260339187956
 
102 482.26491826493015
 
103 501.52603391879563
 
104 482.26491826493015
 
105 472.63436043799743
 
106 482.26491826493015
 
107 472.6343604379974
 
108 455.267768806362
 
109 472.63436043799743
 
110 482.26491826493015
 
111 482.26491826493026
 
112 463.9510646221798
 
113 483.2121802760453
 
114 482.26491826493026
 
115 482.26491826493026
 
116 491.895476091863
 
117 491.89547609186303
 
118 482.26491826493015
 
119 482.26491826493015
 
120 491.89547609186286
 
121 472.63436043799754
 
122 472.63436043799743
 
123 472.63436043799743
 
124 491.89547609186286
 
125 482.26491826493015
 
126 482.26491826493015
 
127 482.26491826493015
 
128 482.26491826493015
 
129 472.6343604379974
 
130 491.895476091863
 
131 482.26491826493015
 
132 482.26491826493015
 
133 472.6343604379974
 
134 465.8455886444097
 
135 472.63436043799754
 
136 472.63436043799743
 
137 491.89547609186286
 
138 491.89547609186286
 
139 472.63436043799743
 
140 472.63436043799743
 
141 482.26491826493026
 
142 491.89547609186286
 
143 491.89547609186286
 
144 482.26491826493015
 
145 491.895476091863
 
146 482.26491826493026
 
147 482.26491826493026
 
148 482.26491826493026
 
149 472.63436043799743
 
150 472.6343604379974
 
151 464.8983266332948
 
152 456.2150308174771
 
153 448.47899701277436
 
154 421.48184755420624
 
155 422.4291095653212
 
156 412.7985517383884
 
157 395.4319601067531
 
158 397.32648412898305
 
159 379.0126304862326
 
160 369.3820726593
 
161 379.9598924973477
 
162 482.26491826493026
 
163 491.895476091863
 
164 482.26491826493015
 
165 491.895476091863
 
166 482.26491826493026
 
167 491.895476091863
 
168 482.26491826493015
 
169 482.26491826493015
 
170 482.26491826493026
 
171 472.63436043799743
 
172 464.8983266332948
 
173 472.63436043799743
 
174 482.26491826493015
 
175 472.63436043799743
 
176 465.8455886444099
 
177 458.1095548397071
 
178 472.63436043799743
 
179 482.26491826493026
 
180 482.26491826493015
 
181 463.9510646221798
 
182 482.26491826493015
 
183 482.26491826493015
 
184 472.63436043799754
 
185 472.63436043799743
 
186 491.8954760918631
 
187 472.6343604379974
 
188 472.63436043799743
 
189 491.895476091863
 
190 491.89547609186303
 
191 482.26491826493026
 
192 482.26491826493026
 
193 482.26491826493026
 
194 482.26491826493026
 
195 472.63436043799754
 
196 482.26491826493026
 
197 501.52603391879563
 
198 472.63436043799754
 
199 482.26491826493026
 
200 472.63436043799754
 
201 482.26491826493026
 
202 472.63436043799743
 
203 482.26491826493026
 
204 455.267768806362
 
205 439.79570119695666
 
206 431.11240538113896
 
207 423.3763715764362
 
208 405.0625179336858
 
209 482.2649182649304
 
210 472.63436043799754
 
211 484.1594422871602
 
212 491.89547609186286
 
213 482.26491826493015
 
214 472.63436043799743
 
215 472.63436043799743
 
216 482.26491826493015
 
217 474.5288844602275
 
218 482.26491826493015
 
219 475.47614647134253
 
220 472.63436043799743
 
221 472.63436043799743
 
222 491.895476091863
 
223 472.63436043799743
 
224 482.26491826493015
 
225 491.895476091863
 
226 472.63436043799754
 
227 491.895476091863
 
228 501.52603391879563
 
229 482.26491826493026
 
230 465.8455886444099
 
231 438.8484391858417
 
232 403.16799391145577
 
233 396.37922211786804
 
234 472.63436043799743
 
235 491.895476091863
 
236 472.63436043799743
 
237 472.63436043799754
 
238 482.26491826493015
 
239 482.26491826493015
 
240 482.26491826493015
 
241 482.26491826493015
 
242 482.2649182649303
 
243 482.26491826493015
 
244 472.63436043799743
 
245 472.63436043799743
 
246 472.63436043799743
 
247 482.2649182649301
 
248 491.89547609186286
 
249 484.1594422871602
 
250 484.1594422871603
 
251 474.5288844602276
 
252 482.26491826493026
 
253 482.26491826493015
 
254 482.26491826493015
 
255 511.15659174572835
 
256 482.26491826493015
 
257 472.63436043799754
 
258 456.21503081747704
 
259 482.26491826493015
 
260 482.26491826493015
 
261 482.26491826493015
 
262 465.8455886444098
 
263 448.47899701277436
 
264 491.89547609186286
 
265 491.895476091863
 
266 483.21218027604516
 
267 491.89547609186286
 
268 472.63436043799743
 
269 472.63436043799743
 
270 491.89547609186286
 
271 472.6343604379974
 
272 472.63436043799743
 
273 491.895476091863
 
274 472.6343604379974
 
275 472.63436043799754
 
276 465.8455886444099
 
277 447.53173500165934
 
278 482.26491826493026
 
279 482.26491826493015
 
280 491.89547609186303
 
281 491.89547609186303
 
282 474.5288844602275
 
283 482.26491826493015
 
284 491.89547609186286
 
285 491.89547609186286
 
286 482.26491826493026
 
287 474.5288844602275
 
288 482.26491826493026
 
289 482.26491826493026
 
290 482.26491826493026
 
291 482.26491826493026
 
292 482.26491826493026
 
293 473.5816224491125
 
294 482.26491826493026
 
295 482.26491826493015
 
296 482.26491826493026
 
297 491.895476091863
 
298 472.6343604379974
 
299 472.63436043799743
 
300 472.63436043799743
 
301 472.63436043799743
 
302 482.2649182649301
 
303 482.26491826493015
 
304 501.5260339187956
 
305 482.26491826493015
 
306 455.267768806362
 
307 482.26491826493026
 
308 482.26491826493026
 
309 464.8983266332947
 
310 482.26491826493015
 
311 482.26491826493026
 
312 482.26491826493026
 
313 491.89547609186286
 
314 482.26491826493015
 
315 472.63436043799743
 
316 472.63436043799743
 
317 482.26491826493026
 
318 482.2649182649303
 
319 501.52603391879575
 
320 491.89547609186286
 
321 482.26491826493026
 
322 482.26491826493026
 
323 475.4761464713426
 
324 457.1622928285921
 
325 438.84843918584164
 
326 422.4291095653212
 
327 472.63436043799743
 
328 472.63436043799743
 
329 472.6343604379974
 
330 472.63436043799743
 
331 447.53173500165934
 
332 491.895476091863
 
333 482.26491826493015
 
334 482.26491826493015
 
335 465.8455886444097
 
336 482.2649182649301
 
337 482.2649182649301
 
338 482.26491826493015
 
339 482.26491826493015
 
340 491.895476091863
 
341 491.89547609186286
 
342 482.2649182649301
 
343 482.26491826493026
 
344 465.8455886444097
 
345 491.895476091863
 
346 482.26491826493015
 
347 465.84558864440993
 
348 448.4789970127744
 
349 431.11240538113896
 
350 423.3763715764362
 
351 414.69307576061857
 
352 405.06251793368574
 
353 491.895476091863
 
354 472.63436043799754
 
355 472.63436043799743
 
356 472.63436043799743
 
357 447.53173500165934
 
358 450.3735210350044
 
359 491.895476091863
 
360 482.26491826493026
 
361 472.6343604379974
 
362 491.89547609186286
 
363 482.26491826493026
 
364 491.89547609186303
 
365 483.21218027604516
 
366 456.21503081747704
 
367 439.7957011969567
 
368 472.63436043799754
 
369 482.26491826493026
 
370 465.8455886444098
 
371 438.8484391858417
 
372 472.63436043799743
 
373 472.63436043799754
 
374 472.63436043799743
 
375 447.5317350016594
 
376 431.1124053811389
 
377 472.63436043799754
 
378 472.63436043799743
 
379 457.16229282859206
 
380 472.6343604379974
 
381 472.63436043799743
 
382 472.6343604379974
 
383 482.26491826493026
 
384 482.26491826493015
 
385 472.63436043799754
 
386 491.895476091863
 
387 472.6343604379974
 
388 482.26491826493015
 
389 472.63436043799754
 
390 465.8455886444098
 
391 482.26491826493015
 
392 472.6343604379974
 
393 482.26491826493015
 
394 472.63436043799743
 
395 491.89547609186286
 
396 472.63436043799743
 
397 482.26491826493015
 
398 472.63436043799743
 
399 482.26491826493026
 
400 472.63436043799743
 
401 491.89547609186286
 
402 482.26491826493026
 
403 482.26491826493015
 
404 491.895476091863
 
405 482.26491826493026
 
406 472.63436043799754
 
407 491.895476091863
 
408 473.5816224491125
 
409 457.1622928285921
 
410 482.26491826493015
 
411 472.63436043799743
 
412 482.2649182649303
 
413 491.89547609186286
 
414 472.63436043799743
 
415 472.63436043799754
 
416 472.63436043799754
 
417 472.63436043799743
 
418 482.26491826493015
 
419 491.895476091863
 
420 472.6343604379974
 
421 482.2649182649301
 
422 491.89547609186286
 
423 472.6343604379974
 
424 472.63436043799743
 
425 482.2649182649301
 
426 482.26491826493015
 
427 491.895476091863
 
428 491.895476091863
 
429 482.26491826493026
 
430 465.8455886444097
 
431 482.26491826493015
 
432 472.6343604379974
 
433 482.26491826493015
 
434 482.26491826493026
 
435 472.6343604379974
 
436 491.895476091863
 
437 482.26491826493026
 
438 456.21503081747716
 
439 472.63436043799743
 
440 482.2649182649301
 
441 491.895476091863
 
442 482.26491826493026
 
443 472.63436043799743
 
444 482.26491826493026
 
445 482.2649182649303
 
446 491.895476091863
 
447 491.895476091863
 
448 491.895476091863
 
449 455.267768806362
 
450 439.79570119695666
 
451 482.26491826493015
 
452 482.26491826493026
 
453 491.89547609186303
 
454 474.5288844602274
 
455 472.63436043799743
 
456 482.26491826493015
 
457 482.26491826493015
 
458 482.26491826493026
 
459 465.8455886444098
 
460 491.89547609186286
 
461 482.26491826493015
 
462 472.63436043799743
 
463 482.26491826493026
 
464 482.26491826493026
 
465 472.63436043799743
 
466 456.21503081747693
 
467 482.26491826493015
 
468 482.26491826493015
 
469 482.26491826493015
 
470 482.2649182649303
 
471 472.63436043799743
 
472 466.79285065552483
 
473 458.10955483970713
 
474 482.26491826493015
 
475 475.47614647134253
 
476 466.7928506555249
 
477 429.2178813589089
 
478 422.42910956532126
 
479 405.0625179336858
 
480 482.26491826493026
 
481 491.895476091863
 
482 491.895476091863
 
483 482.26491826493015
 
484 491.89547609186286
 
485 482.26491826493015
 
486 491.895476091863
 
487 484.1594422871602
 
488 482.2649182649303
 
489 464.89832663329486
 
490 482.26491826493026
 
491 482.26491826493015
 
492 491.895476091863
 
493 482.26491826493026
 
494 482.26491826493015
 
495 491.89547609186286
 
496 482.26491826493026
 
497 456.2150308174771
 
498 482.26491826493015
 
499 491.89547609186286
 
500 491.895476091863
 
501 491.89547609186286
 
502 482.26491826493015
 
503 491.89547609186303
 
504 491.895476091863
 
505 464.8983266332948
 
506 472.63436043799743
 
507 457.1622928285922
 
508 482.26491826493026
 
509 491.89547609186303
 
510 482.26491826493026
 
511 491.895476091863
 
512 491.89547609186286
 
513 472.63436043799743
 
514 511.15659174572846
 
515 482.26491826493015
 
516 482.26491826493015
 
517 482.26491826493015
 
518 482.26491826493015
 
519 475.47614647134253
 
520 447.53173500165923
 
521 472.6343604379974
 
522 482.26491826493015
 
523 472.6343604379974
 
524 472.6343604379974
 
525 457.16229282859206
 
526 501.52603391879575
 
527 482.26491826493026
 
528 482.26491826493026
 
529 482.26491826493015
 
530 465.8455886444098
 
531 482.26491826493015
 
532 482.26491826493026
 
533 484.1594422871603
 
534 482.26491826493026
 
535 472.63436043799754
 
536 491.895476091863
 
537 474.5288844602275
 
538 482.26491826493026
 
539 472.63436043799743
 
540 482.26491826493026
 
541 482.26491826493015
 
542 501.52603391879563
 
543 482.26491826493015
 
544 482.26491826493015
 
545 465.8455886444099
 
546 465.8455886444097
 
547 465.8455886444097
 
548 476.42340848245755
 
549 457.16229282859206
 
550 439.79570119695666
 
551 472.63436043799743
 
552 482.26491826493015
 
553 482.26491826493026
 
554 472.63436043799743
 
555 472.63436043799754
 
556 482.26491826493026
 
557 482.26491826493026
 
558 465.8455886444097
 
559 448.47899701277436
 
560 440.7429632080716
 
561 491.89547609186286
 
562 482.26491826493015
 
563 456.2150308174771
 
564 446.5844729905443
 
565 421.4818475542062
 
566 405.06251793368574
 
567 472.63436043799743
 
568 482.26491826493015
 
569 482.26491826493015
 
570 482.26491826493015
 
571 482.26491826493026
 
572 491.895476091863
 
573 482.26491826493026
 
574 482.26491826493015
 
575 482.26491826493015
 
576 491.895476091863
 
577 464.89832663329486
 
578 491.895476091863
 
579 474.5288844602274
 
580 491.895476091863
 
581 464.8983266332947
 
582 501.5260339187956
 
583 511.15659174572835
 
584 491.895476091863
 
585 472.63436043799743
 
586 472.63436043799743
 
587 472.6343604379974
 
588 472.63436043799754
 
589 457.16229282859206
 
590 482.26491826493015
 
591 475.47614647134253
 
592 472.63436043799743
 
593 482.26491826493026
 
594 456.21503081747704
 
595 472.63436043799743
 
596 466.7928506555247
 
597 472.63436043799743
 
598 472.6343604379974
 
599 472.6343604379974
 
600 472.63436043799743
 
601 482.26491826493015
 
602 456.21503081747704
 
603 430.16514337002394
 
604 433.00692940336893
 
605 433.00692940336893
 
606 433.00692940336893
 
607 491.895476091863
 
608 491.895476091863
 
609 472.63436043799743
 
610 482.26491826493026
 
611 482.26491826493026
 
612 472.63436043799743
 
613 491.89547609186286
 
614 472.63436043799743
 
615 457.16229282859206
 
616 491.89547609186286
 
617 482.26491826493026
 
618 472.63436043799743
 
619 447.53173500165934
 
620 491.895476091863
 
621 482.2649182649301
 
622 482.26491826493015
 
623 482.26491826493026
 
624 491.895476091863
 
625 482.26491826493015
 
626 472.63436043799743
 
627 482.26491826493015
 
628 472.63436043799743
 
629 466.7928506555247
 
630 447.5317350016594
 
631 437.90117717472657
 
632 482.26491826493015
 
633 482.26491826493015
 
634 482.26491826493015
 
635 501.52603391879575
 
636 482.26491826493015
 
637 482.26491826493015
 
638 482.26491826493026
 
639 482.26491826493026
 
640 482.2649182649303
 
641 472.6343604379974
 
642 491.89547609186286
 
643 491.895476091863
 
644 491.895476091863
 
645 491.89547609186286
 
646 501.52603391879563
 
647 491.895476091863
 
648 482.26491826493026
 
649 491.89547609186286
 
0 252.74674216148287
 
1 286.82296498054876
 
2 300.11676889798355
 
3 296.0336243718755
 
4 302.4518780947753
 
5 301.17190430329686
 
6 311.9359480577152
 
7 319.2879250427309
 
8 329.24013942987614
 
9 331.0159724712853
 
10 345.69815234394844
 
11 328.47798435080205
 
12 322.3439466643191
 
13 317.5324094851246
 
14 316.71715342539324
 
15 317.2714178932148
 
16 319.38498799644714
 
17 324.0744937635603
 
18 358.3246813360374
 
19 352.93604965212575
 
20 360.00091535369467
 
21 342.505844097686
 
22 357.75848378551774
 
23 366.18222386295287
 
24 334.8422234042711
 
25 342.08790895692584
 
26 355.3507646474445
 
27 332.9108904794476
 
28 347.4593783816709
 
29 347.0021432604952
 
30 360.03056822390613
 
31 365.62675608660834
 
32 350.29353758505334
 
33 360.33140451849823
 
34 347.7026851105023
 
35 333.6231673726039
 
36 342.73177116226
 
37 333.0516397754044
 
38 326.56833532526866
 
39 343.10348980458593
 
40 337.1391715967888
 
41 327.57242705201423
 
42 328.0891974724272
 
43 341.2023114942757
 
44 350.60680916097874
 
45 346.523331000607
 
46 334.2097019914404
 
47 331.0552029537718
 
48 324.88222191104893
 
49 337.20242298182194
 
50 332.4391691063649
 
51 335.05810291860803
 
52 325.14426021948026
 
53 331.43150847175025
 
54 337.244709284738
 
55 347.719878223964
 
56 334.4786624285566
 
57 322.65002721567964
 
58 344.6720618547294
 
59 334.43718140086753
 
60 343.4063741032894
 
61 354.0456918802403
 
62 356.6105675517417
 
63 348.7826796212678
 
64 339.7777048355404
 
65 341.198920611369
 
66 343.81785442361235
 
67 326.42156377563975
 
68 327.9673079755198
 
69 330.91129073410286
 
70 329.30253589631434
 
71 329.6390734512169
 
72 335.28797787707737
 
73 347.00960308451647
 
74 336.7964724537217
 
75 355.06785305264674
 
76 348.14673134390034
 
77 350.3888908073806
 
78 338.1628892970903
 
79 336.7964724537217
 
80 336.759222830486
 
81 323.16680447682705
 
82 333.11179821671266
 
83 343.18741896312764
 
84 334.0241193721957
 
85 340.43337770867697
 
86 339.9350621064874
 
87 327.9141489673813
 
88 329.223615873503
 
89 334.1641475964158
 
90 339.7758023990406
 
91 334.1641475964158
 
92 322.3422621278324
 
93 329.8619596999126
 
94 326.94373795600245
 
95 325.59702142664514
 
96 300.6715261569786
 
97 335.5108641257731
 
98 335.7729024342043
 
99 334.46343552808264
 
100 347.50769842420874
 
101 335.81015205744006
 
102 333.8915486885338
 
103 326.60720040109993
 
104 331.47071453770116
 
105 345.885772803855
 
106 350.4499990087893
 
107 323.9882665888566
 
108 332.5181431353916
 
109 329.89920932314834
 
110 334.1641475964158
 
111 340.07509033070744
 
112 331.47071453770116
 
113 322.67879968273496
 
114 337.3444076487571
 
115 348.33236796936035
 
116 334.1641475964157
 
117 343.22958936837597
 
118 338.66536316344167
 
119 344.53905627449757
 
120 326.94373795600245
 
121 329.5999213914814
 
122 321.0327952217108
 
123 322.37951175106804
 
124 337.3186466340843
 
125 341.88287283901866
 
126 344.5390562744976
 
127 353.6044980464578
 
128 344.73808394502043
 
129 326.9064883327668
 
130 337.3816572719928
 
131 344.63931653564185
 
132 341.58358490735185
 
133 344.00441905818434
 
134 334.46343552808264
 
135 326.6444500243355
 
136 330.0982369936709
 
137 329.8247100766769
 
138 326.07256318478665
 
139 343.22958936837597
 
140 333.8915486885337
 
141 344.8383442061645
 
142 336.2484441923458
 
143 331.7069918314595
 
144 355.82630452676773
 
145 327.6813180225752
 
146 330.0237377471997
 
147 330.59953976648535
 
148 341.845623215783
 
149 331.17142660603423
 
150 331.24592585250554
 
151 322.3422621278324
 
152 327.14276562652515
 
153 339.50320349115856
 
154 335.97193010472705
 
155 339.97483006956327
 
156 325.2977334949782
 
157 329.76169943876846
 
158 334.4634355280827
 
159 337.85719903013427
 
160 349.6790844987177
 
161 342.1593869266375
 
162 340.23686837799454
 
163 339.46595386792285
 
164 335.93468048149145
 
165 342.42142523506874
 
166 322.60430043626366
 
167 327.98060595424204
 
168 335.238265217891
 
169 329.8619596999126
 
170 332.8546806902941
 
171 337.6179345657513
 
172 330.85160219451825
 
173 335.971930104727
 
174 337.2813970108486
 
175 341.7210947917316
 
176 330.2146552080052
 
177 330.16124763157956
 
178 334.36317526693847
 
179 331.17142660603423
 
180 338.9646510951085
 
181 332.8546806902941
 
182 328.25320486212405
 
183 332.8174310670584
 
184 326.94373795600245
 
185 337.1196189635616
 
186 328.55249279379086
 
187 333.153968621961
 
188 328.25320486212405
 
189 334.1641475964158
 
190 338.7656234245858
 
191 329.86195969991263
 
192 328.2532048621241
 
193 321.0327952217107
 
194 336.82033103189474
 
195 335.6726421730602
 
196 346.14781111228615
 
197 334.6624631986054
 
198 343.49554285654403
 
199 339.7652417995897
 
200 329.76169943876846
 
201 327.7185676458108
 
202 340.81267039728016
 
203 337.0823693403259
 
204 337.4189068952284
 
205 331.0253376811527
 
206 342.6577025288271
 
207 328.4522325326468
 
208 334.36317526693847
 
209 335.4736145025374
 
210 328.4522325326468
 
211 336.2082073984854
 
212 332.00627976312643
 
213 343.96716943494874
 
214 334.36317526693847
 
215 327.20577626443367
 
216 347.79381557331044
 
217 337.31864663408436
 
218 332.8174310670584
 
219 335.8101520574399
 
220 345.98603306499916
 
221 330.09823699367104
 
222 337.89444865337
 
223 340.27411800123025
 
224 341.88287283901866
 
225 335.971930104727
 
226 344.067429696093
 
227 332.50549858796546
 
228 352.8965941742947
 
229 328.8517807254578
 
230 329.8619596999126
 
231 348.07032966092913
 
232 341.92012246225437
 
233 337.2813970108486
 
234 337.3558962573199
 
235 344.80109458292895
 
236 333.0537083608168
 
237 334.1641475964158
 
238 329.86195969991263
 
239 334.38893628161134
 
240 330.16124763157944
 
241 338.7283738013502
 
242 337.4189068952285
 
243 335.73565281096876
 
244 342.9933120746176
 
245 326.6072004010999
 
246 338.69112417811453
 
247 338.6911241781145
 
248 344.6020669124062
 
249 337.8944486533699
 
250 328.4149829094111
 
251 346.42133802928015
 
252 335.971930104727
 
253 325.2977334949782
 
254 335.238265217891
 
255 312.0918818738019
 
256 330.0867483851082
 
257 332.81743106705835
 
258 343.2926000062845
 
259 331.5079641609368
 
260 343.19233974514026
 
261 337.28139701084865
 
262 338.6281135402059
 
263 346.18506073552174
 
264 343.768141764426
 
265 335.7098917962958
 
266 336.82033103189474
 
267 334.46343552808264
 
268 328.25320486212405
 
269 334.1268979731801
 
270 322.3422621278324
 
271 326.6444500243356
 
272 341.58358490735174
 
273 330.93607732138787
 
274 345.3768966022146
 
275 345.4141462254502
 
276 346.98565144000304
 
277 321.33208315337765
 
278 319.6860786923535
 
279 320.995545598475
 
280 336.00917972796265
 
281 325.59702142664514
 
282 329.8247100766769
 
283 346.38408840604455
 
284 343.22958936837597
 
285 344.5390562744976
 
286 347.7308049354018
 
287 337.3225618138211
 
288 334.3259256437028
 
289 316.76785694844324
 
290 337.28139701084865
 
291 335.4372928884137
 
292 359.51935596048634
 
293 350.68627630254764
 
294 337.01935870241743
 
295 315.1218524874191
 
296 325.49676116550097
 
297 340.23686837799454
 
298 334.1641475964158
 
299 331.370454276557
 
300 339.46595386792285
 
301 340.23686837799454
 
302 340.07509033070744
 
303 340.0378407074718
 
304 331.5079641609368
 
305 334.42618590484693
 
306 335.7098917962958
 
307 329.5999213914813
 
308 323.6889786571897
 
309 339.97483006956327
 
310 346.95989042533023
 
311 333.7912884273896
 
312 335.7729024342043
 
313 335.2010155946554
 
314 341.6102739311366
 
315 316.7306073252076
 
316 331.47071453770116
 
317 332.9792091143455
 
318 326.86923870953115
 
319 338.4290858696832
 
320 340.23686837799454
 
321 333.1167189987254
 
322 339.027661733017
 
323 331.4707145377012
 
324 331.5079641609368
 
325 331.20867622926994
 
326 323.98826658885656
 
327 324.25030489728783
 
328 335.4736145025374
 
329 329.8619596999126
 
330 338.7283738013501
 
331 328.5897424170266
 
332 332.8546806902941
 
333 322.64155005949925
 
334 323.65172903395404
 
335 316.43131939354066
 
336 324.99844556331135
 
337 325.2977334949782
 
338 335.9089194668185
 
339 337.55492392784276
 
340 336.00917972796265
 
341 332.5553927586272
 
342 328.2159552388884
 
343 326.9064883327668
 
344 323.95101696562097
 
345 326.94373795600245
 
346 342.9872513739561
 
347 332.81743106705835
 
348 340.07509033070744
 
349 326.9064883327668
 
350 325.52252218017384
 
351 322.3422621278324
 
352 326.8692387095311
 
353 337.0823693403259
 
354 335.5108641257731
 
355 341.7210947917317
 
356 323.98826658885656
 
357 338.4290858696833
 
358 335.7729024342043
 
359 332.8174310670584
 
360 344.34002860397493
 
361 327.2802755109049
 
362 349.14053210266763
 
363 343.768141764426
 
364 336.5104825007771
 
365 337.3444076487571
 
366 347.3327495943564
 
367 332.7544204291499
 
368 326.8434776948583
 
369 323.9882665888566
 
370 328.2532048621241
 
371 344.80109458292884
 
372 356.62298005151223
 
373 350.649026679312
 
374 338.15648696180125
 
375 338.89015184863723
 
376 344.8383442061645
 
377 347.992843243833
 
378 340.77243360341976
 
379 348.36961759259606
 
380 331.17142660603423
 
381 340.0750903307074
 
382 358.2432234978636
 
383 357.1357714328894
 
384 335.19495489399384
 
385 334.67862115179537
 
386 348.53139563988304
 
387 340.2368683779945
 
388 343.1923397451403
 
389 349.0402718415235
 
390 331.44495352302823
 
391 335.971930104727
 
392 329.5999213914813
 
393 344.57630589773333
 
394 351.32508895974183
 
395 343.2790817650649
 
396 318.38885455968506
 
397 312.8516990035316
 
398 302.2405130316913
 
399 328.552492793791
 
400 319.6860786923534
 
401 350.71203731722045
 
402 325.5597718034095
 
403 329.5999213914813
 
404 325.2977334949782
 
405 332.5553927586272
 
406 325.33498311821387
 
407 336.3977280193943
 
408 327.1550083999784
 
409 313.18628452834093
 
410 308.7223185845508
 
411 336.0091797279627
 
412 343.0305616978533
 
413 334.46343552808264
 
414 346.985651440003
 
415 333.315746669248
 
416 334.36317526693847
 
417 319.6860786923534
 
418 342.4586748583043
 
419 341.58498174724826
 
420 340.31136762446584
 
421 322.3422621278324
 
422 343.80539138766164
 
423 331.9835059190783
 
424 334.1641475964157
 
425 316.7306073252076
 
426 334.66246319860534
 
427 339.2266894035398
 
428 347.7308049354018
 
429 333.0537083608168
 
430 341.88287283901866
 
431 347.76048112981147
 
432 338.15648696180125
 
433 336.23396841315827
 
434 327.3675543117208
 
435 337.31864663408436
 
436 340.57340593289706
 
437 353.6044980464578
 
438 342.15938692663747
 
439 343.1293291072319
 
440 341.81986220111025
 
441 339.2639390267754
 
442 337.28139701084865
 
443 334.1268979731801
 
444 326.6072004010999
 
445 341.4218068600647
 
446 332.8174310670585
 
447 319.6860786923534
 
448 325.2977334949782
 
449 334.1641475964158
 
450 332.8546806902941
 
451 328.2159552388884
 
452 330.0237377471996
 
453 319.7233283155891
 
454 323.9882665888566
 
455 329.86195969991263
 
456 328.25320486212405
 
457 337.96923323394725
 
458 352.6345558658635
 
459 327.1055160032895
 
460 351.28783933650624
 
461 331.20867622926994
 
462 342.1449111474499
 
463 322.8033281067863
 
464 339.1264291423955
 
465 346.38408840604455
 
466 337.3186466340843
 
467 334.9389772862242
 
468 345.4141462254501
 
469 344.31594976330445
 
470 334.3259256437029
 
471 323.98826658885656
 
472 329.89920932314834
 
473 337.1196189635616
 
474 332.8546806902941
 
475 336.2712180363939
 
476 338.6281135402059
 
477 335.4736145025374
 
478 326.9064883327668
 
479 325.2977334949783
 
480 329.7989490620041
 
481 331.66974220822385
 
482 341.4112462606139
 
483 328.75152046431367
 
484 335.7356528109687
 
485 335.7729024342043
 
486 319.7233283155891
 
487 316.7306073252076
 
488 325.5340107887366
 
489 335.67264217306007
 
490 350.21464972414293
 
491 335.18868062621544
 
492 307.9165408732016
 
493 313.94057773830036
 
494 318.6412898066335
 
495 326.0940615610684
 
496 320.0215000312881
 
497 320.99554559847513
 
498 318.7279104544278
 
499 334.1268979731801
 
500 335.4736145025374
 
501 325.2977334949782
 
502 332.8174310670585
 
503 329.7989490620041
 
504 325.59702142664514
 
505 326.98658493297734
 
506 329.0135587727449
 
507 324.5495928289547
 
508 334.65097459004255
 
509 331.8072520926037
 
510 347.95000175072056
 
511 332.5181431353916
 
512 340.2368683779945
 
513 327.1055160032895
 
514 319.8851063628761
 
515 328.2159552388884
 
516 324.1872942593793
 
517 321.0327952217108
 
518 337.3816572719928
 
519 326.94373795600245
 
520 328.2532048621241
 
521 338.66536316344155
 
522 323.65172903395404
 
523 323.95101696562085
 
524 326.90648833276674
 
525 327.2057762644336
 
526 335.2010155946553
 
527 339.1264291423955
 
528 346.92264080209446
 
529 325.4967611655009
 
530 344.87559382940015
 
531 341.62083453058744
 
532 340.11233995394304
 
533 338.66536316344155
 
534 316.4313193935407
 
535 343.4543780535716
 
536 340.57340593289695
 
537 355.0514748369593
 
538 329.86195969991263
 
539 336.54773212401267
 
540 332.7801814438228
 
541 340.2368683779945
 
542 351.01132524888743
 
543 334.1641475964158
 
544 327.20577626443367
 
545 326.6444500243356
 
546 326.6444500243356
 
547 322.34226212783244
 
548 340.2368683779945
 
549 338.19373658503685
 
550 324.32480414375914
 
551 331.40770389979264
 
552 331.40770389979264
 
553 347.76048112981147
 
554 349.87811216924035
 
555 351.52411663026464
 
556 349.10328247943204
 
557 337.1196189635616
 
558 343.4916276768072
 
559 337.85719903013427
 
560 342.6577025288271
 
561 340.31136762446584
 
562 339.1636787656312
 
563 350.4499990087893
 
564 340.27411800123014
 
565 337.0823693403259
 
566 335.8101520574399
 
567 329.5999213914814
 
568 324.99844556331135
 
569 334.2013972196514
 
570 337.0193587024174
 
571 340.41162788561
 
572 337.8703698126995
 
573 316.976609052579
 
574 340.27411800123014
 
575 331.93628041544434
 
576 331.2553407071326
 
577 323.9882665888566
 
578 347.2219287337614
 
579 332.182533589601
 
580 347.49844282138025
 
581 336.74675979453536
 
582 346.9226408020945
 
583 338.9646510951086
 
584 344.00441905818434
 
585 335.2010155946555
 
586 332.2455442275095
 
587 330.19849725481515
 
588 328.4522325326468
 
589 318.07732385456495
 
590 326.90648833276674
 
591 323.91376734238526
 
592 338.15648696180114
 
593 328.25320486212405
 
594 335.5108641257731
 
595 335.2010155946554
 
596 337.6713421421768
 
597 333.0164587375811
 
598 337.3186466340842
 
599 338.82714121072866
 
600 338.0934763238927
 
601 339.97483006956315
 
602 330.36027530210225
 
603 329.86195969991263
 
604 312.1291314970375
 
605 340.57340593289695
 
606 332.9792091143455
 
607 333.27849704601243
 
608 331.47071453770116
 
609 338.05622670065696
 
610 333.7540388041539
 
611 343.9671694349487
 
612 343.19625492487705
 
613 337.2813970108486
 
614 334.1268979731801
 
615 334.1641475964158
 
616 322.45569317154184
 
617 322.647732132291
 
618 336.5849817472483
 
619 338.7283738013501
 
620 340.0750903307074
 
621 338.4290858696832
 
622 334.9389772862241
 
623 323.9882665888566
 
624 323.6889786571897
 
625 326.6444500243355
 
626 331.17142660603423
 
627 331.47071453770116
 
628 340.7351839801841
 
629 335.9346804814914
 
630 334.0638873352716
 
631 327.9539169304572
 
632 331.4571962964816
 
633 325.6342710498808
 
634 332.5181431353915
 
635 323.68897865718975
 
636 331.54521378417235
 
637 328.55249279379086
 
638 339.5032034911585
 
639 331.40770389979264
 
640 337.31864663408436
 
641 328.45223253264686
 
642 340.33712863913865
 
643 332.7801814438228
 
644 331.47071453770116
 
645 335.6726421730602
 
646 332.5181431353916
 
647 335.81015205744
 
648 346.1478111122862
 
649 336.82033103189474
 
0 222.87551080076892
 
1 229.95197012128187
 
2 244.9306011233263
 
3 273.6097682550205
 
4 266.84543183659514
 
5 297.9440464847306
 
6 312.4443591963575
 
7 318.9004797062736
 
8 355.0017067866683
 
9 369.9528550214729
 
10 371.76346544861036
 
11 374.6052514819555
 
12 379.1041582813777
 
13 388.73471610831047
 
14 363.4971943146301
 
15 341.52918898476173
 
16 391.8952674374352
 
17 390.5858005313135
 
18 402.0269687853839
 
19 385.7465777908728
 
20 377.6196593307972
 
21 399.50390360908955
 
22 404.0028104085118
 
23 415.2709954997592
 
24 441.683087842219
 
25 432.05253001528627
 
26 401.8182535514377
 
27 399.21387077424544
 
28 412.0312725002841
 
29 389.27613308322265
 
30 384.17077462569335
 
31 378.1640336472304
 
32 385.2452337278877
 
33 453.1866190461429
 
34 464.14523708291534
 
35 473.5816224491124
 
36 483.7133237970611
 
37 468.95111494261783
 
38 467.6416480364962
 
39 485.59329678423995
 
40 491.76387538479054
 
41 505.5788222281187
 
42 501.07991542869655
 
43 495.94826440118595
 
44 481.4565948798244
 
45 486.31770657425324
 
46 503.68429820588875
 
47 503.68429820588875
 
48 516.1897781430953
 
49 507.23594299419585
 
50 516.1897781430953
 
51 507.23594299419597
 
52 516.8665008211286
 
53 517.6934175099526
 
54 527.1298028761497
 
55 512.3675940217065
 
56 512.3675940217064
 
57 507.23594299419585
 
58 507.23594299419585
 
59 509.74866020946314
 
60 502.10429196668537
 
61 511.05812711558474
 
62 512.3675940217065
 
63 512.3675940217064
 
64 511.0581271155848
 
65 507.23594299419585
 
66 521.9981518486392
 
67 521.998151848639
 
68 522.9454138597541
 
69 512.3675940217064
 
70 521.998151848639
 
71 527.1298028761496
 
72 531.6287096755718
 
73 525.820335970028
 
74 520.6886849425175
 
75 516.8665008211286
 
76 517.4992450492169
 
77 512.3675940217064
 
78 512.3675940217064
 
79 520.6886849425174
 
80 517.4992450492169
 
81 512.3675940217064
 
82 527.1298028761496
 
83 521.998151848639
 
84 511.25229957632035
 
85 519.0510576782028
 
86 524.1827087057133
 
87 517.4992450492169
 
88 512.5617664824421
 
89 512.3675940217064
 
90 507.23594299419597
 
91 504.6315602170037
 
92 512.3675940217064
 
93 516.8665008211286
 
94 516.1897781430953
 
95 507.4301154549315
 
96 516.3839506038308
 
97 512.5617664824421
 
98 505.92647608807425
 
99 516.8665008211286
 
100 521.998151848639
 
101 502.10429196668537
 
102 516.1897781430953
 
103 516.1897781430953
 
104 507.23594299419585
 
105 522.9454138597542
 
106 531.6287096755718
 
107 516.1897781430953
 
108 512.3675940217065
 
109 500.4471712006083
 
110 512.3675940217064
 
111 507.23594299419585
 
112 512.3675940217064
 
113 517.4992450492169
 
114 516.8665008211286
 
115 511.734849793618
 
116 507.23594299419597
 
117 511.0581271155848
 
118 517.8875899706882
 
119 521.9981518486392
 
120 512.3675940217064
 
121 521.3654076205507
 
122 498.55264717837815
 
123 512.3675940217064
 
124 512.3675940217064
 
125 512.3675940217065
 
126 509.76321124451425
 
127 531.6287096755718
 
128 507.23594299419585
 
129 521.998151848639
 
130 516.8665008211286
 
131 521.9981518486392
 
132 512.3675940217064
 
133 520.6886849425175
 
134 521.998151848639
 
135 505.9264760880742
 
136 516.8665008211286
 
137 517.4992450492169
 
138 527.1298028761497
 
139 503.68429820588864
 
140 512.3675940217065
 
141 517.4992450492169
 
142 512.3675940217064
 
143 512.3675940217064
 
144 512.5617664824421
 
145 527.1298028761496
 
146 517.4992450492169
 
147 513.509028493557
 
148 500.4471712006083
 
149 525.820335970028
 
150 516.3839506038308
 
151 502.56900376050265
 
152 489.50714646755375
 
153 495.948264401186
 
154 499.7704485225748
 
155 490.1398906956422
 
156 489.5071464675538
 
157 501.07991542869655
 
158 490.8166133736755
 
159 501.0799154286965
 
160 507.23594299419585
 
161 511.73484979361814
 
162 512.3675940217064
 
163 517.4992450492169
 
164 517.4992450492169
 
165 516.8665008211286
 
166 517.4992450492169
 
167 512.3675940217064
 
168 511.05812711558474
 
169 499.49990918949317
 
170 516.1897781430953
 
171 521.998151848639
 
172 512.3675940217064
 
173 507.23594299419585
 
174 505.92647608807425
 
175 494.63879749506435
 
176 512.5617664824421
 
177 517.6934175099526
 
178 511.73484979361814
 
179 505.92647608807425
 
180 521.9981518486392
 
181 507.23594299419585
 
182 507.23594299419585
 
183 503.32209331088205
 
184 521.9981518486392
 
185 507.23594299419597
 
186 516.8665008211287
 
187 521.998151848639
 
188 524.3768811664489
 
189 516.8665008211286
 
190 517.0606732818642
 
191 517.6934175099526
 
192 526.4970586480614
 
193 519.3792180363959
 
194 507.23594299419585
 
195 504.6315602170037
 
196 521.998151848639
 
197 522.1923243093748
 
198 513.3148560328214
 
199 504.8257326777394
 
200 525.8203359700279
 
201 515.5570339150069
 
202 514.2621180439364
 
203 521.998151848639
 
204 507.4301154549315
 
205 512.5617664824421
 
206 517.6934175099526
 
207 512.5617664824421
 
208 516.3839506038308
 
209 525.1875917419397
 
210 517.4992450492169
 
211 512.3675940217065
 
212 517.4992450492169
 
213 507.23594299419597
 
214 507.23594299419597
 
215 521.998151848639
 
216 516.8665008211286
 
217 526.4970586480614
 
218 526.4970586480614
 
219 507.23594299419597
 
220 507.23594299419585
 
221 512.3675940217065
 
222 495.94826440118595
 
223 521.998151848639
 
224 507.23594299419585
 
225 507.23594299419597
 
226 512.3675940217064
 
227 507.23594299419585
 
228 507.23594299419597
 
229 510.7104732556293
 
230 527.1298028761496
 
231 512.3675940217064
 
232 507.23594299419597
 
233 512.3675940217065
 
234 507.23594299419585
 
235 507.23594299419597
 
236 517.4992450492169
 
237 507.23594299419585
 
238 511.05812711558474
 
239 507.23594299419597
 
240 507.23594299419585
 
241 512.3675940217064
 
242 507.23594299419597
 
243 507.23594299419597
 
244 516.1897781430953
 
245 511.73484979361814
 
246 505.92647608807425
 
247 516.8665008211286
 
248 527.1298028761497
 
249 526.4970586480614
 
250 507.23594299419585
 
251 511.734849793618
 
252 511.0581271155848
 
253 521.998151848639
 
254 521.998151848639
 
255 512.3675940217064
 
256 512.3675940217064
 
257 517.4992450492169
 
258 511.0581271155848
 
259 512.3675940217065
 
260 516.8665008211286
 
261 512.5617664824421
 
262 527.1298028761496
 
263 527.1298028761496
 
264 512.3675940217064
 
265 507.23594299419585
 
266 507.23594299419585
 
267 512.3675940217064
 
268 521.998151848639
 
269 513.3148560328215
 
270 498.82318651145977
 
271 516.8665008211286
 
272 511.73484979361814
 
273 512.3675940217064
 
274 516.8665008211286
 
275 512.3675940217065
 
276 522.1923243093748
 
277 521.9981518486392
 
278 525.8203359700279
 
279 512.3675940217064
 
280 516.8665008211286
 
281 511.73484979361814
 
282 512.3675940217064
 
283 502.1042919666854
 
284 512.3675940217064
 
285 516.8665008211286
 
286 507.23594299419585
 
287 520.6886849425175
 
288 495.001002390071
 
289 512.3675940217064
 
290 512.3675940217064
 
291 512.3675940217064
 
292 516.8665008211286
 
293 526.4970586480614
 
294 512.3675940217065
 
295 493.69153548394934
 
296 492.39661961287885
 
297 512.3675940217064
 
298 512.3675940217065
 
299 511.05812711558474
 
300 517.6934175099526
 
301 512.7559389431776
 
302 533.8132665326461
 
303 512.5617664824421
 
304 516.8665008211287
 
305 512.3675940217064
 
306 516.8665008211287
 
307 508.81594923339924
 
308 512.3675940217064
 
309 505.9264760880742
 
310 499.4999091894933
 
311 507.23594299419585
 
312 511.0581271155848
 
313 522.1923243093748
 
314 505.92647608807425
 
315 502.10429196668537
 
316 520.6886849425176
 
317 511.05812711558474
 
318 516.8665008211286
 
319 522.9454138597542
 
320 527.1298028761497
 
321 511.734849793618
 
322 521.9981518486392
 
323 512.3675940217065
 
324 512.3675940217065
 
325 531.6287096755718
 
326 521.9981518486392
 
327 516.8665008211286
 
328 517.0606732818643
 
329 527.1298028761497
 
330 516.1897781430953
 
331 521.998151848639
 
332 517.4992450492168
 
333 512.3675940217065
 
334 515.557033915007
 
335 521.9981518486392
 
336 525.1875917419397
 
337 521.998151848639
 
338 536.7603607030824
 
339 521.998151848639
 
340 507.23594299419585
 
341 495.94826440118595
 
342 512.3675940217064
 
343 517.4992450492169
 
344 525.820335970028
 
345 535.4508937969607
 
346 516.8665008211286
 
347 516.8665008211286
 
348 536.7603607030824
 
349 507.23594299419585
 
350 503.6842982058887
 
351 516.1897781430953
 
352 507.23594299419597
 
353 511.0581271155848
 
354 517.4992450492169
 
355 517.6934175099526
 
356 507.235942994196
 
357 486.31770657425324
 
358 516.8665008211286
 
359 507.23594299419585
 
360 502.1042919666855
 
361 495.94826440118595
 
362 527.1298028761496
 
363 516.8665008211286
 
364 512.3675940217065
 
365 512.3675940217065
 
366 508.45374433839265
 
367 486.31770657425324
 
368 529.3143597332238
 
369 507.23594299419597
 
370 525.820335970028
 
371 516.8665008211286
 
372 516.1897781430953
 
373 517.6934175099525
 
374 512.3675940217064
 
375 504.94607800003047
 
376 511.05812711558474
 
377 516.1897781430953
 
378 507.23594299419585
 
379 517.4992450492169
 
380 517.4992450492169
 
381 502.10429196668537
 
382 505.9264760880742
 
383 512.3675940217064
 
384 516.8665008211286
 
385 526.4970586480614
 
386 507.23594299419597
 
387 511.0581271155848
 
388 511.05812711558474
 
389 516.8665008211286
 
390 507.2359429941958
 
391 512.3675940217065
 
392 521.998151848639
 
393 512.3675940217063
 
394 516.1897781430953
 
395 531.6287096755718
 
396 517.4992450492169
 
397 507.23594299419585
 
398 511.0581271155846
 
399 512.3675940217064
 
400 516.1897781430953
 
401 512.3675940217064
 
402 521.998151848639
 
403 512.3675940217064
 
404 502.1042919666854
 
405 512.3675940217064
 
406 500.13265341758154
 
407 505.92647608807425
 
408 527.1298028761496
 
409 521.9981518486392
 
410 507.23594299419585
 
411 525.8203359700279
 
412 512.3675940217064
 
413 521.998151848639
 
414 521.9981518486392
 
415 527.1298028761496
 
416 517.1370401542102
 
417 520.6886849425175
 
418 526.4970586480614
 
419 516.8665008211286
 
420 516.383950603831
 
421 516.8665008211286
 
422 512.5617664824421
 
423 527.1298028761496
 
424 536.7603607030824
 
425 517.4992450492168
 
426 507.23594299419585
 
427 521.998151848639
 
428 507.23594299419585
 
429 505.9264760880742
 
430 507.43011545493164
 
431 498.55264717837815
 
432 507.4301154549315
 
433 526.0145084307636
 
434 515.557033915007
 
435 511.05812711558474
 
436 502.1042919666854
 
437 512.3675940217064
 
438 507.23594299419585
 
439 521.998151848639
 
440 516.8665008211286
 
441 527.1298028761496
 
442 512.3675940217064
 
443 507.23594299419597
 
444 521.998151848639
 
445 525.8203359700279
 
446 517.4992450492169
 
447 512.3675940217064
 
448 507.23594299419597
 
449 485.0082396681316
 
450 512.5617664824421
 
451 507.23594299419597
 
452 512.3675940217064
 
453 516.1897781430953
 
454 527.1298028761496
 
455 512.3675940217064
 
456 517.4992450492169
 
457 512.5617664824421
 
458 507.4301154549315
 
459 509.01012169413485
 
460 522.3864967701105
 
461 511.734849793618
 
462 530.3192427694502
 
463 525.820335970028
 
464 517.4992450492169
 
465 512.5617664824421
 
466 516.1897781430953
 
467 511.05812711558485
 
468 507.23594299419585
 
469 516.1897781430953
 
470 511.0581271155848
 
471 507.23594299419585
 
472 502.1042919666854
 
473 507.23594299419585
 
474 512.3675940217064
 
475 512.3675940217063
 
476 512.3675940217064
 
477 531.6287096755718
 
478 516.8665008211286
 
479 521.998151848639
 
480 516.8665008211286
 
481 516.8665008211287
 
482 507.23594299419597
 
483 511.73484979361814
 
484 502.10429196668537
 
485 512.3675940217063
 
486 507.23594299419585
 
487 512.3675940217064
 
488 495.948264401186
 
489 482.7660617859461
 
490 512.3675940217064
 
491 517.4992450492169
 
492 508.0915394433859
 
493 516.8665008211286
 
494 507.23594299419597
 
495 505.92647608807425
 
496 507.23594299419597
 
497 521.9981518486392
 
498 512.3675940217064
 
499 507.23594299419585
 
500 490.8166133736755
 
501 531.6287096755718
 
502 531.6287096755718
 
503 527.1298028761497
 
504 512.3675940217064
 
505 516.8665008211286
 
506 507.23594299419597
 
507 507.23594299419585
 
508 527.1298028761496
 
509 517.4992450492169
 
510 517.4992450492169
 
511 524.1827087057134
 
512 517.8875899706883
 
513 490.8166133736755
 
514 483.71332379706115
 
515 493.34388162399387
 
516 464.2841757089246
 
517 512.5617664824421
 
518 501.0799154286965
 
519 521.998151848639
 
520 511.7348497936182
 
521 522.1923243093747
 
522 516.1897781430953
 
523 531.6287096755718
 
524 516.8665008211287
 
525 522.1923243093747
 
526 516.1897781430953
 
527 516.8665008211286
 
528 521.998151848639
 
529 512.3675940217065
 
530 507.23594299419597
 
531 522.1923243093748
 
532 516.8665008211286
 
533 512.3675940217064
 
534 517.4992450492168
 
535 521.9981518486392
 
536 516.8665008211286
 
537 520.6886849425175
 
538 512.3675940217064
 
539 517.4992450492169
 
540 507.4301154549315
 
541 512.5617664824421
 
542 507.23594299419585
 
543 511.0581271155848
 
544 512.3675940217064
 
545 512.3675940217065
 
546 512.3675940217064
 
547 521.9981518486392
 
548 516.8665008211286
 
549 512.3675940217064
 
550 507.23594299419585
 
551 527.1298028761496
 
552 507.23594299419597
 
553 512.3675940217065
 
554 512.3675940217064
 
555 511.0581271155848
 
556 521.9981518486392
 
557 512.3675940217064
 
558 511.25229957632035
 
559 524.1827087057134
 
560 536.7603607030824
 
561 521.998151848639
 
562 537.6354506540349
 
563 502.10429196668525
 
564 507.23594299419585
 
565 521.998151848639
 
566 527.1298028761496
 
567 512.3675940217064
 
568 521.9981518486392
 
569 517.4992450492169
 
570 527.1298028761496
 
571 508.18320500531087
 
572 517.4992450492169
 
573 517.4992450492169
 
574 512.3675940217064
 
575 507.23594299419585
 
576 507.2359429941958
 
577 512.3675940217064
 
578 527.3239753368854
 
579 500.32682587831715
 
580 512.561766482442
 
581 517.4992450492169
 
582 507.2359429941958
 
583 512.3675940217064
 
584 521.9981518486392
 
585 521.9981518486392
 
586 527.1298028761496
 
587 512.3675940217063
 
588 507.23594299419597
 
589 516.1897781430953
 
590 516.8665008211286
 
591 507.23594299419585
 
592 527.1298028761496
 
593 500.13265341758154
 
594 527.1298028761496
 
595 521.9981518486392
 
596 517.4992450492169
 
597 512.3675940217064
 
598 512.3675940217064
 
599 512.3675940217065
 
600 521.9981518486392
 
601 515.557033915007
 
602 518.446507060332
 
603 513.8999131489297
 
604 533.8132665326461
 
605 517.6934175099525
 
606 517.6934175099526
 
607 516.8665008211287
 
608 527.1298028761496
 
609 512.3675940217065
 
610 514.4562905046721
 
611 517.0606732818642
 
612 517.6934175099526
 
613 517.4992450492169
 
614 517.4992450492169
 
615 521.998151848639
 
616 516.8665008211286
 
617 516.1897781430953
 
618 517.4992450492169
 
619 507.4301154549315
 
620 512.3675940217065
 
621 504.6315602170037
 
622 512.3675940217065
 
623 500.4471712006082
 
624 516.8665008211286
 
625 517.4992450492169
 
626 517.4992450492169
 
627 511.73484979361814
 
628 531.6287096755718
 
629 517.6934175099526
 
630 512.3675940217064
 
631 516.8665008211286
 
632 522.1923243093747
 
633 517.0606732818643
 
634 524.1827087057133
 
635 512.3675940217064
 
636 516.1897781430953
 
637 511.0581271155848
 
638 505.9264760880742
 
639 495.001002390071
 
640 496.895526412301
 
641 512.3675940217064
 
642 507.23594299419585
 
643 507.23594299419597
 
644 502.1042919666854
 
645 500.4471712006082
 
646 516.8665008211286
 
647 536.1276164749942
 
648 521.9981518486392
 
649 525.8203359700279
 
