   8.5247743e-01   3.2397606e-04   3.2302652e-03   3.3852014e-04   2.2439027e-04   4.8952149e-04   2.9797138e-04   1.9393501e-03   8.2448218e-04   6.6472461e-04   2.9452451e-05   6.4657807e-03   0.0000000e+00   5.3282898e-04   4.3583188e-03   0.0000000e+00   4.9814648e-04   4.7089047e-06   3.0843999e-03   1.9925180e-03   3.5697005e-04   4.4831062e-03   7.8873885e-04   0.0000000e+00   0.0000000e+00   1.5600748e-04   3.8932953e-03   3.6361261e-04   0.0000000e+00   6.8556902e-04   8.5247743e-01  -7.6716030e-01   1.0000000e+00             Inf
   0.0000000e+00   2.6483791e-04   4.6424423e-04   0.0000000e+00   4.7160137e-05   2.2676610e-04   2.9683997e-04   0.0000000e+00   3.6129454e-04   7.9458476e-04   1.0363136e-05   7.6015289e-04   4.9778715e-04   6.3352246e-04   0.0000000e+00   0.0000000e+00   1.8975041e-04   4.1982075e-05   0.0000000e+00   0.0000000e+00   5.2860745e-04   0.0000000e+00   0.0000000e+00   3.0423377e-04   2.4808407e-04   0.0000000e+00   0.0000000e+00   0.0000000e+00   0.0000000e+00   4.3551251e-04   0.0000000e+00   1.0018949e+00   1.0000000e+00             Inf
   6.5197527e-01   1.8325912e-04   3.6689622e-03   1.0114162e-04   2.1989142e-05   3.1719196e-03   7.9347334e-04   0.0000000e+00   5.9880660e-04   0.0000000e+00   6.7060582e-05   0.0000000e+00   6.5181346e-05   2.0247385e-04   5.7756663e-04   5.9600048e-03   1.1971134e-04   3.3553139e-05   3.7813708e-03   3.2808818e-05   1.9848876e-04   1.5215911e-03   6.5889930e-04   1.5267502e-04   3.6034597e-04   7.1174799e-04   9.2031711e-04   1.0219440e-03   0.0000000e+00   0.0000000e+00   6.5197527e-01  -4.5355175e-01   1.0000000e+00   2.1175263e-01
   6.1902434e-01   9.8208086e-05   3.2437205e-03   4.4183726e-04   9.5007169e-04   3.0384934e-05   0.0000000e+00   2.4414379e-03   1.0083263e-03   1.7444360e-03   5.2989668e-07   4.3127274e-03   1.0919526e-03   4.2946426e-05   3.5702932e-03   2.6909792e-03   2.7739116e-04   1.2105396e-05   4.4138968e-03   2.8850026e-03   4.3229760e-04   6.8341960e-03   0.0000000e+00   7.3119286e-04   2.1654099e-04   2.7324449e-03   1.7777884e-03   0.0000000e+00   4.4367936e-03   4.4167870e-04   6.1902434e-01  -1.2627345e-01   1.0000000e+00   2.0892383e-01
   8.2344041e-01   2.1546324e-04   2.1577754e-03   5.9527914e-04   2.1231531e-05   3.5199837e-04   1.3388197e-04   1.7904878e-03   0.0000000e+00   8.7434520e-04   3.2359662e-05   6.6540132e-03   2.3283455e-05   5.8754404e-04   5.7606824e-03   0.0000000e+00   1.3766627e-03   3.0685203e-06   3.7251795e-03   2.0833563e-03   4.4995924e-04   3.8020071e-03   1.4991779e-05   3.6290178e-04   0.0000000e+00   3.1321489e-04   2.5689346e-03   1.6006189e-04   2.2521322e-03   5.6854148e-04   8.2344041e-01  -4.5421363e-01   1.0000000e+00   2.0293313e-01
   4.5448710e-01   1.7904461e-04   0.0000000e+00   0.0000000e+00   0.0000000e+00   4.3250264e-04   1.7903328e-04   7.7225504e-04   5.1268685e-04   1.2709476e-03   3.9834895e-06   0.0000000e+00   8.1828061e-04   3.5183019e-04   1.2175000e-03   0.0000000e+00   5.7234399e-04   3.3948250e-05   7.1513731e-04   9.6823078e-04   1.8886318e-04   7.2110608e-05   0.0000000e+00   2.5401259e-04   6.6987295e-05   0.0000000e+00   2.4512608e-04   6.9359301e-05   0.0000000e+00   1.8610433e-04   4.5448710e-01  -1.2226051e-01   1.0000000e+00   2.0156625e-01
   4.0959518e-01   1.6577162e-04   3.6820931e-03   0.0000000e+00   2.2321110e-04   3.5876840e-03   1.1046608e-03   1.9313711e-04   3.9629710e-06   1.2372570e-03   2.8191705e-05   1.6651173e-05   5.7525839e-08   6.3460349e-04   0.0000000e+00   7.1224286e-03   6.0991661e-05   2.7025740e-05   2.1226598e-03   3.7182227e-06   2.1595501e-04   6.3927937e-04   4.2049257e-07   4.2236225e-05   3.1008928e-04   1.0621404e-03   1.8562344e-03   3.3440372e-04   1.0301511e-03   0.0000000e+00   4.0959518e-01   2.4382591e-01   1.0000000e+00   1.8834800e-01
   2.5793134e-01   2.4730888e-04   4.4988487e-04   1.5511903e-04   6.9339013e-05   0.0000000e+00   1.4462211e-04   1.1315202e-03   5.1708091e-04   1.4412782e-03   4.6631550e-06   0.0000000e+00   2.3740165e-04   4.3458263e-04   1.3820137e-03   1.2403179e-03   0.0000000e+00   3.0500607e-05   0.0000000e+00   8.8346193e-04   2.6556643e-04   0.0000000e+00   0.0000000e+00   3.3864666e-04   1.8745990e-04   1.8556317e-04   0.0000000e+00   1.1297431e-04   2.1818081e-04   2.7659995e-04   2.5793134e-01   2.4447020e-01   1.0000000e+00   1.8155741e-01
   1.8284084e-01   3.0346797e-04   1.6405122e-03   1.4254806e-04   9.1743091e-05   0.0000000e+00   0.0000000e+00   1.0414105e-03   4.8825452e-04   1.4332152e-03   0.0000000e+00   9.8156214e-05   1.9068429e-04   4.3381239e-04   9.6779030e-04   6.3768432e-04   4.2116782e-06   3.6973951e-05   7.7427569e-05   7.4827580e-04   2.4212455e-04   2.9471693e-05   1.1202702e-05   3.4410185e-04   1.7465951e-04   3.0677433e-04   4.0166694e-04   1.2180453e-04   3.5107549e-04   2.4270429e-04   1.8284084e-01   6.6883796e-01   1.0000000e+00   1.3699366e-01
   8.3144101e-02   2.6369966e-04   0.0000000e+00   1.1453630e-05   5.4317846e-05   1.3811765e-03   1.3248116e-04   4.6762721e-04   6.0395064e-04   1.8075441e-04   7.1652818e-06   6.5711700e-04   4.7968748e-04   3.7290915e-04   1.9642808e-04   0.0000000e+00   4.2876355e-05   3.7203834e-05   3.5885950e-04   0.0000000e+00   4.3005380e-04   9.4626417e-04   1.1529640e-06   1.2011036e-04   5.4081669e-05   9.5005631e-05   0.0000000e+00   4.0393125e-05   3.3356792e-04   6.1349581e-04   8.3144101e-02   6.7174708e-01   1.0000000e+00   1.1971560e-01
   2.4441660e-02   1.7615980e-04   1.2330793e-04   3.2543892e-04   0.0000000e+00   1.3535567e-03   3.3356649e-04   1.3361379e-03   4.0569622e-04   1.7685059e-03   0.0000000e+00   2.3146923e-04   1.1619765e-04   3.9822239e-04   2.3630622e-03   0.0000000e+00   1.2432994e-04   5.2073412e-05   0.0000000e+00   1.3137686e-03   1.1331050e-04   2.6895529e-03   1.2751534e-03   3.6817607e-04   1.2857597e-04   4.1121005e-04   3.2882431e-04   1.9495254e-04   3.4614640e-05   8.2229195e-04   2.4441660e-02   8.3148802e-01   1.0000000e+00   4.9036716e-02
   1.3988814e-02   1.8507200e-04   4.9636878e-04   1.2468170e-06   6.9148825e-05   2.9008431e-04   2.2809801e-04   4.0200529e-04   4.1815569e-04   8.7442309e-04   8.3732212e-06   3.6366725e-04   5.8182151e-04   4.2836200e-04   1.1823351e-04   0.0000000e+00   0.0000000e+00   2.2575066e-05   0.0000000e+00   3.1091817e-04   5.2552415e-04   6.1363350e-04   0.0000000e+00   3.5124878e-04   1.8218829e-04   2.6977108e-05   3.1826714e-04   8.5045121e-06   9.2449599e-05   4.5765755e-04   1.3988814e-02   8.7792751e-01   1.0000000e+00   4.5668749e-02
   8.3797752e-01   6.0287019e-04   3.4849749e-03   1.1422739e-03   1.8148531e-03   8.1019684e-03   7.0830397e-04   1.4770205e-03   3.9475613e-03   4.1463834e-05   8.8933272e-07   4.4897493e-04   5.7975345e-03   4.0211105e-04   1.0868556e-03   1.2777439e-02   4.4231568e-03   0.0000000e+00   2.2428166e-03   1.8251130e-03   5.1375380e-04   1.4368410e-03   5.7735944e-03   1.2822528e-03   2.3158022e-04   2.6199024e-03   1.3196708e-02   1.0209883e-03   8.1882406e-03   1.6784194e-03   8.3797752e-01  -6.7972513e-01   1.0000000e+00   4.5182741e-02
   8.4215309e-01   3.3312322e-04   3.2041454e-03   3.7275445e-04   2.2670806e-04   5.4360693e-04   3.0789829e-04   1.2578197e-03   8.0012203e-04   6.9920382e-04   2.7332507e-05   6.4158727e-03   1.6620489e-05   5.8501519e-04   4.5905373e-03   1.1998300e-03   6.6140203e-04   4.8642254e-06   3.0154190e-03   1.9173659e-03   3.5767034e-04   4.6641106e-03   6.5553364e-04   3.7054894e-06   3.0051837e-05   4.3716428e-05   3.9139593e-03   3.7767406e-04   1.0331418e-04   6.4539261e-04   8.4215309e-01  -7.2815741e-01   1.0000000e+00   4.3862429e-02
   6.2991992e-01   2.1022468e-04   4.8628704e-03   4.9926281e-04   4.6795322e-04   7.1268035e-05   3.5219535e-04   1.9858934e-03   5.4661971e-05   4.8079595e-04   1.7002793e-06   5.2149809e-03   0.0000000e+00   2.1448816e-04   1.1445228e-03   3.8265394e-03   9.5878469e-04   0.0000000e+00   3.0733377e-03   1.4554089e-03   5.1790475e-04   5.2428040e-03   2.6185907e-03   1.5896703e-05   2.1371018e-04   1.8138654e-03   2.7777633e-03   2.7856857e-04   3.2869379e-03   0.0000000e+00   6.2991992e-01  -2.9454662e-01   1.0000000e+00   3.3010285e-02
   4.1537843e-01   1.6240739e-04   3.1785843e-03   3.8912440e-06   1.1418490e-04   3.3108908e-03   7.5673194e-04   9.3015627e-05   2.8498586e-05   9.9823585e-04   4.1350011e-05   6.9153544e-04   1.2166044e-04   3.3502882e-04   3.2963575e-04   7.0727642e-03   5.2920379e-05   3.0929096e-05   1.3882160e-03   1.5465155e-04   4.8171010e-05   5.0463867e-05   3.9978827e-04   7.6202878e-05   3.8752969e-04   8.9637835e-04   8.9471451e-04   3.5947498e-04   3.3681062e-04   0.0000000e+00   4.1537843e-01   1.6723437e-01   1.0000000e+00   3.2222366e-02
   7.3717562e-02   2.1413664e-04   0.0000000e+00   3.8281788e-04   0.0000000e+00   7.0845454e-04   0.0000000e+00   0.0000000e+00   4.4281296e-04   9.7063877e-04   0.0000000e+00   1.4624310e-03   3.8232739e-04   3.0342608e-04   1.9352943e-03   0.0000000e+00   0.0000000e+00   8.5075279e-05   2.1836310e-04   7.9181762e-04   5.0113209e-04   2.0864004e-05   6.7361623e-05   3.9958521e-04   2.1027229e-04   1.4786008e-04   5.2647982e-04   1.1047175e-04   1.5203245e-05   4.8296754e-04   7.3717562e-02   6.7709114e-01   1.0000000e+00   3.1349121e-02
   4.1295017e-01   1.4892136e-04   3.0853226e-03   2.0970620e-04   7.4873869e-04   3.6456491e-04   5.2854141e-05   1.2399984e-03   1.1372519e-03   8.3409328e-04   7.8744885e-06   9.4639707e-03   0.0000000e+00   7.7350560e-04   0.0000000e+00   3.7866569e-03   9.6872035e-04   9.8402677e-06   1.1159513e-03   1.7007952e-03   1.0584969e-03   1.1211113e-02   3.7632126e-03   1.4150089e-04   1.5798571e-04   4.1992522e-04   3.1463976e-03   6.5408718e-04   4.1450190e-03   0.0000000e+00   4.1295017e-01   2.0460307e-01   1.0000000e+00   3.1237882e-02
   8.2782650e-01   2.5980322e-04   3.6005135e-03   1.4873310e-03   8.1427214e-04   3.8722753e-03   7.3190157e-04   9.9864071e-04   4.8390297e-04   5.2973661e-05   1.3461404e-07   4.4102751e-04   6.0202060e-03   4.6962980e-04   5.1943919e-04   1.1563414e-02   3.6720341e-03   2.9719485e-05   2.4983706e-03   1.8522565e-03   7.0894279e-04   2.2711674e-03   1.5700992e-02   1.0622482e-03   7.4869488e-04   2.4969926e-03   1.5096340e-02   1.0617475e-03   0.0000000e+00   2.9723997e-03   8.2782650e-01  -5.3095900e-01   1.0000000e+00   3.1094397e-02
   6.2645454e-01   1.3305928e-04   3.5799573e-03   6.3449034e-04   4.5600665e-05   2.3268381e-04   1.2626527e-04   1.6325614e-03   0.0000000e+00   4.8363085e-04   0.0000000e+00   4.1185439e-03   7.1772247e-05   5.0598699e-04   2.2240258e-03   3.4488709e-03   1.0306305e-03   6.5101768e-07   4.4990527e-03   1.6863780e-03   3.6356858e-04   1.4856438e-04   2.0202963e-03   0.0000000e+00   1.5763521e-04   5.1243655e-04   3.6163439e-03   2.0673528e-04   5.0684835e-03   3.1959003e-07   6.2645454e-01  -2.4736500e-01   1.0000000e+00   3.0956968e-02
   6.2398690e-01   1.0842119e-04   3.0066937e-03   8.7370030e-05   1.0045489e-04   5.3084409e-04   7.6207202e-05   1.6401679e-03   1.3016245e-03   9.0724169e-04   3.3039286e-06   5.3057636e-03   0.0000000e+00   9.6072603e-04   1.7881736e-03   3.1783966e-03   6.6179750e-04   4.5829579e-06   0.0000000e+00   1.1628560e-03   7.8591150e-04   5.3084467e-03   1.3039749e-03   1.0799519e-04   3.5191432e-05   5.4203490e-04   2.1463639e-03   2.6301636e-04   5.8759635e-03   0.0000000e+00   6.2398690e-01  -2.0989271e-01   1.0000000e+00   2.9746267e-02
   8.3578114e-01   1.9005142e-04   2.8202523e-03   7.7016672e-04   5.1194038e-04   3.5870421e-04   1.8510212e-04   2.2483481e-03   3.5284967e-05   1.7684591e-04   3.3138868e-06   4.9788497e-03   0.0000000e+00   2.8930897e-04   1.3977470e-03   5.1434216e-03   8.6446187e-04   0.0000000e+00   4.6802469e-03   2.1497190e-03   5.0947608e-04   2.6752839e-03   1.8376855e-03   1.1499439e-04   1.7228101e-04   6.2440349e-04   2.4786054e-03   1.1014102e-04   3.3285143e-03   2.6894404e-05   8.3578114e-01  -6.6144969e-01   1.0000000e+00   2.8442967e-02
   6.3263293e-01   1.7718074e-04   3.2045292e-03   1.3993107e-03   5.1965265e-04   1.1040006e-03   1.4662436e-05   1.8844661e-03   3.9220533e-05   3.7548519e-04   1.2916979e-05   4.4067955e-03   4.6568774e-09   8.3004111e-05   1.1907050e-03   3.7507489e-03   5.4267514e-04   5.2506904e-06   3.8104070e-03   1.1732516e-03   4.9314837e-04   0.0000000e+00   1.9785924e-03   1.8848079e-05   1.7858693e-04   4.5667961e-04   2.7175629e-03   1.7395919e-04   3.0025815e-03   1.1828264e-05   6.3263293e-01  -3.3003874e-01   1.0000000e+00   2.8271735e-02
   6.2367013e-02   1.6704446e-04   8.0279683e-04   3.2205091e-04   0.0000000e+00   1.3505028e-05   0.0000000e+00   1.1530515e-04   5.8283750e-04   9.6522965e-04   5.8257764e-06   1.5357265e-03   6.0952023e-04   3.0881261e-04   1.9005774e-03   0.0000000e+00   0.0000000e+00   5.5768699e-05   7.1024124e-07   9.7325994e-04   4.8954871e-04   0.0000000e+00   1.3330325e-06   3.9570103e-04   1.4452359e-04   0.0000000e+00   0.0000000e+00   1.2837931e-04   0.0000000e+00   4.1930926e-04   6.2367013e-02   6.9524662e-01   1.0000000e+00   2.6967846e-02
   4.1823409e-01   2.1019201e-04   4.3417240e-03   0.0000000e+00   2.2380741e-04   5.4719414e-03   1.1028538e-03   2.8040833e-04   4.7856678e-06   1.0861798e-03   3.0345392e-05   1.6231039e-05   0.0000000e+00   6.3367445e-04   3.4108135e-04   6.1660505e-03   2.1932740e-05   2.7259448e-05   2.0473507e-03   2.0825882e-04   2.0919594e-04   3.4119151e-04   9.9198536e-05   2.7017885e-05   2.9635932e-04   9.6607114e-04   1.7322625e-03   3.2425714e-04   1.0306626e-03   0.0000000e+00   4.1823409e-01   1.3232387e-01   1.0000000e+00   2.5113136e-02
   2.3390075e-01   3.4633789e-04   6.9534759e-06   4.5118209e-05   3.9117102e-05   2.0696979e-05   0.0000000e+00   2.0251115e-03   2.3831030e-05   8.6532315e-04   1.9055656e-05   8.6470416e-05   9.5909065e-04   3.9786565e-04   0.0000000e+00   2.9329206e-03   3.8409768e-04   3.1047954e-06   5.0460159e-04   4.9729420e-04   5.3935562e-06   5.2523258e-03   2.6818902e-05   1.5438780e-03   4.0666926e-04   3.6998717e-05   1.9434918e-03   7.6709164e-05   1.6702864e-04   0.0000000e+00   2.3390075e-01   3.1613311e-01   1.0000000e+00   2.5056564e-02
   8.2355183e-01   2.2326971e-04   2.1974835e-03   6.6619404e-04   0.0000000e+00   3.5448091e-04   1.3572715e-04   1.7947384e-03   0.0000000e+00   8.6738376e-04   3.3389837e-05   6.6431101e-03   0.0000000e+00   5.8670562e-04   5.7565425e-03   0.0000000e+00   1.4276072e-03   3.1132032e-06   4.0713908e-03   2.0838329e-03   4.4753097e-04   3.7517015e-03   0.0000000e+00   2.2334714e-04   0.0000000e+00   3.1135524e-04   2.6486519e-03   1.6242384e-04   1.8005607e-03   6.0338249e-04   8.2355183e-01  -4.5649718e-01   1.0000000e+00   2.4697601e-02
   6.2235459e-01   9.2884393e-05   3.2455501e-03   4.2834676e-04   9.3862166e-04   7.7211111e-05   8.1972679e-06   2.5343565e-03   9.8537120e-04   1.5442851e-03   5.4622920e-07   4.1480446e-03   8.1511654e-04   0.0000000e+00   4.8403773e-03   2.6635328e-03   3.4567881e-04   1.5137677e-05   4.1907105e-03   3.0324865e-03   4.3120733e-04   6.0458960e-03   1.2922897e-04   7.0697666e-04   2.1630229e-04   3.1830647e-03   1.7573862e-03   0.0000000e+00   4.4027606e-03   3.4531669e-04   6.2235459e-01  -1.8203833e-01   1.0000000e+00   2.4654225e-02
   8.2543282e-01   2.8581099e-04   2.8852967e-03   2.9583337e-04   2.2770474e-04   7.4892472e-04   2.1201473e-04   1.8364740e-03   7.6633168e-04   6.8695474e-04   3.0866564e-05   7.4114744e-03   1.0579927e-04   5.0876987e-04   3.8351602e-03   3.7008348e-04   6.5138135e-04   3.5520255e-06   2.9756692e-03   1.8322352e-03   3.6481442e-04   4.8318249e-03   1.9874421e-03   0.0000000e+00   1.0927050e-04   3.3624742e-04   2.9442191e-03   2.8976346e-04   0.0000000e+00   6.5931844e-04   8.2543282e-01  -4.9377042e-01   1.0000000e+00   2.4556421e-02
   1.8909663e-01   3.0803431e-04   8.8424748e-06   1.0771523e-04   5.0825515e-05   2.5960822e-04   1.8400298e-04   1.4891308e-03   2.5918723e-04   1.1024857e-03   2.9063318e-06   1.1050735e-03   6.4748946e-04   3.5327424e-04   6.5737032e-04   9.7022547e-04   3.0720589e-04   2.0835617e-05   1.0189280e-03   9.6867713e-04   2.4317931e-04   4.7372836e-03   3.5641595e-05   5.5509472e-04   2.7489104e-04   0.0000000e+00   2.4932129e-05   5.7983842e-05   0.0000000e+00   3.2114473e-04   1.8909663e-01   6.3256611e-01   1.0000000e+00   2.3984547e-02
   5.7363708e-03   2.3079042e-04   3.3824153e-04   1.3641446e-04   4.6128110e-05   1.1216623e-04   2.7242481e-04   1.0109194e-03   4.4335131e-04   2.0890515e-03   0.0000000e+00   0.0000000e+00   3.8710146e-04   4.4277022e-04   1.0303338e-03   1.7707258e-03   0.0000000e+00   4.3045823e-05   2.0267612e-04   8.4282931e-04   2.5107744e-04   0.0000000e+00   1.4754584e-07   4.7114834e-04   1.9453766e-04   2.8050848e-04   0.0000000e+00   0.0000000e+00   2.6026860e-04   3.2620165e-04   5.7363708e-03   9.2657221e-01   1.0000000e+00   2.3820252e-02
   4.3011257e-01   2.4718103e-04   5.7088093e-04   1.0409437e-04   8.2908631e-05   0.0000000e+00   3.5258821e-04   1.2371935e-03   4.2601095e-04   1.3734385e-03   5.2888307e-06   3.2569216e-04   0.0000000e+00   4.4395250e-04   1.5108358e-03   7.6151936e-04   5.1878599e-05   3.8473225e-05   1.0947768e-05   7.5076439e-04   2.5554021e-04   2.3934270e-04   0.0000000e+00   2.9447753e-04   2.0078562e-04   3.9398397e-04   0.0000000e+00   0.0000000e+00   1.1531097e-04   2.5817896e-04   4.3011257e-01  -2.5926668e-03   1.0000000e+00   2.3552732e-02
   6.3738424e-01   1.3314928e-04   2.8426902e-03   1.4024209e-04   6.8599965e-05   8.4337598e-04   1.2039036e-04   1.6224733e-03   9.5773926e-04   7.6329370e-04   6.7841913e-06   3.7825413e-03   9.8897498e-06   7.6914436e-04   1.3636152e-03   2.2380450e-03   2.2627082e-05   0.0000000e+00   2.9509013e-04   1.4527882e-03   1.0892749e-03   4.0373407e-03   5.5362795e-03   8.8054223e-05   0.0000000e+00   6.2540138e-04   1.7360878e-03   1.5586447e-04   6.7009779e-03   1.3527269e-05   6.3738424e-01  -3.7934895e-01   1.0000000e+00   2.3529481e-02
   2.2591410e-01   3.0164535e-04   4.9574148e-04   9.4381741e-05   8.5994314e-05   3.3990855e-04   1.3977567e-04   3.8009274e-04   1.1260685e-04   1.0337305e-03   9.2630614e-06   5.3729026e-04   1.2120307e-03   3.2270967e-04   2.8760907e-03   0.0000000e+00   0.0000000e+00   4.5961422e-05   3.8746934e-04   1.0269243e-03   3.0282110e-04   1.2247051e-03   0.0000000e+00   4.1520021e-04   8.2039661e-05   5.0928881e-04   0.0000000e+00   0.0000000e+00   1.1296428e-04   6.0976728e-04   2.2591410e-01   3.6342522e-01   1.0000000e+00   2.3523811e-02
   6.2023428e-01   1.0509678e-04   3.2209144e-03   4.0275603e-04   1.2092906e-03   0.0000000e+00   8.1017677e-05   2.8766438e-03   1.1065160e-03   1.5688428e-03   1.2653436e-05   3.4955729e-03   7.7173436e-04   0.0000000e+00   4.1309154e-03   0.0000000e+00   3.2570962e-04   1.5341591e-05   3.5237566e-03   2.7262396e-03   4.6025172e-04   6.1551202e-03   2.3343010e-04   7.8756892e-04   2.1033307e-04   2.4540887e-03   1.7062080e-03   0.0000000e+00   3.9166121e-03   3.8713344e-04   6.2023428e-01  -1.4790090e-01   1.0000000e+00   2.2765359e-02
   4.7911723e-02   2.5549699e-04   0.0000000e+00   1.4753368e-04   7.7173436e-05   1.4395693e-04   0.0000000e+00   1.4911513e-03   2.5732521e-04   1.2746241e-03   1.3121090e-05   5.1331678e-04   1.2102662e-03   4.5772751e-04   1.8965868e-03   9.6100860e-06   0.0000000e+00   3.9159842e-05   0.0000000e+00   9.5378534e-04   2.2707121e-04   2.9856358e-03   0.0000000e+00   3.8248125e-04   1.0057558e-04   1.8403839e-04   3.7545473e-04   1.8265033e-04   1.9375058e-05   4.1051810e-04   4.7911723e-02   7.3706552e-01   1.0000000e+00   2.2720007e-02
   8.4681388e-01   5.6406133e-04   3.0584407e-03   7.6201621e-04   1.5897416e-03   3.6942267e-03   1.0086976e-03   0.0000000e+00   2.5408870e-04   3.3884521e-04   7.3068109e-06   0.0000000e+00   6.7446995e-03   0.0000000e+00   2.9781895e-05   8.1484844e-03   3.4474097e-03   8.8238596e-06   3.1420013e-03   1.6878630e-03   7.0579320e-04   2.2055352e-04   7.0331782e-03   1.1323737e-03   5.0429098e-04   9.3565844e-03   1.0571672e-02   6.4706460e-04   8.9699839e-03   1.3755157e-03   8.4681388e-01  -7.5017166e-01   1.0000000e+00   2.2571490e-02
   8.2598723e-01   3.9151858e-05   2.6799879e-03   0.0000000e+00   0.0000000e+00   4.1253396e-04   2.7672368e-04   2.0746369e-03   7.9462325e-04   6.1741504e-04   3.0780332e-05   7.7117124e-03   0.0000000e+00   5.5935137e-04   3.8341239e-03   0.0000000e+00   1.7029864e-03   3.5309286e-06   3.5508080e-03   1.8336015e-03   3.9370422e-04   4.0008833e-03   2.0280744e-03   9.0433459e-05   8.7107959e-05   6.2778419e-05   2.0107980e-03   2.8081272e-04   4.1368142e-04   5.7173479e-04   8.2598723e-01  -5.0461011e-01   1.0000000e+00   2.2549275e-02
   6.4540922e-01   8.7937852e-05   3.2514796e-03   3.0810382e-04   8.6410295e-04   7.9360414e-05   1.8096921e-04   2.4241139e-03   8.1529477e-04   1.7435223e-03   0.0000000e+00   6.2045500e-03   1.1490593e-03   1.1475648e-04   2.5019988e-03   1.1213439e-03   2.5559541e-04   1.3754134e-05   4.1310104e-03   6.5808535e-03   4.4116072e-04   1.1763703e-02   0.0000000e+00   7.3805814e-04   1.9557242e-04   2.9418011e-03   1.7527546e-03   0.0000000e+00   6.7651831e-03   4.4319514e-04   6.4540922e-01  -4.3149142e-01   1.0000000e+00   2.2003263e-02
   6.2114403e-01   2.0750927e-04   3.3557981e-03   3.2685102e-04   3.2725928e-04   8.9161735e-04   2.6891551e-04   4.5383713e-04   1.6450790e-04   7.1573640e-04   4.8747989e-05   8.3183454e-03   3.1950982e-05   7.0012510e-04   9.6396808e-03   1.7595198e-03   0.0000000e+00   7.8949029e-07   3.5157802e-03   2.6902601e-03   5.7792999e-04   5.2439870e-03   1.4074362e-03   2.3297324e-05   4.8920183e-05   2.7749745e-04   2.6089565e-03   2.3050379e-04   2.8317118e-03   5.4584027e-04   6.2114403e-01  -1.6214787e-01   1.0000000e+00   2.1784210e-02
   2.4951339e-01   2.4574175e-04   4.3274232e-04   1.6748270e-04   6.1228443e-05   3.6702657e-05   1.4546487e-04   1.1143552e-03   5.1956799e-04   1.4314794e-03   4.6798055e-06   0.0000000e+00   2.1922306e-04   4.1441265e-04   1.3769194e-03   1.2443896e-03   8.6488929e-05   3.0356754e-05   0.0000000e+00   7.9802650e-04   2.5457321e-04   4.3220564e-06   0.0000000e+00   3.3382665e-04   2.1051582e-04   2.9339111e-04   3.8274899e-05   1.1353265e-04   3.0497979e-04   2.7616588e-04   2.4951339e-01   2.5336856e-01   1.0000000e+00   2.1733040e-02
   4.2017350e-01   2.2607661e-04   4.6375193e-03   4.4442804e-05   1.0138509e-04   1.9529472e-03   1.1828401e-03   0.0000000e+00   6.2898177e-05   1.2617934e-03   4.0059842e-05   3.4367205e-04   2.2473806e-05   2.6917509e-04   0.0000000e+00   7.6287829e-03   1.1107712e-06   2.4526991e-05   1.5087053e-04   0.0000000e+00   9.9417085e-05   0.0000000e+00   8.1423840e-04   2.9644631e-05   4.0669984e-04   6.5150039e-04   1.2392641e-03   5.4838683e-04   0.0000000e+00   4.7928077e-05   4.2017350e-01   1.0754499e-01   1.0000000e+00   2.1613398e-02
   2.4602323e-01   3.1810666e-04   3.1989489e-04   2.4346971e-05   2.2339560e-05   0.0000000e+00   0.0000000e+00   1.9679912e-03   2.8408074e-05   7.8943607e-04   1.9033281e-05   0.0000000e+00   8.5913475e-04   3.8711280e-04   6.0301285e-05   3.7731216e-03   3.2811654e-04   7.8236714e-06   6.3541718e-04   6.0506562e-04   8.9230829e-06   3.9271710e-03   5.0237840e-05   1.3902095e-03   3.8838638e-04   1.6331561e-05   1.5979531e-03   1.4194102e-05   1.2209631e-04   1.7058066e-05   2.4602323e-01   2.6401457e-01   1.0000000e+00   2.1292625e-02
   3.8302701e-02   2.5814634e-04   0.0000000e+00   1.9511672e-04   3.4125749e-05   3.7207423e-04   9.2141418e-05   2.8141570e-04   6.0559681e-04   1.2802251e-03   0.0000000e+00   4.3431609e-04   4.3508487e-04   3.2231982e-04   2.0866480e-03   0.0000000e+00   0.0000000e+00   9.0081710e-05   0.0000000e+00   7.5700760e-04   6.5233240e-04   0.0000000e+00   1.1039058e-04   5.0541390e-04   1.2505805e-04   8.6030492e-05   0.0000000e+00   1.3031280e-04   0.0000000e+00   3.4196561e-04   3.8302701e-02   7.7111862e-01   1.0000000e+00   2.1091562e-02
   1.8725289e-01   3.3613100e-04   0.0000000e+00   0.0000000e+00   4.8598118e-05   0.0000000e+00   1.4919091e-04   1.9259112e-03   0.0000000e+00   9.3938697e-04   2.3838475e-05   3.1141364e-04   8.0025377e-04   3.9932234e-04   0.0000000e+00   5.1231109e-03   3.3666090e-04   3.3249758e-05   6.8993521e-04   5.5290231e-04   8.4217003e-05   4.7027051e-03   2.6512046e-05   1.9190324e-03   4.0310704e-04   1.1930813e-04   2.2397422e-03   6.8144127e-05   0.0000000e+00   2.1816783e-05   1.8725289e-01   6.4544356e-01   1.0000000e+00   2.0408302e-02
   5.7927721e-02   2.1799896e-04   0.0000000e+00   3.1116568e-04   0.0000000e+00   3.6704417e-04   0.0000000e+00   0.0000000e+00   5.3345584e-04   9.6654486e-04   3.1372483e-06   1.5803962e-03   4.6722161e-04   3.0914924e-04   1.8811114e-03   0.0000000e+00   0.0000000e+00   6.1687319e-05   0.0000000e+00   7.9258340e-04   5.2236300e-04   0.0000000e+00   0.0000000e+00   4.2685518e-04   1.4451169e-04   1.9608866e-04   6.7014321e-04   1.2724861e-04   0.0000000e+00   3.9813404e-04   5.7927721e-02   7.0590178e-01   1.0000000e+00   2.0301439e-02
   6.4824044e-01   0.0000000e+00   3.1422706e-03   4.9077732e-04   9.4323594e-04   8.2930061e-04   3.1909658e-04   2.4817475e-03   9.0408992e-04   1.5536455e-03   0.0000000e+00   3.9882774e-03   1.4760951e-03   3.9402479e-05   3.3247149e-03   2.9490500e-03   2.9994889e-04   1.2423898e-05   5.6640935e-03   2.3575279e-03   4.1367342e-04   6.7074816e-03   0.0000000e+00   7.0269071e-04   1.8246832e-04   2.8277633e-03   1.5445864e-03   0.0000000e+00   5.8082875e-03   5.2342523e-04   6.4824044e-01  -4.4318530e-01   1.0000000e+00   2.0172439e-02
   6.3558648e-01   1.3326078e-04   2.8535724e-03   1.6011868e-04   6.5924318e-05   5.5763929e-04   1.1621557e-04   1.9893794e-03   9.6302068e-04   7.8714110e-04   7.2981300e-06   4.9604196e-03   0.0000000e+00   7.6270999e-04   1.2828801e-03   2.4817485e-03   0.0000000e+00   4.9016787e-06   3.0003764e-04   1.2464127e-03   9.3404956e-04   4.8399265e-03   2.3498222e-03   8.4875621e-05   0.0000000e+00   6.4643422e-04   2.0980726e-03   1.5897720e-04   6.7611225e-03   0.0000000e+00   6.3558648e-01  -3.6193504e-01   1.0000000e+00   2.0124492e-02
   4.2650235e-01   1.1809709e-04   3.5354928e-03   4.8364437e-04   1.0785231e-04   5.0241210e-03   8.2243761e-04   9.2789501e-04   1.6697374e-04   1.4852751e-03   2.3015618e-05   7.8536716e-04   0.0000000e+00   4.1829444e-04   9.9773513e-04   1.3146211e-02   3.0174663e-04   7.1464638e-05   0.0000000e+00   1.3671206e-07   2.3392875e-04   8.6902199e-04   2.0472720e-05   2.6296863e-05   4.2431624e-04   1.2792688e-03   2.7297445e-03   6.4713668e-04   1.0735324e-03   4.6436193e-05   4.2650235e-01   3.8938287e-02   1.0000000e+00   1.9367971e-02
   2.2916395e-01   2.9706746e-04   0.0000000e+00   1.0729207e-04   3.9896889e-05   8.4531973e-05   2.2272950e-04   1.6237384e-03   4.0681390e-04   1.3510344e-03   2.6219077e-07   1.2460641e-03   5.2831487e-04   3.9289374e-04   8.1659468e-04   1.1189522e-03   2.0595559e-04   1.7144840e-05   8.4801759e-04   8.6418478e-04   2.3252951e-04   8.4264177e-03   5.1886937e-04   4.3681856e-04   2.6365377e-04   5.8692996e-05   2.0905188e-04   1.0878748e-04   7.7339447e-04   2.9699957e-04   2.2916395e-01   3.4457041e-01   1.0000000e+00   1.9173676e-02
   9.4516955e-03   2.3605939e-04   2.7652845e-04   1.3203393e-04   4.9566799e-05   1.8350956e-04   3.2416196e-04   9.9261816e-04   4.2334898e-04   2.0000266e-03   0.0000000e+00   1.6882851e-05   3.8940310e-04   4.4920658e-04   6.3997517e-04   2.5515407e-03   0.0000000e+00   2.9463971e-05   2.1322577e-04   8.4304563e-04   2.6826208e-04   0.0000000e+00   3.4317708e-06   4.7168349e-04   2.2993864e-04   2.5390719e-04   0.0000000e+00   0.0000000e+00   2.8001742e-04   3.2721620e-04   9.4516955e-03   9.0343545e-01   1.0000000e+00   1.9115347e-02
   4.2842893e-02   2.9982322e-04   1.5704847e-04   6.1916293e-05   1.4373283e-05   1.7596111e-04   1.5415013e-04   0.0000000e+00   0.0000000e+00   1.2447087e-03   6.7007728e-06   4.2406364e-04   3.9896529e-04   3.1581418e-04   1.8715944e-03   1.5674612e-03   1.5869166e-04   4.8922826e-05   2.6324245e-04   7.0301918e-04   2.6038011e-04   9.1820018e-04   9.2981829e-08   3.6890347e-04   1.3906113e-04   2.4537759e-04   2.6208305e-04   8.9329429e-05   1.1764505e-04   1.0893351e-04   4.2842893e-02   7.5413757e-01   1.0000000e+00   1.8960754e-02
   7.8870462e-04   2.3997736e-04   3.4723098e-05   3.6688923e-04   3.5012569e-06   3.6172490e-05   2.4575560e-04   1.1430117e-03   4.9724231e-04   9.1333535e-04   0.0000000e+00   2.6183067e-03   1.8582984e-03   3.9552880e-04   1.7700436e-03   0.0000000e+00   0.0000000e+00   0.0000000e+00   0.0000000e+00   9.6116463e-04   1.0131976e-04   1.1413970e-02   1.3059589e-06   7.6658465e-04   2.2516008e-04   8.1515775e-05   4.7949082e-03   0.0000000e+00   1.6301681e-06   1.3965499e-04   7.8870462e-04   9.8065114e-01   1.0000000e+00   1.8494686e-02
   8.3039849e-01   3.8435171e-04   3.1792246e-03   5.1659499e-04   3.0274916e-04   0.0000000e+00   1.1025107e-04   1.9718691e-03   7.2339905e-04   4.5326268e-04   1.9996815e-05   6.4466280e-03   6.9784272e-04   5.2190901e-04   4.1799177e-03   3.0562544e-04   1.6425207e-05   3.5941886e-06   3.0418097e-03   1.8182503e-03   2.5446066e-04   3.8338821e-03   1.2026680e-03   0.0000000e+00   7.8078993e-05   5.4469748e-04   5.1314397e-03   3.3076687e-04   0.0000000e+00   3.7107385e-04   8.3039849e-01  -5.8295524e-01   1.0000000e+00   1.8434180e-02
   8.2888724e-01   1.4980726e-04   2.5920542e-03   6.8009506e-04   2.3508707e-04   0.0000000e+00   1.0696522e-04   1.7765441e-03   0.0000000e+00   7.5805662e-04   2.3105105e-05   1.0426689e-02   0.0000000e+00   7.1489361e-04   6.9159670e-03   1.5878430e-03   2.5077381e-03   3.6791089e-06   3.6299948e-03   2.0974714e-03   4.3758715e-04   3.9854677e-03   0.0000000e+00   2.5985137e-04   0.0000000e+00   0.0000000e+00   3.4043639e-03   2.4715501e-04   1.3829481e-03   5.6912400e-04   8.2888724e-01  -5.5603416e-01   1.0000000e+00   1.8366664e-02
   1.2508725e-02   2.5284331e-04   9.6736386e-04   0.0000000e+00   1.2986148e-05   0.0000000e+00   0.0000000e+00   3.7203087e-04   7.4362709e-04   1.0055526e-03   6.8191505e-06   2.1554209e-04   4.2859879e-04   8.4037958e-05   1.9834572e-03   5.4931397e-03   0.0000000e+00   6.7541604e-05   1.3892351e-04   5.0872783e-04   4.5902044e-04   1.8408654e-04   4.1221156e-06   3.3286057e-04   2.3760342e-05   0.0000000e+00   0.0000000e+00   3.2645002e-04   0.0000000e+00   5.4463134e-04   1.2508725e-02   8.8751541e-01   1.0000000e+00   1.8062758e-02
   8.4442187e-01   2.8548082e-04   3.1288673e-03   3.0983321e-04   2.3165701e-04   3.9410297e-04   2.2401025e-04   2.0603971e-03   6.8518437e-04   5.8725116e-04   3.0866131e-05   7.0884104e-03   4.3588995e-09   5.8081385e-04   4.4345046e-03   9.6188548e-04   8.3425511e-04   3.6130889e-06   2.8526749e-03   1.8432305e-03   3.5906144e-04   3.9116474e-03   2.3745638e-03   2.9189497e-06   9.0598860e-05   2.0688635e-04   3.9586518e-03   3.4577077e-04   2.5326648e-05   6.3747375e-04   8.4442187e-01  -7.4394693e-01   1.0000000e+00   1.7911416e-02
   8.3443119e-01   7.0323694e-04   3.0963274e-03   9.3215731e-04   1.9226028e-03   8.6595788e-03   7.2859905e-04   1.3231688e-03   4.9542202e-03   1.4754669e-04   5.6870164e-06   0.0000000e+00   5.8086182e-03   2.6060254e-04   3.4326483e-04   8.3304536e-03   3.2920250e-03   0.0000000e+00   2.2131067e-03   1.8312225e-03   5.9158190e-04   1.3246991e-03   6.2543384e-03   1.2833904e-03   1.8477954e-04   2.4325007e-03   1.1309063e-02   7.4199651e-04   7.7983461e-03   2.0182884e-03   8.3443119e-01  -6.3676729e-01   1.0000000e+00   1.7751309e-02
   6.2342065e-01   1.0892311e-04   2.9949287e-03   0.0000000e+00   8.6545345e-05   5.0979573e-04   8.6941354e-05   1.5229450e-03   1.1966542e-03   7.8225809e-04   3.7393006e-06   5.4845503e-03   0.0000000e+00   1.0305736e-03   1.7746806e-03   3.5753269e-03   6.7071833e-04   4.4378356e-06   0.0000000e+00   1.1440800e-03   7.5593045e-04   4.3666743e-03   1.3439150e-03   9.3038406e-05   3.4396500e-05   5.4328581e-04   1.8021491e-03   2.5965735e-04   6.7609940e-03   1.7658463e-06   6.2342065e-01  -2.0103812e-01   1.0000000e+00   1.7660128e-02
   1.9279626e-01   5.1229195e-04   1.1217384e-04   1.7384741e-05   3.2911098e-04   0.0000000e+00   2.5280480e-05   1.9301013e-03   6.6308847e-04   4.1546172e-04   3.0835339e-05   1.5280494e-04   6.0609888e-04   2.3400365e-04   1.5507558e-04   2.1058454e-03   7.0306294e-04   3.6512684e-06   8.8400288e-04   3.8194707e-04   0.0000000e+00   6.5922263e-03   2.8490975e-04   3.2732493e-03   4.2744371e-04   3.0054874e-04   1.8006817e-03   1.0064446e-04   6.0144765e-04   4.3522321e-05   1.9279626e-01   6.0967268e-01   1.0000000e+00   1.7544069e-02
   1.0422266e-03   2.6632070e-04   3.7838691e-05   1.5766118e-04   5.6999902e-05   2.5271086e-05   1.4054251e-04   1.1736025e-03   4.3612227e-04   1.3295126e-03   9.0128074e-06   6.6934126e-05   3.3650995e-04   4.3877496e-04   1.5651964e-03   0.0000000e+00   1.2798890e-04   3.8373094e-05   1.1576494e-04   9.2606545e-04   2.7403950e-04   3.1524898e-03   0.0000000e+00   4.1679151e-04   1.8459781e-04   1.1163849e-04   1.1952220e-04   7.2898155e-05   1.0566058e-05   3.8654930e-04   1.0422266e-03   9.7133958e-01   1.0000000e+00   1.7372336e-02
   2.3807089e-03   2.6588269e-04   3.6601365e-05   0.0000000e+00   5.2058298e-05   1.5384724e-04   2.4687895e-04   3.8262098e-04   6.3251265e-04   1.0051915e-03   9.6889655e-06   7.3395223e-04   6.0198576e-04   4.2735836e-04   0.0000000e+00   7.0066455e-04   2.7413050e-05   3.5854174e-05   0.0000000e+00   0.0000000e+00   3.9523753e-04   0.0000000e+00   8.9731487e-06   2.0787914e-04   1.6426335e-04   1.6752718e-04   0.0000000e+00   3.5364693e-05   2.3939798e-04   7.1057163e-04   2.3807089e-03   9.5322223e-01   1.0000000e+00   1.7357864e-02
   6.2874651e-01   1.7622135e-04   2.6209378e-03   5.4896746e-04   4.2661617e-04   4.4745188e-04   1.6230570e-04   2.2725451e-03   8.9967050e-05   3.6914076e-04   0.0000000e+00   5.2467117e-03   8.7993140e-05   1.6687957e-04   1.4272533e-03   4.1980139e-03   7.3026967e-04   1.0260245e-06   2.7918784e-03   1.6832040e-03   4.8299436e-04   3.4548556e-03   2.3204943e-03   1.1212951e-05   1.2577131e-04   7.6436084e-04   2.7057462e-03   1.6518047e-04   3.5644205e-03   0.0000000e+00   6.2874651e-01  -2.7970679e-01   1.0000000e+00   1.7174706e-02
   2.1913584e-01   2.4515993e-04   4.0965077e-04   1.5319259e-04   7.2733517e-05   2.7719660e-06   1.4474563e-04   1.1140824e-03   5.1592639e-04   1.4322629e-03   3.8432458e-06   0.0000000e+00   2.2309719e-04   4.3456933e-04   1.4021155e-03   1.2168369e-03   4.2773054e-06   3.0460934e-05   1.1376139e-05   8.9683100e-04   2.6548356e-04   8.1940946e-05   0.0000000e+00   3.2670982e-04   1.8795052e-04   1.9009990e-04   3.6687353e-05   1.0627327e-04   2.0729201e-04   2.9138601e-04   2.1913584e-01   4.1031504e-01   1.0000000e+00   1.7003828e-02
   2.3092832e-01   3.0078141e-04   0.0000000e+00   1.0172759e-04   5.1538674e-05   1.0785808e-04   1.8649783e-04   1.5290133e-03   3.9645463e-04   1.3164661e-03   0.0000000e+00   9.4411651e-04   5.1318011e-04   3.9609010e-04   8.2210888e-04   1.1237524e-03   2.2036055e-04   1.7442001e-05   9.9942111e-04   8.5467980e-04   2.2896112e-04   9.4068469e-03   5.2040559e-04   4.3114724e-04   2.6646887e-04   5.3424051e-05   2.9220309e-04   1.0883518e-04   8.8689123e-04   3.3971581e-04   2.3092832e-01   3.3403458e-01   1.0000000e+00   1.6928051e-02
   4.2796908e-01   2.4304144e-04   3.0421244e-04   6.8067056e-05   8.8429080e-05   5.7714223e-04   1.6754324e-04   1.0614354e-03   5.5247118e-04   1.5634512e-03   5.6898611e-06   0.0000000e+00   2.7059944e-08   4.3297578e-04   1.4283772e-03   1.1670941e-03   2.4371938e-05   2.3631076e-05   1.4336629e-05   8.2471036e-04   2.5441368e-04   4.5386468e-04   1.4310584e-05   2.2441554e-04   1.0500414e-04   1.9412976e-04   0.0000000e+00   0.0000000e+00   2.3438199e-04   1.8400407e-04   4.2796908e-01   1.8449120e-02   1.0000000e+00   1.6494948e-02
   6.3451609e-01   1.5029402e-04   6.0003321e-03   4.9595590e-04   3.1631165e-05   2.1304350e-04   1.6973441e-04   2.4745210e-03   0.0000000e+00   4.8560328e-04   0.0000000e+00   5.5345092e-03   1.6736966e-06   4.7761758e-04   3.3181241e-03   2.2862672e-03   1.1549520e-03   9.3416168e-07   6.2068572e-03   1.5874358e-03   3.2856170e-04   2.0127639e-03   2.5742749e-03   6.8801443e-05   1.1062713e-04   3.1802125e-04   4.7383919e-03   8.5099254e-05   6.6414769e-04   7.9167393e-05   6.3451609e-01  -3.4969958e-01   1.0000000e+00   1.6468324e-02
   8.3188727e-01   2.5612930e-04   2.4088161e-03   5.9477354e-04   0.0000000e+00   6.5466322e-04   0.0000000e+00   1.6477354e-03   0.0000000e+00   8.9533827e-04   2.9115488e-05   6.3702339e-03   0.0000000e+00   5.8061608e-04   1.0611131e-02   1.4651219e-03   1.4777837e-03   2.1427902e-06   3.6151804e-03   2.1322296e-03   4.3350008e-04   4.2065756e-03   9.1793312e-06   1.2427770e-04   0.0000000e+00   1.0338492e-05   2.1338632e-03   0.0000000e+00   3.2813611e-03   4.6765910e-04   8.3188727e-01  -6.0553277e-01   1.0000000e+00   1.6228117e-02
   4.3260354e-01   1.6681306e-04   3.2534407e-03   1.0740396e-04   2.7879920e-07   2.9199678e-03   7.4155892e-04   1.1753738e-04   4.8146668e-04   8.1603408e-05   4.6003585e-05   4.1552762e-06   5.9076969e-05   9.0141419e-05   2.4255795e-04   7.4628676e-03   9.2360530e-05   9.7010010e-05   3.1258289e-03   1.5054971e-04   1.6952006e-04   1.8644149e-03   4.2758413e-04   5.5562929e-04   3.3512933e-04   1.3417629e-03   8.9434176e-04   6.0672285e-04   0.0000000e+00   2.5269562e-05   4.3260354e-01  -2.2006261e-02   1.0000000e+00   1.6160438e-02
   8.3255916e-01   5.5628961e-04   3.2978117e-03   9.5666027e-04   1.9680324e-03   5.8539262e-03   7.8518740e-04   1.1615805e-03   3.9174222e-03   2.7390417e-04   1.1851226e-05   9.1075353e-04   3.3954068e-03   3.6441927e-04   1.0580340e-03   1.1020754e-02   4.2741679e-03   0.0000000e+00   1.8148093e-03   1.8836824e-03   6.6609409e-04   2.1304243e-03   6.0199628e-03   1.4219376e-03   2.0404526e-04   2.0117292e-03   1.0432979e-02   8.2915943e-04   9.5771166e-03   2.1667616e-03   8.3255916e-01  -6.0973374e-01   1.0000000e+00   1.5774088e-02
   4.4118289e-02   2.9964108e-04   1.9584498e-05   8.0594943e-05   5.2023607e-05   1.6044575e-04   1.6290242e-04   1.9416086e-04   1.1644014e-04   1.2474007e-03   7.9102367e-06   6.3433426e-04   4.0206472e-04   3.1309237e-04   2.0574470e-03   1.4206556e-03   1.8588065e-04   4.7779330e-05   2.6542299e-04   8.0819442e-04   3.1103671e-04   9.3319184e-04   9.5527416e-08   3.6268903e-04   1.0909622e-04   1.2146958e-04   2.5067865e-04   8.2834729e-05   1.2161453e-04   2.3017829e-04   4.4118289e-02   7.4964446e-01   1.0000000e+00   1.5596376e-02
   8.2870696e-01   2.2321560e-04   1.9158373e-03   7.5811244e-04   0.0000000e+00   3.5453053e-04   1.3798270e-04   1.6555439e-03   1.4433312e-04   8.3448229e-04   3.2002419e-05   6.3158585e-03   0.0000000e+00   7.2581374e-04   7.8246199e-03   0.0000000e+00   1.5390206e-03   1.2210267e-05   4.2065220e-03   2.2249592e-03   4.6762553e-04   3.4626411e-03   6.7002583e-07   2.2599214e-04   2.9992465e-06   2.7870362e-04   2.8786081e-03   1.5978065e-04   1.2082200e-03   5.3887309e-04   8.2870696e-01  -5.5397384e-01   1.0000000e+00   1.5418627e-02
   8.3347884e-01   2.4226525e-04   2.1619051e-03   6.1371321e-04   0.0000000e+00   3.9682733e-04   2.7875467e-04   1.7133325e-03   0.0000000e+00   8.9524249e-04   3.8446211e-05   5.8766343e-03   3.8329654e-05   6.3833298e-04   5.8244699e-03   0.0000000e+00   1.2128251e-03   3.9790686e-06   5.3173310e-03   1.8707822e-03   4.0133226e-04   3.9527349e-03   0.0000000e+00   2.2754885e-04   5.2532853e-05   3.1185545e-04   4.3191664e-03   1.6436660e-04   1.5062849e-03   5.3749575e-04   8.3347884e-01  -6.3013520e-01   1.0000000e+00   1.5261892e-02
   4.1067846e-01   2.3353032e-04   3.7441029e-03   0.0000000e+00   1.3442783e-04   1.4765847e-03   1.0972801e-03   5.4628743e-05   0.0000000e+00   1.5072524e-03   4.2078231e-05   1.3427227e-03   2.4819620e-05   1.8788837e-04   1.3673564e-06   6.0695214e-03   0.0000000e+00   2.5666452e-05   1.9090003e-04   0.0000000e+00   9.2574441e-06   0.0000000e+00   5.7285552e-04   1.5568919e-05   4.6817009e-04   8.4450524e-04   1.7247048e-03   4.8136415e-04   1.0562383e-04   0.0000000e+00   4.1067846e-01   2.2825196e-01   1.0000000e+00   1.5241641e-02
   5.3394675e-02   2.5919324e-04   9.8464060e-04   2.2446709e-04   0.0000000e+00   4.0938184e-04   1.0740878e-04   3.2857417e-04   4.9285016e-04   1.0585493e-03   3.7364680e-06   2.8361632e-04   4.2377725e-04   1.4130077e-04   1.9535198e-03   0.0000000e+00   5.1964724e-05   7.1224114e-05   1.1879447e-04   6.1620584e-04   5.8834809e-04   0.0000000e+00   0.0000000e+00   5.2616201e-04   1.3445589e-04   1.5493875e-04   4.3174575e-05   2.6031896e-04   2.7211261e-05   5.8407380e-04   5.3394675e-02   7.1853921e-01   1.0000000e+00   1.5101804e-02
   2.5701628e-01   1.5588506e-04   4.2834527e-03   0.0000000e+00   3.0861508e-05   3.4729187e-03   7.7376462e-04   0.0000000e+00   5.6801665e-04   1.1673469e-04   5.0200364e-05   0.0000000e+00   0.0000000e+00   2.7086723e-04   1.9246043e-03   5.3089313e-03   2.1997797e-04   2.7211315e-05   3.4225958e-03   0.0000000e+00   2.1878140e-04   2.3476336e-03   1.0790720e-03   8.1022261e-05   2.6702287e-04   8.7392504e-04   5.6237108e-04   4.4262587e-04   2.3921288e-07   1.0401530e-05   2.5701628e-01   2.4838032e-01   1.0000000e+00   1.4904694e-02
   4.1725049e-01   2.1630113e-04   6.1224309e-03   4.6090035e-04   2.0815715e-04   2.0410729e-03   1.0548008e-03   1.8517389e-03   0.0000000e+00   7.0360770e-04   6.4707514e-07   1.1138349e-03   1.0171624e-04   4.9912333e-04   3.8254252e-04   1.1528093e-02   1.7043578e-04   1.0998855e-04   1.8055561e-05   9.2743283e-05   1.2357102e-04   2.9342325e-05   4.8317549e-04   1.1318452e-04   4.0693574e-04   1.1553955e-03   2.7549303e-03   4.4751529e-04   1.4128631e-03   1.5661486e-05   4.1725049e-01   1.4590570e-01   1.0000000e+00   1.4833466e-02
   4.2506962e-01   1.8001975e-04   4.0591579e-03   2.4261075e-04   2.0740094e-04   3.0276808e-03   1.1242480e-03   8.6190186e-04   1.0941921e-05   1.0462867e-03   2.0075491e-05   1.9999818e-03   4.2194859e-07   6.1245743e-04   3.2087943e-04   1.3696581e-02   3.1615819e-04   8.3256487e-05   0.0000000e+00   1.7217008e-04   2.0842632e-04   1.7959761e-03   0.0000000e+00   1.1355974e-04   6.8698365e-04   1.3637177e-03   3.3065789e-03   7.3348097e-04   4.9273621e-04   8.9126721e-05   4.2506962e-01   5.4502598e-02   1.0000000e+00   1.4567790e-02
   8.3060894e-01   2.5736177e-04   3.2131874e-03   7.9056808e-04   1.1154944e-04   4.1866420e-04   3.0749107e-04   4.4486525e-04   1.1491969e-03   6.1782170e-04   9.0516245e-07   4.0414591e-03   4.8152429e-04   1.8844393e-04   1.3307346e-03   3.8494119e-03   0.0000000e+00   1.3828689e-05   7.1777758e-03   2.2279570e-03   1.3442611e-03   2.2001325e-03   5.6317484e-04   7.5339031e-04   2.3646070e-04   7.4753272e-04   6.8308880e-03   1.2952788e-04   4.7368891e-03   9.6818593e-05   8.3060894e-01  -5.8507238e-01   1.0000000e+00   1.4508904e-02
   4.1641248e-01   1.8932826e-04   3.8419997e-03   0.0000000e+00   2.3634538e-04   3.5051154e-03   1.1371380e-03   2.4108800e-05   2.1967564e-05   1.2489969e-03   2.9181222e-05   0.0000000e+00   7.3523774e-08   5.9965121e-04   8.7793096e-07   7.0678065e-03   5.7181655e-05   3.2875787e-05   2.0187827e-03   3.5439358e-06   2.2351496e-04   6.4476622e-04   0.0000000e+00   4.1911898e-05   2.9900863e-04   1.1291341e-03   1.9799982e-03   3.1517430e-04   1.0391417e-03   2.3220927e-07   4.1641248e-01   1.5478488e-01   1.0000000e+00   1.4252555e-02
   2.2426876e-01   3.7485567e-04   4.3867305e-04   3.8168308e-05   3.9080225e-05   3.3586503e-04   2.1521463e-04   1.9075741e-03   6.5459389e-05   8.3413524e-04   2.3327210e-05   8.2315140e-05   9.0001369e-04   4.1390260e-04   2.6329015e-05   2.6745700e-03   3.9248063e-04   0.0000000e+00   5.8906619e-04   4.6080700e-04   4.5990187e-05   5.1962000e-03   5.6084738e-06   1.2472794e-03   4.0625722e-04   0.0000000e+00   2.0274852e-03   5.3644128e-05   1.7160239e-04   8.5848788e-07   2.2426876e-01   3.7602687e-01   1.0000000e+00   1.4217796e-02
   4.3751865e-01   2.1489082e-04   3.4837416e-03   4.4021003e-04   1.7918145e-04   2.5543522e-03   8.0727072e-04   1.3510217e-03   1.0311078e-04   8.9630734e-04   6.6081249e-07   1.0986432e-03   5.5224354e-06   4.9150230e-04   3.7526946e-04   1.2788238e-02   1.1521947e-04   1.0234282e-04   1.7859468e-05   2.8798993e-04   2.5301695e-04   5.8222395e-06   1.3848483e-03   0.0000000e+00   3.9425324e-04   8.6444230e-04   4.2157933e-03   1.1729382e-03   1.7265629e-03   1.1735816e-05   4.3751865e-01  -5.8413707e-02   1.0000000e+00   1.4199007e-02
   4.3178153e-01   2.3091611e-04   4.3391928e-03   0.0000000e+00   1.2984685e-04   2.0248654e-03   9.1362457e-04   0.0000000e+00   9.9513937e-05   1.5516674e-03   4.0652293e-05   1.1669370e-03   2.2273452e-05   2.6040217e-04   0.0000000e+00   8.0053394e-03   1.0671246e-06   2.5737512e-05   1.8458114e-04   2.1474344e-04   2.9016850e-05   1.3258727e-05   6.7528547e-04   3.1577251e-05   4.1866605e-04   7.4988950e-04   1.0966514e-03   5.5532645e-04   6.2067262e-05   0.0000000e+00   4.3178153e-01  -1.5305397e-02   1.0000000e+00   1.3896029e-02
   4.3670616e-01   1.2351673e-04   3.2798095e-03   7.0778223e-04   1.4113629e-04   3.0216555e-03   7.7416432e-04   8.9262674e-04   1.3337178e-04   1.4747787e-03   2.7187463e-05   5.4198679e-04   6.1742402e-05   4.0700307e-04   5.9050112e-04   9.2563962e-03   3.1451967e-04   1.1159283e-04   5.8185564e-05   0.0000000e+00   2.2972158e-04   0.0000000e+00   1.4401191e-04   6.5351026e-05   4.5565672e-04   1.1096984e-03   3.0993701e-03   8.1597055e-04   1.1461868e-03   1.0739908e-04   4.3670616e-01  -5.3956586e-02   1.0000000e+00   1.3685875e-02
   2.6865807e-02   2.3280507e-04   6.6199191e-04   0.0000000e+00   8.8233920e-05   2.0419089e-04   2.4797024e-04   0.0000000e+00   3.5141448e-04   7.1901020e-04   9.7346341e-06   7.0759426e-04   4.9319860e-04   6.5324759e-04   0.0000000e+00   0.0000000e+00   2.6479436e-04   3.5972740e-05   0.0000000e+00   1.3454608e-04   4.5283589e-04   0.0000000e+00   2.1447465e-05   0.0000000e+00   2.2546294e-04   5.6357919e-05   4.5535095e-04   2.4098456e-06   4.1974824e-05   5.5973165e-04   2.6865807e-02   8.1790110e-01   1.0000000e+00   1.3615127e-02
   4.5738819e-03   2.5962358e-04   2.5854713e-04   2.1347169e-04   1.1108346e-04   4.6796189e-04   1.2028321e-04   3.3135421e-04   5.8051548e-04   1.6070199e-03   8.0696129e-06   0.0000000e+00   4.7426121e-04   3.6280869e-04   3.2679866e-03   0.0000000e+00   0.0000000e+00   8.1273249e-05   0.0000000e+00   1.0756767e-03   6.5822263e-04   7.3681923e-04   1.1596062e-04   5.3968409e-04   1.3013802e-04   7.5747670e-05   5.4572668e-04   1.1369365e-04   1.3728832e-07   3.2919530e-04   4.5738819e-03   9.3545239e-01   1.0000000e+00   1.3454416e-02
   6.3336537e-01   1.3246773e-04   3.0573993e-03   2.7774417e-04   6.7747211e-05   8.1624880e-04   1.2151709e-04   1.8136478e-03   9.9439309e-04   8.4669052e-04   4.7498338e-06   6.1522621e-03   0.0000000e+00   8.0285875e-04   1.6130605e-03   2.1656692e-03   8.5281262e-05   3.4900383e-06   2.8961256e-04   1.1597104e-03   8.3918427e-04   5.0601897e-03   2.5025404e-03   7.8787252e-05   1.2557573e-04   6.2869710e-04   1.9919113e-03   1.7991613e-04   6.9693854e-03   0.0000000e+00   6.3336537e-01  -3.3741091e-01   1.0000000e+00   1.3322798e-02
   4.2767053e-01   2.4889457e-04   3.9809543e-04   7.0079345e-05   6.7646336e-05   2.9248083e-06   1.5184260e-04   1.0994715e-03   5.2019884e-04   1.4634192e-03   5.3631853e-06   2.1117417e-04   0.0000000e+00   4.4173789e-04   1.4094652e-03   1.6234909e-03   2.6281912e-05   3.2313654e-05   1.0172718e-05   8.9622137e-04   2.5679651e-04   2.2014794e-04   1.4048791e-05   2.5547056e-04   1.8577779e-04   2.3800357e-04   0.0000000e+00   8.3117967e-05   2.1948321e-04   2.4281568e-04   4.2767053e-01   2.1520109e-02   1.0000000e+00   1.3302543e-02
   5.1598618e-02   2.5546990e-04   0.0000000e+00   1.3389540e-04   9.0007888e-05   9.3546944e-05   3.6526988e-05   1.4633947e-03   2.3876863e-04   1.1180909e-03   1.5753758e-05   4.5343816e-04   1.2769030e-03   5.0437901e-04   1.8759609e-03   9.2882095e-06   0.0000000e+00   3.9277155e-05   0.0000000e+00   9.1717483e-04   2.5757399e-04   2.7852040e-03   0.0000000e+00   4.2272543e-04   1.0280955e-04   2.2038397e-04   3.8471532e-04   1.8458847e-04   1.7908683e-05   4.1029071e-04   5.1598618e-02   7.2497464e-01   1.0000000e+00   1.3260998e-02
   2.1696751e-01   2.5591531e-04   1.3530260e-04   0.0000000e+00   4.6515044e-05   3.1975170e-04   2.5493371e-04   2.0166734e-05   3.9019391e-04   7.9451334e-04   2.8287089e-06   3.0558947e-03   6.4928560e-04   6.4471076e-04   1.8415387e-03   0.0000000e+00   4.0582264e-04   3.3887844e-05   1.1917862e-03   0.0000000e+00   5.3426829e-04   8.5277312e-04   1.9260833e-05   3.3703905e-04   2.8960674e-04   1.6812388e-05   3.9961207e-04   0.0000000e+00   7.2332796e-04   4.6503748e-04   2.1696751e-01   4.2720546e-01   1.0000000e+00   1.3051976e-02
   2.1108194e-01   1.8753977e-04   3.8225315e-03   0.0000000e+00   4.2754818e-04   1.3860065e-03   1.1448588e-03   5.4748557e-04   0.0000000e+00   1.3517252e-03   6.6311798e-05   1.3304570e-03   0.0000000e+00   1.8730919e-04   2.3877593e-04   7.0780541e-03   0.0000000e+00   3.1285102e-05   0.0000000e+00   0.0000000e+00   0.0000000e+00   1.3325365e-03   1.2051676e-03   5.3480419e-05   3.7222682e-04   1.1281840e-03   2.7032449e-03   5.6057316e-04   0.0000000e+00   0.0000000e+00   2.1108194e-01   4.7456789e-01   1.0000000e+00   1.2979649e-02
   2.0208109e-01   2.2154646e-04   0.0000000e+00   2.3224628e-04   1.0370527e-04   1.5562730e-04   3.1801116e-04   1.0661699e-03   4.3457530e-04   1.4581553e-03   2.9657848e-06   3.5923085e-05   2.0384548e-04   4.4600964e-04   1.4277579e-03   1.2459693e-03   0.0000000e+00   2.8212775e-05   7.6588350e-07   9.7562806e-04   2.4932832e-04   5.8816277e-05   4.8435699e-06   2.3431074e-04   1.5753644e-04   2.6719572e-04   1.1432268e-04   6.6359095e-05   1.9640568e-04   2.4497293e-04   2.0208109e-01   5.3965784e-01   1.0000000e+00   1.2970777e-02
   7.8932310e-02   2.5383482e-04   3.0501830e-04   1.3755036e-04   9.4703132e-05   2.9378525e-04   5.1396280e-06   1.6159833e-03   2.5662086e-04   1.2551593e-03   1.1582357e-05   5.1333468e-04   1.2045124e-03   4.6088847e-04   1.6935855e-03   0.0000000e+00   0.0000000e+00   4.3931845e-05   2.1142229e-05   6.4638381e-04   2.2630425e-04   2.7191303e-03   6.1746690e-06   3.5644218e-04   1.0293848e-04   1.3840323e-04   2.3226623e-05   1.9798694e-04   3.2837871e-05   9.6731670e-04   7.8932310e-02   6.7416449e-01   1.0000000e+00   1.2956937e-02
   2.3654100e-01   2.5487632e-04   1.4969219e-03   1.3704327e-04   9.6713501e-05   7.6469709e-04   0.0000000e+00   8.4441089e-04   8.1588083e-04   1.4101740e-03   1.2315643e-05   6.7499087e-06   2.9065051e-04   4.5452039e-04   1.5146935e-03   2.8093646e-03   3.2840241e-05   3.3035996e-05   1.2216526e-04   1.1325823e-03   2.6691523e-04   1.3525219e-04   8.4729105e-06   2.9597927e-04   2.3689381e-04   1.7115282e-04   8.2818446e-04   0.0000000e+00   1.4346107e-04   2.3863640e-04   2.3654100e-01   3.0135552e-01   1.0000000e+00   1.2935370e-02
   2.0058759e-01   5.2862408e-04   5.2360346e-04   4.7949432e-04   1.0938763e-04   3.4176283e-04   1.3629900e-04   1.0577773e-03   5.1772278e-05   4.1447204e-04   2.5633183e-05   0.0000000e+00   6.3839708e-04   8.0373849e-04   1.4451877e-03   5.9712081e-03   3.4579617e-04   5.5064430e-07   9.6203187e-04   2.9649641e-04   2.0695722e-05   5.8115322e-03   5.2615765e-04   8.5357857e-04   2.0081993e-04   0.0000000e+00   1.1712315e-03   9.3414554e-05   0.0000000e+00   0.0000000e+00   2.0058759e-01   5.5392382e-01   1.0000000e+00   1.2872111e-02
   4.2324068e-01   1.9888275e-04   3.6853491e-03   0.0000000e+00   0.0000000e+00   3.2955967e-03   9.5978841e-04   0.0000000e+00   7.0147329e-04   0.0000000e+00   5.3648773e-05   0.0000000e+00   0.0000000e+00   6.2639414e-05   2.6879146e-04   7.9221397e-03   1.0056242e-04   3.6288702e-06   2.1287179e-03   1.1416348e-04   2.0814659e-04   1.4164649e-03   4.2734165e-04   2.5001719e-04   3.3656568e-04   9.7762870e-04   1.0783843e-03   6.7831407e-04   0.0000000e+00   2.6284373e-05   4.2324068e-01   7.2361545e-02   1.0000000e+00   1.2826983e-02
   2.2066889e-01   2.9701514e-04   4.9384211e-04   7.7324395e-05   8.2242426e-05   3.3966745e-04   1.4063785e-04   6.4391111e-04   1.1793076e-04   9.8950206e-04   8.3003838e-06   9.8597876e-04   1.1202784e-03   1.9013377e-04   2.3871031e-03   1.9013700e-04   9.9381904e-06   4.5590855e-05   3.3428765e-04   1.3616113e-03   2.8212538e-04   1.4384752e-03   1.3292760e-04   2.9932432e-04   8.0574356e-05   5.8101436e-04   1.5228844e-04   4.7418838e-06   1.2229862e-04   8.0650070e-04   2.2066889e-01   4.0007533e-01   1.0000000e+00   1.2701155e-02
   2.2294222e-01   3.6119341e-04   5.1872237e-05   1.2187580e-04   9.2827204e-05   0.0000000e+00   4.4479124e-06   1.0029680e-03   4.7889075e-05   7.8654983e-04   1.8630919e-05   4.2087510e-04   8.8440696e-04   2.5674432e-04   2.1565526e-04   3.7745576e-03   7.8748112e-04   0.0000000e+00   0.0000000e+00   1.0777492e-03   8.9905712e-05   4.2575607e-03   2.4742907e-04   1.5993903e-03   4.5156242e-04   9.8925427e-05   1.3552094e-03   5.4302576e-05   5.4090440e-04   3.6036994e-05   2.2294222e-01   3.8512223e-01   1.0000000e+00   1.2652439e-02
   3.3122906e-03   2.2174918e-04   2.1928961e-05   2.9713941e-04   0.0000000e+00   3.6657939e-04   0.0000000e+00   0.0000000e+00   5.3378578e-04   8.3791169e-04   2.6076807e-06   2.1464066e-03   5.5485442e-04   3.1231077e-04   1.8001061e-03   2.5473587e-04   2.3324771e-06   6.4574857e-05   0.0000000e+00   7.8509531e-04   6.1254087e-04   0.0000000e+00   0.0000000e+00   4.0422977e-04   1.4441552e-04   2.0709395e-04   6.4155232e-04   1.3243286e-04   2.6755632e-05   3.7771131e-04   3.3122906e-03   9.4534338e-01   1.0000000e+00   1.2617529e-02
   6.4219709e-01   1.2432651e-04   2.8741447e-03   5.4783254e-04   5.1091860e-05   2.5352308e-04   1.7420195e-04   1.8798360e-03   0.0000000e+00   4.1703498e-04   2.4589050e-07   4.3937140e-03   9.6974576e-05   5.0213483e-04   2.0833861e-03   3.1739702e-03   1.0649286e-03   0.0000000e+00   4.7093267e-03   2.5383083e-03   3.6043132e-04   1.5196304e-04   2.7332574e-03   0.0000000e+00   1.2276496e-04   4.4352592e-04   4.6870566e-03   1.9618556e-04   7.0286087e-03   0.0000000e+00   6.4219709e-01  -4.1680143e-01   1.0000000e+00   1.2587310e-02
