   6.6908139e-01   0.0000000e+00   0.0000000e+00   0.0000000e+00   0.0000000e+00   0.0000000e+00   0.0000000e+00   9.6707042e-17   0.0000000e+00   0.0000000e+00   1.0000000e+00   1.0303032e-03
   4.7129552e-01   0.0000000e+00   0.0000000e+00   0.0000000e+00   0.0000000e+00   0.0000000e+00   0.0000000e+00   1.2831319e-16   0.0000000e+00   0.0000000e+00   9.9716616e-01   6.7622810e-03
   5.3544340e-01   0.0000000e+00   0.0000000e+00   0.0000000e+00   0.0000000e+00   0.0000000e+00   0.0000000e+00   1.2459792e-16   0.0000000e+00   0.0000000e+00   9.9336190e-01   1.4322538e-02
   5.3894498e-01   0.0000000e+00   0.0000000e+00   0.0000000e+00   0.0000000e+00   0.0000000e+00   0.0000000e+00   1.2466250e-16   0.0000000e+00   0.0000000e+00   9.8953164e-01   2.1913506e-02
   5.4160204e-01   0.0000000e+00   0.0000000e+00   0.0000000e+00   0.0000000e+00   0.0000000e+00   0.0000000e+00   1.2485191e-16   0.0000000e+00   0.0000000e+00   9.8578087e-01   2.9318794e-02
   5.4386865e-01   0.0000000e+00   0.0000000e+00   0.0000000e+00   0.0000000e+00   0.0000000e+00   0.0000000e+00   1.2484231e-16   0.0000000e+00   0.0000000e+00   9.8197400e-01   3.6805653e-02
   5.4591738e-01   0.0000000e+00   0.0000000e+00   0.0000000e+00   0.0000000e+00   0.0000000e+00   0.0000000e+00   1.2459341e-16   0.0000000e+00   0.0000000e+00   9.7804985e-01   4.4492319e-02
   5.4776788e-01   0.0000000e+00   0.0000000e+00   0.0000000e+00   0.0000000e+00   0.0000000e+00   0.0000000e+00   1.2449486e-16   0.0000000e+00   0.0000000e+00   9.7412253e-01   5.2154713e-02
   5.4949563e-01   0.0000000e+00   0.0000000e+00   0.0000000e+00   0.0000000e+00   0.0000000e+00   0.0000000e+00   1.2535226e-16   0.0000000e+00   0.0000000e+00   9.7014655e-01   5.9882670e-02
   5.5115560e-01   0.0000000e+00   0.0000000e+00   0.0000000e+00   0.0000000e+00   0.0000000e+00   0.0000000e+00   1.2327373e-16   0.0000000e+00   0.0000000e+00   9.6606916e-01   6.7768622e-02
   5.5274209e-01   0.0000000e+00   0.0000000e+00   0.0000000e+00   0.0000000e+00   0.0000000e+00   0.0000000e+00   1.1767052e-16   0.0000000e+00   0.0000000e+00   9.6196372e-01   7.5667513e-02
   6.0895839e-01   0.0000000e+00   0.0000000e+00   0.0000000e+00   0.0000000e+00   0.0000000e+00   0.0000000e+00   1.0370388e-16   0.0000000e+00   0.0000000e+00   9.5777745e-01   8.3667481e-02
   5.5580576e-01   0.0000000e+00   0.0000000e+00   0.0000000e+00   0.0000000e+00   0.0000000e+00   0.0000000e+00   1.3045012e-16   0.0000000e+00   0.0000000e+00   9.5357981e-01   9.1745555e-02
   5.5731781e-01   0.0000000e+00   0.0000000e+00   0.0000000e+00   0.0000000e+00   0.0000000e+00   0.0000000e+00   1.2487027e-16   0.0000000e+00   0.0000000e+00   9.4928871e-01   9.9894936e-02
   6.0434996e-01   0.0000000e+00   0.0000000e+00   0.0000000e+00   0.0000000e+00   0.0000000e+00   0.0000000e+00   1.1033651e-16   0.0000000e+00   0.0000000e+00   9.4503563e-01   1.0791558e-01
   5.6035910e-01   0.0000000e+00   0.0000000e+00   0.0000000e+00   0.0000000e+00   0.0000000e+00   0.0000000e+00   1.2480644e-16   0.0000000e+00   0.0000000e+00   9.4054655e-01   1.1640698e-01
   5.6192774e-01   0.0000000e+00   0.0000000e+00   0.0000000e+00   0.0000000e+00   0.0000000e+00   0.0000000e+00   1.2470885e-16   0.0000000e+00   0.0000000e+00   9.3607029e-01   1.2480240e-01
   5.6353967e-01   0.0000000e+00   0.0000000e+00   0.0000000e+00   0.0000000e+00   0.0000000e+00   0.0000000e+00   1.2540318e-16   0.0000000e+00   0.0000000e+00   9.3156276e-01   1.3321761e-01
   5.9776029e-01   0.0000000e+00   0.0000000e+00   0.0000000e+00   0.0000000e+00   0.0000000e+00   0.0000000e+00   1.1066828e-16   0.0000000e+00   0.0000000e+00   9.2688252e-01   1.4187937e-01
   5.9593921e-01   0.0000000e+00   0.0000000e+00   0.0000000e+00   0.0000000e+00   0.0000000e+00   0.0000000e+00   1.1361840e-16   0.0000000e+00   0.0000000e+00   9.2228898e-01   1.5037560e-01
   5.6908327e-01   0.0000000e+00   0.0000000e+00   0.0000000e+00   0.0000000e+00   0.0000000e+00   0.0000000e+00   1.2117619e-16   0.0000000e+00   0.0000000e+00   9.1753958e-01   1.5912501e-01
   5.7141851e-01   0.0000000e+00   0.0000000e+00   0.0000000e+00   0.0000000e+00   0.0000000e+00   0.0000000e+00   1.2593292e-16   0.0000000e+00   0.0000000e+00   9.1268949e-01   1.6800662e-01
   5.7424098e-01   0.0000000e+00   0.0000000e+00   0.0000000e+00   0.0000000e+00   0.0000000e+00   0.0000000e+00   1.4899938e-16   0.0000000e+00   0.0000000e+00   9.0795881e-01   1.7665788e-01
   5.7997664e-01   0.0000000e+00   0.0000000e+00   0.0000000e+00   0.0000000e+00   0.0000000e+00   0.0000000e+00   1.2546859e-16   0.0000000e+00   0.0000000e+00   9.0289134e-01   1.8578525e-01
   5.8144323e-01   0.0000000e+00   0.0000000e+00   0.0000000e+00   0.0000000e+00   0.0000000e+00   5.7111691e-13   1.2700706e-16   0.0000000e+00   1.7335536e-13   9.0266355e-01   1.9393938e-01
   5.8145704e-01   0.0000000e+00   0.0000000e+00   0.0000000e+00   0.0000000e+00   0.0000000e+00   2.1809616e-12   1.2532694e-16   0.0000000e+00   1.4556982e-12   9.0266352e-01   1.9817929e-01
   5.8145704e-01   0.0000000e+00   0.0000000e+00   0.0000000e+00   0.0000000e+00   0.0000000e+00   2.1809616e-12   1.2532694e-16   0.0000000e+00   1.4556982e-12   9.0266352e-01   1.9817929e-01
   3.9179356e-01   0.0000000e+00   3.5935986e-11   2.0039256e-15   0.0000000e+00   2.5135476e-11   1.9857960e-11   2.5766092e-15   0.0000000e+00   8.4046819e-15   8.9484340e-01   2.2712961e-01
   4.2192796e-02   2.8435310e-12   0.0000000e+00   0.0000000e+00   1.5972030e-12   4.0053736e-12   3.2741471e-12   1.5535534e-14   0.0000000e+00   2.0683446e-14   8.8800434e-01   2.2858487e-01
   3.9374986e-01   0.0000000e+00   3.9804725e-11   1.8985163e-15   0.0000000e+00   2.4843458e-11   1.5725984e-11   2.3017633e-15   0.0000000e+00   7.4187398e-15   8.8387941e-01   2.4628501e-01
   3.9464684e-01   1.0808517e-14   3.8565923e-11   1.7580479e-15   6.4700290e-12   2.5269212e-11   1.9564865e-11   3.2887074e-15   0.0000000e+00   7.1673359e-15   8.7888089e-01   2.5573224e-01
   3.9556811e-01   1.0687980e-14   3.9884780e-11   1.5404706e-15   7.1315117e-12   3.0087127e-11   3.5743422e-11   3.0545842e-15   0.0000000e+00   7.1549301e-15   8.7379238e-01   2.6613941e-01
   3.9693352e-01   3.8451488e-14   2.4516955e-11   1.3914322e-15   5.4805946e-13   2.4625276e-11   1.4382161e-11   1.2547728e-15   0.0000000e+00   9.0633076e-16   8.6637781e-01   2.7496967e-01
   3.9806575e-01   0.0000000e+00   2.7583633e-11   1.0751898e-15   0.0000000e+00   2.8263132e-11   1.5685806e-11   1.9867111e-15   0.0000000e+00   7.3318678e-18   8.6038654e-01   2.8586677e-01
   3.9913866e-01   2.0141098e-15   3.1226840e-11   1.0026191e-15   0.0000000e+00   2.8340186e-11   1.5618722e-11   1.7783760e-15   0.0000000e+00   0.0000000e+00   8.5487717e-01   2.9549988e-01
   4.5368216e-02   4.3594151e-12   2.0362240e-12   0.0000000e+00   0.0000000e+00   1.0456404e-11   1.6459439e-13   1.3969718e-14   0.0000000e+00   2.0631947e-14   8.4590998e-01   3.0247192e-01
   4.0125093e-01   8.1366516e-14   4.6932434e-11   0.0000000e+00   4.8850920e-11   2.4425402e-11   1.6963104e-11   8.3873323e-18   0.0000000e+00   1.6552502e-14   8.4463232e-01   3.1684893e-01
   4.0265371e-01   8.9505040e-14   5.1802863e-11   0.0000000e+00   4.5333847e-11   2.5452179e-11   1.6870869e-11   1.2028022e-16   0.0000000e+00   1.0548574e-14   8.3836292e-01   3.2733966e-01
   4.0422359e-01   5.3437143e-14   5.1199693e-11   2.8688322e-17   3.0156074e-11   2.5152740e-11   1.7516072e-11   0.0000000e+00   0.0000000e+00   8.6418542e-15   8.3194537e-01   3.3700821e-01
   4.0627358e-01   4.8631705e-14   4.9278528e-11   0.0000000e+00   0.0000000e+00   2.6444453e-11   1.6320924e-11   6.4947278e-17   0.0000000e+00   8.8396083e-15   8.2465062e-01   3.4682190e-01
   4.7343186e-02   2.8012676e-12   1.0989538e-12   0.0000000e+00   1.0624145e-12   2.4890139e-12   2.5575188e-12   1.3123394e-14   0.0000000e+00   2.5561011e-14   8.1568015e-01   3.5001589e-01
   4.1683916e-01   5.8113918e-14   4.6546471e-11   2.2759432e-16   0.0000000e+00   2.5794970e-11   1.5696737e-11   1.1786933e-16   0.0000000e+00   1.0242159e-14   8.1126065e-01   3.6808909e-01
   1.1531750e-01   4.1186608e-12   0.0000000e+00   1.8973302e-13   6.0972805e-13   2.8556383e-12   3.9423354e-12   2.0694750e-14   0.0000000e+00   2.2428866e-13   8.0307838e-01   3.7090093e-01
   1.1462369e-01   3.5883750e-12   1.3257510e-13   6.6255035e-14   2.2223587e-12   3.2164824e-12   4.0520186e-12   1.4795421e-14   0.0000000e+00   5.1237247e-14   7.9172797e-01   3.8926211e-01
   1.1430924e-01   3.5279591e-12   0.0000000e+00   0.0000000e+00   2.7738203e-12   3.1720497e-12   4.0343737e-12   1.5109343e-14   0.0000000e+00   1.3125084e-14   7.8647521e-01   3.9752768e-01
   1.1394024e-01   3.3096177e-12   0.0000000e+00   0.0000000e+00   0.0000000e+00   4.9264094e-12   4.7150346e-12   1.5280490e-14   0.0000000e+00   3.8222748e-13   7.8022708e-01   4.0716454e-01
   1.1350065e-01   3.5996641e-12   0.0000000e+00   1.7523834e-14   0.0000000e+00   3.4920055e-12   3.7347392e-12   2.4477045e-14   0.0000000e+00   4.3900182e-13   7.7266699e-01   4.1814912e-01
   1.1308142e-01   3.5102448e-12   4.1558165e-13   1.4432068e-13   0.0000000e+00   3.5910588e-12   3.5960515e-12   2.2822921e-14   0.0000000e+00   0.0000000e+00   7.6534179e-01   4.2929993e-01
   1.1290997e-01   4.2820763e-12   4.8334449e-13   5.1934666e-13   0.0000000e+00   3.5639306e-12   3.8047763e-12   1.9738725e-14   0.0000000e+00   4.6570822e-13   7.6231443e-01   4.3446222e-01
   1.1229207e-01   3.8455070e-12   3.0357947e-13   7.6344391e-13   0.0000000e+00   3.5893578e-12   4.9163476e-12   1.6206699e-15   0.0000000e+00   1.9710724e-12   7.5125490e-01   4.5165749e-01
   1.1188205e-01   3.8953996e-12   3.2912704e-13   0.0000000e+00   0.0000000e+00   3.5673748e-12   4.2168625e-12   1.6508956e-14   0.0000000e+00   1.1140170e-12   7.4379154e-01   4.6208649e-01
   1.1150696e-01   3.2876216e-12   3.2687138e-13   7.0599629e-13   0.0000000e+00   4.2608966e-12   4.8255081e-12   1.0491716e-14   0.0000000e+00   1.4926880e-12   7.3688000e-01   4.7270672e-01
   1.1119704e-01   2.6003666e-12   5.3413264e-12   4.8747477e-13   1.4206540e-11   4.1346571e-12   4.3147300e-12   0.0000000e+00   0.0000000e+00   1.4952318e-12   7.3111071e-01   4.8444572e-01
   1.1101860e-01   0.0000000e+00   0.0000000e+00   0.0000000e+00   3.6223950e-10   6.6203995e-13   5.6578005e-12   7.1092673e-17   0.0000000e+00   2.4752515e-12   7.2776566e-01   5.0497177e-01
   1.1064763e-01   1.3691331e-12   0.0000000e+00   0.0000000e+00   4.1842541e-10   1.5547990e-12   4.1978773e-12   1.5295834e-15   0.0000000e+00   2.9636347e-15   7.2075816e-01   5.1608567e-01
   1.1026407e-01   8.2452471e-13   2.0176809e-12   3.1484422e-12   5.4915797e-10   0.0000000e+00   2.3077558e-12   0.0000000e+00   6.3716412e-12   3.1240597e-12   7.1343989e-01   5.2894542e-01
   1.0983783e-01   0.0000000e+00   0.0000000e+00   3.4091228e-12   5.2309619e-10   3.1515654e-11   2.5276649e-12   6.5845083e-15   0.0000000e+00   0.0000000e+00   7.0522401e-01   5.4020696e-01
   1.0939991e-01   2.7317731e-12   0.0000000e+00   0.0000000e+00   5.4163029e-10   0.0000000e+00   7.4877513e-14   5.4739024e-14   0.0000000e+00   1.2581960e-11   6.9669659e-01   5.5180941e-01
   1.0897483e-01   0.0000000e+00   0.0000000e+00   3.1258978e-12   5.4740840e-10   0.0000000e+00   2.1963222e-12   0.0000000e+00   0.0000000e+00   0.0000000e+00   6.8834000e-01   5.6302702e-01
   1.0855473e-01   0.0000000e+00   0.0000000e+00   3.8325707e-12   5.4541259e-10   0.0000000e+00   2.3963053e-12   2.2441420e-14   0.0000000e+00   3.2390888e-12   6.8000964e-01   5.7418132e-01
   1.0811188e-01   0.0000000e+00   0.0000000e+00   3.2136454e-12   5.2217041e-10   0.0000000e+00   1.6884575e-12   1.0427449e-15   0.0000000e+00   0.0000000e+00   6.7115648e-01   5.8538865e-01
   1.0760176e-01   1.2928301e-11   1.8636068e-11   3.7698063e-12   2.3940143e-10   0.0000000e+00   4.0719820e-12   8.6849462e-15   0.0000000e+00   0.0000000e+00   6.6087472e-01   5.9355842e-01
   1.0713238e-01   9.1320380e-13   0.0000000e+00   7.2650147e-12   1.9497233e-10   0.0000000e+00   2.3550488e-12   0.0000000e+00   1.1140471e-11   0.0000000e+00   6.5134299e-01   6.0397960e-01
   1.0678788e-01   1.0607926e-12   7.8128409e-13   2.9918323e-12   4.7345217e-10   0.0000000e+00   2.4006256e-12   8.1491536e-14   0.0000000e+00   0.0000000e+00   6.4430814e-01   6.1905916e-01
   1.0634990e-01   1.1970283e-13   3.4505523e-15   7.7696784e-13   5.3949469e-10   0.0000000e+00   1.8418224e-12   1.0069370e-13   0.0000000e+00   0.0000000e+00   6.3532203e-01   6.3131513e-01
   1.0587499e-01   1.8616199e-11   8.2249245e-11   3.1607022e-13   1.1627228e-11   3.5534826e-11   0.0000000e+00   3.7590432e-13   8.9613768e-11   1.6573280e-11   6.2553177e-01   6.3743125e-01
   1.0550623e-01   1.3345205e-13   1.0573941e-13   0.0000000e+00   5.4318509e-10   1.2891770e-10   1.3988222e-12   9.5843737e-14   0.0000000e+00   0.0000000e+00   6.1790169e-01   6.5451872e-01
   1.0450434e-01   2.8751313e-11   1.2434126e-10   3.2664899e-13   9.8293617e-12   4.8295259e-11   0.0000000e+00   4.0310188e-13   9.4985563e-11   0.0000000e+00   5.9708133e-01   6.7283172e-01
   1.0395395e-01   3.2377315e-11   2.4012573e-11   1.1526872e-12   0.0000000e+00   0.0000000e+00   6.5589262e-14   5.8807700e-13   7.2536886e-11   0.0000000e+00   5.8561053e-01   6.8055207e-01
   1.0357365e-01   3.2608820e-11   0.0000000e+00   1.0862748e-12   2.1394249e-11   0.0000000e+00   8.1942150e-14   5.8948619e-13   7.3149352e-11   0.0000000e+00   5.7768051e-01   6.8953628e-01
   1.0304257e-01   3.0891454e-11   4.6092523e-11   3.8579539e-13   0.0000000e+00   0.0000000e+00   5.4194234e-14   5.5909185e-13   6.0193105e-11   0.0000000e+00   5.6661163e-01   7.0238586e-01
   1.0266964e-01   2.8796336e-11   1.5477751e-10   3.2764795e-13   1.0606991e-10   4.6950632e-14   0.0000000e+00   5.4218190e-13   4.5039050e-11   0.0000000e+00   5.5884867e-01   7.1672303e-01
   1.0216717e-01   2.8592739e-11   1.6333123e-10   3.2125115e-13   9.5475412e-11   0.0000000e+00   0.0000000e+00   5.0787618e-13   7.2920532e-12   1.4678179e-11   5.4841128e-01   7.2747040e-01
   1.0179795e-01   9.4166372e-11   5.4604474e-11   0.0000000e+00   3.5134293e-10   0.0000000e+00   3.9782572e-12   4.7085995e-13   1.0388798e-10   3.3595539e-11   5.4076401e-01   7.4118418e-01
   1.0134306e-01   5.6145025e-11   6.2234093e-11   0.0000000e+00   4.4101733e-10   0.0000000e+00   4.3447242e-12   4.0268898e-13   1.0697482e-10   0.0000000e+00   5.3137613e-01   7.5136200e-01
   1.0086043e-01   0.0000000e+00   1.7540954e-10   0.0000000e+00   2.4823416e-11   3.1930976e-10   4.0606381e-12   3.2358757e-13   7.1277436e-11   7.5627555e-11   5.2146547e-01   7.6152395e-01
   1.0035982e-01   3.8235751e-12   2.5563540e-10   5.4010795e-13   0.0000000e+00   2.5608715e-10   0.0000000e+00   3.9632680e-13   1.2916784e-10   1.3018645e-10   5.1125064e-01   7.7302296e-01
   9.9846554e-02   9.6300649e-11   1.7759412e-11   0.0000000e+00   3.4771316e-10   4.3074731e-11   5.6743058e-12   4.5274130e-13   9.4214209e-11   9.5597038e-12   5.0085863e-01   7.8134113e-01
   9.9284084e-02   0.0000000e+00   1.7689479e-10   8.6837303e-15   2.4319772e-11   3.2012043e-10   3.4061935e-12   3.2399422e-13   7.9557303e-11   2.2482562e-11   4.8957990e-01   7.9238882e-01
   9.8843274e-02   6.6510779e-13   2.1740342e-10   0.0000000e+00   1.9781310e-11   3.1314347e-10   2.0916679e-13   6.9229288e-13   1.4945132e-10   1.1275446e-10   4.8083135e-01   8.0280063e-01
   9.8353604e-02   5.5470322e-13   2.2300229e-10   3.8904252e-13   2.2466795e-11   3.3325441e-10   0.0000000e+00   6.7355334e-13   1.4694328e-10   1.1905824e-10   4.7121727e-01   8.1203425e-01
   9.7742453e-02   0.0000000e+00   1.8488252e-10   4.6622599e-12   2.5019591e-11   2.8839676e-10   0.0000000e+00   3.1685105e-13   8.9398120e-11   4.6241511e-11   4.5938839e-01   8.2045934e-01
   9.7210830e-02   1.1881120e-12   1.8550452e-10   9.1366221e-12   2.8945658e-11   2.6486043e-10   3.6689055e-12   3.2684244e-13   8.8859771e-11   6.0943545e-11   4.4926837e-01   8.2947573e-01
   9.6719718e-02   2.4678388e-12   1.7030126e-10   0.0000000e+00   2.2161721e-11   3.1558867e-10   8.5168772e-11   6.2822279e-13   5.9640000e-11   6.8164079e-11   4.4007263e-01   8.3837393e-01
   9.6141960e-02   0.0000000e+00   1.5572170e-10   0.0000000e+00   9.5191812e-12   2.0809254e-10   6.9654937e-11   5.9577755e-13   3.0373982e-11   5.4927554e-11   4.2945833e-01   8.4496817e-01
   9.5524826e-02   5.8987371e-12   6.7859501e-11   0.0000000e+00   0.0000000e+00   2.8760855e-10   4.8641494e-11   4.4781777e-13   3.3782758e-11   1.2460968e-12   4.1838331e-01   8.5290873e-01
   9.4907767e-02   1.3202360e-11   8.4936970e-11   4.8834331e-12   0.0000000e+00   3.0768015e-10   4.7734640e-11   5.2839255e-13   3.5781998e-11   0.0000000e+00   4.0760214e-01   8.6234088e-01
   9.4360633e-02   5.7393293e-12   8.4174781e-11   0.0000000e+00   0.0000000e+00   2.6335774e-10   5.8941478e-11   4.5033672e-13   3.3799627e-11   1.0587926e-12   3.9830450e-01   8.6895589e-01
   9.3739576e-02   5.2263730e-12   7.3352303e-11   0.0000000e+00   0.0000000e+00   2.5936163e-10   6.1331949e-11   4.5204729e-13   4.4181454e-11   0.0000000e+00   3.8806808e-01   8.7676225e-01
   9.3079042e-02   9.4331462e-12   7.2978488e-11   6.1703409e-13   0.0000000e+00   2.7675178e-10   5.6177504e-11   4.8961342e-13   4.1327626e-11   0.0000000e+00   3.7757388e-01   8.8481907e-01
   9.2410656e-02   8.8144221e-12   7.3025226e-11   0.0000000e+00   0.0000000e+00   2.8367518e-10   7.7786949e-11   4.9541212e-13   4.0366069e-11   3.9659508e-11   3.6739166e-01   8.9315600e-01
   9.1850328e-02   3.5736167e-12   3.1250609e-11   7.5801018e-11   1.9525998e-11   1.5960233e-10   1.2631214e-10   2.6221528e-13   2.7021008e-11   3.2304187e-10   3.5921195e-01   9.0174038e-01
   9.1118835e-02   4.0310034e-12   0.0000000e+00   7.1053063e-11   0.0000000e+00   1.8238712e-10   1.5233394e-10   2.2612116e-13   4.4128022e-12   3.9015641e-10   3.4904720e-01   9.0912125e-01
   9.0320879e-02   4.6257459e-12   0.0000000e+00   7.7959418e-11   0.0000000e+00   2.0210935e-10   2.0109634e-10   2.4556927e-13   3.6134790e-12   3.4877576e-10   3.3865455e-01   9.1639330e-01
   8.9547589e-02   6.1939704e-12   9.0208553e-12   7.4789450e-11   8.0977657e-12   1.8637548e-10   2.4874787e-10   2.8586021e-13   5.5834987e-11   3.1003796e-10   3.2930938e-01   9.2301144e-01
   8.8625605e-02   2.2359989e-12   4.5158051e-11   5.8556775e-11   4.1924292e-12   2.5121623e-10   2.9491872e-10   3.2434335e-13   1.7294078e-11   6.4642339e-12   3.1914535e-01   9.2731727e-01
   8.7550902e-02   4.4776611e-12   2.1936026e-11   4.4651520e-11   2.3717726e-11   2.3961473e-10   3.0487427e-10   3.0042687e-13   6.4977929e-12   3.0478513e-11   3.0870182e-01   9.3366407e-01
   8.6487283e-02   4.4361923e-12   2.5339357e-11   5.3487690e-11   2.0794582e-11   2.3823018e-10   2.9210153e-10   2.9888971e-13   6.0661572e-12   5.0128974e-11   2.9991848e-01   9.3902295e-01
   8.4926499e-02   5.3921858e-12   3.3089079e-12   3.2192336e-11   8.0192306e-12   2.2238725e-10   3.1490956e-10   2.1732220e-13   4.6610873e-12   0.0000000e+00   2.8994432e-01   9.4365331e-01
   8.1432772e-02   1.6025471e-09   5.1403750e-07   5.6919855e-08   2.9437894e-08   1.6334239e-08   6.7672837e-08   1.2534131e-12   7.5545242e-09   4.4345847e-09   2.8077580e-01   1.0816506e+00
