   1.7601031e-01   7.7561307e-14   0.0000000e+00   0.0000000e+00   0.0000000e+00   0.0000000e+00   0.0000000e+00   0.0000000e+00   1.9778437e-14   0.0000000e+00   9.9998569e-01   5.8249008e-03
   1.8436936e-01   8.6112787e-14   0.0000000e+00   0.0000000e+00   0.0000000e+00   0.0000000e+00   0.0000000e+00   0.0000000e+00   2.0333034e-14   0.0000000e+00   9.9940950e-01   7.1043813e-03
   1.4350985e-01   2.6094479e-13   0.0000000e+00   0.0000000e+00   0.0000000e+00   0.0000000e+00   0.0000000e+00   0.0000000e+00   1.8935299e-14   1.1208449e-13   9.9678412e-01   1.4601172e-02
   1.4018924e-01   2.5373798e-13   0.0000000e+00   0.0000000e+00   0.0000000e+00   0.0000000e+00   0.0000000e+00   0.0000000e+00   1.8784823e-14   1.1731985e-13   9.9313821e-01   2.1815511e-02
   1.3769516e-01   0.0000000e+00   0.0000000e+00   0.0000000e+00   0.0000000e+00   0.0000000e+00   0.0000000e+00   0.0000000e+00   2.0585322e-14   1.4225240e-13   9.8868636e-01   2.9016018e-02
   1.3506122e-01   1.8390572e-13   0.0000000e+00   0.0000000e+00   0.0000000e+00   0.0000000e+00   0.0000000e+00   0.0000000e+00   2.1731900e-14   1.4541676e-13   9.8181350e-01   4.3882105e-02
   1.3382231e-01   1.8633799e-13   0.0000000e+00   0.0000000e+00   0.0000000e+00   0.0000000e+00   0.0000000e+00   0.0000000e+00   2.1574608e-14   1.4540132e-13   9.7764067e-01   5.2038496e-02
   1.3281953e-01   3.3216303e-13   0.0000000e+00   0.0000000e+00   0.0000000e+00   0.0000000e+00   0.0000000e+00   0.0000000e+00   1.8785641e-14   1.2272772e-13   9.7375989e-01   6.0172359e-02
   1.3186902e-01   2.9598388e-13   0.0000000e+00   0.0000000e+00   0.0000000e+00   0.0000000e+00   0.0000000e+00   0.0000000e+00   1.9172163e-14   1.2889797e-13   9.6963146e-01   6.8027689e-02
   2.0460759e-01   7.0627013e-14   0.0000000e+00   0.0000000e+00   0.0000000e+00   0.0000000e+00   0.0000000e+00   0.0000000e+00   1.9667145e-14   5.8879118e-14   9.6492708e-01   7.5142046e-02
   1.3016039e-01   1.7666508e-13   0.0000000e+00   0.0000000e+00   0.0000000e+00   0.0000000e+00   0.0000000e+00   0.0000000e+00   1.9808040e-14   1.5259572e-13   9.6101421e-01   8.4119702e-02
   2.0645255e-01   0.0000000e+00   0.0000000e+00   0.0000000e+00   0.0000000e+00   0.0000000e+00   0.0000000e+00   0.0000000e+00   1.9666391e-14   6.6654618e-14   9.5609334e-01   9.1269406e-02
   1.2873849e-01   1.8346036e-13   0.0000000e+00   0.0000000e+00   0.0000000e+00   0.0000000e+00   0.0000000e+00   0.0000000e+00   2.0073227e-14   1.4547614e-13   9.5257043e-01   1.0021299e-01
   1.2798287e-01   0.0000000e+00   0.0000000e+00   0.0000000e+00   0.0000000e+00   0.0000000e+00   0.0000000e+00   0.0000000e+00   2.2282647e-14   8.2176085e-14   9.4757909e-01   1.0769257e-01
   1.2740884e-01   4.6587326e-14   0.0000000e+00   0.0000000e+00   0.0000000e+00   0.0000000e+00   0.0000000e+00   0.0000000e+00   2.0626483e-14   1.6256504e-13   9.4354277e-01   1.1651595e-01
   1.2674137e-01   1.3254847e-14   0.0000000e+00   0.0000000e+00   0.0000000e+00   0.0000000e+00   0.0000000e+00   0.0000000e+00   2.2344627e-14   7.9401288e-14   9.3857645e-01   1.2475773e-01
   1.2611358e-01   1.8018604e-14   0.0000000e+00   0.0000000e+00   0.0000000e+00   0.0000000e+00   0.0000000e+00   0.0000000e+00   1.8536797e-14   4.9893883e-14   9.3363063e-01   1.3360046e-01
   1.2557638e-01   1.5469871e-14   0.0000000e+00   0.0000000e+00   0.0000000e+00   0.0000000e+00   0.0000000e+00   0.0000000e+00   2.5967625e-14   6.0518181e-14   9.2918237e-01   1.4208394e-01
   1.2507186e-01   2.1373514e-15   0.0000000e+00   0.0000000e+00   0.0000000e+00   0.0000000e+00   0.0000000e+00   0.0000000e+00   2.2821123e-14   1.1007739e-13   9.2481981e-01   1.5054382e-01
   1.2447402e-01   1.4371698e-14   0.0000000e+00   0.0000000e+00   0.0000000e+00   0.0000000e+00   0.0000000e+00   0.0000000e+00   2.4962927e-14   4.2883864e-15   9.1941449e-01   1.5905435e-01
   1.2395662e-01   8.8799447e-15   0.0000000e+00   0.0000000e+00   0.0000000e+00   0.0000000e+00   0.0000000e+00   0.0000000e+00   1.9143059e-14   2.9645262e-14   9.1452710e-01   1.6831076e-01
   1.2342770e-01   1.0084088e-14   0.0000000e+00   0.0000000e+00   0.0000000e+00   0.0000000e+00   0.0000000e+00   0.0000000e+00   2.1041055e-14   5.6185433e-15   9.0932724e-01   1.7727582e-01
   1.2294780e-01   1.3819115e-14   0.0000000e+00   0.0000000e+00   0.0000000e+00   0.0000000e+00   0.0000000e+00   0.0000000e+00   2.0768817e-14   4.2941920e-15   9.0442934e-01   1.8619802e-01
   1.2247018e-01   1.3856179e-14   0.0000000e+00   0.0000000e+00   0.0000000e+00   0.0000000e+00   0.0000000e+00   0.0000000e+00   2.2501062e-14   4.1550155e-15   8.9938319e-01   1.9532237e-01
   1.2197060e-01   0.0000000e+00   0.0000000e+00   0.0000000e+00   0.0000000e+00   0.0000000e+00   0.0000000e+00   0.0000000e+00   2.0410431e-14   0.0000000e+00   8.9392056e-01   2.0443640e-01
   1.2153848e-01   2.9440671e-15   0.0000000e+00   0.0000000e+00   0.0000000e+00   0.0000000e+00   0.0000000e+00   0.0000000e+00   2.4976577e-14   4.3752232e-15   8.8904245e-01   2.1354352e-01
   1.2109206e-01   1.3977668e-14   0.0000000e+00   0.0000000e+00   0.0000000e+00   0.0000000e+00   0.0000000e+00   0.0000000e+00   1.5742244e-14   3.9431204e-15   8.8385325e-01   2.2276401e-01
   1.2062442e-01   8.5625363e-16   0.0000000e+00   0.0000000e+00   0.0000000e+00   0.0000000e+00   0.0000000e+00   0.0000000e+00   2.0521110e-14   1.0046633e-15   8.7825356e-01   2.3222763e-01
   1.2016867e-01   2.2134657e-15   0.0000000e+00   0.0000000e+00   0.0000000e+00   0.0000000e+00   0.0000000e+00   0.0000000e+00   1.2518013e-14   0.0000000e+00   8.7263495e-01   2.4169453e-01
   1.1974538e-01   3.4449479e-15   0.0000000e+00   0.0000000e+00   0.0000000e+00   0.0000000e+00   0.0000000e+00   0.0000000e+00   1.2469443e-14   1.5100410e-16   8.6727362e-01   2.5107528e-01
   1.1930569e-01   2.9258286e-15   0.0000000e+00   0.0000000e+00   0.0000000e+00   0.0000000e+00   0.0000000e+00   0.0000000e+00   1.1696950e-14   4.3495201e-16   8.6155913e-01   2.6088473e-01
   1.1888432e-01   6.2247120e-15   0.0000000e+00   0.0000000e+00   0.0000000e+00   0.0000000e+00   0.0000000e+00   0.0000000e+00   1.1392934e-14   2.1322451e-15   8.5594376e-01   2.7073256e-01
   1.1846817e-01   2.5698436e-15   0.0000000e+00   0.0000000e+00   0.0000000e+00   0.0000000e+00   0.0000000e+00   0.0000000e+00   1.2472757e-14   1.3222746e-15   8.5026512e-01   2.8024883e-01
   1.1805028e-01   2.1881269e-15   0.0000000e+00   0.0000000e+00   0.0000000e+00   0.0000000e+00   0.0000000e+00   0.0000000e+00   1.1937056e-14   1.6623597e-15   8.4443050e-01   2.9008996e-01
   1.1763520e-01   1.3073115e-14   0.0000000e+00   0.0000000e+00   0.0000000e+00   0.0000000e+00   0.0000000e+00   0.0000000e+00   2.3846142e-15   3.2584877e-15   8.3850459e-01   3.0018067e-01
   1.1721956e-01   1.7246405e-14   0.0000000e+00   0.0000000e+00   0.0000000e+00   0.0000000e+00   0.0000000e+00   0.0000000e+00   2.5650392e-15   2.2866352e-15   8.3244139e-01   3.1043025e-01
   1.1683025e-01   1.8180507e-16   0.0000000e+00   0.0000000e+00   0.0000000e+00   0.0000000e+00   0.0000000e+00   0.0000000e+00   1.9568301e-14   6.7897643e-15   8.2664578e-01   3.2018420e-01
   1.1640656e-01   9.1836958e-15   0.0000000e+00   0.0000000e+00   0.0000000e+00   0.0000000e+00   0.0000000e+00   0.0000000e+00   2.5537391e-15   9.9481314e-16   8.2021165e-01   3.3017050e-01
   1.1599531e-01   9.6179502e-16   0.0000000e+00   0.0000000e+00   0.0000000e+00   0.0000000e+00   0.0000000e+00   0.0000000e+00   8.2338630e-15   0.0000000e+00   8.1384160e-01   3.4033497e-01
   1.1562582e-01   5.5868659e-14   0.0000000e+00   0.0000000e+00   0.0000000e+00   0.0000000e+00   0.0000000e+00   0.0000000e+00   1.1754930e-15   5.0661123e-15   8.0801479e-01   3.5139533e-01
   1.1520591e-01   2.0758934e-14   0.0000000e+00   0.0000000e+00   0.0000000e+00   0.0000000e+00   0.0000000e+00   0.0000000e+00   7.9749772e-15   3.0349709e-16   8.0127535e-01   3.6147700e-01
   1.1478782e-01   1.5898620e-14   0.0000000e+00   0.0000000e+00   0.0000000e+00   0.0000000e+00   0.0000000e+00   0.0000000e+00   3.9122943e-16   4.5101040e-15   7.9444302e-01   3.7207659e-01
   1.1437155e-01   9.2685029e-16   0.0000000e+00   0.0000000e+00   0.0000000e+00   0.0000000e+00   0.0000000e+00   0.0000000e+00   1.0874975e-14   0.0000000e+00   7.8752140e-01   3.8258305e-01
   1.1400484e-01   1.5519242e-14   0.0000000e+00   0.0000000e+00   0.0000000e+00   0.0000000e+00   0.0000000e+00   0.0000000e+00   0.0000000e+00   4.5731230e-15   7.8132739e-01   3.9267578e-01
   1.1358189e-01   0.0000000e+00   0.0000000e+00   0.0000000e+00   0.0000000e+00   0.0000000e+00   0.0000000e+00   0.0000000e+00   6.9427199e-15   8.9088347e-15   7.7407364e-01   4.0375646e-01
   1.1318078e-01   0.0000000e+00   0.0000000e+00   0.0000000e+00   0.0000000e+00   0.0000000e+00   0.0000000e+00   0.0000000e+00   4.3461721e-16   3.7252359e-15   7.6708789e-01   4.1367127e-01
   1.1277700e-01   1.9970613e-15   0.0000000e+00   0.0000000e+00   0.0000000e+00   0.0000000e+00   0.0000000e+00   0.0000000e+00   5.0929636e-16   3.4692085e-15   7.5995398e-01   4.2474779e-01
   1.1239261e-01   2.4834706e-15   0.0000000e+00   0.0000000e+00   0.0000000e+00   0.0000000e+00   0.0000000e+00   0.0000000e+00   1.1999490e-14   4.4321256e-15   7.5307000e-01   4.3590332e-01
   1.1197751e-01   2.7809619e-16   0.0000000e+00   0.0000000e+00   0.0000000e+00   0.0000000e+00   0.0000000e+00   0.0000000e+00   0.0000000e+00   4.2265139e-15   7.4553781e-01   4.4626676e-01
   1.1155574e-01   0.0000000e+00   0.0000000e+00   0.0000000e+00   0.0000000e+00   0.0000000e+00   0.0000000e+00   0.0000000e+00   0.0000000e+00   3.2892270e-15   7.3778324e-01   4.5759678e-01
   1.1116959e-01   2.7659016e-15   0.0000000e+00   0.0000000e+00   0.0000000e+00   0.0000000e+00   0.0000000e+00   0.0000000e+00   0.0000000e+00   2.8040869e-15   7.3059722e-01   4.6840387e-01
   1.1077658e-01   2.8074183e-15   0.0000000e+00   0.0000000e+00   0.0000000e+00   0.0000000e+00   0.0000000e+00   0.0000000e+00   0.0000000e+00   3.2080082e-15   7.2320204e-01   4.7918168e-01
   1.1037608e-01   2.3278874e-15   0.0000000e+00   0.0000000e+00   0.0000000e+00   0.0000000e+00   0.0000000e+00   0.0000000e+00   0.0000000e+00   3.1962450e-15   7.1558460e-01   4.9007964e-01
   1.0997979e-01   0.0000000e+00   0.0000000e+00   0.0000000e+00   0.0000000e+00   0.0000000e+00   0.0000000e+00   0.0000000e+00   1.8277096e-14   2.4260845e-15   7.0796986e-01   5.0173568e-01
   1.0959419e-01   0.0000000e+00   0.0000000e+00   0.0000000e+00   0.0000000e+00   0.0000000e+00   0.0000000e+00   0.0000000e+00   1.8639917e-14   3.0062337e-15   7.0049018e-01   5.1228263e-01
   1.0915665e-01   4.7616847e-16   0.0000000e+00   0.0000000e+00   0.0000000e+00   0.0000000e+00   0.0000000e+00   0.0000000e+00   1.6695413e-14   2.2369183e-15   6.9192345e-01   5.2410812e-01
   1.0876254e-01   2.0835631e-15   0.0000000e+00   0.0000000e+00   0.0000000e+00   0.0000000e+00   0.0000000e+00   0.0000000e+00   1.7463097e-14   7.8866114e-17   6.8413887e-01   5.3480737e-01
   1.0835051e-01   4.2415722e-16   0.0000000e+00   0.0000000e+00   0.0000000e+00   0.0000000e+00   0.0000000e+00   0.0000000e+00   1.8052444e-14   2.7002944e-16   6.7593568e-01   5.4591044e-01
   1.0795002e-01   0.0000000e+00   0.0000000e+00   0.0000000e+00   0.0000000e+00   0.0000000e+00   0.0000000e+00   0.0000000e+00   2.0276359e-14   3.5651038e-17   6.6790334e-01   5.5674014e-01
   1.0753191e-01   0.0000000e+00   0.0000000e+00   0.0000000e+00   0.0000000e+00   0.0000000e+00   0.0000000e+00   0.0000000e+00   1.7132736e-14   5.1418549e-15   6.5946048e-01   5.6799053e-01
   1.0711636e-01   0.0000000e+00   0.0000000e+00   0.0000000e+00   0.0000000e+00   0.0000000e+00   0.0000000e+00   0.0000000e+00   1.6957022e-14   4.9898194e-15   6.5101660e-01   5.7902330e-01
   1.0669283e-01   0.0000000e+00   0.0000000e+00   0.0000000e+00   0.0000000e+00   0.0000000e+00   0.0000000e+00   0.0000000e+00   1.5221555e-14   3.7257618e-15   6.4236181e-01   5.9009309e-01
   1.0627983e-01   0.0000000e+00   0.0000000e+00   0.0000000e+00   0.0000000e+00   0.0000000e+00   0.0000000e+00   0.0000000e+00   1.5738594e-14   3.4039284e-15   6.3388029e-01   6.0090365e-01
   1.0585178e-01   0.0000000e+00   0.0000000e+00   0.0000000e+00   0.0000000e+00   0.0000000e+00   0.0000000e+00   0.0000000e+00   1.9118187e-14   6.4632291e-15   6.2505222e-01   6.1219801e-01
   1.0542820e-01   8.6552001e-16   0.0000000e+00   0.0000000e+00   0.0000000e+00   0.0000000e+00   0.0000000e+00   0.0000000e+00   2.1143390e-14   2.9020686e-16   6.1628434e-01   6.2296268e-01
   1.0497299e-01   6.9101914e-15   0.0000000e+00   0.0000000e+00   0.0000000e+00   0.0000000e+00   0.0000000e+00   0.0000000e+00   2.4936387e-14   1.3841921e-15   6.0683364e-01   6.3478664e-01
   1.0455480e-01   0.0000000e+00   0.0000000e+00   0.0000000e+00   0.0000000e+00   0.0000000e+00   0.0000000e+00   0.0000000e+00   1.8092877e-14   5.0445943e-15   5.9813219e-01   6.4498801e-01
   1.0411996e-01   7.4069506e-15   0.0000000e+00   0.0000000e+00   0.0000000e+00   0.0000000e+00   0.0000000e+00   0.0000000e+00   2.5408383e-14   1.4182737e-15   5.8907153e-01   6.5600368e-01
   1.0369117e-01   8.9621532e-16   0.0000000e+00   0.0000000e+00   0.0000000e+00   0.0000000e+00   0.0000000e+00   0.0000000e+00   1.4973163e-14   3.1811346e-16   5.8013108e-01   6.6592398e-01
   1.0325285e-01   5.5960796e-15   0.0000000e+00   0.0000000e+00   0.0000000e+00   0.0000000e+00   0.0000000e+00   0.0000000e+00   2.1590634e-14   1.4369193e-15   5.7099299e-01   6.7679963e-01
   1.0279846e-01   2.0753511e-21   0.0000000e+00   0.0000000e+00   0.0000000e+00   0.0000000e+00   0.0000000e+00   0.0000000e+00   1.8323688e-14   8.0168051e-15   5.6152884e-01   6.8743737e-01
   1.0229950e-01   0.0000000e+00   0.0000000e+00   0.0000000e+00   0.0000000e+00   0.0000000e+00   0.0000000e+00   0.0000000e+00   0.0000000e+00   9.7058923e-16   5.5115698e-01   6.9742149e-01
   1.0183931e-01   2.3537370e-20   0.0000000e+00   0.0000000e+00   0.0000000e+00   0.0000000e+00   0.0000000e+00   0.0000000e+00   0.0000000e+00   2.3246023e-18   5.4161953e-01   7.0691135e-01
   1.0138413e-01   0.0000000e+00   0.0000000e+00   0.0000000e+00   0.0000000e+00   0.0000000e+00   0.0000000e+00   0.0000000e+00   0.0000000e+00   0.0000000e+00   5.3222206e-01   7.1673967e-01
   1.0090029e-01   8.2609920e-22   0.0000000e+00   0.0000000e+00   0.0000000e+00   0.0000000e+00   0.0000000e+00   0.0000000e+00   0.0000000e+00   3.1575641e-19   5.2228173e-01   7.2737866e-01
   1.0045725e-01   0.0000000e+00   0.0000000e+00   0.0000000e+00   0.0000000e+00   0.0000000e+00   0.0000000e+00   0.0000000e+00   5.5781845e-20   6.2915932e-18   5.1323277e-01   7.3692162e-01
   9.9973903e-02   0.0000000e+00   0.0000000e+00   0.0000000e+00   0.0000000e+00   0.0000000e+00   0.0000000e+00   0.0000000e+00   3.1069650e-19   1.8008545e-19   5.0342868e-01   7.4673195e-01
   9.9504079e-02   0.0000000e+00   0.0000000e+00   0.0000000e+00   0.0000000e+00   0.0000000e+00   0.0000000e+00   0.0000000e+00   0.0000000e+00   0.0000000e+00   4.9397663e-01   7.5598709e-01
   9.9019037e-02   0.0000000e+00   0.0000000e+00   0.0000000e+00   0.0000000e+00   0.0000000e+00   0.0000000e+00   0.0000000e+00   0.0000000e+00   0.0000000e+00   4.8430946e-01   7.6544434e-01
   9.8523584e-02   0.0000000e+00   0.0000000e+00   0.0000000e+00   0.0000000e+00   0.0000000e+00   0.0000000e+00   0.0000000e+00   0.0000000e+00   0.0000000e+00   4.7454155e-01   7.7481032e-01
   9.8004202e-02   0.0000000e+00   0.0000000e+00   0.0000000e+00   0.0000000e+00   0.0000000e+00   0.0000000e+00   0.0000000e+00   2.1522236e-18   0.0000000e+00   4.6443019e-01   7.8454654e-01
   9.7495953e-02   0.0000000e+00   0.0000000e+00   0.0000000e+00   0.0000000e+00   0.0000000e+00   0.0000000e+00   0.0000000e+00   0.0000000e+00   5.3023289e-20   4.5467543e-01   7.9336541e-01
   9.6980936e-02   0.0000000e+00   0.0000000e+00   0.0000000e+00   0.0000000e+00   0.0000000e+00   0.0000000e+00   0.0000000e+00   1.6086306e-18   2.1814370e-17   4.4494473e-01   8.0245721e-01
   9.6460539e-02   0.0000000e+00   0.0000000e+00   0.0000000e+00   0.0000000e+00   0.0000000e+00   0.0000000e+00   0.0000000e+00   3.5126776e-17   0.0000000e+00   4.3528290e-01   8.1100459e-01
   9.5908269e-02   0.0000000e+00   0.0000000e+00   0.0000000e+00   0.0000000e+00   0.0000000e+00   0.0000000e+00   0.0000000e+00   1.7494444e-18   1.5953964e-17   4.2523149e-01   8.1957616e-01
   9.5334386e-02   0.0000000e+00   0.0000000e+00   0.0000000e+00   0.0000000e+00   0.0000000e+00   0.0000000e+00   0.0000000e+00   0.0000000e+00   0.0000000e+00   4.1502375e-01   8.2775528e-01
   9.4789925e-02   0.0000000e+00   0.0000000e+00   0.0000000e+00   0.0000000e+00   0.0000000e+00   0.0000000e+00   0.0000000e+00   0.0000000e+00   9.9373542e-19   4.0557826e-01   8.3569732e-01
   9.4205520e-02   0.0000000e+00   0.0000000e+00   0.0000000e+00   0.0000000e+00   0.0000000e+00   0.0000000e+00   0.0000000e+00   0.0000000e+00   1.7460581e-17   3.9571551e-01   8.4379771e-01
   9.3609495e-02   4.8325319e-19   0.0000000e+00   0.0000000e+00   0.0000000e+00   0.0000000e+00   0.0000000e+00   0.0000000e+00   4.7120639e-18   7.5590186e-18   3.8596866e-01   8.5138496e-01
   9.2984248e-02   1.0542127e-16   0.0000000e+00   0.0000000e+00   0.0000000e+00   0.0000000e+00   0.0000000e+00   0.0000000e+00   1.6885860e-18   9.9555614e-17   3.7610248e-01   8.5925801e-01
   9.2331809e-02   1.5346158e-16   0.0000000e+00   0.0000000e+00   0.0000000e+00   0.0000000e+00   0.0000000e+00   0.0000000e+00   4.8473566e-18   1.2106418e-16   3.6622061e-01   8.6664428e-01
   9.1662035e-02   1.0606682e-16   0.0000000e+00   0.0000000e+00   0.0000000e+00   0.0000000e+00   0.0000000e+00   0.0000000e+00   6.5374059e-18   1.0314153e-16   3.5653887e-01   8.7358978e-01
   9.0923500e-02   1.0003739e-16   0.0000000e+00   0.0000000e+00   0.0000000e+00   0.0000000e+00   0.0000000e+00   0.0000000e+00   5.6993961e-18   9.6673224e-17   3.4643469e-01   8.8067713e-01
   9.0210724e-02   1.7395353e-16   0.0000000e+00   0.0000000e+00   0.0000000e+00   0.0000000e+00   0.0000000e+00   0.0000000e+00   0.0000000e+00   4.8210751e-17   3.3727890e-01   8.8694944e-01
   8.9393832e-02   4.5305951e-17   0.0000000e+00   0.0000000e+00   0.0000000e+00   0.0000000e+00   0.0000000e+00   0.0000000e+00   4.7805271e-16   0.0000000e+00   3.2753926e-01   8.9358821e-01
   8.8515117e-02   4.1808007e-17   0.0000000e+00   0.0000000e+00   0.0000000e+00   0.0000000e+00   0.0000000e+00   0.0000000e+00   3.7117602e-16   6.8470987e-19   3.1800088e-01   8.9969137e-01
   8.7531641e-02   4.5207221e-17   0.0000000e+00   0.0000000e+00   0.0000000e+00   0.0000000e+00   0.0000000e+00   0.0000000e+00   5.8696749e-16   0.0000000e+00   3.0852885e-01   9.0571225e-01
   8.6380605e-02   2.3630723e-16   0.0000000e+00   0.0000000e+00   0.0000000e+00   0.0000000e+00   0.0000000e+00   0.0000000e+00   0.0000000e+00   0.0000000e+00   2.9912507e-01   9.1122604e-01
   8.4928178e-02   3.8180340e-16   0.0000000e+00   0.0000000e+00   0.0000000e+00   0.0000000e+00   0.0000000e+00   0.0000000e+00   0.0000000e+00   0.0000000e+00   2.8995314e-01   9.1671454e-01
   8.1426238e-02   7.2025388e-05   1.3915159e-04   0.0000000e+00   0.0000000e+00   0.0000000e+00   8.9738384e-05   0.0000000e+00   2.2212188e-05   5.2702188e-05   2.8077608e-01   1.6777435e+00
