   8.2502088e-01   0.0000000e+00   0.0000000e+00   0.0000000e+00   0.0000000e+00   0.0000000e+00   0.0000000e+00   0.0000000e+00   0.0000000e+00   0.0000000e+00   9.9999947e-01   1.0649624e-06
   9.6471282e-01   0.0000000e+00   1.1946108e-14   0.0000000e+00   1.7352847e-15   0.0000000e+00   0.0000000e+00   0.0000000e+00   1.0043148e-14   1.6877541e-14   9.9883434e-01   6.9840920e-03
   8.7879395e-01   0.0000000e+00   1.0723740e-15   0.0000000e+00   0.0000000e+00   0.0000000e+00   0.0000000e+00   0.0000000e+00   3.7212315e-15   0.0000000e+00   9.9445496e-01   1.3776854e-02
   8.8474769e-01   0.0000000e+00   2.0604394e-15   0.0000000e+00   0.0000000e+00   0.0000000e+00   4.0423500e-17   0.0000000e+00   0.0000000e+00   1.5598389e-19   9.9088288e-01   2.0354650e-02
   7.8215899e-01   0.0000000e+00   3.0860852e-15   0.0000000e+00   0.0000000e+00   0.0000000e+00   0.0000000e+00   0.0000000e+00   0.0000000e+00   0.0000000e+00   9.8651227e-01   2.9208692e-02
   8.9587222e-01   0.0000000e+00   1.3212868e-15   0.0000000e+00   0.0000000e+00   0.0000000e+00   0.0000000e+00   0.0000000e+00   0.0000000e+00   0.0000000e+00   9.8269415e-01   3.6258615e-02
   9.0004297e-01   0.0000000e+00   1.4759628e-14   0.0000000e+00   1.8560798e-15   0.0000000e+00   0.0000000e+00   0.0000000e+00   0.0000000e+00   2.0284932e-14   9.7975172e-01   4.4545108e-02
   9.2236976e-01   0.0000000e+00   0.0000000e+00   0.0000000e+00   0.0000000e+00   0.0000000e+00   0.0000000e+00   0.0000000e+00   0.0000000e+00   2.2194736e-14   9.7586797e-01   5.1593454e-02
   7.7123131e-01   0.0000000e+00   4.1951474e-15   0.0000000e+00   0.0000000e+00   0.0000000e+00   0.0000000e+00   0.0000000e+00   0.0000000e+00   0.0000000e+00   9.7209107e-01   5.7609352e-02
   6.1301300e-01   0.0000000e+00   8.8495829e-15   0.0000000e+00   0.0000000e+00   0.0000000e+00   0.0000000e+00   0.0000000e+00   4.7191006e-14   0.0000000e+00   9.6807926e-01   6.7714091e-02
   6.1141574e-01   0.0000000e+00   9.2957777e-15   6.6075131e-15   0.0000000e+00   0.0000000e+00   0.0000000e+00   0.0000000e+00   4.7984775e-14   0.0000000e+00   9.6416149e-01   7.5427165e-02
   6.0974474e-01   0.0000000e+00   1.2572175e-14   0.0000000e+00   0.0000000e+00   0.0000000e+00   0.0000000e+00   0.0000000e+00   4.1048946e-14   5.9432700e-15   9.5986205e-01   8.3590886e-02
   6.0811945e-01   0.0000000e+00   1.1838853e-14   0.0000000e+00   0.0000000e+00   0.0000000e+00   0.0000000e+00   0.0000000e+00   3.8860539e-14   5.1289029e-15   9.5551641e-01   9.1814418e-02
   7.4625547e-01   0.0000000e+00   4.7969152e-17   0.0000000e+00   0.0000000e+00   0.0000000e+00   0.0000000e+00   0.0000000e+00   0.0000000e+00   0.0000000e+00   9.5021194e-01   9.7919987e-02
   6.0502905e-01   0.0000000e+00   2.4591950e-14   1.8700841e-15   0.0000000e+00   0.0000000e+00   0.0000000e+00   0.0000000e+00   4.3646725e-14   6.9631847e-15   9.4694841e-01   1.0847488e-01
   6.0350130e-01   0.0000000e+00   1.1213327e-14   0.0000000e+00   0.0000000e+00   0.0000000e+00   0.0000000e+00   0.0000000e+00   4.5009397e-14   1.0345604e-14   9.4264111e-01   1.1640619e-01
   6.0202593e-01   0.0000000e+00   1.1269592e-17   0.0000000e+00   0.0000000e+00   0.0000000e+00   0.0000000e+00   0.0000000e+00   6.8991928e-14   1.9596716e-15   9.3848788e-01   1.2427816e-01
   6.0041236e-01   0.0000000e+00   9.0061895e-15   0.0000000e+00   0.0000000e+00   0.0000000e+00   0.0000000e+00   0.0000000e+00   4.7132968e-14   1.0866874e-14   9.3399959e-01   1.3258861e-01
   5.9844556e-01   0.0000000e+00   8.9857845e-17   0.0000000e+00   0.0000000e+00   0.0000000e+00   0.0000000e+00   0.0000000e+00   5.1120529e-14   1.3967114e-15   9.2868019e-01   1.4218253e-01
   5.9678138e-01   0.0000000e+00   5.8376769e-17   0.0000000e+00   0.0000000e+00   0.0000000e+00   0.0000000e+00   0.0000000e+00   4.6244007e-14   8.0715330e-19   9.2437717e-01   1.4999187e-01
   5.6828221e-01   0.0000000e+00   3.9488205e-18   0.0000000e+00   0.0000000e+00   0.0000000e+00   0.0000000e+00   0.0000000e+00   4.2146587e-14   1.3240680e-16   9.1937192e-01   1.5909847e-01
   5.7052939e-01   0.0000000e+00   3.9831115e-16   0.0000000e+00   0.0000000e+00   0.0000000e+00   0.0000000e+00   0.0000000e+00   4.0204631e-14   1.6370253e-16   9.1444436e-01   1.6807423e-01
   5.7319723e-01   0.0000000e+00   0.0000000e+00   0.0000000e+00   0.0000000e+00   0.0000000e+00   0.0000000e+00   0.0000000e+00   4.0991454e-14   0.0000000e+00   9.0955151e-01   1.7698384e-01
   5.7705832e-01   0.0000000e+00   0.0000000e+00   0.0000000e+00   0.0000000e+00   0.0000000e+00   0.0000000e+00   0.0000000e+00   4.0283749e-14   1.6006596e-19   9.0465971e-01   1.8581946e-01
   5.8156749e-01   0.0000000e+00   6.7634972e-15   0.0000000e+00   0.0000000e+00   0.0000000e+00   5.0124809e-13   1.0415498e-14   7.9988976e-14   2.4888243e-14   9.0266477e-01   1.9355791e-01
   4.3875759e-01   0.0000000e+00   5.7800643e-15   0.0000000e+00   5.4023154e-14   0.0000000e+00   4.3978077e-13   1.3793327e-14   8.3699252e-14   2.4703791e-14   8.9883211e-01   2.0042562e-01
   2.1503294e-01   0.0000000e+00   1.1373778e-13   0.0000000e+00   9.4020347e-13   0.0000000e+00   0.0000000e+00   1.1783081e-11   1.3738838e-14   4.8189692e-12   8.9672917e-01   2.1500659e-01
   1.2169625e-01   0.0000000e+00   2.4228375e-13   1.4107964e-12   1.3172895e-15   0.0000000e+00   3.7373424e-13   1.1472544e-11   7.5808123e-14   4.9873928e-12   8.9083996e-01   2.2565805e-01
   2.1647514e-01   0.0000000e+00   2.0721225e-14   0.0000000e+00   2.3197263e-14   0.0000000e+00   2.3940725e-12   2.2787712e-15   1.5651341e-14   0.0000000e+00   8.8390083e-01   2.3027340e-01
   1.2054934e-01   0.0000000e+00   1.9073103e-14   4.3790586e-15   4.9193840e-14   0.0000000e+00   3.1531788e-12   2.7330691e-16   3.5435849e-15   1.8985787e-13   8.7733894e-01   2.4274305e-01
   1.2014728e-01   0.0000000e+00   1.8548504e-14   4.9811866e-15   5.7741400e-14   0.0000000e+00   2.7658447e-12   8.4894774e-15   1.4368253e-13   1.9024222e-13   8.7236735e-01   2.5116743e-01
   3.9727923e-01   0.0000000e+00   9.2288155e-16   0.0000000e+00   1.6478023e-15   0.0000000e+00   0.0000000e+00   7.6997684e-17   3.9989641e-14   0.0000000e+00   8.6453134e-01   2.5670736e-01
   4.4470406e-02   0.0000000e+00   2.0104898e-14   0.0000000e+00   3.5821438e-14   0.0000000e+00   1.6203288e-12   2.4891782e-15   1.1691952e-15   0.0000000e+00   8.5863713e-01   2.7299366e-01
   1.1879280e-01   0.0000000e+00   1.2800003e-14   0.0000000e+00   5.0890513e-14   0.0000000e+00   3.1984189e-12   1.1146916e-15   0.0000000e+00   1.8958149e-13   8.5470630e-01   2.8169826e-01
   1.1790971e-01   0.0000000e+00   1.3132222e-14   4.8064937e-15   3.5997256e-14   0.0000000e+00   3.0446047e-12   4.7861455e-14   3.1682280e-13   1.7721917e-13   8.4243824e-01   3.0253283e-01
   4.6134792e-02   0.0000000e+00   0.0000000e+00   0.0000000e+00   1.2683893e-13   2.5421935e-13   3.7076774e-13   9.5740443e-14   1.5529421e-15   0.0000000e+00   8.3453638e-01   3.1199364e-01
   1.1704487e-01   0.0000000e+00   1.8921353e-14   0.0000000e+00   3.4041718e-14   0.0000000e+00   2.4355940e-12   2.5279373e-15   0.0000000e+00   0.0000000e+00   8.2985473e-01   3.2233550e-01
   1.1662192e-01   0.0000000e+00   1.9008325e-14   5.8549098e-19   2.5675678e-14   0.0000000e+00   2.4371558e-12   0.0000000e+00   0.0000000e+00   0.0000000e+00   8.2349855e-01   3.3276623e-01
   1.1629274e-01   0.0000000e+00   3.0621656e-14   0.0000000e+00   8.5504882e-14   0.0000000e+00   1.8856848e-12   2.4121590e-14   1.0636067e-12   2.2411913e-13   8.1846094e-01   3.4179594e-01
   4.7711328e-02   0.0000000e+00   2.4377269e-15   0.0000000e+00   1.5407133e-13   1.3706550e-14   0.0000000e+00   3.1197390e-14   2.9800539e-14   0.0000000e+00   8.0971523e-01   3.5031832e-01
   1.1546507e-01   0.0000000e+00   1.0549169e-13   1.0510367e-13   9.8408495e-15   0.0000000e+00   2.8779218e-12   6.7648882e-13   1.1387464e-12   4.9993095e-13   8.0544952e-01   3.6427855e-01
   4.8583626e-02   0.0000000e+00   0.0000000e+00   0.0000000e+00   1.5045748e-13   1.2415825e-14   0.0000000e+00   2.6903445e-14   3.1153950e-14   0.0000000e+00   7.9518343e-01   3.7349033e-01
   4.8940313e-02   0.0000000e+00   4.2869760e-15   0.0000000e+00   1.5331584e-13   0.0000000e+00   0.0000000e+00   5.4850961e-14   2.7297760e-14   0.0000000e+00   7.8908387e-01   3.8323840e-01
   4.9249173e-02   0.0000000e+00   4.1847343e-15   0.0000000e+00   1.6267915e-13   6.2955423e-14   0.0000000e+00   0.0000000e+00   2.2673664e-14   0.0000000e+00   7.8373025e-01   3.9170440e-01
   4.9600297e-02   0.0000000e+00   7.3366454e-15   0.0000000e+00   1.2413582e-13   4.4157253e-13   0.0000000e+00   1.5323915e-13   3.2863723e-13   0.0000000e+00   7.7756449e-01   4.0382677e-01
   1.1339241e-01   0.0000000e+00   2.1533660e-14   0.0000000e+00   1.0070921e-13   0.0000000e+00   1.7232346e-12   1.0961838e-13   1.0681554e-12   2.0668228e-13   7.7078637e-01   4.1696424e-01
   5.0444422e-02   0.0000000e+00   1.7060616e-15   0.0000000e+00   1.3172159e-13   3.3399519e-13   0.0000000e+00   1.2097490e-13   5.2872020e-14   0.0000000e+00   7.6240603e-01   4.2607723e-01
   1.1256490e-01   0.0000000e+00   2.7992819e-14   1.4116251e-17   1.0204508e-13   0.0000000e+00   1.7423820e-12   4.5893297e-14   1.0582889e-12   2.2545997e-13   7.5616651e-01   4.3911008e-01
   5.1275196e-02   0.0000000e+00   2.9462023e-17   0.0000000e+00   1.3693604e-13   3.1951861e-13   0.0000000e+00   8.9154365e-14   0.0000000e+00   0.0000000e+00   7.4704613e-01   4.4886921e-01
   1.1177569e-01   0.0000000e+00   2.7437601e-14   0.0000000e+00   1.0449724e-13   0.0000000e+00   2.5343557e-12   2.8042510e-14   0.0000000e+00   2.4718762e-13   7.4183965e-01   4.6019852e-01
   5.1952141e-02   0.0000000e+00   2.9037178e-17   0.0000000e+00   1.3718049e-13   3.1822221e-13   0.0000000e+00   1.1731284e-13   0.0000000e+00   0.0000000e+00   7.3422691e-01   4.6785710e-01
   5.2474508e-02   0.0000000e+00   3.0580720e-17   0.0000000e+00   1.2866063e-13   3.5149530e-13   0.0000000e+00   1.1965497e-13   0.0000000e+00   0.0000000e+00   7.2416035e-01   4.8255182e-01
   5.2826491e-02   0.0000000e+00   0.0000000e+00   0.0000000e+00   1.3854715e-13   3.2713582e-13   0.0000000e+00   0.0000000e+00   5.9538276e-14   0.0000000e+00   7.1729620e-01   4.9217561e-01
   5.3236967e-02   0.0000000e+00   3.2333537e-17   0.0000000e+00   1.3518992e-13   3.3243585e-13   0.0000000e+00   1.5575273e-13   7.0093255e-14   0.0000000e+00   7.0921300e-01   5.0413252e-01
   5.3622195e-02   0.0000000e+00   3.6846421e-15   0.0000000e+00   1.3250610e-13   1.5490402e-14   2.4431750e-13   3.0757456e-14   3.5564639e-14   0.0000000e+00   7.0155408e-01   5.1420638e-01
   5.4010514e-02   0.0000000e+00   1.9304425e-15   0.0000000e+00   1.2660785e-13   6.2166610e-15   1.5597454e-13   0.0000000e+00   6.3712929e-14   0.0000000e+00   6.9376614e-01   5.2461986e-01
   5.4456733e-02   0.0000000e+00   0.0000000e+00   0.0000000e+00   9.6687726e-14   1.3604664e-17   2.3868407e-14   7.0507338e-14   6.0245442e-17   0.0000000e+00   6.8473845e-01   5.3617436e-01
   5.4936498e-02   0.0000000e+00   0.0000000e+00   0.0000000e+00   8.5687616e-14   0.0000000e+00   3.2867103e-14   6.8049151e-14   6.2872775e-16   1.4375792e-17   6.7494531e-01   5.4941876e-01
   5.5216257e-02   0.0000000e+00   0.0000000e+00   0.0000000e+00   1.0638801e-13   7.4966093e-16   4.6166644e-14   2.8708139e-13   0.0000000e+00   0.0000000e+00   6.6919638e-01   5.5829674e-01
   5.5622658e-02   0.0000000e+00   2.2390338e-16   0.0000000e+00   1.0576653e-13   1.2314428e-15   3.4286696e-15   6.9289889e-13   4.5865311e-19   0.0000000e+00   6.6079874e-01   5.7040236e-01
   5.6013632e-02   0.0000000e+00   1.7799050e-16   0.0000000e+00   1.0571546e-13   5.9153665e-17   3.1587960e-15   5.9061366e-13   0.0000000e+00   5.4972221e-18   6.5267248e-01   5.8078592e-01
   5.6490780e-02   0.0000000e+00   1.7260281e-16   0.0000000e+00   1.0628055e-13   7.6560973e-17   3.7002001e-15   0.0000000e+00   0.0000000e+00   6.6105861e-18   6.4269909e-01   5.9116500e-01
   5.6881484e-02   0.0000000e+00   0.0000000e+00   0.0000000e+00   1.4955256e-13   0.0000000e+00   6.9253165e-15   0.0000000e+00   1.1261044e-13   0.0000000e+00   6.3449248e-01   6.0266276e-01
   5.7353683e-02   0.0000000e+00   1.2204121e-15   0.0000000e+00   1.4075154e-13   2.0298171e-15   0.0000000e+00   2.5434235e-15   1.1159630e-13   4.9513442e-16   6.2453349e-01   6.1510348e-01
   5.7689871e-02   0.0000000e+00   1.6527529e-16   0.0000000e+00   1.4441818e-13   1.4693787e-15   0.0000000e+00   1.4025532e-19   1.5734549e-13   5.1703687e-16   6.1742059e-01   6.2411496e-01
   5.8147100e-02   0.0000000e+00   0.0000000e+00   0.0000000e+00   1.5001236e-13   0.0000000e+00   7.0287431e-15   0.0000000e+00   1.0396134e-13   0.0000000e+00   6.0772340e-01   6.3575289e-01
   5.8525986e-02   0.0000000e+00   2.0471684e-17   0.0000000e+00   1.4701300e-13   0.0000000e+00   7.1254564e-15   1.1800062e-13   1.0185938e-13   8.5395947e-19   5.9967281e-01   6.4591144e-01
   5.9013622e-02   0.0000000e+00   3.7139803e-17   0.0000000e+00   1.5354904e-13   0.0000000e+00   2.1936960e-14   0.0000000e+00   8.1936647e-14   2.2699787e-16   5.8929992e-01   6.5770868e-01
   5.9386611e-02   0.0000000e+00   0.0000000e+00   0.0000000e+00   1.1720403e-13   1.7994380e-16   3.8126202e-15   8.3035562e-13   3.7119914e-16   0.0000000e+00   5.8136301e-01   6.6887545e-01
   5.9830130e-02   0.0000000e+00   0.0000000e+00   0.0000000e+00   1.1492532e-13   0.0000000e+00   1.6687630e-15   9.0919494e-13   0.0000000e+00   0.0000000e+00   5.7192946e-01   6.7982766e-01
   6.0283351e-02   0.0000000e+00   0.0000000e+00   0.0000000e+00   1.4196095e-13   1.1642852e-14   1.3429761e-13   0.0000000e+00   4.3000902e-15   0.0000000e+00   5.6230226e-01   6.8883985e-01
   6.0755200e-02   0.0000000e+00   0.0000000e+00   0.0000000e+00   1.4105528e-13   1.2032949e-14   1.8356569e-13   0.0000000e+00   1.1544304e-15   0.0000000e+00   5.5230244e-01   7.0012703e-01
   6.1149226e-02   0.0000000e+00   0.0000000e+00   0.0000000e+00   1.3684127e-13   1.7397740e-14   1.3490842e-13   0.0000000e+00   1.0962030e-15   3.2984646e-13   5.4397716e-01   7.1005804e-01
   6.1654072e-02   0.0000000e+00   8.7220076e-18   0.0000000e+00   1.4036122e-13   9.5597752e-15   8.8147171e-14   2.4373709e-14   0.0000000e+00   5.9612293e-17   5.3335392e-01   7.2030707e-01
   6.2096036e-02   0.0000000e+00   4.0996290e-18   0.0000000e+00   1.0631687e-13   1.1376359e-14   1.1389460e-13   1.1570450e-14   0.0000000e+00   0.0000000e+00   5.2410316e-01   7.2996336e-01
   6.2575994e-02   0.0000000e+00   0.0000000e+00   0.0000000e+00   1.2451654e-13   1.0061605e-14   1.0981498e-13   9.8662727e-15   3.6389830e-15   0.0000000e+00   5.1411956e-01   7.4035914e-01
   6.3025910e-02   0.0000000e+00   0.0000000e+00   0.0000000e+00   1.3025562e-13   1.1493405e-14   1.3203798e-13   8.5646890e-15   3.2282297e-15   2.7560221e-15   5.0482924e-01   7.4992179e-01
   6.3521036e-02   0.0000000e+00   0.0000000e+00   0.0000000e+00   1.2135005e-13   1.9233599e-16   7.4382521e-14   0.0000000e+00   1.3845352e-15   0.0000000e+00   4.9469288e-01   7.5958666e-01
   6.4006979e-02   0.0000000e+00   0.0000000e+00   0.0000000e+00   1.2725286e-13   1.6486324e-14   8.5983983e-14   9.6779186e-15   0.0000000e+00   0.0000000e+00   4.8484486e-01   7.6941144e-01
   6.4489333e-02   0.0000000e+00   0.0000000e+00   0.0000000e+00   1.4216001e-13   7.1226064e-15   1.3986788e-13   1.0104861e-17   3.4746022e-15   5.9931904e-15   4.7517914e-01   7.7890996e-01
   9.8018646e-02   0.0000000e+00   1.5778851e-15   0.0000000e+00   1.5351976e-13   0.0000000e+00   9.2336580e-14   5.9649911e-15   3.4085822e-15   8.2428094e-14   4.6470950e-01   7.8886367e-01
   6.5500031e-02   0.0000000e+00   1.0212312e-15   0.0000000e+00   1.3773392e-13   4.0725050e-15   0.0000000e+00   0.0000000e+00   2.6175257e-16   2.7481527e-13   4.5532913e-01   7.9771578e-01
   6.5996517e-02   0.0000000e+00   4.8876903e-16   0.0000000e+00   8.1858719e-14   1.5001161e-16   7.5601739e-14   0.0000000e+00   1.5649975e-15   1.2498346e-14   4.4580234e-01   8.0527033e-01
   9.6460037e-02   0.0000000e+00   2.0106283e-15   0.0000000e+00   1.5001992e-13   0.0000000e+00   6.6895940e-14   5.1588980e-16   3.3855433e-15   5.9246214e-14   4.3527366e-01   8.1503840e-01
   6.7058153e-02   0.0000000e+00   0.0000000e+00   0.0000000e+00   1.3885466e-13   1.1719900e-14   1.6629427e-13   0.0000000e+00   3.3486231e-15   0.0000000e+00   4.2599519e-01   8.2314347e-01
   6.7604773e-02   0.0000000e+00   6.7677889e-17   0.0000000e+00   1.3957504e-13   1.2240814e-14   1.6374986e-13   0.0000000e+00   3.2967167e-15   0.0000000e+00   4.1612591e-01   8.3141763e-01
   6.8177784e-02   0.0000000e+00   4.4637771e-18   0.0000000e+00   1.3389257e-13   8.8221339e-16   6.0898590e-14   0.0000000e+00   2.0031836e-15   0.0000000e+00   4.0604210e-01   8.3916384e-01
   6.8765466e-02   0.0000000e+00   4.7750899e-16   0.0000000e+00   1.3832707e-13   1.7627463e-16   7.6388925e-14   1.9614862e-16   1.0024443e-15   1.0628091e-15   3.9599642e-01   8.4729045e-01
   6.9380672e-02   0.0000000e+00   2.2614919e-16   0.0000000e+00   1.3257957e-13   1.8342135e-16   7.3354692e-14   0.0000000e+00   1.6939012e-15   0.0000000e+00   3.8582128e-01   8.5517177e-01
   6.9988948e-02   0.0000000e+00   6.0273753e-17   0.0000000e+00   1.3666978e-13   1.4345621e-14   1.6043726e-13   0.0000000e+00   3.1455747e-15   4.6967003e-15   3.7612326e-01   8.6298791e-01
   9.2344844e-02   0.0000000e+00   3.0536942e-15   0.0000000e+00   1.6519115e-13   1.3281803e-15   9.0821044e-14   0.0000000e+00   5.2443660e-15   1.0130171e-13   3.6641376e-01   8.7032592e-01
   9.1685354e-02   0.0000000e+00   2.6813526e-16   0.0000000e+00   1.7680226e-13   3.7464426e-15   0.0000000e+00   0.0000000e+00   1.9087290e-15   4.3528575e-14   3.5686781e-01   8.7668383e-01
   7.1964033e-02   0.0000000e+00   5.5291225e-16   0.0000000e+00   1.4074893e-13   0.0000000e+00   7.7790084e-14   0.0000000e+00   1.6316983e-15   0.0000000e+00   3.4734421e-01   8.8334177e-01
   9.0203839e-02   0.0000000e+00   2.1205585e-16   0.0000000e+00   1.7311115e-13   4.1243438e-15   1.3533335e-14   0.0000000e+00   1.9094779e-15   4.2401287e-14   3.3719339e-01   8.9032956e-01
   8.9416567e-02   0.0000000e+00   2.3572107e-16   0.0000000e+00   1.4623426e-13   0.0000000e+00   1.2859019e-13   6.0783317e-14   0.0000000e+00   2.6005894e-13   3.2779912e-01   8.9760143e-01
   7.4424598e-02   0.0000000e+00   7.4651339e-17   0.0000000e+00   1.3864639e-13   9.5748375e-15   1.6571197e-13   2.4015241e-17   3.3546698e-15   0.0000000e+00   3.1797989e-01   9.0318174e-01
   8.7560073e-02   0.0000000e+00   6.3540832e-18   0.0000000e+00   1.7788268e-13   0.0000000e+00   4.2170550e-15   0.0000000e+00   0.0000000e+00   4.7702384e-14   3.0878436e-01   9.0859171e-01
   8.6332720e-02   0.0000000e+00   2.6494596e-15   0.0000000e+00   1.6730175e-13   1.3154018e-15   9.0840758e-14   0.0000000e+00   5.1198353e-15   8.9908916e-14   2.9877419e-01   9.1510801e-01
   7.8758447e-02   0.0000000e+00   2.1050730e-16   0.0000000e+00   1.3896984e-13   8.1256940e-15   1.2144703e-13   3.2045689e-17   3.8053453e-15   5.9881848e-14   2.8635576e-01   9.2226832e-01
   8.1455902e-02   0.0000000e+00   5.5463060e-16   0.0000000e+00   1.2926804e-13   3.3373202e-12   2.2358089e-13   5.1782514e-14   1.9184412e-17   9.6288220e-14   2.8077532e-01   9.2900776e-01
