   1.0000000e+00  -1.9978695e+00  -1.9971821e+00   1.9962991e+00  -2.4959926e+00   9.9877010e-01  -5.0265360e-01  -1.9953817e+00  -9.9858517e-01  -1.4998317e+00   1.0000000e+00   2.2466208e+01
   9.9703611e-01  -1.9982779e+00  -1.9973489e+00   1.9958308e+00  -2.4960132e+00   9.9792817e-01  -5.0212475e-01  -1.9955569e+00  -9.9854947e-01  -1.5001886e+00   9.9703611e-01   2.2473898e+01
   9.9267863e-01  -1.9982380e+00  -1.9973527e+00   1.9958663e+00  -2.4960135e+00   9.9792597e-01  -5.0204961e-01  -1.9956461e+00  -9.9853973e-01  -1.5001881e+00   9.9267863e-01   2.2484746e+01
   9.9212456e-01  -1.9982292e+00  -1.9973534e+00   1.9958691e+00  -2.4960140e+00   9.9792677e-01  -5.0207255e-01  -1.9956566e+00  -9.9853748e-01  -1.5001882e+00   9.9212456e-01   2.2486255e+01
   9.8547188e-01  -1.9983302e+00  -1.9973416e+00   1.9957996e+00  -2.4960109e+00   9.9792053e-01  -5.0220904e-01  -1.9957054e+00  -9.9854932e-01  -1.5003168e+00   9.8547188e-01   2.2504973e+01
   9.8168573e-01  -1.9982106e+00  -1.9969545e+00   1.9959168e+00  -2.4960216e+00   9.9793486e-01  -5.0222019e-01  -1.9952762e+00  -9.9856054e-01  -1.4998663e+00   9.8168573e-01   2.2514742e+01
   9.7752080e-01  -1.9986675e+00  -1.9965965e+00   1.9960257e+00  -2.4960103e+00   9.9782880e-01  -5.0215808e-01  -1.9951848e+00  -9.9855904e-01  -1.4999287e+00   9.7752080e-01   2.2526924e+01
   9.7299640e-01  -1.9983390e+00  -1.9973533e+00   1.9957824e+00  -2.4959938e+00   9.9793079e-01  -5.0225478e-01  -1.9956086e+00  -9.9855066e-01  -1.5001392e+00   9.7299640e-01   2.2538125e+01
   9.7056737e-01  -1.9983214e+00  -1.9969538e+00   1.9959230e+00  -2.4960228e+00   9.9798311e-01  -5.0232956e-01  -1.9953556e+00  -9.9853268e-01  -1.5003430e+00   9.7056737e-01   2.2546017e+01
   9.6417395e-01  -1.9981642e+00  -1.9969394e+00   1.9959567e+00  -2.4960237e+00   9.9806537e-01  -5.0227626e-01  -1.9953586e+00  -9.9856814e-01  -1.4986404e+00   9.6417395e-01   2.2559179e+01
   9.6161767e-01  -1.9979963e+00  -1.9969294e+00   1.9959456e+00  -2.4960235e+00   9.9773110e-01  -5.0220423e-01  -1.9954451e+00  -9.9854256e-01  -1.4986572e+00   9.6161767e-01   2.2565790e+01
   9.5676760e-01  -1.9984543e+00  -1.9965204e+00   1.9960345e+00  -2.4960043e+00   9.9756975e-01  -5.0215296e-01  -1.9951574e+00  -9.9859713e-01  -1.4997613e+00   9.5676760e-01   2.2582273e+01
   9.5248967e-01  -1.9983499e+00  -1.9972217e+00   1.9951998e+00  -2.4960279e+00   9.9774097e-01  -5.0191676e-01  -1.9954758e+00  -9.9858638e-01  -1.5001037e+00   9.5248967e-01   2.2593999e+01
   9.4697750e-01  -1.9977600e+00  -1.9968516e+00   1.9957094e+00  -2.4960406e+00   9.9771234e-01  -5.0198203e-01  -1.9962433e+00  -9.9870097e-01  -1.4996274e+00   9.4697750e-01   2.2604432e+01
   9.4398729e-01  -1.9977337e+00  -1.9976344e+00   1.9959309e+00  -2.4960141e+00   9.9729215e-01  -5.0279258e-01  -1.9953457e+00  -9.9878999e-01  -1.4997020e+00   9.4398729e-01   2.2618351e+01
   9.3878410e-01  -1.9977495e+00  -1.9967689e+00   1.9956373e+00  -2.4960553e+00   9.9772725e-01  -5.0196293e-01  -1.9962344e+00  -9.9876852e-01  -1.4996293e+00   9.3878410e-01   2.2626818e+01
   9.3455858e-01  -1.9979621e+00  -1.9972354e+00   1.9959802e+00  -2.4960302e+00   9.9739162e-01  -5.0246891e-01  -1.9955076e+00  -9.9875681e-01  -1.4996255e+00   9.3455858e-01   2.2641624e+01
   9.2855675e-01  -1.9977938e+00  -1.9967449e+00   1.9955848e+00  -2.4960646e+00   9.9773802e-01  -5.0197850e-01  -1.9962178e+00  -9.9881146e-01  -1.4996480e+00   9.2855675e-01   2.2654977e+01
   9.2412206e-01  -1.9961768e+00  -1.9960840e+00   1.9965932e+00  -2.4958474e+00   9.9852334e-01  -5.0107158e-01  -1.9959691e+00  -9.9800836e-01  -1.4991634e+00   9.2412206e-01   2.2663976e+01
   9.1432750e-01  -1.9959643e+00  -1.9962678e+00   1.9965485e+00  -2.4958693e+00   9.9849637e-01  -5.0154794e-01  -1.9959040e+00  -9.9810151e-01  -1.4993349e+00   9.1432750e-01   2.2692658e+01
   9.0869907e-01  -1.9965260e+00  -1.9961078e+00   1.9964900e+00  -2.4958304e+00   9.9888880e-01  -5.0099018e-01  -1.9957047e+00  -9.9815060e-01  -1.4990125e+00   9.0869907e-01   2.2706009e+01
   9.0512378e-01  -1.9961859e+00  -1.9962881e+00   1.9965762e+00  -2.4958418e+00   9.9869874e-01  -5.0100925e-01  -1.9957395e+00  -9.9825071e-01  -1.4991629e+00   9.0512378e-01   2.2716054e+01
   9.0177163e-01  -1.9960626e+00  -1.9953167e+00   1.9967378e+00  -2.4958658e+00   9.9731937e-01  -5.0154813e-01  -1.9958724e+00  -9.9816762e-01  -1.4994275e+00   9.0177163e-01   2.2730803e+01
   8.9604588e-01  -1.9960740e+00  -1.9953583e+00   1.9967459e+00  -2.4958654e+00   9.9727184e-01  -5.0153966e-01  -1.9958781e+00  -9.9813258e-01  -1.4994487e+00   8.9604588e-01   2.2746675e+01
   8.9110912e-01  -1.9952005e+00  -1.9962046e+00   1.9967879e+00  -2.4958652e+00   9.9835380e-01  -5.0157800e-01  -1.9958996e+00  -9.9811446e-01  -1.4994189e+00   8.9110912e-01   2.2759226e+01
   8.8736404e-01  -1.9980946e+00  -1.9968992e+00   1.9957436e+00  -2.4960146e+00   9.9792440e-01  -5.0228082e-01  -1.9961006e+00  -9.9870617e-01  -1.4997585e+00   8.8736404e-01   2.2769944e+01
   8.7994070e-01  -1.9961867e+00  -1.9963457e+00   1.9971053e+00  -2.4959155e+00   9.9850601e-01  -5.0086424e-01  -1.9948426e+00  -9.9820155e-01  -1.4991764e+00   8.7994070e-01   2.2788134e+01
   8.7482175e-01  -1.9958920e+00  -1.9958095e+00   1.9967998e+00  -2.4957604e+00   9.9760728e-01  -5.0150181e-01  -1.9959714e+00  -9.9794742e-01  -1.4995955e+00   8.7482175e-01   2.2804865e+01
   8.6876504e-01  -1.9963923e+00  -1.9974675e+00   1.9966876e+00  -2.4964246e+00   9.9718192e-01  -5.0163084e-01  -1.9966850e+00  -9.9917170e-01  -1.4992463e+00   8.6876504e-01   2.2817493e+01
   8.6537254e-01  -1.9964371e+00  -1.9950529e+00   1.9970627e+00  -2.4956193e+00   9.9868470e-01  -5.0183274e-01  -1.9959731e+00  -9.9823199e-01  -1.4995194e+00   8.6537254e-01   2.2832517e+01
   8.5786235e-01  -1.9962047e+00  -1.9954170e+00   1.9969009e+00  -2.4962043e+00   9.9816230e-01  -5.0101104e-01  -1.9960521e+00  -9.9715255e-01  -1.4986540e+00   8.5786235e-01   2.2850397e+01
   8.5386006e-01  -1.9963677e+00  -1.9972691e+00   1.9966282e+00  -2.4964677e+00   9.9709269e-01  -5.0195828e-01  -1.9966031e+00  -9.9914471e-01  -1.4992114e+00   8.5386006e-01   2.2861265e+01
   8.4758064e-01  -1.9963233e+00  -1.9973343e+00   1.9966034e+00  -2.4962686e+00   9.9652499e-01  -5.0174963e-01  -1.9967069e+00  -9.9883119e-01  -1.4991690e+00   8.4758064e-01   2.2879937e+01
   8.4178455e-01  -1.9963343e+00  -1.9973406e+00   1.9966026e+00  -2.4962226e+00   9.9648765e-01  -5.0175575e-01  -1.9967315e+00  -9.9883066e-01  -1.4991029e+00   8.4178455e-01   2.2896578e+01
   8.3538310e-01  -1.9963326e+00  -1.9973536e+00   1.9965819e+00  -2.4963406e+00   9.9655731e-01  -5.0178048e-01  -1.9967529e+00  -9.9883459e-01  -1.4991931e+00   8.3538310e-01   2.2914892e+01
   8.2987248e-01  -1.9965331e+00  -1.9977304e+00   1.9966549e+00  -2.4962823e+00   9.9659602e-01  -5.0154783e-01  -1.9965977e+00  -9.9868829e-01  -1.4991442e+00   8.2987248e-01   2.2929691e+01
   8.2370177e-01  -1.9967159e+00  -1.9980086e+00   1.9971901e+00  -2.4962225e+00   9.9650977e-01  -5.0120910e-01  -1.9967197e+00  -9.9870968e-01  -1.4991584e+00   8.2370177e-01   2.2946289e+01
   8.1813138e-01  -1.9964599e+00  -1.9985708e+00   1.9980112e+00  -2.4973135e+00   9.9687057e-01  -4.9885117e-01  -1.9976059e+00  -9.9692673e-01  -1.4987963e+00   8.1813138e-01   2.2961701e+01
   8.1198115e-01  -1.9964024e+00  -1.9986371e+00   1.9981682e+00  -2.4972135e+00   9.9597872e-01  -4.9929023e-01  -1.9973409e+00  -9.9701288e-01  -1.4991146e+00   8.1198115e-01   2.2982870e+01
   8.0627985e-01  -1.9960053e+00  -1.9985679e+00   1.9983953e+00  -2.4965475e+00   9.9561255e-01  -4.9937852e-01  -1.9974587e+00  -9.9711209e-01  -1.4990712e+00   8.0627985e-01   2.3001633e+01
   8.0036559e-01  -1.9961550e+00  -1.9982765e+00   1.9987615e+00  -2.4961319e+00   9.9560257e-01  -5.0011482e-01  -1.9985322e+00  -9.9741235e-01  -1.4988968e+00   8.0036559e-01   2.3019594e+01
   7.9518383e-01  -1.9964169e+00  -1.9983800e+00   1.9983353e+00  -2.4971135e+00   9.9565238e-01  -4.9950020e-01  -1.9972867e+00  -9.9712923e-01  -1.4990745e+00   7.9518383e-01   2.3033000e+01
   7.8499794e-01  -1.9963825e+00  -1.9971216e+00   1.9970857e+00  -2.4962902e+00   9.9806350e-01  -5.0188378e-01  -1.9969682e+00  -9.9839145e-01  -1.4992191e+00   7.8499794e-01   2.3059054e+01
   7.7971560e-01  -1.9963415e+00  -1.9973951e+00   1.9982250e+00  -2.4952100e+00   9.9844328e-01  -5.0156445e-01  -1.9969059e+00  -9.9791891e-01  -1.4996153e+00   7.7971560e-01   2.3076607e+01
   7.7314575e-01  -1.9964558e+00  -1.9975401e+00   1.9970657e+00  -2.4963704e+00   9.9634924e-01  -5.0165268e-01  -1.9967754e+00  -9.9824398e-01  -1.4992014e+00   7.7314575e-01   2.3097382e+01
   7.6659985e-01  -1.9958349e+00  -1.9969772e+00   1.9978056e+00  -2.4951907e+00   9.9635647e-01  -5.0089536e-01  -1.9968948e+00  -9.9841058e-01  -1.4989899e+00   7.6659985e-01   2.3117525e+01
   7.5946104e-01  -1.9957524e+00  -1.9961428e+00   1.9974376e+00  -2.4958799e+00   9.9614741e-01  -4.9909655e-01  -1.9973033e+00  -9.9818320e-01  -1.4987291e+00   7.5946104e-01   2.3137714e+01
   7.5227133e-01  -1.9962713e+00  -1.9974038e+00   1.9970545e+00  -2.4953860e+00   9.9682066e-01  -5.0119566e-01  -1.9970389e+00  -9.9779714e-01  -1.4990251e+00   7.5227133e-01   2.3159140e+01
   7.4507765e-01  -1.9958377e+00  -1.9968624e+00   1.9973552e+00  -2.4956638e+00   9.9644612e-01  -4.9892261e-01  -1.9971853e+00  -9.9818626e-01  -1.4989745e+00   7.4507765e-01   2.3179838e+01
   7.3875730e-01  -1.9959477e+00  -1.9975497e+00   1.9971340e+00  -2.4957298e+00   9.9648543e-01  -4.9867222e-01  -1.9976695e+00  -9.9803772e-01  -1.4987304e+00   7.3875730e-01   2.3198521e+01
   7.3094975e-01  -1.9963964e+00  -1.9972426e+00   1.9970311e+00  -2.4966116e+00   9.9816245e-01  -5.0208151e-01  -1.9972214e+00  -9.9801029e-01  -1.4993339e+00   7.3094975e-01   2.3223313e+01
   7.2502751e-01  -1.9958574e+00  -1.9998037e+00   1.9946544e+00  -2.4985010e+00   9.9719628e-01  -4.9970259e-01  -1.9985120e+00  -9.9877285e-01  -1.4987959e+00   7.2502751e-01   2.3249970e+01
   7.1587017e-01  -1.9959124e+00  -1.9971510e+00   1.9977180e+00  -2.4961296e+00   9.9643152e-01  -5.0154091e-01  -1.9968497e+00  -9.9805259e-01  -1.4990933e+00   7.1587017e-01   2.3272684e+01
   7.0958839e-01  -1.9954708e+00  -1.9996477e+00   1.9951073e+00  -2.4985012e+00   9.9698477e-01  -4.9970631e-01  -1.9985122e+00  -9.9877491e-01  -1.4988244e+00   7.0958839e-01   2.3297308e+01
   7.0061848e-01  -1.9963047e+00  -1.9993991e+00   1.9949113e+00  -2.4982598e+00   9.9769915e-01  -4.9971053e-01  -1.9984483e+00  -9.9904063e-01  -1.4981700e+00   7.0061848e-01   2.3321084e+01
   6.9256933e-01  -1.9961920e+00  -1.9993827e+00   1.9949293e+00  -2.4977951e+00   9.9762379e-01  -4.9968475e-01  -1.9984552e+00  -9.9910369e-01  -1.4982539e+00   6.9256933e-01   2.3345918e+01
   6.8624809e-01  -1.9961642e+00  -1.9986881e+00   1.9962704e+00  -2.4985376e+00   9.9660435e-01  -5.0186907e-01  -1.9986304e+00  -9.9976902e-01  -1.4983633e+00   6.8624809e-01   2.3370096e+01
   6.7701449e-01  -1.9963336e+00  -1.9993032e+00   1.9959744e+00  -2.4986721e+00   9.9734480e-01  -5.0150117e-01  -1.9986714e+00  -9.9957244e-01  -1.4982556e+00   6.7701449e-01   2.3398167e+01
   6.6863576e-01  -1.9952646e+00  -1.9994561e+00   1.9967198e+00  -2.4987317e+00   9.9753790e-01  -5.0035870e-01  -1.9987775e+00  -9.9929703e-01  -1.4987098e+00   6.6863576e-01   2.3424230e+01
   6.5882768e-01  -1.9968896e+00  -1.9991967e+00   1.9962722e+00  -2.4991562e+00   9.9801139e-01  -5.0002595e-01  -1.9985528e+00  -9.9868587e-01  -1.4985332e+00   6.5882768e-01   2.3452048e+01
   6.5166435e-01  -1.9971588e+00  -1.9992495e+00   1.9960377e+00  -2.4993953e+00   9.9793753e-01  -5.0001574e-01  -1.9978940e+00  -9.9911704e-01  -1.4986036e+00   6.5166435e-01   2.3476108e+01
   6.4124556e-01  -1.9973492e+00  -1.9986840e+00   1.9961783e+00  -2.4987341e+00   9.9741433e-01  -5.0046471e-01  -1.9985149e+00  -9.9881458e-01  -1.4986842e+00   6.4124556e-01   2.3508508e+01
   6.3319940e-01  -1.9970511e+00  -2.0001590e+00   1.9960898e+00  -2.5001861e+00   9.9745438e-01  -4.9995171e-01  -1.9987540e+00  -9.9904066e-01  -1.4986417e+00   6.3319940e-01   2.3544837e+01
   6.2226594e-01  -1.9955328e+00  -1.9985527e+00   1.9962967e+00  -2.4989074e+00   9.9999622e-01  -5.0066122e-01  -1.9992942e+00  -9.9883483e-01  -1.4989648e+00   6.2226594e-01   2.3576342e+01
   6.1384428e-01  -1.9957565e+00  -1.9983518e+00   1.9966768e+00  -2.4983312e+00   1.0008547e+00  -4.9836431e-01  -1.9999569e+00  -9.9935967e-01  -1.4987253e+00   6.1384428e-01   2.3605356e+01
   6.0509657e-01  -1.9950540e+00  -1.9975010e+00   1.9960140e+00  -2.4982602e+00   9.9891565e-01  -4.9832448e-01  -1.9993067e+00  -9.9767470e-01  -1.4978697e+00   6.0509657e-01   2.3632381e+01
   5.9318099e-01  -1.9950151e+00  -1.9974518e+00   1.9959594e+00  -2.4983539e+00   9.9888054e-01  -4.9850191e-01  -1.9992434e+00  -9.9792399e-01  -1.4978734e+00   5.9318099e-01   2.3672604e+01
   5.8365943e-01  -1.9949559e+00  -1.9982503e+00   1.9957722e+00  -2.4987428e+00   1.0006828e+00  -4.9888368e-01  -1.9994160e+00  -9.9797651e-01  -1.4987122e+00   5.8365943e-01   2.3710395e+01
   5.7233575e-01  -1.9957187e+00  -1.9979689e+00   1.9955458e+00  -2.4979140e+00   9.9858539e-01  -4.9762791e-01  -1.9993243e+00  -9.9818244e-01  -1.4982105e+00   5.7233575e-01   2.3744317e+01
   5.6315329e-01  -1.9948119e+00  -1.9960108e+00   1.9954568e+00  -2.4983997e+00   9.9915897e-01  -4.9742595e-01  -1.9991305e+00  -9.9800211e-01  -1.4979988e+00   5.6315329e-01   2.3782242e+01
   5.5031989e-01  -1.9973032e+00  -1.9967850e+00   1.9967852e+00  -2.4976178e+00   9.9928290e-01  -4.9877136e-01  -1.9993331e+00  -9.9787707e-01  -1.4984929e+00   5.5031989e-01   2.3815525e+01
   5.4038342e-01  -1.9973061e+00  -1.9973043e+00   1.9967776e+00  -2.4980081e+00   9.9933699e-01  -4.9755517e-01  -1.9995381e+00  -9.9776226e-01  -1.4983285e+00   5.4038342e-01   2.3854062e+01
   5.2950690e-01  -1.9965569e+00  -1.9974229e+00   1.9960008e+00  -2.4977729e+00   9.9879854e-01  -4.9766051e-01  -1.9993283e+00  -9.9805007e-01  -1.4982145e+00   5.2950690e-01   2.3893136e+01
   5.1647976e-01  -1.9973589e+00  -1.9965736e+00   1.9967717e+00  -2.4979955e+00   1.0000477e+00  -4.9897485e-01  -1.9993779e+00  -9.9783688e-01  -1.4982313e+00   5.1647976e-01   2.3939283e+01
   5.0481917e-01  -1.9963884e+00  -1.9963937e+00   1.9969302e+00  -2.4977727e+00   1.0000214e+00  -4.9894721e-01  -1.9992797e+00  -9.9806072e-01  -1.4984782e+00   5.0481917e-01   2.3982397e+01
   4.9259971e-01  -1.9962776e+00  -1.9968306e+00   1.9970478e+00  -2.4981344e+00   1.0000012e+00  -4.9882422e-01  -1.9992822e+00  -9.9804370e-01  -1.4985627e+00   4.9259971e-01   2.4028223e+01
   4.8009576e-01  -1.9967575e+00  -1.9966462e+00   1.9968324e+00  -2.4980100e+00   1.0000462e+00  -4.9906728e-01  -1.9992888e+00  -9.9776834e-01  -1.4983437e+00   4.8009576e-01   2.4075068e+01
   4.6713592e-01  -1.9968397e+00  -1.9967209e+00   1.9972276e+00  -2.4952432e+00   9.9902625e-01  -4.9686903e-01  -1.9992458e+00  -9.9796821e-01  -1.4979029e+00   4.6713592e-01   2.4128035e+01
   4.5427983e-01  -1.9979795e+00  -1.9970376e+00   1.9963322e+00  -2.4987733e+00   9.9930330e-01  -4.9939580e-01  -1.9989794e+00  -9.9783261e-01  -1.4976548e+00   4.5427983e-01   2.4174532e+01
   4.4122573e-01  -1.9968234e+00  -1.9967465e+00   1.9972731e+00  -2.4953533e+00   9.9907531e-01  -4.9683667e-01  -1.9992546e+00  -9.9807135e-01  -1.4978303e+00   4.4122573e-01   2.4229073e+01
   4.2758943e-01  -1.9971513e+00  -1.9960901e+00   1.9960824e+00  -2.4984749e+00   9.9903046e-01  -4.9757475e-01  -1.9985907e+00  -9.9724596e-01  -1.4977381e+00   4.2758943e-01   2.4283633e+01
   4.1170517e-01  -1.9975775e+00  -1.9966890e+00   1.9963330e+00  -2.4987410e+00   9.9893395e-01  -4.9919815e-01  -1.9990651e+00  -9.9779411e-01  -1.4973797e+00   4.1170517e-01   2.4345254e+01
   3.9707228e-01  -1.9971421e+00  -1.9964024e+00   1.9959979e+00  -2.4983594e+00   9.9920940e-01  -4.9784446e-01  -1.9989419e+00  -9.9732558e-01  -1.4977041e+00   3.9707228e-01   2.4408086e+01
   3.8155153e-01  -1.9973061e+00  -1.9964981e+00   1.9960716e+00  -2.4983101e+00   9.9921955e-01  -4.9765264e-01  -1.9990154e+00  -9.9774983e-01  -1.4975879e+00   3.8155153e-01   2.4473065e+01
   3.6552270e-01  -1.9972890e+00  -1.9961295e+00   1.9960599e+00  -2.4983026e+00   9.9922323e-01  -4.9767866e-01  -1.9988351e+00  -9.9861668e-01  -1.4977284e+00   3.6552270e-01   2.4541503e+01
   3.4865071e-01  -1.9972477e+00  -1.9977590e+00   1.9966119e+00  -2.4985284e+00   9.9878909e-01  -4.9891808e-01  -1.9994621e+00  -9.9860901e-01  -1.4971774e+00   3.4865071e-01   2.4614129e+01
   3.3167328e-01  -1.9972649e+00  -1.9978089e+00   1.9967331e+00  -2.4987791e+00   9.9885408e-01  -4.9893387e-01  -1.9995744e+00  -9.9867927e-01  -1.4973435e+00   3.3167328e-01   2.4691446e+01
   3.1414371e-01  -1.9970513e+00  -1.9978153e+00   1.9964929e+00  -2.4986799e+00   9.9886231e-01  -4.9925460e-01  -2.0000307e+00  -9.9864254e-01  -1.4973390e+00   3.1414371e-01   2.4774269e+01
   2.9549862e-01  -1.9975772e+00  -1.9975537e+00   1.9966812e+00  -2.4985067e+00   9.9849921e-01  -4.9857182e-01  -1.9995496e+00  -9.9923590e-01  -1.4972365e+00   2.9549862e-01   2.4861406e+01
   2.7661028e-01  -1.9980692e+00  -1.9978838e+00   1.9966358e+00  -2.4984405e+00   9.9853361e-01  -4.9864926e-01  -1.9994452e+00  -9.9851365e-01  -1.4971909e+00   2.7661028e-01   2.4954162e+01
   2.5614459e-01  -1.9979582e+00  -1.9978648e+00   1.9966321e+00  -2.4984266e+00   9.9851133e-01  -4.9860543e-01  -1.9994524e+00  -9.9852273e-01  -1.4972051e+00   2.5614459e-01   2.5058498e+01
   2.3557712e-01  -1.9962138e+00  -1.9973820e+00   1.9962686e+00  -2.4995207e+00   9.9779647e-01  -4.9750614e-01  -1.9997734e+00  -9.9710744e-01  -1.4983564e+00   2.3557712e-01   2.5177948e+01
   2.1322604e-01  -1.9959707e+00  -1.9974516e+00   1.9963752e+00  -2.4996762e+00   9.9734298e-01  -4.9750407e-01  -2.0000803e+00  -9.9709570e-01  -1.4979883e+00   2.1322604e-01   2.5305125e+01
   1.8970554e-01  -1.9956321e+00  -1.9976580e+00   1.9963215e+00  -2.4983406e+00   9.9786238e-01  -4.9747661e-01  -2.0001539e+00  -9.9658910e-01  -1.4977899e+00   1.8970554e-01   2.5440751e+01
   1.6482575e-01  -1.9962936e+00  -1.9974007e+00   1.9963816e+00  -2.4998106e+00   9.9757347e-01  -4.9751743e-01  -1.9997583e+00  -9.9750349e-01  -1.4983681e+00   1.6482575e-01   2.5596279e+01
   1.3821183e-01  -1.9963273e+00  -1.9974429e+00   1.9962753e+00  -2.4995642e+00   9.9777879e-01  -4.9752337e-01  -1.9998148e+00  -9.9749259e-01  -1.4982761e+00   1.3821183e-01   2.5775379e+01
   1.0680973e-01  -1.9962511e+00  -1.9974832e+00   1.9961781e+00  -2.5002221e+00   9.9779197e-01  -4.9757299e-01  -1.9998239e+00  -9.9745465e-01  -1.4982414e+00   1.0680973e-01   2.6015444e+01
   7.7127996e-02  -1.9955960e+00  -1.9985915e+00   1.9960896e+00  -2.4983267e+00   9.9739934e-01  -4.9350738e-01  -1.9997572e+00  -9.9570033e-01  -1.4976660e+00   7.7127996e-02   2.6299964e+01
   4.2356280e-02  -1.9951048e+00  -1.9991442e+00   1.9958529e+00  -2.4982510e+00   9.9739140e-01  -4.9546742e-01  -1.9996237e+00  -9.9681647e-01  -1.4975387e+00   4.2356280e-02   2.6662626e+01
   0.0000000e+00  -1.9959652e+00  -1.9982579e+00   1.9961996e+00  -2.4975935e+00   9.9817407e-01  -4.9802475e-01  -1.9988315e+00  -9.9665953e-01  -1.4976111e+00   0.0000000e+00   2.7726901e+01
