   1.0000000e+00  -4.9826842e-01  -4.9904552e-01   2.9967922e+00   1.4988971e+00  -2.9940436e+00  -1.5702917e+00  -1.5060387e+00   3.9955939e+00   1.0002418e+00   1.0000000e+00   4.0261771e+01
   9.9787839e-01  -4.9826576e-01  -4.9919517e-01   2.9967917e+00   1.4989066e+00  -2.9942847e+00  -1.5702917e+00  -1.5060391e+00   3.9955926e+00   1.0003173e+00   9.9787839e-01   4.0268472e+01
   9.9537988e-01  -4.9814658e-01  -4.9938990e-01   2.9967718e+00   1.4994963e+00  -2.9942402e+00  -1.5702916e+00  -1.5060399e+00   3.9956236e+00   1.0003435e+00   9.9537988e-01   4.0278398e+01
   9.8569472e-01  -4.9832216e-01  -4.9934050e-01   2.9968176e+00   1.4992824e+00  -2.9945708e+00  -1.5699572e+00  -1.5060393e+00   3.9954856e+00   1.0005473e+00   9.8569472e-01   4.0279602e+01
   9.8569472e-01  -4.9832216e-01  -4.9934050e-01   2.9968176e+00   1.4992824e+00  -2.9945708e+00  -1.5699572e+00  -1.5060393e+00   3.9954856e+00   1.0005473e+00   9.8569472e-01   4.0279602e+01
   9.5923814e-01  -4.9606815e-01  -4.9889007e-01   2.9958162e+00   1.4976328e+00  -2.9962645e+00  -1.5677337e+00  -1.5060285e+00   3.9987216e+00   1.0011368e+00   9.5923814e-01   4.0184057e+01
   9.5923814e-01  -4.9606815e-01  -4.9889007e-01   2.9958162e+00   1.4976328e+00  -2.9962645e+00  -1.5677337e+00  -1.5060285e+00   3.9987216e+00   1.0011368e+00   9.5923814e-01   4.0184057e+01
   9.5923814e-01  -4.9606815e-01  -4.9889007e-01   2.9958162e+00   1.4976328e+00  -2.9962645e+00  -1.5677337e+00  -1.5060285e+00   3.9987216e+00   1.0011368e+00   9.5923814e-01   4.0184057e+01
   9.5923814e-01  -4.9606815e-01  -4.9889007e-01   2.9958162e+00   1.4976328e+00  -2.9962645e+00  -1.5677337e+00  -1.5060285e+00   3.9987216e+00   1.0011368e+00   9.5923814e-01   4.0184057e+01
   9.5923814e-01  -4.9606815e-01  -4.9889007e-01   2.9958162e+00   1.4976328e+00  -2.9962645e+00  -1.5677337e+00  -1.5060285e+00   3.9987216e+00   1.0011368e+00   9.5923814e-01   4.0184057e+01
   9.5923814e-01  -4.9606815e-01  -4.9889007e-01   2.9958162e+00   1.4976328e+00  -2.9962645e+00  -1.5677337e+00  -1.5060285e+00   3.9987216e+00   1.0011368e+00   9.5923814e-01   4.0184057e+01
   9.5923814e-01  -4.9606815e-01  -4.9889007e-01   2.9958162e+00   1.4976328e+00  -2.9962645e+00  -1.5677337e+00  -1.5060285e+00   3.9987216e+00   1.0011368e+00   9.5923814e-01   4.0184057e+01
   9.5923814e-01  -4.9606815e-01  -4.9889007e-01   2.9958162e+00   1.4976328e+00  -2.9962645e+00  -1.5677337e+00  -1.5060285e+00   3.9987216e+00   1.0011368e+00   9.5923814e-01   4.0184057e+01
   9.5923814e-01  -4.9606815e-01  -4.9889007e-01   2.9958162e+00   1.4976328e+00  -2.9962645e+00  -1.5677337e+00  -1.5060285e+00   3.9987216e+00   1.0011368e+00   9.5923814e-01   4.0184057e+01
   9.5923814e-01  -4.9606815e-01  -4.9889007e-01   2.9958162e+00   1.4976328e+00  -2.9962645e+00  -1.5677337e+00  -1.5060285e+00   3.9987216e+00   1.0011368e+00   9.5923814e-01   4.0184057e+01
   9.5923814e-01  -4.9606815e-01  -4.9889007e-01   2.9958162e+00   1.4976328e+00  -2.9962645e+00  -1.5677337e+00  -1.5060285e+00   3.9987216e+00   1.0011368e+00   9.5923814e-01   4.0184057e+01
   9.5923814e-01  -4.9606815e-01  -4.9889007e-01   2.9958162e+00   1.4976328e+00  -2.9962645e+00  -1.5677337e+00  -1.5060285e+00   3.9987216e+00   1.0011368e+00   9.5923814e-01   4.0184057e+01
   9.5923814e-01  -4.9606815e-01  -4.9889007e-01   2.9958162e+00   1.4976328e+00  -2.9962645e+00  -1.5677337e+00  -1.5060285e+00   3.9987216e+00   1.0011368e+00   9.5923814e-01   4.0184057e+01
   9.5923814e-01  -4.9606815e-01  -4.9889007e-01   2.9958162e+00   1.4976328e+00  -2.9962645e+00  -1.5677337e+00  -1.5060285e+00   3.9987216e+00   1.0011368e+00   9.5923814e-01   4.0184057e+01
   9.5923814e-01  -4.9606815e-01  -4.9889007e-01   2.9958162e+00   1.4976328e+00  -2.9962645e+00  -1.5677337e+00  -1.5060285e+00   3.9987216e+00   1.0011368e+00   9.5923814e-01   4.0184057e+01
   9.5923814e-01  -4.9606815e-01  -4.9889007e-01   2.9958162e+00   1.4976328e+00  -2.9962645e+00  -1.5677337e+00  -1.5060285e+00   3.9987216e+00   1.0011368e+00   9.5923814e-01   4.0184057e+01
   9.5923814e-01  -4.9606815e-01  -4.9889007e-01   2.9958162e+00   1.4976328e+00  -2.9962645e+00  -1.5677337e+00  -1.5060285e+00   3.9987216e+00   1.0011368e+00   9.5923814e-01   4.0184057e+01
   9.5923814e-01  -4.9606815e-01  -4.9889007e-01   2.9958162e+00   1.4976328e+00  -2.9962645e+00  -1.5677337e+00  -1.5060285e+00   3.9987216e+00   1.0011368e+00   9.5923814e-01   4.0184057e+01
   9.5923814e-01  -4.9606815e-01  -4.9889007e-01   2.9958162e+00   1.4976328e+00  -2.9962645e+00  -1.5677337e+00  -1.5060285e+00   3.9987216e+00   1.0011368e+00   9.5923814e-01   4.0184057e+01
   9.5923814e-01  -4.9606815e-01  -4.9889007e-01   2.9958162e+00   1.4976328e+00  -2.9962645e+00  -1.5677337e+00  -1.5060285e+00   3.9987216e+00   1.0011368e+00   9.5923814e-01   4.0184057e+01
   9.5923814e-01  -4.9606815e-01  -4.9889007e-01   2.9958162e+00   1.4976328e+00  -2.9962645e+00  -1.5677337e+00  -1.5060285e+00   3.9987216e+00   1.0011368e+00   9.5923814e-01   4.0184057e+01
   9.1872634e-01  -4.9343779e-01  -4.9890068e-01   2.9957388e+00   1.4976839e+00  -2.9961976e+00  -1.5675354e+00  -1.5060335e+00   3.9988312e+00   1.0011300e+00   9.1872634e-01   4.0327701e+01
   9.1872634e-01  -4.9343779e-01  -4.9890068e-01   2.9957388e+00   1.4976839e+00  -2.9961976e+00  -1.5675354e+00  -1.5060335e+00   3.9988312e+00   1.0011300e+00   9.1872634e-01   4.0327701e+01
   9.1872634e-01  -4.9343779e-01  -4.9890068e-01   2.9957388e+00   1.4976839e+00  -2.9961976e+00  -1.5675354e+00  -1.5060335e+00   3.9988312e+00   1.0011300e+00   9.1872634e-01   4.0327701e+01
   8.2917185e-01  -4.9759797e-01  -4.9886283e-01   2.9963477e+00   1.4985368e+00  -2.9955820e+00  -1.5666657e+00  -1.5060320e+00   3.9998067e+00   1.0003882e+00   8.2917185e-01   4.0557700e+01
   8.2917185e-01  -4.9759797e-01  -4.9886283e-01   2.9963477e+00   1.4985368e+00  -2.9955820e+00  -1.5666657e+00  -1.5060320e+00   3.9998067e+00   1.0003882e+00   8.2917185e-01   4.0557700e+01
   8.2917185e-01  -4.9759797e-01  -4.9886283e-01   2.9963477e+00   1.4985368e+00  -2.9955820e+00  -1.5666657e+00  -1.5060320e+00   3.9998067e+00   1.0003882e+00   8.2917185e-01   4.0557700e+01
   8.2917185e-01  -4.9759797e-01  -4.9886283e-01   2.9963477e+00   1.4985368e+00  -2.9955820e+00  -1.5666657e+00  -1.5060320e+00   3.9998067e+00   1.0003882e+00   8.2917185e-01   4.0557700e+01
   8.2616121e-01  -4.9772133e-01  -4.9886653e-01   2.9960866e+00   1.4986243e+00  -2.9956657e+00  -1.5668104e+00  -1.5060323e+00   3.9993944e+00   1.0003956e+00   8.2616121e-01   4.0578926e+01
   8.2917185e-01  -4.9759797e-01  -4.9886283e-01   2.9963477e+00   1.4985368e+00  -2.9955820e+00  -1.5666657e+00  -1.5060320e+00   3.9998067e+00   1.0003882e+00   8.2917185e-01   4.0557700e+01
   7.8888949e-01  -4.9882854e-01  -4.9862413e-01   2.9960137e+00   1.4985275e+00  -2.9955303e+00  -1.5656219e+00  -1.5060137e+00   4.0009049e+00   9.9971954e-01   7.8888949e-01   4.0622666e+01
   7.8720468e-01  -4.9824589e-01  -4.9858944e-01   2.9960135e+00   1.4985209e+00  -2.9955324e+00  -1.5655921e+00  -1.5060133e+00   4.0007464e+00   9.9961486e-01   7.8720468e-01   4.0625715e+01
   7.8720468e-01  -4.9824589e-01  -4.9858944e-01   2.9960135e+00   1.4985209e+00  -2.9955324e+00  -1.5655921e+00  -1.5060133e+00   4.0007464e+00   9.9961486e-01   7.8720468e-01   4.0625715e+01
   7.8628222e-01  -4.9821791e-01  -4.9865992e-01   2.9960146e+00   1.4985281e+00  -2.9955019e+00  -1.5659289e+00  -1.5060106e+00   4.0007862e+00   9.9964571e-01   7.8628222e-01   4.0659718e+01
   7.8720468e-01  -4.9824589e-01  -4.9858944e-01   2.9960135e+00   1.4985209e+00  -2.9955324e+00  -1.5655921e+00  -1.5060133e+00   4.0007464e+00   9.9961486e-01   7.8720468e-01   4.0625715e+01
   7.6629543e-01  -4.9820162e-01  -4.9854879e-01   2.9961052e+00   1.4985207e+00  -2.9955356e+00  -1.5654010e+00  -1.5060029e+00   4.0010353e+00   9.9958391e-01   7.6629543e-01   4.0692218e+01
   7.6139414e-01  -4.9822497e-01  -4.9853720e-01   2.9961168e+00   1.4985189e+00  -2.9955358e+00  -1.5653835e+00  -1.5059991e+00   4.0010069e+00   9.9958174e-01   7.6139414e-01   4.0709483e+01
   7.6139414e-01  -4.9822497e-01  -4.9853720e-01   2.9961168e+00   1.4985189e+00  -2.9955358e+00  -1.5653835e+00  -1.5059991e+00   4.0010069e+00   9.9958174e-01   7.6139414e-01   4.0709483e+01
   7.6139414e-01  -4.9822497e-01  -4.9853720e-01   2.9961168e+00   1.4985189e+00  -2.9955358e+00  -1.5653835e+00  -1.5059991e+00   4.0010069e+00   9.9958174e-01   7.6139414e-01   4.0709483e+01
   7.4930511e-01  -4.9838450e-01  -4.9856302e-01   2.9961447e+00   1.4985194e+00  -2.9955369e+00  -1.5656489e+00  -1.5059952e+00   4.0008449e+00   9.9922646e-01   7.4930511e-01   4.0778566e+01
   7.4678830e-01  -4.9837508e-01  -4.9855718e-01   2.9961530e+00   1.4985195e+00  -2.9955381e+00  -1.5656451e+00  -1.5059941e+00   4.0008334e+00   9.9927234e-01   7.4678830e-01   4.0788101e+01
   7.4678830e-01  -4.9837508e-01  -4.9855718e-01   2.9961530e+00   1.4985195e+00  -2.9955381e+00  -1.5656451e+00  -1.5059941e+00   4.0008334e+00   9.9927234e-01   7.4678830e-01   4.0788101e+01
   7.4678830e-01  -4.9837508e-01  -4.9855718e-01   2.9961530e+00   1.4985195e+00  -2.9955381e+00  -1.5656451e+00  -1.5059941e+00   4.0008334e+00   9.9927234e-01   7.4678830e-01   4.0788101e+01
   7.4678830e-01  -4.9837508e-01  -4.9855718e-01   2.9961530e+00   1.4985195e+00  -2.9955381e+00  -1.5656451e+00  -1.5059941e+00   4.0008334e+00   9.9927234e-01   7.4678830e-01   4.0788101e+01
   7.4678830e-01  -4.9837508e-01  -4.9855718e-01   2.9961530e+00   1.4985195e+00  -2.9955381e+00  -1.5656451e+00  -1.5059941e+00   4.0008334e+00   9.9927234e-01   7.4678830e-01   4.0788101e+01
   7.4678830e-01  -4.9837508e-01  -4.9855718e-01   2.9961530e+00   1.4985195e+00  -2.9955381e+00  -1.5656451e+00  -1.5059941e+00   4.0008334e+00   9.9927234e-01   7.4678830e-01   4.0788101e+01
   7.4678830e-01  -4.9837508e-01  -4.9855718e-01   2.9961530e+00   1.4985195e+00  -2.9955381e+00  -1.5656451e+00  -1.5059941e+00   4.0008334e+00   9.9927234e-01   7.4678830e-01   4.0788101e+01
   7.4678830e-01  -4.9837508e-01  -4.9855718e-01   2.9961530e+00   1.4985195e+00  -2.9955381e+00  -1.5656451e+00  -1.5059941e+00   4.0008334e+00   9.9927234e-01   7.4678830e-01   4.0788101e+01
   7.4378485e-01  -4.9837460e-01  -4.9794669e-01   2.9961536e+00   1.4986944e+00  -2.9955032e+00  -1.5662762e+00  -1.5059869e+00   4.0032430e+00   9.9942995e-01   7.4378485e-01   4.0883189e+01
   7.4378485e-01  -4.9837460e-01  -4.9794669e-01   2.9961536e+00   1.4986944e+00  -2.9955032e+00  -1.5662762e+00  -1.5059869e+00   4.0032430e+00   9.9942995e-01   7.4378485e-01   4.0883189e+01
   7.4378485e-01  -4.9837460e-01  -4.9794669e-01   2.9961536e+00   1.4986944e+00  -2.9955032e+00  -1.5662762e+00  -1.5059869e+00   4.0032430e+00   9.9942995e-01   7.4378485e-01   4.0883189e+01
   7.4378485e-01  -4.9837460e-01  -4.9794669e-01   2.9961536e+00   1.4986944e+00  -2.9955032e+00  -1.5662762e+00  -1.5059869e+00   4.0032430e+00   9.9942995e-01   7.4378485e-01   4.0883189e+01
   7.4378485e-01  -4.9837460e-01  -4.9794669e-01   2.9961536e+00   1.4986944e+00  -2.9955032e+00  -1.5662762e+00  -1.5059869e+00   4.0032430e+00   9.9942995e-01   7.4378485e-01   4.0883189e+01
   7.4378485e-01  -4.9837460e-01  -4.9794669e-01   2.9961536e+00   1.4986944e+00  -2.9955032e+00  -1.5662762e+00  -1.5059869e+00   4.0032430e+00   9.9942995e-01   7.4378485e-01   4.0883189e+01
   7.4378485e-01  -4.9837460e-01  -4.9794669e-01   2.9961536e+00   1.4986944e+00  -2.9955032e+00  -1.5662762e+00  -1.5059869e+00   4.0032430e+00   9.9942995e-01   7.4378485e-01   4.0883189e+01
   7.4378485e-01  -4.9837460e-01  -4.9794669e-01   2.9961536e+00   1.4986944e+00  -2.9955032e+00  -1.5662762e+00  -1.5059869e+00   4.0032430e+00   9.9942995e-01   7.4378485e-01   4.0883189e+01
   6.8442800e-01  -4.9836509e-01  -4.9674447e-01   2.9961497e+00   1.5005401e+00  -2.9961958e+00  -1.5689665e+00  -1.5058977e+00   3.9931499e+00   9.9992096e-01   6.8442800e-01   4.1328177e+01
   6.8442800e-01  -4.9836509e-01  -4.9674447e-01   2.9961497e+00   1.5005401e+00  -2.9961958e+00  -1.5689665e+00  -1.5058977e+00   3.9931499e+00   9.9992096e-01   6.8442800e-01   4.1328177e+01
   6.8442800e-01  -4.9836509e-01  -4.9674447e-01   2.9961497e+00   1.5005401e+00  -2.9961958e+00  -1.5689665e+00  -1.5058977e+00   3.9931499e+00   9.9992096e-01   6.8442800e-01   4.1328177e+01
   6.8442800e-01  -4.9836509e-01  -4.9674447e-01   2.9961497e+00   1.5005401e+00  -2.9961958e+00  -1.5689665e+00  -1.5058977e+00   3.9931499e+00   9.9992096e-01   6.8442800e-01   4.1328177e+01
   6.6851386e-01  -4.9800107e-01  -4.9825525e-01   2.9947194e+00   1.5011273e+00  -2.9958095e+00  -1.5690592e+00  -1.5059176e+00   3.9922257e+00   9.9856400e-01   6.6851386e-01   4.1406006e+01
   6.4112811e-01  -4.9792566e-01  -4.9830546e-01   2.9954892e+00   1.5032131e+00  -2.9958888e+00  -1.5680289e+00  -1.5058958e+00   3.9912025e+00   9.9854336e-01   6.4112811e-01   4.1442544e+01
   6.4112811e-01  -4.9792566e-01  -4.9830546e-01   2.9954892e+00   1.5032131e+00  -2.9958888e+00  -1.5680289e+00  -1.5058958e+00   3.9912025e+00   9.9854336e-01   6.4112811e-01   4.1442544e+01
   6.4112811e-01  -4.9792566e-01  -4.9830546e-01   2.9954892e+00   1.5032131e+00  -2.9958888e+00  -1.5680289e+00  -1.5058958e+00   3.9912025e+00   9.9854336e-01   6.4112811e-01   4.1442544e+01
   6.4112811e-01  -4.9792566e-01  -4.9830546e-01   2.9954892e+00   1.5032131e+00  -2.9958888e+00  -1.5680289e+00  -1.5058958e+00   3.9912025e+00   9.9854336e-01   6.4112811e-01   4.1442544e+01
   6.4112811e-01  -4.9792566e-01  -4.9830546e-01   2.9954892e+00   1.5032131e+00  -2.9958888e+00  -1.5680289e+00  -1.5058958e+00   3.9912025e+00   9.9854336e-01   6.4112811e-01   4.1442544e+01
   6.2893422e-01  -4.9793047e-01  -4.9654872e-01   2.9960153e+00   1.5003257e+00  -2.9959931e+00  -1.5704241e+00  -1.5059128e+00   3.9922892e+00   9.9908690e-01   6.2893422e-01   4.1702785e+01
   5.9080130e-01  -4.9780920e-01  -4.9972752e-01   2.9987609e+00   1.4977905e+00  -2.9984876e+00  -1.5702270e+00  -1.5060409e+00   3.9985612e+00   9.9639487e-01   5.9080130e-01   4.1861390e+01
   5.7857553e-01  -4.9755593e-01  -4.9939854e-01   2.9979037e+00   1.4974013e+00  -2.9983771e+00  -1.5702566e+00  -1.5059659e+00   3.9960073e+00   9.9728243e-01   5.7857553e-01   4.1904486e+01
   5.7185732e-01  -4.9759702e-01  -4.9946949e-01   2.9979058e+00   1.4972410e+00  -2.9983816e+00  -1.5702522e+00  -1.5059667e+00   3.9960091e+00   9.9719436e-01   5.7185732e-01   4.1934782e+01
   5.7163902e-01  -4.9763340e-01  -4.9946379e-01   2.9980901e+00   1.4973301e+00  -2.9983816e+00  -1.5702552e+00  -1.5059858e+00   3.9960476e+00   9.9730354e-01   5.7163902e-01   4.1936390e+01
   5.4089920e-01  -4.9989918e-01  -5.0025482e-01   2.9956209e+00   1.4989864e+00  -2.9965217e+00  -1.5702281e+00  -1.5060169e+00   3.9952867e+00   9.9602711e-01   5.4089920e-01   4.2071596e+01
   5.2856767e-01  -4.9786056e-01  -5.0110750e-01   2.9983504e+00   1.4974842e+00  -2.9990216e+00  -1.5702512e+00  -1.5059264e+00   3.9966991e+00   9.9882453e-01   5.2856767e-01   4.2139285e+01
   5.1399902e-01  -4.9971485e-01  -5.0099103e-01   2.9961238e+00   1.4987643e+00  -2.9965657e+00  -1.5702298e+00  -1.5060223e+00   3.9949177e+00   9.9677642e-01   5.1399902e-01   4.2197028e+01
   5.1408321e-01  -4.9963786e-01  -5.0096965e-01   2.9961343e+00   1.4985943e+00  -2.9965449e+00  -1.5702347e+00  -1.5060400e+00   3.9949234e+00   9.9676761e-01   5.1408321e-01   4.2197089e+01
   4.8606378e-01  -4.9944043e-01  -5.0071811e-01   2.9950156e+00   1.4991233e+00  -2.9963589e+00  -1.5702630e+00  -1.5060108e+00   3.9949863e+00   9.9689456e-01   4.8606378e-01   4.2336053e+01
   4.7024288e-01  -4.9792975e-01  -4.9970826e-01   2.9965976e+00   1.4993386e+00  -2.9969237e+00  -1.5701627e+00  -1.5060075e+00   3.9935180e+00   9.9719979e-01   4.7024288e-01   4.2405786e+01
   4.5488122e-01  -4.9793090e-01  -4.9978025e-01   2.9966331e+00   1.4993410e+00  -2.9969157e+00  -1.5701601e+00  -1.5060075e+00   3.9933544e+00   9.9715199e-01   4.5488122e-01   4.2483595e+01
   4.3874080e-01  -4.9793162e-01  -4.9977904e-01   2.9966101e+00   1.4995623e+00  -2.9968979e+00  -1.5701674e+00  -1.5060089e+00   3.9935245e+00   9.9743496e-01   4.3874080e-01   4.2566595e+01
   4.2222246e-01  -4.9791099e-01  -4.9972705e-01   2.9962887e+00   1.4993558e+00  -2.9972813e+00  -1.5701805e+00  -1.5059965e+00   3.9941252e+00   9.9772228e-01   4.2222246e-01   4.2652585e+01
   4.1302641e-01  -4.9757035e-01  -4.9975491e-01   2.9958848e+00   1.4994512e+00  -2.9980214e+00  -1.5701728e+00  -1.5060010e+00   3.9942412e+00   9.9764373e-01   4.1302641e-01   4.2703465e+01
   3.8640245e-01  -5.0068207e-01  -4.9946815e-01   2.9966053e+00   1.4994198e+00  -2.9971138e+00  -1.5701739e+00  -1.5060094e+00   3.9934480e+00   9.9726502e-01   3.8640245e-01   4.2847126e+01
   3.6849956e-01  -4.9758688e-01  -4.9971989e-01   2.9970571e+00   1.5013919e+00  -2.9956321e+00  -1.5702420e+00  -1.5060176e+00   3.9968017e+00   1.0002167e+00   3.6849956e-01   4.2962825e+01
   3.5408216e-01  -4.9782142e-01  -4.9958836e-01   3.0036394e+00   1.4989324e+00  -2.9965022e+00  -1.5701422e+00  -1.5060208e+00   3.9992946e+00   9.9706221e-01   3.5408216e-01   4.3080581e+01
   3.3129416e-01  -4.9574099e-01  -5.0063360e-01   2.9996064e+00   1.4991149e+00  -2.9986345e+00  -1.5700397e+00  -1.5060155e+00   3.9978097e+00   9.9690348e-01   3.3129416e-01   4.3177561e+01
   3.0351551e-01  -4.9658368e-01  -4.9993734e-01   2.9995894e+00   1.4991825e+00  -2.9975178e+00  -1.5699141e+00  -1.5060147e+00   3.9982859e+00   9.9633775e-01   3.0351551e-01   4.3330630e+01
   2.7963668e-01  -4.9701861e-01  -4.9676811e-01   2.9997715e+00   1.4986840e+00  -2.9975346e+00  -1.5697284e+00  -1.5060171e+00   3.9981836e+00   9.9614427e-01   2.7963668e-01   4.3468424e+01
   2.5725075e-01  -4.9544596e-01  -4.9813796e-01   3.0013602e+00   1.5003726e+00  -2.9963867e+00  -1.5702713e+00  -1.5060136e+00   3.9961330e+00   9.9593523e-01   2.5725075e-01   4.3679273e+01
   2.3262055e-01  -4.9438464e-01  -4.9888983e-01   3.0010943e+00   1.5001519e+00  -2.9948480e+00  -1.5702728e+00  -1.5060130e+00   3.9962485e+00   9.9677217e-01   2.3262055e-01   4.3852370e+01
   2.0072998e-01  -4.9506472e-01  -4.9777123e-01   3.0008281e+00   1.5000710e+00  -2.9959489e+00  -1.5702440e+00  -1.5060272e+00   3.9963397e+00   9.9475280e-01   2.0072998e-01   4.4087931e+01
   1.6856243e-01  -4.9431451e-01  -5.0170871e-01   2.9985031e+00   1.4991032e+00  -2.9971605e+00  -1.5702901e+00  -1.5060139e+00   3.9953808e+00   9.9775556e-01   1.6856243e-01   4.4330515e+01
   1.3181966e-01  -4.9344709e-01  -5.0133677e-01   2.9976034e+00   1.4986959e+00  -2.9975634e+00  -1.5702913e+00  -1.5060139e+00   3.9939815e+00   9.9565089e-01   1.3181966e-01   4.4667620e+01
   9.6291182e-02  -4.9419229e-01  -5.0132104e-01   2.9978072e+00   1.4986986e+00  -2.9973831e+00  -1.5702935e+00  -1.5060139e+00   3.9939973e+00   9.9702364e-01   9.6291182e-02   4.5018758e+01
   5.3121861e-02  -4.9330566e-01  -5.0494026e-01   2.9998440e+00   1.4988832e+00  -3.0020168e+00  -1.5702960e+00  -1.5060145e+00   3.9962096e+00   9.9890989e-01   5.3121861e-02   4.5628033e+01
   0.0000000e+00  -4.9756034e-01  -5.0173905e-01   2.9954425e+00   1.4988636e+00  -2.9967252e+00  -1.5702521e+00  -1.5060159e+00   3.9969354e+00   1.0002534e+00   0.0000000e+00   4.7127909e+01
