   0.0000000e+00   0.0000000e+00   0.0000000e+00   0.0000000e+00   0.0000000e+00   0.0000000e+00   0.0000000e+00   0.0000000e+00   0.0000000e+00   0.0000000e+00   1.0000000e+00   0.0000000e+00   1.0000000e+00             Inf
   8.1457797e-02   1.5825364e-06   2.9260919e-05   1.0222595e-03   0.0000000e+00   2.2618082e-07   1.6054451e-03   0.0000000e+00   0.0000000e+00   1.3144610e-04   2.8077532e-01   2.1583116e+00   1.0000000e+00             Inf
   0.0000000e+00   0.0000000e+00   0.0000000e+00   0.0000000e+00   0.0000000e+00   0.0000000e+00   0.0000000e+00   0.0000000e+00   0.0000000e+00   0.0000000e+00   1.0000000e+00   0.0000000e+00   1.0000000e+00             Inf
   8.1457797e-02   0.0000000e+00   0.0000000e+00   0.0000000e+00   0.0000000e+00   2.3402089e-08   3.8334342e-06   0.0000000e+00   0.0000000e+00   3.6788136e-05   2.8077532e-01   1.3591727e+00   1.0000000e+00   4.3890457e-01
   8.1457797e-02   0.0000000e+00   2.5944121e-06   0.0000000e+00   0.0000000e+00   0.0000000e+00   5.0105487e-06   8.8540704e-09   0.0000000e+00   0.0000000e+00   2.8077532e-01   1.2110188e+00   1.0000000e+00   8.8296630e-02
   8.1457789e-02   0.0000000e+00   3.2610487e-07   0.0000000e+00   0.0000000e+00   1.2981126e-08   0.0000000e+00   3.2566335e-08   0.0000000e+00   0.0000000e+00   2.8077532e-01   1.0584263e+00   1.0000000e+00   7.0951903e-02
   8.1457793e-02   0.0000000e+00   2.7655541e-06   0.0000000e+00   0.0000000e+00   1.7524607e-11   2.3548335e-07   1.0659016e-10   0.0000000e+00   0.0000000e+00   2.8077532e-01   1.1514573e+00   1.0000000e+00   4.6055263e-02
   6.0787979e-02   0.0000000e+00   0.0000000e+00   0.0000000e+00   0.0000000e+00   0.0000000e+00   0.0000000e+00   0.0000000e+00   0.0000000e+00   0.0000000e+00   5.5160890e-01   6.9572762e-01   1.0000000e+00   4.5198649e-02
   6.1305959e-02   0.0000000e+00   0.0000000e+00   0.0000000e+00   0.0000000e+00   0.0000000e+00   0.0000000e+00   0.0000000e+00   0.0000000e+00   0.0000000e+00   5.4067337e-01   7.0767231e-01   1.0000000e+00   4.1738977e-02
   8.1457788e-02   0.0000000e+00   0.0000000e+00   0.0000000e+00   0.0000000e+00   1.4446137e-08   0.0000000e+00   2.2152024e-08   0.0000000e+00   0.0000000e+00   2.8077532e-01   9.9832101e-01   1.0000000e+00   4.0899021e-02
   4.0488805e-02   0.0000000e+00   0.0000000e+00   0.0000000e+00   0.0000000e+00   0.0000000e+00   0.0000000e+00   0.0000000e+00   0.0000000e+00   0.0000000e+00   9.0722816e-01   1.7693706e-01   1.0000000e+00   4.0807986e-02
   5.4406804e-02   0.0000000e+00   0.0000000e+00   0.0000000e+00   0.0000000e+00   0.0000000e+00   0.0000000e+00   0.0000000e+00   0.0000000e+00   0.0000000e+00   6.8575257e-01   5.2974342e-01   1.0000000e+00   4.0255115e-02
   9.7400502e-02   0.0000000e+00   0.0000000e+00   0.0000000e+00   0.0000000e+00   0.0000000e+00   0.0000000e+00   0.0000000e+00   0.0000000e+00   0.0000000e+00   4.5285991e-01   7.9491790e-01   1.0000000e+00   3.6961490e-02
   4.1720224e-02   0.0000000e+00   0.0000000e+00   0.0000000e+00   0.0000000e+00   0.0000000e+00   0.0000000e+00   0.0000000e+00   0.0000000e+00   0.0000000e+00   8.9357039e-01   2.0153197e-01   1.0000000e+00   3.5931832e-02
   1.2459333e-01   0.0000000e+00   0.0000000e+00   0.0000000e+00   0.0000000e+00   0.0000000e+00   0.0000000e+00   0.0000000e+00   0.0000000e+00   0.0000000e+00   9.2051384e-01   1.5265427e-01   1.0000000e+00   3.1180921e-02
   5.3093960e-02   0.0000000e+00   0.0000000e+00   0.0000000e+00   0.0000000e+00   0.0000000e+00   0.0000000e+00   0.0000000e+00   0.0000000e+00   0.0000000e+00   7.1203846e-01   4.9300123e-01   1.0000000e+00   3.0064240e-02
   1.0949399e-01   0.0000000e+00   0.0000000e+00   0.0000000e+00   0.0000000e+00   0.0000000e+00   0.0000000e+00   0.0000000e+00   0.0000000e+00   0.0000000e+00   6.9853572e-01   5.1204785e-01   1.0000000e+00   2.8826406e-02
   1.0467275e-01   0.0000000e+00   0.0000000e+00   0.0000000e+00   0.0000000e+00   0.0000000e+00   0.0000000e+00   0.0000000e+00   0.0000000e+00   0.0000000e+00   6.0058775e-01   6.3929435e-01   1.0000000e+00   2.8695060e-02
   6.0183015e-02   0.0000000e+00   0.0000000e+00   0.0000000e+00   0.0000000e+00   0.0000000e+00   0.0000000e+00   0.0000000e+00   0.0000000e+00   0.0000000e+00   5.6443201e-01   6.8141651e-01   1.0000000e+00   2.8191032e-02
   4.5539354e-02   0.0000000e+00   0.0000000e+00   0.0000000e+00   0.0000000e+00   0.0000000e+00   0.0000000e+00   0.0000000e+00   0.0000000e+00   0.0000000e+00   8.4341102e-01   2.8865786e-01   1.0000000e+00   2.7846713e-02
   6.6114258e-02   0.0000000e+00   0.0000000e+00   0.0000000e+00   0.0000000e+00   0.0000000e+00   0.0000000e+00   0.0000000e+00   0.0000000e+00   0.0000000e+00   4.4356665e-01   8.0324863e-01   1.0000000e+00   2.7681172e-02
   1.1872244e-01   0.0000000e+00   0.0000000e+00   0.0000000e+00   0.0000000e+00   0.0000000e+00   0.0000000e+00   0.0000000e+00   0.0000000e+00   0.0000000e+00   8.5375047e-01   2.7111013e-01   1.0000000e+00   2.7224312e-02
   8.8825129e-02   0.0000000e+00   0.0000000e+00   0.0000000e+00   0.0000000e+00   0.0000000e+00   0.0000000e+00   0.0000000e+00   0.0000000e+00   0.0000000e+00   3.2125242e-01   8.9679688e-01   1.0000000e+00   2.7059589e-02
   8.1458036e-02   0.0000000e+00   0.0000000e+00   0.0000000e+00   0.0000000e+00   0.0000000e+00   0.0000000e+00   0.0000000e+00   0.0000000e+00   0.0000000e+00   2.8077532e-01   9.2116522e-01   1.0000000e+00   2.6093265e-02
   4.4027641e-02   0.0000000e+00   0.0000000e+00   0.0000000e+00   0.0000000e+00   0.0000000e+00   0.0000000e+00   0.0000000e+00   0.0000000e+00   0.0000000e+00   8.6467527e-01   2.5233668e-01   1.0000000e+00   2.6040157e-02
   9.1876533e-02   0.0000000e+00   0.0000000e+00   0.0000000e+00   0.0000000e+00   0.0000000e+00   0.0000000e+00   0.0000000e+00   0.0000000e+00   0.0000000e+00   3.5958702e-01   8.7069717e-01   1.0000000e+00   2.5608263e-02
   2.4758344e-01   0.0000000e+00   0.0000000e+00   0.0000000e+00   0.0000000e+00   0.0000000e+00   0.0000000e+00   0.0000000e+00   0.0000000e+00   0.0000000e+00   6.3085310e-01   6.0202436e-01   1.0000000e+00   2.5552627e-02
   7.2911565e-02   0.0000000e+00   0.0000000e+00   0.0000000e+00   0.0000000e+00   0.0000000e+00   0.0000000e+00   0.0000000e+00   0.0000000e+00   0.0000000e+00   3.3513509e-01   8.8768447e-01   1.0000000e+00   2.5245173e-02
   5.9642260e-02   0.0000000e+00   0.0000000e+00   0.0000000e+00   0.0000000e+00   0.0000000e+00   0.0000000e+00   0.0000000e+00   0.0000000e+00   0.0000000e+00   5.7592439e-01   6.6831110e-01   1.0000000e+00   2.5028757e-02
   1.0436343e-01   0.0000000e+00   0.0000000e+00   0.0000000e+00   0.0000000e+00   0.0000000e+00   0.0000000e+00   0.0000000e+00   0.0000000e+00   0.0000000e+00   5.9414591e-01   6.4699064e-01   1.0000000e+00   2.4955624e-02
   1.0957942e-01   0.0000000e+00   0.0000000e+00   0.0000000e+00   0.0000000e+00   0.0000000e+00   0.0000000e+00   0.0000000e+00   0.0000000e+00   0.0000000e+00   7.0020240e-01   5.0971660e-01   1.0000000e+00   2.4744714e-02
   9.4040326e-02   0.0000000e+00   0.0000000e+00   0.0000000e+00   0.0000000e+00   0.0000000e+00   0.0000000e+00   0.0000000e+00   0.0000000e+00   0.0000000e+00   3.9298174e-01   8.4556535e-01   1.0000000e+00   2.4294885e-02
   4.9593537e-02   0.0000000e+00   0.0000000e+00   0.0000000e+00   0.0000000e+00   0.0000000e+00   0.0000000e+00   0.0000000e+00   0.0000000e+00   0.0000000e+00   7.7768398e-01   3.9520762e-01   1.0000000e+00   2.3914142e-02
   1.1888198e-01   0.0000000e+00   0.0000000e+00   0.0000000e+00   0.0000000e+00   0.0000000e+00   0.0000000e+00   0.0000000e+00   0.0000000e+00   0.0000000e+00   8.5591228e-01   2.6741417e-01   1.0000000e+00   2.3887893e-02
   6.1835991e-02   0.0000000e+00   0.0000000e+00   0.0000000e+00   0.0000000e+00   0.0000000e+00   0.0000000e+00   0.0000000e+00   0.0000000e+00   0.0000000e+00   5.2954007e-01   7.1958731e-01   1.0000000e+00   2.2765944e-02
   8.1457988e-02   0.0000000e+00   0.0000000e+00   0.0000000e+00   0.0000000e+00   4.9449853e-12   0.0000000e+00   4.9194618e-09   0.0000000e+00   0.0000000e+00   2.8077532e-01   9.6798178e-01   1.0000000e+00   2.2697476e-02
   1.1049753e-01   0.0000000e+00   0.0000000e+00   0.0000000e+00   0.0000000e+00   0.0000000e+00   0.0000000e+00   0.0000000e+00   0.0000000e+00   0.0000000e+00   7.1790305e-01   4.8461522e-01   1.0000000e+00   2.2470093e-02
   7.1944407e-02   0.0000000e+00   0.0000000e+00   0.0000000e+00   0.0000000e+00   0.0000000e+00   0.0000000e+00   0.0000000e+00   0.0000000e+00   0.0000000e+00   3.4760850e-01   8.7916833e-01   1.0000000e+00   2.2348346e-02
   1.0303151e-01   0.0000000e+00   0.0000000e+00   0.0000000e+00   0.0000000e+00   0.0000000e+00   0.0000000e+00   0.0000000e+00   0.0000000e+00   0.0000000e+00   5.6638114e-01   6.7921241e-01   1.0000000e+00   2.2050918e-02
   5.1690653e-02   0.0000000e+00   0.0000000e+00   0.0000000e+00   0.0000000e+00   0.0000000e+00   0.0000000e+00   0.0000000e+00   0.0000000e+00   0.0000000e+00   7.3920976e-01   4.5356893e-01   1.0000000e+00   2.1900657e-02
   4.8399033e-02   0.0000000e+00   0.0000000e+00   0.0000000e+00   0.0000000e+00   0.0000000e+00   0.0000000e+00   0.0000000e+00   0.0000000e+00   0.0000000e+00   7.9830461e-01   3.6270975e-01   1.0000000e+00   2.1881442e-02
   5.2389154e-02   0.0000000e+00   0.0000000e+00   0.0000000e+00   0.0000000e+00   0.0000000e+00   0.0000000e+00   0.0000000e+00   0.0000000e+00   0.0000000e+00   7.2581521e-01   4.7319228e-01   1.0000000e+00   2.1726453e-02
   8.7940376e-02   0.0000000e+00   0.0000000e+00   0.0000000e+00   0.0000000e+00   0.0000000e+00   0.0000000e+00   0.0000000e+00   0.0000000e+00   0.0000000e+00   3.1230780e-01   9.0246384e-01   1.0000000e+00   2.1711329e-02
   1.0647725e-01   0.0000000e+00   0.0000000e+00   0.0000000e+00   0.0000000e+00   0.0000000e+00   0.0000000e+00   0.0000000e+00   0.0000000e+00   0.0000000e+00   6.3793950e-01   5.9303320e-01   1.0000000e+00   2.1278555e-02
   4.7853987e-02   0.0000000e+00   0.0000000e+00   0.0000000e+00   0.0000000e+00   0.0000000e+00   0.0000000e+00   0.0000000e+00   0.0000000e+00   0.0000000e+00   8.0737667e-01   3.4814291e-01   1.0000000e+00   2.1215031e-02
   7.8447562e-02   0.0000000e+00   0.0000000e+00   0.0000000e+00   0.0000000e+00   0.0000000e+00   0.0000000e+00   0.0000000e+00   0.0000000e+00   0.0000000e+00   2.8771029e-01   9.1722279e-01   1.0000000e+00   2.0982010e-02
   8.1457797e-02   0.0000000e+00   4.0125504e-06   0.0000000e+00   0.0000000e+00   0.0000000e+00   0.0000000e+00   6.0695441e-12   0.0000000e+00   0.0000000e+00   2.8077532e-01   1.1686010e+00   1.0000000e+00   2.0925315e-02
   1.0838026e-01   0.0000000e+00   0.0000000e+00   0.0000000e+00   0.0000000e+00   0.0000000e+00   0.0000000e+00   0.0000000e+00   0.0000000e+00   0.0000000e+00   6.7653022e-01   5.4230686e-01   1.0000000e+00   2.0752616e-02
   9.4909424e-02   0.0000000e+00   0.0000000e+00   0.0000000e+00   0.0000000e+00   0.0000000e+00   0.0000000e+00   0.0000000e+00   0.0000000e+00   0.0000000e+00   4.0763067e-01   8.3383724e-01   1.0000000e+00   2.0473763e-02
   1.2529510e-01   0.0000000e+00   0.0000000e+00   0.0000000e+00   0.0000000e+00   0.0000000e+00   0.0000000e+00   0.0000000e+00   0.0000000e+00   0.0000000e+00   9.2677243e-01   1.4109287e-01   1.0000000e+00   2.0423036e-02
   9.7980779e-02   0.0000000e+00   0.0000000e+00   0.0000000e+00   0.0000000e+00   0.0000000e+00   0.0000000e+00   0.0000000e+00   0.0000000e+00   0.0000000e+00   4.6397750e-01   7.8472488e-01   1.0000000e+00   2.0254613e-02
   9.5663129e-02   0.0000000e+00   0.0000000e+00   0.0000000e+00   0.0000000e+00   0.0000000e+00   0.0000000e+00   0.0000000e+00   0.0000000e+00   0.0000000e+00   4.2084061e-01   8.2289318e-01   1.0000000e+00   1.9961610e-02
   1.1709889e-01   0.0000000e+00   0.0000000e+00   0.0000000e+00   0.0000000e+00   0.0000000e+00   0.0000000e+00   0.0000000e+00   0.0000000e+00   0.0000000e+00   8.3065701e-01   3.1000894e-01   1.0000000e+00   1.9943470e-02
   5.1389030e-02   0.0000000e+00   0.0000000e+00   0.0000000e+00   0.0000000e+00   0.0000000e+00   0.0000000e+00   0.0000000e+00   0.0000000e+00   0.0000000e+00   7.4490899e-01   4.4511060e-01   1.0000000e+00   1.9652795e-02
   7.3194961e-02   0.0000000e+00   0.0000000e+00   0.0000000e+00   0.0000000e+00   0.0000000e+00   0.0000000e+00   0.0000000e+00   0.0000000e+00   0.0000000e+00   3.3169813e-01   8.8997635e-01   1.0000000e+00   1.9567701e-02
   9.3417080e-02   0.0000000e+00   0.0000000e+00   0.0000000e+00   0.0000000e+00   0.0000000e+00   0.0000000e+00   0.0000000e+00   0.0000000e+00   0.0000000e+00   3.8289238e-01   8.5339343e-01   1.0000000e+00   1.9398313e-02
   1.0093203e-01   0.0000000e+00   0.0000000e+00   0.0000000e+00   0.0000000e+00   0.0000000e+00   0.0000000e+00   0.0000000e+00   0.0000000e+00   0.0000000e+00   5.2293196e-01   7.2654217e-01   1.0000000e+00   1.9356072e-02
   3.9945437e-02   0.0000000e+00   0.0000000e+00   0.0000000e+00   0.0000000e+00   0.0000000e+00   0.0000000e+00   0.0000000e+00   0.0000000e+00   0.0000000e+00   9.1286937e-01   1.6666952e-01   1.0000000e+00   1.9300083e-02
   7.6077731e-02   0.0000000e+00   0.0000000e+00   0.0000000e+00   0.0000000e+00   0.0000000e+00   0.0000000e+00   0.0000000e+00   0.0000000e+00   0.0000000e+00   3.0274260e-01   9.0834692e-01   1.0000000e+00   1.8900333e-02
   5.1188997e-02   0.0000000e+00   0.0000000e+00   0.0000000e+00   0.0000000e+00   0.0000000e+00   0.0000000e+00   0.0000000e+00   0.0000000e+00   0.0000000e+00   7.4865934e-01   4.3950919e-01   1.0000000e+00   1.8666900e-02
   3.6876366e-02   0.0000000e+00   0.0000000e+00   0.0000000e+00   0.0000000e+00   0.0000000e+00   0.0000000e+00   0.0000000e+00   0.0000000e+00   0.0000000e+00   9.4044611e-01   1.1556112e-01   1.0000000e+00   1.8494659e-02
   9.6094661e-02   0.0000000e+00   0.0000000e+00   0.0000000e+00   0.0000000e+00   0.0000000e+00   0.0000000e+00   0.0000000e+00   0.0000000e+00   0.0000000e+00   4.2859964e-01   8.1630235e-01   1.0000000e+00   1.7997403e-02
   1.0793941e-01   0.0000000e+00   0.0000000e+00   0.0000000e+00   0.0000000e+00   0.0000000e+00   0.0000000e+00   0.0000000e+00   0.0000000e+00   0.0000000e+00   6.6768985e-01   5.5419026e-01   1.0000000e+00   1.7969347e-02
   9.3673148e-02   0.0000000e+00   0.0000000e+00   0.0000000e+00   0.0000000e+00   0.0000000e+00   0.0000000e+00   0.0000000e+00   0.0000000e+00   0.0000000e+00   3.8699401e-01   8.5023564e-01   1.0000000e+00   1.7655048e-02
   4.9158328e-02   0.0000000e+00   0.0000000e+00   0.0000000e+00   0.0000000e+00   0.0000000e+00   0.0000000e+00   0.0000000e+00   0.0000000e+00   0.0000000e+00   7.8531177e-01   3.8328543e-01   1.0000000e+00   1.7482247e-02
   1.3415152e-01   0.0000000e+00   0.0000000e+00   0.0000000e+00   0.0000000e+00   0.0000000e+00   0.0000000e+00   0.0000000e+00   0.0000000e+00   0.0000000e+00   9.7881422e-01   4.1922715e-02   1.0000000e+00   1.7454927e-02
   6.2375558e-02   0.0000000e+00   0.0000000e+00   0.0000000e+00   0.0000000e+00   0.0000000e+00   0.0000000e+00   0.0000000e+00   0.0000000e+00   0.0000000e+00   5.1828026e-01   7.3138557e-01   1.0000000e+00   1.7347482e-02
   1.1605674e-01   0.0000000e+00   0.0000000e+00   0.0000000e+00   0.0000000e+00   0.0000000e+00   0.0000000e+00   0.0000000e+00   0.0000000e+00   0.0000000e+00   8.1480087e-01   3.3609953e-01   1.0000000e+00   1.7322905e-02
   3.1537791e-02   0.0000000e+00   0.0000000e+00   0.0000000e+00   0.0000000e+00   0.0000000e+00   0.0000000e+00   0.0000000e+00   0.0000000e+00   0.0000000e+00   9.7279311e-01   5.3673567e-02   1.0000000e+00   1.7145922e-02
   1.0785626e-01   0.0000000e+00   0.0000000e+00   0.0000000e+00   0.0000000e+00   0.0000000e+00   0.0000000e+00   0.0000000e+00   0.0000000e+00   0.0000000e+00   6.6601499e-01   5.5642403e-01   1.0000000e+00   1.6926208e-02
   7.0005147e-02   0.0000000e+00   0.0000000e+00   0.0000000e+00   0.0000000e+00   0.0000000e+00   0.0000000e+00   0.0000000e+00   0.0000000e+00   0.0000000e+00   3.7587011e-01   8.5872166e-01   1.0000000e+00   1.6709152e-02
   1.0751722e-01   0.0000000e+00   0.0000000e+00   0.0000000e+00   0.0000000e+00   0.0000000e+00   0.0000000e+00   0.0000000e+00   0.0000000e+00   0.0000000e+00   6.5916273e-01   5.6550449e-01   1.0000000e+00   1.6644954e-02
   5.8092710e-02   0.0000000e+00   0.0000000e+00   0.0000000e+00   0.0000000e+00   0.0000000e+00   0.0000000e+00   0.0000000e+00   0.0000000e+00   0.0000000e+00   6.0887811e-01   6.2926744e-01   1.0000000e+00   1.6548313e-02
   6.7748299e-02   0.0000000e+00   0.0000000e+00   0.0000000e+00   0.0000000e+00   0.0000000e+00   0.0000000e+00   0.0000000e+00   0.0000000e+00   0.0000000e+00   4.1357433e-01   8.2895628e-01   1.0000000e+00   1.6513048e-02
   7.6767462e-02   0.0000000e+00   0.0000000e+00   0.0000000e+00   0.0000000e+00   0.0000000e+00   0.0000000e+00   0.0000000e+00   0.0000000e+00   0.0000000e+00   2.9752119e-01   9.1148114e-01   1.0000000e+00   1.6326592e-02
   3.2953889e-02   0.0000000e+00   0.0000000e+00   0.0000000e+00   0.0000000e+00   0.0000000e+00   0.0000000e+00   0.0000000e+00   0.0000000e+00   0.0000000e+00   9.6594201e-01   6.6956031e-02   1.0000000e+00   1.6300421e-02
   3.8180458e-02   0.0000000e+00   0.0000000e+00   0.0000000e+00   0.0000000e+00   0.0000000e+00   0.0000000e+00   0.0000000e+00   0.0000000e+00   0.0000000e+00   9.2960048e-01   1.3584296e-01   1.0000000e+00   1.6278300e-02
   1.0678949e-01   0.0000000e+00   0.0000000e+00   0.0000000e+00   0.0000000e+00   0.0000000e+00   0.0000000e+00   0.0000000e+00   0.0000000e+00   0.0000000e+00   6.4434099e-01   5.8482468e-01   1.0000000e+00   1.6040913e-02
   9.4510985e-02   0.0000000e+00   0.0000000e+00   0.0000000e+00   0.0000000e+00   0.0000000e+00   0.0000000e+00   0.0000000e+00   0.0000000e+00   0.0000000e+00   4.0083404e-01   8.3933207e-01   1.0000000e+00   1.5853287e-02
   5.0210503e-02   0.0000000e+00   0.0000000e+00   0.0000000e+00   0.0000000e+00   0.0000000e+00   0.0000000e+00   0.0000000e+00   0.0000000e+00   0.0000000e+00   7.6665311e-01   4.1224300e-01   1.0000000e+00   1.5723843e-02
   1.0848854e-01   0.0000000e+00   0.0000000e+00   0.0000000e+00   0.0000000e+00   0.0000000e+00   0.0000000e+00   0.0000000e+00   0.0000000e+00   0.0000000e+00   6.7869085e-01   5.3937873e-01   1.0000000e+00   1.5688373e-02
   6.4315016e-02   0.0000000e+00   0.0000000e+00   0.0000000e+00   0.0000000e+00   0.0000000e+00   0.0000000e+00   0.0000000e+00   0.0000000e+00   0.0000000e+00   4.7865891e-01   7.7088565e-01   1.0000000e+00   1.5538261e-02
   4.8779102e-02   0.0000000e+00   0.0000000e+00   0.0000000e+00   0.0000000e+00   0.0000000e+00   0.0000000e+00   0.0000000e+00   0.0000000e+00   0.0000000e+00   7.9185179e-01   3.7297075e-01   1.0000000e+00   1.5284904e-02
   8.8287097e-02   0.0000000e+00   0.0000000e+00   0.0000000e+00   0.0000000e+00   0.0000000e+00   0.0000000e+00   0.0000000e+00   0.0000000e+00   0.0000000e+00   3.1568973e-01   9.0033999e-01   1.0000000e+00   1.5062122e-02
   5.9087380e-02   0.0000000e+00   0.0000000e+00   0.0000000e+00   0.0000000e+00   0.0000000e+00   0.0000000e+00   0.0000000e+00   0.0000000e+00   0.0000000e+00   5.8773042e-01   6.5457296e-01   1.0000000e+00   1.5017867e-02
   6.6435955e-02   0.0000000e+00   0.0000000e+00   0.0000000e+00   0.0000000e+00   0.0000000e+00   0.0000000e+00   0.0000000e+00   0.0000000e+00   0.0000000e+00   4.3750634e-01   8.0858820e-01   1.0000000e+00   1.4906895e-02
   1.2615919e-01   0.0000000e+00   0.0000000e+00   0.0000000e+00   0.0000000e+00   0.0000000e+00   0.0000000e+00   0.0000000e+00   0.0000000e+00   0.0000000e+00   9.3399911e-01   1.2764567e-01   1.0000000e+00   1.4776139e-02
   3.7410764e-02   0.0000000e+00   0.0000000e+00   0.0000000e+00   0.0000000e+00   0.0000000e+00   0.0000000e+00   0.0000000e+00   0.0000000e+00   0.0000000e+00   9.3615356e-01   1.2361651e-01   1.0000000e+00   1.4562899e-02
   5.9478479e-02   0.0000000e+00   0.0000000e+00   0.0000000e+00   0.0000000e+00   0.0000000e+00   0.0000000e+00   0.0000000e+00   0.0000000e+00   0.0000000e+00   5.7940840e-01   6.6428590e-01   1.0000000e+00   1.4286680e-02
   9.2801663e-02   0.0000000e+00   0.0000000e+00   0.0000000e+00   0.0000000e+00   0.0000000e+00   0.0000000e+00   0.0000000e+00   0.0000000e+00   0.0000000e+00   3.7329353e-01   8.6065194e-01   1.0000000e+00   1.4217187e-02
   4.5706309e-02   0.0000000e+00   0.0000000e+00   0.0000000e+00   0.0000000e+00   0.0000000e+00   0.0000000e+00   0.0000000e+00   0.0000000e+00   0.0000000e+00   8.4095082e-01   2.9280172e-01   1.0000000e+00   1.4182743e-02
   9.1388920e-02   0.0000000e+00   0.0000000e+00   0.0000000e+00   0.0000000e+00   0.0000000e+00   0.0000000e+00   0.0000000e+00   0.0000000e+00   0.0000000e+00   3.5273090e-01   8.7558091e-01   1.0000000e+00   1.4164817e-02
   8.1457958e-02   0.0000000e+00   0.0000000e+00   0.0000000e+00   0.0000000e+00   0.0000000e+00   0.0000000e+00   5.9068933e-09   0.0000000e+00   0.0000000e+00   2.8077532e-01   9.7015345e-01   1.0000000e+00   1.4056925e-02
   5.1945269e-02   0.0000000e+00   0.0000000e+00   0.0000000e+00   0.0000000e+00   0.0000000e+00   0.0000000e+00   0.0000000e+00   0.0000000e+00   0.0000000e+00   7.3435836e-01   4.6071780e-01   1.0000000e+00   1.3992969e-02
   9.2423551e-02   0.0000000e+00   0.0000000e+00   0.0000000e+00   0.0000000e+00   0.0000000e+00   0.0000000e+00   0.0000000e+00   0.0000000e+00   0.0000000e+00   3.6758379e-01   8.6488216e-01   1.0000000e+00   1.3971137e-02
   3.1392532e-02   0.0000000e+00   0.0000000e+00   0.0000000e+00   0.0000000e+00   0.0000000e+00   0.0000000e+00   0.0000000e+00   0.0000000e+00   0.0000000e+00   9.7343276e-01   5.2428667e-02   1.0000000e+00   1.3816140e-02
   6.3820298e-02   0.0000000e+00   0.0000000e+00   0.0000000e+00   0.0000000e+00   0.0000000e+00   0.0000000e+00   0.0000000e+00   0.0000000e+00   0.0000000e+00   4.8861560e-01   7.6125479e-01   1.0000000e+00   1.3757148e-02
   1.1495087e-01   0.0000000e+00   0.0000000e+00   0.0000000e+00   0.0000000e+00   0.0000000e+00   0.0000000e+00   0.0000000e+00   0.0000000e+00   0.0000000e+00   7.9712194e-01   3.6459661e-01   1.0000000e+00   1.3726095e-02
   1.0710787e-01   0.0000000e+00   0.0000000e+00   0.0000000e+00   0.0000000e+00   0.0000000e+00   0.0000000e+00   0.0000000e+00   0.0000000e+00   0.0000000e+00   6.5084340e-01   5.7640287e-01   1.0000000e+00   1.3543895e-02
   1.0384489e-01   0.0000000e+00   0.0000000e+00   0.0000000e+00   0.0000000e+00   0.0000000e+00   0.0000000e+00   0.0000000e+00   0.0000000e+00   0.0000000e+00   5.8333641e-01   6.5971863e-01   1.0000000e+00   1.3486281e-02
