   8.5279794e-01   1.6500535e-03   4.4453314e-03   6.1636232e-02   6.7474199e-04   1.6672714e-03   1.5199508e-02   2.1698825e-05   1.0030648e-04   9.8288360e-03   5.7603555e-03   1.1075369e-02   3.9954058e-08   6.4771798e-02   3.2208887e-03   5.0460161e-07   1.5115689e-07   8.5466986e-04   2.4689701e-04   1.4118976e-03   7.1472092e-03   4.4744386e-03   1.2978869e-04   3.8588740e-06   2.9699508e-04   9.8230800e-03   4.6723485e-02   1.4783861e-02   1.6868490e-05   2.3961843e-05   8.5279794e-01  -7.2778739e-01
   8.5275727e-01   1.6624385e-03   4.4848372e-03   6.1610364e-02   6.7367968e-04   1.6696829e-03   1.5227721e-02   2.1451619e-05   1.0153387e-04   9.8939623e-03   5.7789292e-03   1.2464946e-02   5.2802424e-08   6.4756189e-02   3.3124139e-03   6.3571029e-07   1.7249695e-07   8.4531547e-04   2.4879983e-04   1.4104717e-03   7.1633726e-03   4.4978291e-03   0.0000000e+00   5.1930549e-06   2.9955201e-04   9.8214609e-03   4.6685792e-02   1.7414682e-02   1.6937175e-05   2.7584930e-05   8.5275727e-01  -7.2710998e-01
   8.5275727e-01   1.6624385e-03   4.4848372e-03   6.1610364e-02   6.7367968e-04   1.6696829e-03   1.5227721e-02   2.1451619e-05   1.0153387e-04   9.8939623e-03   5.7789292e-03   1.2464946e-02   5.2802424e-08   6.4756189e-02   3.3124139e-03   6.3571029e-07   1.7249695e-07   8.4531547e-04   2.4879983e-04   1.4104717e-03   7.1633726e-03   4.4978291e-03   0.0000000e+00   5.1930549e-06   2.9955201e-04   9.8214609e-03   4.6685792e-02   1.7414682e-02   1.6937175e-05   2.7584930e-05   8.5275727e-01  -7.2710998e-01
   8.4423019e-01   1.6352891e-03   4.4361066e-03   6.1096126e-02   6.7301791e-04   1.7081322e-03   1.5215550e-02   2.2656678e-05   1.0019609e-04   7.6997678e-03   5.2573503e-03   1.3612152e-02   0.0000000e+00   6.4750410e-02   2.6526830e-03   7.0222160e-07   2.0789957e-07   1.0966132e-03   2.5489324e-04   1.5619018e-03   7.1224997e-03   2.5985474e-03   0.0000000e+00   3.8544594e-06   3.2493700e-04   9.6903523e-03   4.6365579e-02   1.8480073e-02   1.3889400e-05   0.0000000e+00   8.4423019e-01  -7.0377551e-01
   8.4423019e-01   1.6352891e-03   4.4361066e-03   6.1096126e-02   6.7301791e-04   1.7081322e-03   1.5215550e-02   2.2656678e-05   1.0019609e-04   7.6997678e-03   5.2573503e-03   1.3612152e-02   0.0000000e+00   6.4750410e-02   2.6526830e-03   7.0222160e-07   2.0789957e-07   1.0966132e-03   2.5489324e-04   1.5619018e-03   7.1224997e-03   2.5985474e-03   0.0000000e+00   3.8544594e-06   3.2493700e-04   9.6903523e-03   4.6365579e-02   1.8480073e-02   1.3889400e-05   0.0000000e+00   8.4423019e-01  -7.0377551e-01
   8.4235332e-01   1.6332017e-03   4.3571433e-03   6.1095208e-02   6.7070023e-04   1.6838989e-03   1.5205583e-02   2.2263398e-05   1.0557851e-04   5.4309380e-03   5.2537304e-03   1.4450785e-02   3.9676313e-09   6.4735738e-02   4.0569866e-03   1.7285546e-06   3.2964219e-08   1.1174860e-03   2.4179312e-04   1.4797534e-03   7.0825733e-03   2.3649151e-03   0.0000000e+00   1.2781497e-05   3.1628788e-04   9.6918799e-03   4.5986116e-02   1.9229670e-02   9.4351514e-06   0.0000000e+00   8.4235332e-01  -6.9050138e-01
   8.4074258e-01   1.5812121e-03   4.1678544e-03   6.1193026e-02   6.7062213e-04   1.5762457e-03   1.5161778e-02   2.2584945e-05   1.1621330e-04   3.8880776e-03   5.6394713e-03   2.2980071e-02   2.0680729e-11   6.4698252e-02   1.9705153e-03   2.0466583e-06   3.2448475e-08   1.2860296e-03   2.3784247e-04   1.4685239e-03   7.4315777e-03   4.3817699e-03   0.0000000e+00   1.3243978e-05   3.2853016e-04   9.4967028e-03   4.6089282e-02   2.1362200e-02   2.2816331e-05   0.0000000e+00   8.4074258e-01  -6.7520133e-01
   8.4035705e-01   1.5833067e-03   4.1537286e-03   6.1181658e-02   6.7064037e-04   1.5769238e-03   1.5158374e-02   2.2619483e-05   1.1613648e-04   5.1776176e-03   5.6248031e-03   2.2333732e-02   0.0000000e+00   6.4692951e-02   1.5377747e-03   1.9623887e-06   2.8211941e-08   1.3215501e-03   2.4026724e-04   1.5675658e-03   7.4223649e-03   4.3784739e-03   0.0000000e+00   1.2086136e-05   3.2878542e-04   9.4962304e-03   4.6199204e-02   2.1771766e-02   2.2369809e-05   0.0000000e+00   8.4035705e-01  -6.7149517e-01
   8.4035705e-01   1.5833067e-03   4.1537286e-03   6.1181658e-02   6.7064037e-04   1.5769238e-03   1.5158374e-02   2.2619483e-05   1.1613648e-04   5.1776176e-03   5.6248031e-03   2.2333732e-02   0.0000000e+00   6.4692951e-02   1.5377747e-03   1.9623887e-06   2.8211941e-08   1.3215501e-03   2.4026724e-04   1.5675658e-03   7.4223649e-03   4.3784739e-03   0.0000000e+00   1.2086136e-05   3.2878542e-04   9.4962304e-03   4.6199204e-02   2.1771766e-02   2.2369809e-05   0.0000000e+00   8.4035705e-01  -6.7149517e-01
   8.3834549e-01   1.4496110e-03   3.8926374e-03   6.1214469e-02   6.6840966e-04   1.5109033e-03   1.5425933e-02   2.2562040e-05   1.1629884e-04   8.5330413e-03   5.3814111e-03   1.7135466e-02   4.6890957e-09   6.4700934e-02   0.0000000e+00   1.0234262e-06   1.6458822e-08   1.5297373e-03   2.3709300e-04   1.6214418e-03   7.4044660e-03   3.8667786e-03   7.0916129e-04   5.0636720e-08   1.4110533e-04   9.5692509e-03   4.6004430e-02   3.3336922e-02   2.1465190e-05   0.0000000e+00   8.3834549e-01  -6.4966372e-01
   8.3736910e-01   1.9518216e-03   4.5262351e-03   6.0843743e-02   8.3323358e-04   1.5835962e-03   1.4876113e-02   2.3767308e-05   1.2483585e-04   1.2510509e-02   4.6491114e-03   6.1113798e-03   4.1915888e-08   6.4552096e-02   2.4980644e-02   1.9718932e-05   6.3823994e-07   1.0054463e-03   2.0654933e-04   2.3608256e-03   7.9085718e-03   2.5679998e-03   4.6413297e-03   1.5162582e-03   5.0968242e-04   9.6430583e-03   4.7030457e-02   1.0833844e-02   7.6782646e-07   9.0030011e-04   8.3736910e-01  -6.3824709e-01
   8.3700052e-01   1.4475109e-03   3.8724106e-03   6.1159981e-02   6.6747551e-04   1.5991906e-03   1.5398862e-02   2.2529236e-05   1.1591106e-04   8.6577449e-03   5.4316329e-03   1.8123223e-02   4.0889154e-09   6.4702532e-02   0.0000000e+00   9.2475942e-07   2.7327306e-08   1.5326985e-03   2.3990585e-04   1.6248665e-03   7.4796467e-03   4.3828808e-03   7.2856101e-04   0.0000000e+00   9.1483677e-05   9.5761763e-03   4.5990932e-02   3.1948591e-02   2.3128203e-05   0.0000000e+00   8.3700052e-01  -6.3422972e-01
   8.3578030e-01   1.2712827e-03   3.5223332e-03   6.1145452e-02   6.6638945e-04   1.6018779e-03   1.5215472e-02   2.2769529e-05   1.2253610e-04   0.0000000e+00   5.4288353e-03   3.1024024e-02   1.4877293e-08   6.4723697e-02   0.0000000e+00   3.5403422e-07   0.0000000e+00   1.5902220e-03   2.5568690e-04   1.7712251e-03   7.4784595e-03   4.3172965e-03   3.0617354e-03   0.0000000e+00   1.3708080e-04   9.5517668e-03   4.5799387e-02   3.7180986e-02   3.0919490e-05   0.0000000e+00   8.3578030e-01  -6.1719285e-01
   8.3471589e-01   1.9352691e-03   4.5178675e-03   6.0993241e-02   8.3574468e-04   1.6451777e-03   1.4928059e-02   2.4287403e-05   1.2620173e-04   1.6074929e-02   4.7155874e-03   6.5470110e-03   4.2972799e-08   6.4489003e-02   2.3761292e-02   1.6208237e-05   6.3777390e-07   9.2131698e-04   2.0447884e-04   2.1755460e-03   7.8939828e-03   1.5246700e-03   4.2071133e-03   1.4901117e-03   5.0421108e-04   9.6560977e-03   4.7770399e-02   1.1091325e-02   5.7108880e-06   8.2985038e-04   8.3471589e-01  -6.0437537e-01
   8.3399525e-01   1.3165712e-03   3.5031762e-03   6.1260009e-02   6.6592690e-04   1.7534970e-03   1.5183988e-02   2.3881365e-05   1.0924458e-04   0.0000000e+00   5.4096965e-03   3.0967112e-02   2.6714940e-08   6.4670802e-02   0.0000000e+00   3.4841822e-07   0.0000000e+00   9.7549005e-04   2.4019643e-04   1.7704120e-03   7.3389051e-03   7.6036917e-03   2.6510518e-03   0.0000000e+00   2.5485047e-05   9.4998423e-03   4.5605203e-02   4.0665294e-02   2.2104316e-05   2.0707144e-05   8.3399525e-01  -5.9224793e-01
   8.3274656e-01   1.7077148e-03   4.6181762e-03   6.2232254e-02   7.0978764e-04   5.2366490e-04   1.5931169e-02   1.8218085e-05   9.7032499e-05   0.0000000e+00   4.4857295e-03   0.0000000e+00   1.0148806e-07   6.4799077e-02   2.0963474e-02   2.0492129e-06   2.2145306e-07   4.6692816e-04   2.1677606e-04   1.6967826e-03   7.6365719e-03   0.0000000e+00   0.0000000e+00   1.2620279e-04   4.3440498e-04   9.9393661e-03   4.4325062e-02   1.0277836e-02   6.3063043e-05   7.0694030e-04   8.3274656e-01  -5.8274061e-01
   8.3201259e-01   1.7396799e-03   4.5607866e-03   6.3194053e-02   6.7007568e-04   6.7271321e-04   1.5425168e-02   1.7855899e-05   9.8846017e-05   4.0772117e-04   4.5742459e-03   6.8479025e-03   1.0598822e-07   6.4832948e-02   1.8302855e-02   4.1530497e-07   3.3390407e-08   5.3304722e-04   2.1501763e-04   1.7772419e-03   7.8997079e-03   4.1263262e-04   0.0000000e+00   8.7319921e-06   4.6287780e-04   1.0093323e-02   4.4305745e-02   9.5051564e-03   8.7269275e-05   5.8299523e-04   8.3201259e-01  -5.7069447e-01
   8.3117284e-01   1.7240045e-03   4.6043683e-03   6.2676921e-02   6.6977553e-04   4.8246192e-04   1.5414997e-02   1.8312528e-05   9.5008522e-05   1.7759733e-03   4.4485334e-03   0.0000000e+00   9.6822192e-08   6.4830906e-02   2.0611723e-02   7.2454178e-07   3.3414508e-08   5.6078714e-04   2.1394494e-04   1.7501915e-03   7.7009372e-03   0.0000000e+00   0.0000000e+00   8.7427456e-06   4.4538014e-04   1.0078395e-02   4.4660379e-02   1.0224182e-02   8.0171281e-05   6.8349162e-04   8.3117284e-01  -5.5812598e-01
   8.3117284e-01   1.7240045e-03   4.6043683e-03   6.2676921e-02   6.6977553e-04   4.8246192e-04   1.5414997e-02   1.8312528e-05   9.5008522e-05   1.7759733e-03   4.4485334e-03   0.0000000e+00   9.6822192e-08   6.4830906e-02   2.0611723e-02   7.2454178e-07   3.3414508e-08   5.6078714e-04   2.1394494e-04   1.7501915e-03   7.7009372e-03   0.0000000e+00   0.0000000e+00   8.7427456e-06   4.4538014e-04   1.0078395e-02   4.4660379e-02   1.0224182e-02   8.0171281e-05   6.8349162e-04   8.3117284e-01  -5.5812598e-01
   8.3011361e-01   1.9021723e-03   4.5729585e-03   6.0800355e-02   7.0123760e-04   1.7407620e-03   1.2591448e-02   2.4816340e-05   1.2545998e-04   1.2872613e-02   4.9202112e-03   1.6555628e-03   4.2079299e-08   6.4486725e-02   2.2367800e-02   8.4520823e-06   5.8328142e-07   6.3098717e-04   2.0642758e-04   2.0390260e-03   7.5780984e-03   1.5248903e-03   5.5562675e-03   5.6213087e-04   5.3147584e-04   9.6976205e-03   4.8071133e-02   1.5592909e-02   3.6430512e-06   6.6158002e-04   8.3011361e-01  -5.3603433e-01
   8.2991283e-01   1.8924340e-03   4.5665377e-03   6.1100271e-02   7.0922421e-04   1.6271938e-03   1.4594998e-02   2.4477687e-05   1.4379758e-04   1.7544045e-02   5.3028535e-03   2.8697192e-03   4.0141864e-08   6.4539880e-02   3.0059123e-02   6.9501750e-06   4.5754768e-07   6.3674470e-04   2.1238887e-04   1.9755209e-03   7.4868646e-03   1.4332941e-03   9.5587838e-03   3.1933362e-04   5.3304802e-04   9.7245035e-03   4.8472545e-02   1.4678673e-02   0.0000000e+00   6.9968327e-04   8.2991283e-01  -5.2930699e-01
   8.2817377e-01   1.6864909e-03   4.8685571e-03   6.2745411e-02   6.6949688e-04   4.0385183e-04   1.5416455e-02   1.8813966e-05   8.0055113e-05   1.7429168e-03   4.5257896e-03   0.0000000e+00   2.0305712e-08   6.4869707e-02   1.6859175e-02   7.7112828e-07   3.0820251e-08   1.8680634e-04   2.0923794e-04   1.7524421e-03   7.7194366e-03   1.2476454e-06   6.2106958e-04   6.1220773e-06   4.3085227e-04   1.0066184e-02   4.4797201e-02   7.5958993e-03   8.6513654e-05   5.4001795e-04   8.2817377e-01  -5.0845537e-01
   8.2817377e-01   1.6864909e-03   4.8685571e-03   6.2745411e-02   6.6949688e-04   4.0385183e-04   1.5416455e-02   1.8813966e-05   8.0055113e-05   1.7429168e-03   4.5257896e-03   0.0000000e+00   2.0305712e-08   6.4869707e-02   1.6859175e-02   7.7112828e-07   3.0820251e-08   1.8680634e-04   2.0923794e-04   1.7524421e-03   7.7194366e-03   1.2476454e-06   6.2106958e-04   6.1220773e-06   4.3085227e-04   1.0066184e-02   4.4797201e-02   7.5958993e-03   8.6513654e-05   5.4001795e-04   8.2817377e-01  -5.0845537e-01
   8.2675406e-01   1.7230163e-03   4.9089571e-03   6.3401816e-02   6.6954841e-04   3.8407747e-04   1.5465690e-02   1.9623195e-05   6.4319520e-05   9.7360477e-04   4.9667001e-03   0.0000000e+00   1.4871665e-07   6.5021347e-02   1.2815754e-02   6.5898876e-07   3.2100830e-08   2.5260349e-04   2.0689958e-04   1.7693815e-03   7.7426549e-03   0.0000000e+00   1.7920986e-03   6.2946307e-06   5.1397091e-04   1.0173079e-02   4.3234124e-02   9.7117514e-03   1.1647636e-04   5.2791255e-04   8.2675406e-01  -4.8281949e-01
   8.2652363e-01   1.7297584e-03   4.9109293e-03   6.3290844e-02   6.6955826e-04   3.8736366e-04   1.5449252e-02   1.9942345e-05   6.3128081e-05   9.0559268e-04   4.9563649e-03   0.0000000e+00   9.4876395e-08   6.5010911e-02   1.3436402e-02   6.5315325e-07   3.2481470e-08   2.5708249e-04   2.0718156e-04   1.7697608e-03   7.7440839e-03   0.0000000e+00   1.5762340e-03   6.3467588e-06   5.2673851e-04   1.0225755e-02   4.4259460e-02   1.0420975e-02   1.1296945e-04   5.2314789e-04   8.2652363e-01  -4.7816041e-01
   8.2652363e-01   1.7297584e-03   4.9109293e-03   6.3290844e-02   6.6955826e-04   3.8736366e-04   1.5449252e-02   1.9942345e-05   6.3128081e-05   9.0559268e-04   4.9563649e-03   0.0000000e+00   9.4876395e-08   6.5010911e-02   1.3436402e-02   6.5315325e-07   3.2481470e-08   2.5708249e-04   2.0718156e-04   1.7697608e-03   7.7440839e-03   0.0000000e+00   1.5762340e-03   6.3467588e-06   5.2673851e-04   1.0225755e-02   4.4259460e-02   1.0420975e-02   1.1296945e-04   5.2314789e-04   8.2652363e-01  -4.7816041e-01
   8.2675406e-01   1.7230163e-03   4.9089571e-03   6.3401816e-02   6.6954841e-04   3.8407747e-04   1.5465690e-02   1.9623195e-05   6.4319520e-05   9.7360477e-04   4.9667001e-03   0.0000000e+00   1.4871665e-07   6.5021347e-02   1.2815754e-02   6.5898876e-07   3.2100830e-08   2.5260349e-04   2.0689958e-04   1.7693815e-03   7.7426549e-03   0.0000000e+00   1.7920986e-03   6.2946307e-06   5.1397091e-04   1.0173079e-02   4.3234124e-02   9.7117514e-03   1.1647636e-04   5.2791255e-04   8.2675406e-01  -4.8281949e-01
   6.5265792e-01   1.7818162e-03   5.2488822e-03   0.0000000e+00   1.3252859e-03   1.8451339e-03   1.2751811e-02   3.1484582e-05   1.6530498e-04   0.0000000e+00   1.0163907e-02   6.3134242e-04   1.3860931e-02   8.8480323e-03   3.4859389e-03   2.1677555e-04   1.0876047e-03   3.9991924e-04   1.0011081e-04   6.5487427e-03   5.8732095e-04   9.9863004e-05   4.8366760e-02   1.5553063e-03   1.0186358e-06   3.1395213e-03   1.3033829e-02   7.2621624e-04   2.4307271e-03   7.0482835e-03   6.5265792e-01  -4.3114306e-01
   6.5265792e-01   1.7818162e-03   5.2488822e-03   0.0000000e+00   1.3252859e-03   1.8451339e-03   1.2751811e-02   3.1484582e-05   1.6530498e-04   0.0000000e+00   1.0163907e-02   6.3134242e-04   1.3860931e-02   8.8480323e-03   3.4859389e-03   2.1677555e-04   1.0876047e-03   3.9991924e-04   1.0011081e-04   6.5487427e-03   5.8732095e-04   9.9863004e-05   4.8366760e-02   1.5553063e-03   1.0186358e-06   3.1395213e-03   1.3033829e-02   7.2621624e-04   2.4307271e-03   7.0482835e-03   6.5265792e-01  -4.3114306e-01
   6.5265792e-01   1.7818162e-03   5.2488822e-03   0.0000000e+00   1.3252859e-03   1.8451339e-03   1.2751811e-02   3.1484582e-05   1.6530498e-04   0.0000000e+00   1.0163907e-02   6.3134242e-04   1.3860931e-02   8.8480323e-03   3.4859389e-03   2.1677555e-04   1.0876047e-03   3.9991924e-04   1.0011081e-04   6.5487427e-03   5.8732095e-04   9.9863004e-05   4.8366760e-02   1.5553063e-03   1.0186358e-06   3.1395213e-03   1.3033829e-02   7.2621624e-04   2.4307271e-03   7.0482835e-03   6.5265792e-01  -4.3114306e-01
   6.5265792e-01   1.7818162e-03   5.2488822e-03   0.0000000e+00   1.3252859e-03   1.8451339e-03   1.2751811e-02   3.1484582e-05   1.6530498e-04   0.0000000e+00   1.0163907e-02   6.3134242e-04   1.3860931e-02   8.8480323e-03   3.4859389e-03   2.1677555e-04   1.0876047e-03   3.9991924e-04   1.0011081e-04   6.5487427e-03   5.8732095e-04   9.9863004e-05   4.8366760e-02   1.5553063e-03   1.0186358e-06   3.1395213e-03   1.3033829e-02   7.2621624e-04   2.4307271e-03   7.0482835e-03   6.5265792e-01  -4.3114306e-01
   6.5265792e-01   1.7818162e-03   5.2488822e-03   0.0000000e+00   1.3252859e-03   1.8451339e-03   1.2751811e-02   3.1484582e-05   1.6530498e-04   0.0000000e+00   1.0163907e-02   6.3134242e-04   1.3860931e-02   8.8480323e-03   3.4859389e-03   2.1677555e-04   1.0876047e-03   3.9991924e-04   1.0011081e-04   6.5487427e-03   5.8732095e-04   9.9863004e-05   4.8366760e-02   1.5553063e-03   1.0186358e-06   3.1395213e-03   1.3033829e-02   7.2621624e-04   2.4307271e-03   7.0482835e-03   6.5265792e-01  -4.3114306e-01
   6.5265792e-01   1.7818162e-03   5.2488822e-03   0.0000000e+00   1.3252859e-03   1.8451339e-03   1.2751811e-02   3.1484582e-05   1.6530498e-04   0.0000000e+00   1.0163907e-02   6.3134242e-04   1.3860931e-02   8.8480323e-03   3.4859389e-03   2.1677555e-04   1.0876047e-03   3.9991924e-04   1.0011081e-04   6.5487427e-03   5.8732095e-04   9.9863004e-05   4.8366760e-02   1.5553063e-03   1.0186358e-06   3.1395213e-03   1.3033829e-02   7.2621624e-04   2.4307271e-03   7.0482835e-03   6.5265792e-01  -4.3114306e-01
   6.4493290e-01   1.7796890e-03   5.4784882e-03   2.6007525e-03   1.2506418e-03   1.9642766e-03   1.2450800e-02   3.9446925e-05   2.0110594e-04   0.0000000e+00   1.2414291e-02   1.5175329e-03   1.6054012e-02   0.0000000e+00   3.1742853e-03   2.2273655e-04   1.2281710e-03   3.4571542e-04   9.2049577e-05   6.7553852e-03   1.7405369e-03   1.9744253e-04   4.7672717e-02   1.5783078e-03   1.2834493e-05   3.9682106e-03   1.4309102e-02   3.9246300e-03   2.6588102e-03   8.1763877e-03   6.4493290e-01  -4.1144275e-01
   6.4493290e-01   1.7796890e-03   5.4784882e-03   2.6007525e-03   1.2506418e-03   1.9642766e-03   1.2450800e-02   3.9446925e-05   2.0110594e-04   0.0000000e+00   1.2414291e-02   1.5175329e-03   1.6054012e-02   0.0000000e+00   3.1742853e-03   2.2273655e-04   1.2281710e-03   3.4571542e-04   9.2049577e-05   6.7553852e-03   1.7405369e-03   1.9744253e-04   4.7672717e-02   1.5783078e-03   1.2834493e-05   3.9682106e-03   1.4309102e-02   3.9246300e-03   2.6588102e-03   8.1763877e-03   6.4493290e-01  -4.1144275e-01
   6.4104772e-01   1.7893927e-03   5.3662968e-03   3.9789617e-03   1.1838863e-03   2.5217362e-03   1.2415297e-02   4.7370536e-05   2.0503878e-04   2.0088194e-04   1.2438602e-02   2.0430599e-03   1.5951500e-02   3.6024278e-05   3.4976808e-03   2.7685443e-04   1.1816344e-03   3.3420649e-04   1.0874923e-04   6.7700748e-03   1.6298192e-03   0.0000000e+00   4.9659102e-02   1.4142523e-03   0.0000000e+00   3.7577666e-03   1.4478061e-02   7.2570223e-03   2.7702311e-03   4.6693075e-03   6.4104772e-01  -3.8725779e-01
   6.3972355e-01   2.5234879e-03   2.9644116e-03   6.7311811e-03   7.6413796e-03   6.8940915e-03   1.3069866e-02   1.3996106e-04   5.3273054e-04   2.4864916e-03   1.5518064e-02   5.9835159e-04   0.0000000e+00   1.8072542e-03   7.6676771e-03   1.5263660e-03   2.3815762e-04   2.5940764e-03   2.1042031e-05   8.4111988e-03   2.0001279e-02   2.0458783e-03   3.5407798e-02   2.4518774e-04   4.0139991e-03   1.6901144e-02   4.4949677e-03   1.1014050e-02   2.4051180e-04   3.4122246e-02   6.3972355e-01  -3.6700818e-01
   6.3794839e-01   2.6913219e-03   1.9385798e-03   6.2003353e-03   4.9119966e-03   4.4228239e-03   1.3004369e-02   1.5545506e-04   4.7484513e-04   1.1818450e-03   1.3776593e-02   5.8627550e-04   5.4662994e-03   3.2560858e-03   5.6094285e-03   2.4420434e-03   0.0000000e+00   2.0921004e-03   4.8738939e-05   8.6771229e-03   2.1892041e-02   2.1547457e-03   3.4795228e-02   8.3667407e-04   4.3539938e-03   1.2946391e-02   2.3034599e-03   1.2692826e-02   1.9708218e-04   3.0618547e-02   6.3794839e-01  -3.5388208e-01
   6.3684904e-01   2.6248553e-03   3.1485329e-03   6.6939083e-03   9.2006280e-03   5.3504652e-03   1.2996269e-02   1.3581865e-04   6.1321415e-04   2.1330485e-03   1.5541175e-02   5.9367827e-04   0.0000000e+00   3.1042720e-03   8.0825163e-03   1.4730885e-03   9.2282958e-05   2.5482196e-03   2.7844498e-05   8.5989153e-03   2.0338063e-02   1.9815027e-03   3.5560038e-02   3.3124860e-04   3.9573032e-03   1.6181199e-02   1.7061451e-03   1.0793225e-02   0.0000000e+00   3.9213275e-02   6.3684904e-01  -3.4114009e-01
   6.3684904e-01   2.6248553e-03   3.1485329e-03   6.6939083e-03   9.2006280e-03   5.3504652e-03   1.2996269e-02   1.3581865e-04   6.1321415e-04   2.1330485e-03   1.5541175e-02   5.9367827e-04   0.0000000e+00   3.1042720e-03   8.0825163e-03   1.4730885e-03   9.2282958e-05   2.5482196e-03   2.7844498e-05   8.5989153e-03   2.0338063e-02   1.9815027e-03   3.5560038e-02   3.3124860e-04   3.9573032e-03   1.6181199e-02   1.7061451e-03   1.0793225e-02   0.0000000e+00   3.9213275e-02   6.3684904e-01  -3.4114009e-01
   6.3324674e-01   2.8899170e-03   2.6521739e-03   6.1467136e-03   6.3977648e-03   4.2307805e-03   1.2989964e-02   1.4837393e-04   4.8724998e-04   1.3476445e-03   1.3568237e-02   5.5082302e-04   5.7885040e-03   4.5395916e-03   5.3124542e-03   2.7182468e-03   0.0000000e+00   1.7917669e-03   5.5305481e-05   9.3959118e-03   1.5720430e-02   2.2851934e-03   3.5336865e-02   8.5252309e-04   5.6206842e-03   1.2898419e-02   1.4953755e-03   9.9928088e-03   0.0000000e+00   2.6881892e-02   6.3324674e-01  -3.0707333e-01
   6.3258258e-01   2.5303854e-03   2.9189983e-03   2.1845706e-03   8.3937499e-03   6.7102707e-03   1.3099238e-02   1.4065570e-04   7.7078272e-04   2.1694496e-03   1.5152582e-02   5.4978918e-04   0.0000000e+00   1.6745900e-03   7.3711133e-03   1.2825540e-03   4.2679592e-04   3.3545367e-03   2.5418259e-05   7.4857734e-03   1.8802807e-02   1.2593210e-03   1.1309482e-02   1.8559229e-03   2.7784913e-03   2.6988060e-02   2.4226230e-03   1.9806031e-02   2.4849371e-04   3.4771867e-02   6.3258258e-01  -2.9848422e-01
   6.3112311e-01   2.7537312e-03   3.0137666e-03   3.3182065e-03   8.0342526e-03   7.5667470e-03   1.3182441e-02   1.3387615e-04   1.9793214e-03   1.9386479e-03   1.5808902e-02   8.0921073e-04   1.5926032e-03   0.0000000e+00   6.5241737e-03   1.4638448e-03   1.5084889e-04   3.2967482e-03   0.0000000e+00   7.4270396e-03   1.7967624e-02   1.6526124e-03   1.3537800e-02   6.0860758e-03   2.7294079e-03   2.0331479e-02   1.3301284e-03   1.8879274e-02   6.1098452e-04   3.4816088e-02   6.3112311e-01  -2.8058936e-01
   6.3112311e-01   2.7537312e-03   3.0137666e-03   3.3182065e-03   8.0342526e-03   7.5667470e-03   1.3182441e-02   1.3387615e-04   1.9793214e-03   1.9386479e-03   1.5808902e-02   8.0921073e-04   1.5926032e-03   0.0000000e+00   6.5241737e-03   1.4638448e-03   1.5084889e-04   3.2967482e-03   0.0000000e+00   7.4270396e-03   1.7967624e-02   1.6526124e-03   1.3537800e-02   6.0860758e-03   2.7294079e-03   2.0331479e-02   1.3301284e-03   1.8879274e-02   6.1098452e-04   3.4816088e-02   6.3112311e-01  -2.8058936e-01
   6.2862266e-01   2.0888604e-03   2.5845015e-03   1.0140831e-02   1.5047183e-03   4.7599531e-03   1.1108919e-02   1.1301289e-04   7.1923672e-04   1.1830758e-03   1.4083050e-02   3.9289743e-05   1.5698731e-02   2.8415868e-03   5.2791137e-03   4.4563953e-04   2.5777310e-05   8.1972950e-04   4.3936762e-06   6.4563073e-03   2.9435580e-02   3.3215868e-03   3.2596419e-02   5.1296925e-05   6.3184789e-03   1.6080107e-02   1.0106936e-03   1.9425573e-02   1.5374260e-04   3.9588756e-02   6.2862266e-01  -2.4180039e-01
   6.2862266e-01   2.0888604e-03   2.5845015e-03   1.0140831e-02   1.5047183e-03   4.7599531e-03   1.1108919e-02   1.1301289e-04   7.1923672e-04   1.1830758e-03   1.4083050e-02   3.9289743e-05   1.5698731e-02   2.8415868e-03   5.2791137e-03   4.4563953e-04   2.5777310e-05   8.1972950e-04   4.3936762e-06   6.4563073e-03   2.9435580e-02   3.3215868e-03   3.2596419e-02   5.1296925e-05   6.3184789e-03   1.6080107e-02   1.0106936e-03   1.9425573e-02   1.5374260e-04   3.9588756e-02   6.2862266e-01  -2.4180039e-01
   6.2602681e-01   2.1547062e-03   2.3256247e-03   1.6919602e-02   8.0955773e-04   5.3858459e-03   1.2348392e-02   1.1190123e-04   3.2831535e-05   8.7581595e-04   1.3513513e-02   1.0722078e-04   1.4015355e-02   2.4366558e-03   5.8893591e-03   8.8552270e-04   4.6412004e-05   6.6054738e-04   0.0000000e+00   6.6945746e-03   3.2158997e-02   3.0096102e-03   3.2714240e-02   0.0000000e+00   6.3074741e-03   1.2865087e-02   1.3181137e-03   1.5844374e-02   1.5558056e-04   3.9760746e-02   6.2602681e-01  -2.0443069e-01
   6.2364286e-01   2.7129104e-03   3.4482697e-03   3.3037990e-03   7.9560130e-03   7.4502775e-03   1.3186251e-02   1.3206270e-04   2.1860073e-03   1.8586284e-03   1.1419026e-02   8.6132557e-04   1.2126046e-03   0.0000000e+00   6.5068651e-03   1.4529086e-03   1.5305687e-04   3.5030552e-03   0.0000000e+00   7.7022526e-03   1.5647370e-02   1.6050496e-03   9.8943223e-03   6.2092565e-03   2.1711189e-03   1.7924508e-02   1.1072151e-03   1.5772079e-02   5.3511078e-04   3.5616452e-02   6.2364286e-01  -1.7709975e-01
   6.2275984e-01   2.4840218e-03   3.1196336e-03   4.0293315e-03   7.7156541e-03   6.8877215e-03   1.3109831e-02   1.4186091e-04   9.0863039e-04   2.3580299e-03   1.6194521e-02   5.9880395e-04   0.0000000e+00   1.9416500e-03   7.7455460e-03   1.8859633e-03   3.6885382e-04   3.4926184e-03   6.5317044e-05   6.6428542e-03   2.0900024e-02   1.6634236e-03   2.4309492e-02   8.7943132e-04   3.3044829e-03   2.2891930e-02   3.9365815e-03   1.3293515e-02   2.3914111e-04   2.9520572e-02   6.2275984e-01  -1.5938629e-01
   6.2124627e-01   2.4848439e-03   3.1108128e-03   3.8236051e-03   7.7214394e-03   6.8870921e-03   1.3134084e-02   1.4382717e-04   8.8117701e-04   2.3335676e-03   1.6163461e-02   5.9871789e-04   0.0000000e+00   1.9437670e-03   7.7403970e-03   1.8420970e-03   3.6877966e-04   3.6739995e-03   6.1743512e-05   6.6299106e-03   2.0835173e-02   1.6828599e-03   2.5707405e-02   7.7605830e-04   3.4276891e-03   2.1599164e-02   4.0055842e-03   1.3241764e-02   2.3868274e-04   3.1204564e-02   6.2124627e-01  -1.3433465e-01
   4.5452956e-01   4.3426779e-04   4.8819067e-04   3.5828784e-04   5.9698474e-03   6.8715156e-03   8.8143955e-03   1.3699999e-04   2.5643748e-03   1.3682537e-03   2.7695164e-04   2.0330906e-03   5.5431664e-04   0.0000000e+00   4.3899690e-03   4.6643238e-03   8.2133082e-04   1.8597713e-04   6.5954390e-04   0.0000000e+00   2.3232036e-04   8.6224920e-04   3.3798179e-04   5.0834944e-03   0.0000000e+00   9.2616071e-04   9.5534402e-06   9.4380084e-05   4.2150946e-04   4.6854322e-04   4.5452956e-01  -1.1401759e-01
   4.5452956e-01   4.3426779e-04   4.8819067e-04   3.5828784e-04   5.9698474e-03   6.8715156e-03   8.8143955e-03   1.3699999e-04   2.5643748e-03   1.3682537e-03   2.7695164e-04   2.0330906e-03   5.5431664e-04   0.0000000e+00   4.3899690e-03   4.6643238e-03   8.2133082e-04   1.8597713e-04   6.5954390e-04   0.0000000e+00   2.3232036e-04   8.6224920e-04   3.3798179e-04   5.0834944e-03   0.0000000e+00   9.2616071e-04   9.5534402e-06   9.4380084e-05   4.2150946e-04   4.6854322e-04   4.5452956e-01  -1.1401759e-01
   4.5452956e-01   4.3426779e-04   4.8819067e-04   3.5828784e-04   5.9698474e-03   6.8715156e-03   8.8143955e-03   1.3699999e-04   2.5643748e-03   1.3682537e-03   2.7695164e-04   2.0330906e-03   5.5431664e-04   0.0000000e+00   4.3899690e-03   4.6643238e-03   8.2133082e-04   1.8597713e-04   6.5954390e-04   0.0000000e+00   2.3232036e-04   8.6224920e-04   3.3798179e-04   5.0834944e-03   0.0000000e+00   9.2616071e-04   9.5534402e-06   9.4380084e-05   4.2150946e-04   4.6854322e-04   4.5452956e-01  -1.1401759e-01
   4.5452956e-01   4.3426779e-04   4.8819067e-04   3.5828784e-04   5.9698474e-03   6.8715156e-03   8.8143955e-03   1.3699999e-04   2.5643748e-03   1.3682537e-03   2.7695164e-04   2.0330906e-03   5.5431664e-04   0.0000000e+00   4.3899690e-03   4.6643238e-03   8.2133082e-04   1.8597713e-04   6.5954390e-04   0.0000000e+00   2.3232036e-04   8.6224920e-04   3.3798179e-04   5.0834944e-03   0.0000000e+00   9.2616071e-04   9.5534402e-06   9.4380084e-05   4.2150946e-04   4.6854322e-04   4.5452956e-01  -1.1401759e-01
   4.5452956e-01   4.3426779e-04   4.8819067e-04   3.5828784e-04   5.9698474e-03   6.8715156e-03   8.8143955e-03   1.3699999e-04   2.5643748e-03   1.3682537e-03   2.7695164e-04   2.0330906e-03   5.5431664e-04   0.0000000e+00   4.3899690e-03   4.6643238e-03   8.2133082e-04   1.8597713e-04   6.5954390e-04   0.0000000e+00   2.3232036e-04   8.6224920e-04   3.3798179e-04   5.0834944e-03   0.0000000e+00   9.2616071e-04   9.5534402e-06   9.4380084e-05   4.2150946e-04   4.6854322e-04   4.5452956e-01  -1.1401759e-01
   4.5452956e-01   4.3426779e-04   4.8819067e-04   3.5828784e-04   5.9698474e-03   6.8715156e-03   8.8143955e-03   1.3699999e-04   2.5643748e-03   1.3682537e-03   2.7695164e-04   2.0330906e-03   5.5431664e-04   0.0000000e+00   4.3899690e-03   4.6643238e-03   8.2133082e-04   1.8597713e-04   6.5954390e-04   0.0000000e+00   2.3232036e-04   8.6224920e-04   3.3798179e-04   5.0834944e-03   0.0000000e+00   9.2616071e-04   9.5534402e-06   9.4380084e-05   4.2150946e-04   4.6854322e-04   4.5452956e-01  -1.1401759e-01
   4.5452956e-01   4.3426779e-04   4.8819067e-04   3.5828784e-04   5.9698474e-03   6.8715156e-03   8.8143955e-03   1.3699999e-04   2.5643748e-03   1.3682537e-03   2.7695164e-04   2.0330906e-03   5.5431664e-04   0.0000000e+00   4.3899690e-03   4.6643238e-03   8.2133082e-04   1.8597713e-04   6.5954390e-04   0.0000000e+00   2.3232036e-04   8.6224920e-04   3.3798179e-04   5.0834944e-03   0.0000000e+00   9.2616071e-04   9.5534402e-06   9.4380084e-05   4.2150946e-04   4.6854322e-04   4.5452956e-01  -1.1401759e-01
   4.5452956e-01   4.3426779e-04   4.8819067e-04   3.5828784e-04   5.9698474e-03   6.8715156e-03   8.8143955e-03   1.3699999e-04   2.5643748e-03   1.3682537e-03   2.7695164e-04   2.0330906e-03   5.5431664e-04   0.0000000e+00   4.3899690e-03   4.6643238e-03   8.2133082e-04   1.8597713e-04   6.5954390e-04   0.0000000e+00   2.3232036e-04   8.6224920e-04   3.3798179e-04   5.0834944e-03   0.0000000e+00   9.2616071e-04   9.5534402e-06   9.4380084e-05   4.2150946e-04   4.6854322e-04   4.5452956e-01  -1.1401759e-01
   4.4928501e-01   4.3429880e-04   4.9436101e-04   0.0000000e+00   7.2383828e-03   6.8026711e-03   8.7940208e-03   3.4770472e-05   2.4358313e-03   1.3731691e-03   2.7306291e-04   1.9989924e-03   6.6790080e-04   1.0880575e-05   4.2131975e-03   2.9453782e-03   1.0776963e-03   1.9672059e-04   7.0310526e-04   0.0000000e+00   2.3967996e-04   6.9980960e-04   3.0331128e-04   5.1067178e-03   2.6469271e-03   8.6541204e-04   6.2615085e-06   9.5759131e-05   3.2572709e-04   5.1484007e-04   4.4928501e-01  -1.0901885e-01
   4.4336935e-01   4.3429217e-04   4.9444789e-04   1.5648398e-06   7.1595680e-03   6.7899934e-03   8.7964594e-03   3.3957805e-05   2.4358192e-03   1.3722200e-03   2.7229569e-04   2.0121268e-03   6.8114931e-04   9.7197613e-06   4.2111425e-03   3.9133917e-03   1.1332426e-03   2.1036438e-04   6.8039310e-04   0.0000000e+00   2.3806575e-04   6.6354444e-04   3.0091891e-04   5.1029795e-03   3.3921055e-03   8.6752100e-04   6.6713475e-06   9.6028597e-05   3.6178915e-04   5.3226016e-04   4.4336935e-01  -8.8815526e-02
   4.4025522e-01   4.0242670e-04   6.8706413e-04   2.7463339e-03   3.8737178e-03   6.0064381e-03   5.9881916e-03   1.5054125e-03   1.4520338e-04   9.2729771e-04   2.8554635e-03   4.6649372e-04   1.7592372e-03   5.1796867e-03   4.1694637e-03   1.5788885e-03   2.0805268e-03   3.7534889e-04   1.3061026e-03   0.0000000e+00   1.8272847e-04   0.0000000e+00   1.8339826e-05   4.5248221e-03   2.5575729e-02   3.2515574e-04   1.3465225e-05   1.3061434e-05   4.1752428e-03   2.9851947e-03   4.4025522e-01  -6.6688680e-02
   4.3700280e-01   4.0145285e-04   6.7458369e-04   2.8916102e-03   4.0359659e-03   6.2765692e-03   6.0976287e-03   9.0348749e-04   6.1288177e-04   9.1215680e-04   2.9858358e-03   3.9546661e-04   1.7959615e-03   5.1937819e-03   4.0142141e-03   1.0061997e-03   2.0647899e-03   3.2560291e-04   1.2903236e-03   9.4652968e-09   1.3217105e-04   5.2943315e-05   1.6479383e-05   5.0194085e-03   1.8318338e-02   2.7409653e-04   1.4144059e-05   9.0196673e-06   5.1057176e-03   2.7010366e-03   4.3700280e-01  -4.6820612e-02
   4.3400417e-01   3.9351820e-04   7.0434871e-04   2.5007695e-03   4.1146482e-03   5.5620301e-03   7.5878364e-03   2.2747790e-03   6.0056095e-04   1.0195310e-03   1.2499462e-03   6.9662654e-04   1.8574010e-03   4.8319392e-03   4.0549834e-03   2.0248680e-03   2.0950117e-03   5.4868596e-04   1.3551603e-03   3.0207411e-08   2.1436957e-04   3.2205937e-04   3.9140339e-05   3.2502832e-03   3.4432430e-02   0.0000000e+00   1.2592994e-05   0.0000000e+00   4.7434256e-03   3.5498803e-03   4.3400417e-01  -2.0336315e-02
   4.3123358e-01   4.2775606e-04   4.1619925e-04   0.0000000e+00   5.1434513e-03   1.1844562e-02   1.0522173e-02   4.2215611e-04   2.7340393e-03   1.5437113e-03   1.6793904e-03   4.7042839e-03   4.4887445e-03   3.6180433e-03   3.4568566e-03   3.2671444e-03   1.5755767e-03   0.0000000e+00   1.3939227e-03   8.4470995e-07   0.0000000e+00   2.9570750e-04   3.4907841e-04   5.0825266e-03   1.8116348e-03   6.7266910e-04   1.2025622e-05   7.1715935e-05   1.4310004e-03   2.0393146e-03   4.3123358e-01  -6.9678594e-04
   4.2935568e-01   4.2570127e-04   3.8732225e-04   3.9207383e-04   5.0554923e-03   1.0147176e-02   1.1077484e-02   4.5884051e-04   3.4094356e-03   1.5353022e-03   1.3898273e-03   3.6376977e-03   5.2476380e-03   3.5515361e-03   3.3357751e-03   3.0134768e-03   1.2914897e-03   0.0000000e+00   1.4222763e-03   6.6259906e-07   4.7783118e-05   2.1709987e-04   3.4911192e-04   5.0450220e-03   3.3295330e-03   6.3117609e-04   1.1987902e-05   7.4403504e-05   1.0498575e-03   1.7995568e-03   4.2935568e-01   1.6866515e-02
   4.2739087e-01   3.9088745e-04   6.8463098e-04   2.6692217e-03   4.4583268e-03   4.7226068e-03   7.5158685e-03   2.5433779e-03   5.1624098e-04   1.1194230e-03   1.1865525e-03   1.0394232e-03   1.8219031e-03   4.7177968e-03   4.0947121e-03   2.4921258e-03   1.6509802e-03   6.4426864e-04   1.5175049e-03   6.1315447e-08   2.1268070e-04   2.8760587e-04   0.0000000e+00   3.0360598e-03   4.5675295e-02   0.0000000e+00   1.2766111e-05   1.8631166e-06   4.6391702e-03   3.5163557e-03   4.2739087e-01   4.3424919e-02
   4.2205797e-01   4.3513840e-04   2.2056950e-04   7.3078873e-04   4.6060694e-03   7.2481574e-03   8.2749583e-03   5.1220708e-04   3.0101811e-03   1.6212263e-03   1.5547882e-03   3.9508179e-03   2.1965062e-03   2.8776280e-03   3.8589455e-03   3.8509533e-03   1.2821388e-03   0.0000000e+00   1.2529784e-03   0.0000000e+00   2.0682492e-04   0.0000000e+00   4.4607456e-04   5.0948308e-03   3.2154566e-03   5.8392530e-04   1.0343559e-05   8.5978612e-05   9.0338829e-04   1.2589471e-03   4.2205797e-01   9.3168952e-02
   4.2019653e-01   4.3267867e-04   1.4255634e-04   6.1657189e-04   4.5298492e-03   8.2042548e-03   8.4403487e-03   5.1409507e-04   3.2044517e-03   1.8419048e-03   1.5467879e-03   3.4537889e-03   1.6771112e-03   3.1053492e-03   3.8008230e-03   3.2853245e-03   1.2391446e-03   0.0000000e+00   1.2593175e-03   0.0000000e+00   2.4736889e-04   0.0000000e+00   4.7561062e-04   5.1275409e-03   6.2459030e-03   5.7691055e-04   1.0994703e-05   9.4990087e-05   7.9291311e-04   1.4775482e-03   4.2019653e-01   1.1580205e-01
   4.1694923e-01   3.9886503e-04   6.9101618e-04   2.5639284e-03   7.5202518e-04   5.8340749e-03   5.8703701e-03   1.7661552e-04   2.6649590e-03   2.7548916e-04   1.6722891e-03   1.8642663e-05   2.1683587e-03   3.6967192e-03   4.2491718e-03   4.0632784e-04   1.8823361e-03   3.0075775e-04   2.3411407e-03   1.5802297e-06   9.1420693e-05   1.5499976e-05   4.0333824e-05   4.9049756e-03   1.9022549e-02   2.7916552e-04   8.7327012e-06   3.0546915e-04   8.6711674e-03   1.7907217e-03   4.1694923e-01   1.5759145e-01
   4.1457422e-01   4.3842164e-04   3.6629356e-04   3.3403084e-04   5.9014297e-03   1.1015623e-02   1.4297220e-02   4.5105710e-04   4.2571231e-03   1.5581185e-03   1.2187921e-03   2.9552698e-03   4.4949969e-03   3.1098801e-03   2.8493511e-03   6.9487638e-03   1.2880171e-03   0.0000000e+00   1.4010456e-03   9.1289471e-07   3.7958325e-05   0.0000000e+00   4.2479501e-04   4.7846615e-03   3.0918226e-03   6.6710284e-04   1.3092214e-05   7.7037253e-05   1.2527901e-03   1.7864519e-03   4.1457422e-01   1.8870091e-01
   4.1290310e-01   4.3805880e-04   4.8131224e-05   2.6359814e-04   4.9826617e-03   9.7621405e-03   7.7856132e-03   6.6332897e-04   2.2519107e-03   1.8730593e-03   1.1442160e-03   1.8479706e-04   1.9185700e-03   4.1861371e-03   2.8189206e-03   3.1145129e-03   1.0360468e-03   3.6908203e-05   1.5641415e-03   1.7838665e-07   1.5036201e-03   0.0000000e+00   3.2619816e-04   4.3296920e-03   4.3873928e-04   5.7009027e-04   6.4877712e-06   7.9375108e-05   1.5432987e-03   1.4441970e-03   4.1290310e-01   2.0605856e-01
   2.5793056e-01   4.9005389e-04   2.0270385e-05   1.2819663e-03   0.0000000e+00   4.7707574e-03   0.0000000e+00   2.2779398e-04   4.2648373e-04   8.8653686e-08   1.7871919e-04   1.4386938e-04   3.5700031e-03   6.2518788e-04   0.0000000e+00   5.2747252e-05   1.2440863e-03   1.0804262e-04   3.4062951e-03   7.8092289e-06   1.1292987e-03   5.3643042e-03   1.2238789e-03   2.3586231e-03   6.4070959e-04   8.2677536e-04   2.9451355e-05   9.2673231e-05   1.0065352e-04   5.9412939e-04   2.5793056e-01   2.4886474e-01
   2.5793056e-01   4.9005389e-04   2.0270385e-05   1.2819663e-03   0.0000000e+00   4.7707574e-03   0.0000000e+00   2.2779398e-04   4.2648373e-04   8.8653686e-08   1.7871919e-04   1.4386938e-04   3.5700031e-03   6.2518788e-04   0.0000000e+00   5.2747252e-05   1.2440863e-03   1.0804262e-04   3.4062951e-03   7.8092289e-06   1.1292987e-03   5.3643042e-03   1.2238789e-03   2.3586231e-03   6.4070959e-04   8.2677536e-04   2.9451355e-05   9.2673231e-05   1.0065352e-04   5.9412939e-04   2.5793056e-01   2.4886474e-01
   2.5793056e-01   4.9005389e-04   2.0270385e-05   1.2819663e-03   0.0000000e+00   4.7707574e-03   0.0000000e+00   2.2779398e-04   4.2648373e-04   8.8653686e-08   1.7871919e-04   1.4386938e-04   3.5700031e-03   6.2518788e-04   0.0000000e+00   5.2747252e-05   1.2440863e-03   1.0804262e-04   3.4062951e-03   7.8092289e-06   1.1292987e-03   5.3643042e-03   1.2238789e-03   2.3586231e-03   6.4070959e-04   8.2677536e-04   2.9451355e-05   9.2673231e-05   1.0065352e-04   5.9412939e-04   2.5793056e-01   2.4886474e-01
   2.5793056e-01   4.9005389e-04   2.0270385e-05   1.2819663e-03   0.0000000e+00   4.7707574e-03   0.0000000e+00   2.2779398e-04   4.2648373e-04   8.8653686e-08   1.7871919e-04   1.4386938e-04   3.5700031e-03   6.2518788e-04   0.0000000e+00   5.2747252e-05   1.2440863e-03   1.0804262e-04   3.4062951e-03   7.8092289e-06   1.1292987e-03   5.3643042e-03   1.2238789e-03   2.3586231e-03   6.4070959e-04   8.2677536e-04   2.9451355e-05   9.2673231e-05   1.0065352e-04   5.9412939e-04   2.5793056e-01   2.4886474e-01
   2.5793056e-01   4.9005389e-04   2.0270385e-05   1.2819663e-03   0.0000000e+00   4.7707574e-03   0.0000000e+00   2.2779398e-04   4.2648373e-04   8.8653686e-08   1.7871919e-04   1.4386938e-04   3.5700031e-03   6.2518788e-04   0.0000000e+00   5.2747252e-05   1.2440863e-03   1.0804262e-04   3.4062951e-03   7.8092289e-06   1.1292987e-03   5.3643042e-03   1.2238789e-03   2.3586231e-03   6.4070959e-04   8.2677536e-04   2.9451355e-05   9.2673231e-05   1.0065352e-04   5.9412939e-04   2.5793056e-01   2.4886474e-01
   2.5793056e-01   4.9005389e-04   2.0270385e-05   1.2819663e-03   0.0000000e+00   4.7707574e-03   0.0000000e+00   2.2779398e-04   4.2648373e-04   8.8653686e-08   1.7871919e-04   1.4386938e-04   3.5700031e-03   6.2518788e-04   0.0000000e+00   5.2747252e-05   1.2440863e-03   1.0804262e-04   3.4062951e-03   7.8092289e-06   1.1292987e-03   5.3643042e-03   1.2238789e-03   2.3586231e-03   6.4070959e-04   8.2677536e-04   2.9451355e-05   9.2673231e-05   1.0065352e-04   5.9412939e-04   2.5793056e-01   2.4886474e-01
   2.5793056e-01   4.9005389e-04   2.0270385e-05   1.2819663e-03   0.0000000e+00   4.7707574e-03   0.0000000e+00   2.2779398e-04   4.2648373e-04   8.8653686e-08   1.7871919e-04   1.4386938e-04   3.5700031e-03   6.2518788e-04   0.0000000e+00   5.2747252e-05   1.2440863e-03   1.0804262e-04   3.4062951e-03   7.8092289e-06   1.1292987e-03   5.3643042e-03   1.2238789e-03   2.3586231e-03   6.4070959e-04   8.2677536e-04   2.9451355e-05   9.2673231e-05   1.0065352e-04   5.9412939e-04   2.5793056e-01   2.4886474e-01
   2.5793056e-01   4.9005389e-04   2.0270385e-05   1.2819663e-03   0.0000000e+00   4.7707574e-03   0.0000000e+00   2.2779398e-04   4.2648373e-04   8.8653686e-08   1.7871919e-04   1.4386938e-04   3.5700031e-03   6.2518788e-04   0.0000000e+00   5.2747252e-05   1.2440863e-03   1.0804262e-04   3.4062951e-03   7.8092289e-06   1.1292987e-03   5.3643042e-03   1.2238789e-03   2.3586231e-03   6.4070959e-04   8.2677536e-04   2.9451355e-05   9.2673231e-05   1.0065352e-04   5.9412939e-04   2.5793056e-01   2.4886474e-01
   2.5793056e-01   4.9005389e-04   2.0270385e-05   1.2819663e-03   0.0000000e+00   4.7707574e-03   0.0000000e+00   2.2779398e-04   4.2648373e-04   8.8653686e-08   1.7871919e-04   1.4386938e-04   3.5700031e-03   6.2518788e-04   0.0000000e+00   5.2747252e-05   1.2440863e-03   1.0804262e-04   3.4062951e-03   7.8092289e-06   1.1292987e-03   5.3643042e-03   1.2238789e-03   2.3586231e-03   6.4070959e-04   8.2677536e-04   2.9451355e-05   9.2673231e-05   1.0065352e-04   5.9412939e-04   2.5793056e-01   2.4886474e-01
   2.4758499e-01   4.8645497e-04   3.2587051e-05   1.2256311e-03   0.0000000e+00   5.3241622e-03   0.0000000e+00   2.2184618e-04   5.3726290e-04   0.0000000e+00   4.4947221e-04   1.5195224e-04   3.8857595e-03   4.8675911e-04   4.8627560e-05   3.7896407e-05   1.1171740e-03   1.1112902e-04   3.4120454e-03   2.6568021e-05   1.1277748e-03   5.3494841e-03   1.7611699e-03   3.2728716e-03   6.1440498e-04   8.2755864e-04   2.4635663e-05   0.0000000e+00   1.0329675e-04   1.0873097e-03   2.4758499e-01   2.6295003e-01
   2.4052159e-01   2.5119228e-04   0.0000000e+00   1.7200957e-03   1.3987084e-04   4.5791263e-03   2.9342498e-04   2.1756977e-04   4.9255572e-04   0.0000000e+00   0.0000000e+00   2.8887590e-04   3.4170903e-03   2.9101683e-04   0.0000000e+00   4.9065087e-05   1.9391674e-03   1.1627033e-04   3.0004767e-03   0.0000000e+00   1.1410141e-03   5.0723923e-03   1.8801517e-03   2.7764602e-03   4.8135048e-04   8.2574789e-04   2.3239235e-05   8.1848852e-04   1.4323151e-04   1.0778510e-03   2.4052159e-01   2.8690881e-01
   2.3078514e-01   2.3392946e-04   0.0000000e+00   1.3075550e-03   8.7354092e-04   5.9269272e-03   2.3704434e-04   2.1419992e-04   5.2559281e-04   3.9816049e-06   0.0000000e+00   1.7204776e-04   3.7487239e-03   3.0911939e-04   0.0000000e+00   3.7005390e-05   1.0068699e-03   1.1258785e-04   3.5102969e-03   5.6469743e-05   1.1193917e-03   5.3103315e-03   1.8880463e-03   2.4912407e-03   5.9903986e-04   8.2839955e-04   2.3517404e-05   3.4145572e-04   1.4681946e-04   1.1184820e-03   2.3078514e-01   3.3718621e-01
   2.1805806e-01   5.4826194e-04   1.2906709e-04   6.5144639e-03   6.3657491e-04   4.1493447e-03   6.8353888e-06   0.0000000e+00   1.2280502e-03   0.0000000e+00   1.0904638e-03   2.0962906e-06   3.5415986e-03   0.0000000e+00   6.0971807e-03   1.5092847e-03   0.0000000e+00   1.3105216e-04   3.4484484e-03   5.9013267e-05   1.1009998e-03   7.3241331e-03   7.9847816e-04   4.3511486e-03   2.4251966e-03   8.0792786e-04   2.5850588e-05   0.0000000e+00   9.8464365e-04   0.0000000e+00   2.1805806e-01   4.2702764e-01
   2.1111253e-01   4.9507085e-04   8.0322605e-04   9.3744017e-03   1.2362417e-03   2.6240064e-03   4.4042263e-03   1.3840523e-04   1.4620178e-03   1.5336216e-04   1.7587795e-04   2.7226476e-05   4.4389768e-03   3.1028394e-03   0.0000000e+00   2.2512809e-02   0.0000000e+00   1.3676737e-04   1.8922328e-03   0.0000000e+00   5.9589654e-04   1.4933859e-03   2.1028344e-03   1.9519211e-03   3.6962570e-07   9.6930470e-04   3.3504089e-05   0.0000000e+00   1.5023528e-05   6.1609076e-06   2.1111253e-01   4.8271421e-01
   2.0399940e-01   4.4107134e-04   1.3765095e-03   9.7394201e-03   2.4288697e-03   2.2375623e-03   4.5012500e-03   1.0999505e-04   1.8441318e-03   5.4354595e-05   1.0590847e-03   5.1848988e-05   3.4430743e-03   2.0302082e-03   0.0000000e+00   2.8661935e-02   0.0000000e+00   1.2492918e-04   1.4310114e-03   2.8513100e-05   9.4264348e-04   0.0000000e+00   9.8875860e-03   2.7641403e-03   4.5838873e-04   9.5255927e-04   6.2465285e-05   1.7401547e-04   8.6334517e-05   3.3235291e-04   2.0399940e-01   5.4087672e-01
   1.9744439e-01   5.4365988e-04   6.2975159e-04   9.2734369e-03   9.4939704e-04   2.3839455e-03   4.3842035e-03   1.2055554e-04   1.4686776e-03   1.6400700e-04   1.3563111e-03   2.6959469e-05   3.7653182e-03   3.0827249e-03   0.0000000e+00   1.6083268e-02   0.0000000e+00   1.3909873e-04   2.6937983e-03   0.0000000e+00   7.5614618e-04   1.6449382e-03   1.9674482e-03   2.3159799e-03   3.3862518e-06   8.9336368e-04   3.3373381e-05   0.0000000e+00   1.5102615e-05   1.2578768e-06   1.9744439e-01   5.8470725e-01
   1.8674856e-01   4.7327984e-04   1.1164740e-03   7.7258461e-03   1.8966224e-03   2.7113534e-03   3.6649106e-03   1.3790271e-04   1.5061116e-03   1.2220077e-04   1.4711500e-04   2.4968382e-05   3.9202349e-03   3.3141652e-03   2.4641192e-03   2.2698228e-02   1.7968897e-05   1.3924263e-04   2.1841046e-03   3.0103817e-05   5.9670134e-04   4.8052762e-04   2.0723162e-03   1.9829920e-03   0.0000000e+00   9.7124275e-04   3.3973615e-05   1.1928821e-05   1.9601933e-05   1.3199447e-03   1.8674856e-01   6.5842520e-01
   8.1943451e-02   6.4455623e-04   1.1522113e-03   3.7626155e-03   4.2161457e-03   8.2399044e-04   1.3315185e-03   9.2653527e-05   1.3161420e-03   6.8431983e-05   3.5876052e-03   1.2400744e-05   1.2117888e-03   1.1042843e-03   9.3214154e-04   0.0000000e+00   0.0000000e+00   1.5060979e-04   2.1641236e-04   4.3684034e-04   3.9003253e-04   4.5267843e-03   4.4908446e-04   1.1500319e-03   0.0000000e+00   8.2156197e-04   7.0754180e-06   2.4936121e-03   8.4278784e-07   4.5860855e-03   8.1943451e-02   6.7915280e-01
   8.1943451e-02   6.4455623e-04   1.1522113e-03   3.7626155e-03   4.2161457e-03   8.2399044e-04   1.3315185e-03   9.2653527e-05   1.3161420e-03   6.8431983e-05   3.5876052e-03   1.2400744e-05   1.2117888e-03   1.1042843e-03   9.3214154e-04   0.0000000e+00   0.0000000e+00   1.5060979e-04   2.1641236e-04   4.3684034e-04   3.9003253e-04   4.5267843e-03   4.4908446e-04   1.1500319e-03   0.0000000e+00   8.2156197e-04   7.0754180e-06   2.4936121e-03   8.4278784e-07   4.5860855e-03   8.1943451e-02   6.7915280e-01
   8.1943451e-02   6.4455623e-04   1.1522113e-03   3.7626155e-03   4.2161457e-03   8.2399044e-04   1.3315185e-03   9.2653527e-05   1.3161420e-03   6.8431983e-05   3.5876052e-03   1.2400744e-05   1.2117888e-03   1.1042843e-03   9.3214154e-04   0.0000000e+00   0.0000000e+00   1.5060979e-04   2.1641236e-04   4.3684034e-04   3.9003253e-04   4.5267843e-03   4.4908446e-04   1.1500319e-03   0.0000000e+00   8.2156197e-04   7.0754180e-06   2.4936121e-03   8.4278784e-07   4.5860855e-03   8.1943451e-02   6.7915280e-01
   8.1943451e-02   6.4455623e-04   1.1522113e-03   3.7626155e-03   4.2161457e-03   8.2399044e-04   1.3315185e-03   9.2653527e-05   1.3161420e-03   6.8431983e-05   3.5876052e-03   1.2400744e-05   1.2117888e-03   1.1042843e-03   9.3214154e-04   0.0000000e+00   0.0000000e+00   1.5060979e-04   2.1641236e-04   4.3684034e-04   3.9003253e-04   4.5267843e-03   4.4908446e-04   1.1500319e-03   0.0000000e+00   8.2156197e-04   7.0754180e-06   2.4936121e-03   8.4278784e-07   4.5860855e-03   8.1943451e-02   6.7915280e-01
   8.1943451e-02   6.4455623e-04   1.1522113e-03   3.7626155e-03   4.2161457e-03   8.2399044e-04   1.3315185e-03   9.2653527e-05   1.3161420e-03   6.8431983e-05   3.5876052e-03   1.2400744e-05   1.2117888e-03   1.1042843e-03   9.3214154e-04   0.0000000e+00   0.0000000e+00   1.5060979e-04   2.1641236e-04   4.3684034e-04   3.9003253e-04   4.5267843e-03   4.4908446e-04   1.1500319e-03   0.0000000e+00   8.2156197e-04   7.0754180e-06   2.4936121e-03   8.4278784e-07   4.5860855e-03   8.1943451e-02   6.7915280e-01
   8.1943451e-02   6.4455623e-04   1.1522113e-03   3.7626155e-03   4.2161457e-03   8.2399044e-04   1.3315185e-03   9.2653527e-05   1.3161420e-03   6.8431983e-05   3.5876052e-03   1.2400744e-05   1.2117888e-03   1.1042843e-03   9.3214154e-04   0.0000000e+00   0.0000000e+00   1.5060979e-04   2.1641236e-04   4.3684034e-04   3.9003253e-04   4.5267843e-03   4.4908446e-04   1.1500319e-03   0.0000000e+00   8.2156197e-04   7.0754180e-06   2.4936121e-03   8.4278784e-07   4.5860855e-03   8.1943451e-02   6.7915280e-01
   7.2526688e-02   6.5933831e-04   1.1638974e-03   3.3081372e-03   2.4825804e-03   7.9072043e-04   1.3217679e-03   1.1138161e-04   1.2432568e-03   1.0208459e-04   3.5913449e-03   9.6849795e-06   0.0000000e+00   1.1470257e-03   1.1211220e-03   1.2892813e-06   1.1600301e-04   1.4695169e-04   2.4895761e-04   4.2659250e-04   1.3783294e-03   4.1782903e-03   4.4092274e-04   1.0940865e-03   3.4494772e-06   8.0011721e-04   4.6919270e-06   2.4363936e-03   8.0084310e-07   4.6521322e-03   7.2526688e-02   6.8444283e-01
   5.7163910e-02   6.1986178e-04   7.8860272e-04   2.5053218e-03   4.0749024e-03   1.0878207e-03   6.7271689e-04   9.6991442e-05   1.1981841e-03   4.8813699e-05   4.6308529e-03   9.1964239e-06   7.7578010e-04   5.0015987e-04   1.0092477e-03   1.0876333e-03   0.0000000e+00   1.4959341e-04   5.6233651e-04   3.8888230e-04   1.9261987e-03   5.0618668e-03   9.9682411e-04   1.3913742e-03   4.4621652e-04   6.8865131e-04   7.4045039e-06   1.5200810e-03   0.0000000e+00   6.5426027e-03   5.7163910e-02   7.1579093e-01
   4.5364320e-02   4.4770285e-04   2.6036159e-03   1.0693587e-03   5.3711977e-03   6.4618847e-04   0.0000000e+00   4.5108887e-05   1.2606012e-03   9.6598942e-05   4.6878773e-03   1.3258744e-05   0.0000000e+00   8.2451260e-04   1.3329104e-02   9.5992516e-04   4.2309575e-04   1.4440330e-04   1.3050819e-03   2.9008425e-04   1.3466749e-03   4.8578617e-03   0.0000000e+00   8.3573385e-04   1.1545235e-05   9.5299090e-04   2.4814886e-05   3.6420730e-03   4.5211540e-04   1.0655681e-02   4.5364320e-02   7.5774587e-01
   3.0768894e-02   5.9814262e-04   1.2093963e-03   1.9553493e-03   3.6105017e-03   9.4969688e-05   2.2499281e-03   1.0888713e-04   1.3206423e-03   0.0000000e+00   5.1471218e-03   1.3079219e-05   7.0233065e-05   6.8274348e-04   3.3047447e-04   0.0000000e+00   0.0000000e+00   1.4464490e-04   5.2884672e-04   2.2025152e-04   3.2322389e-03   4.1774659e-03   0.0000000e+00   8.8992773e-04   7.4404377e-05   7.9023017e-04   1.1493684e-05   5.9530218e-03   1.8108128e-07   7.8296738e-03   3.0768894e-02   8.1094801e-01
   1.5895350e-02   7.6381239e-04   3.2346321e-03   5.6818627e-04   0.0000000e+00   1.5333636e-03   2.3175387e-03   2.0371057e-04   1.0292762e-03   2.0943221e-04   3.2652289e-03   1.5085182e-05   6.7772620e-03   2.0831800e-03   1.5902087e-02   5.6774503e-06   1.1517150e-03   1.6761258e-04   1.8203942e-04   2.9881209e-04   1.4637222e-03   1.7852425e-03   6.5074047e-05   2.8894020e-04   6.6592885e-05   5.3739153e-04   3.4261652e-05   1.7271117e-03   0.0000000e+00   6.3378665e-03   1.5895350e-02   8.8144045e-01
   0.0000000e+00   5.9065512e-04   1.2659997e-03   4.4876979e-03   3.7927560e-03   0.0000000e+00   1.0749523e-03   1.1356001e-04   1.3827437e-03   3.2882976e-05   5.2360947e-03   3.7413063e-06   0.0000000e+00   1.0555238e-03   0.0000000e+00   0.0000000e+00   0.0000000e+00   1.4655267e-04   0.0000000e+00   3.0424026e-04   3.5775839e-03   4.6365649e-03   5.3442826e-05   1.1588102e-03   1.4570092e-04   7.7524737e-04   3.1325639e-06   2.0611789e-03   0.0000000e+00   5.8985641e-03   0.0000000e+00   1.0117303e+00
