   8.5193998e-01   1.0870567e-04   9.4697639e-03   1.0062070e-02   0.0000000e+00   1.1495182e-02   4.0206612e-04   1.0524935e-02   2.0610615e-03   3.6663199e-03   2.4815574e-03   1.9139240e-04   1.9639444e-03   6.2345584e-03   0.0000000e+00   9.7481291e-03   7.1573723e-05   5.4126432e-03   2.9965656e-04   9.0324191e-05   4.3313780e-03   1.6856909e-02   2.6181119e-02   0.0000000e+00   1.8321812e-02   1.2484802e-02   0.0000000e+00   9.5531675e-03   8.8145333e-04   5.1989518e-05   8.5193998e-01  -7.4584477e-01
   8.4747340e-01   1.1854726e-04   8.8627108e-03   1.0011873e-02   8.4858380e-08   1.0995244e-02   3.9697027e-04   1.2090095e-02   2.0428043e-03   2.2704422e-03   9.3803049e-04   1.6302205e-04   7.2021097e-05   6.1021617e-03   0.0000000e+00   9.6775069e-03   7.6771236e-05   5.1416009e-03   2.1802374e-04   1.1710167e-04   6.7972336e-03   1.8256099e-02   2.7099995e-02   0.0000000e+00   1.8501924e-02   1.2804239e-02   0.0000000e+00   9.6850446e-03   7.7845981e-04   2.7011087e-05   8.4747340e-01  -7.3775729e-01
   8.4571270e-01   5.2417754e-05   9.6644199e-03   1.0206209e-02   3.7329553e-07   1.1055670e-02   4.0108936e-04   1.0520789e-02   2.0693567e-03   2.2768557e-03   9.9582664e-04   1.7782906e-04   2.0157529e-03   6.5813810e-03   1.2174814e-05   9.6327632e-03   8.1404561e-05   4.8971137e-03   2.2778472e-04   1.0231239e-04   6.1185005e-03   1.8351745e-02   2.6524122e-02   0.0000000e+00   1.8701477e-02   1.2471452e-02   0.0000000e+00   9.6237758e-03   7.5693978e-04   3.0077366e-05   8.4571270e-01  -7.2997252e-01
   8.4435851e-01   2.4367495e-04   1.0261721e-02   1.0443144e-02   3.9017519e-07   1.1180923e-02   3.9791575e-04   1.2005841e-02   2.2240003e-03   2.1204937e-03   1.1036691e-03   1.6168139e-04   2.2653231e-03   6.7511460e-03   3.9336148e-04   9.5403532e-03   9.9231079e-05   5.2387739e-03   2.4011001e-04   1.0697823e-04   5.8596052e-03   1.8277999e-02   3.0575244e-02   1.3981099e-03   1.9104624e-02   1.2833434e-02   3.6987146e-04   9.8493227e-03   1.3903085e-03   5.3637260e-05   8.4435851e-01  -7.2042144e-01
   8.4294796e-01   7.1001900e-05   9.8668851e-03   1.0775919e-02   2.9712071e-07   1.0458469e-02   3.7274515e-04   1.2172281e-02   2.1820074e-03   1.8186268e-03   1.1030422e-03   1.6003894e-04   1.8602744e-03   6.7465256e-03   5.6208831e-04   1.0016055e-02   9.7965008e-05   5.2194556e-03   1.6900010e-04   9.5106904e-05   6.8460715e-03   1.7448076e-02   2.7718751e-02   2.1573598e-03   1.8933067e-02   1.2810202e-02   0.0000000e+00   9.7714291e-03   3.0809187e-03   7.0827691e-05   8.4294796e-01  -7.1117350e-01
   8.4159024e-01   4.7829746e-04   7.7997077e-03   9.6579670e-03   1.6439590e-07   1.0753814e-02   5.0014924e-04   1.0373599e-02   2.0270814e-03   5.0405345e-03   9.6788065e-04   1.8533546e-04   2.5233820e-03   6.4154144e-03   1.7832500e-03   1.0798436e-02   1.2333299e-04   4.1395639e-03   1.9444632e-04   7.6020663e-05   5.9167528e-03   1.8580641e-02   2.0535716e-02   4.2047464e-04   1.9305014e-02   1.2650962e-02   0.0000000e+00   9.6638116e-03   6.9019940e-04   2.0341912e-05   8.4159024e-01  -7.0233792e-01
   8.4054142e-01   8.8093892e-04   1.7919063e-03   1.2112245e-02   1.0521589e-06   8.3754644e-03   3.9486500e-04   9.2536148e-03   1.9024952e-03   5.1087018e-04   1.2626590e-03   1.3394270e-04   0.0000000e+00   4.4148410e-03   5.6009095e-05   8.9941548e-03   4.3902086e-05   2.4998412e-03   1.0144306e-06   5.5061157e-05   7.7494884e-03   1.8575644e-02   2.3462085e-02   6.6765914e-03   2.0472023e-02   1.1724946e-02   1.2852764e-02   1.0066933e-02   9.7874458e-05   2.7395722e-05   8.4054142e-01  -6.9259318e-01
   8.3961989e-01   9.6060255e-04   1.4299523e-03   1.1289158e-02   6.5050040e-07   8.2849459e-03   4.2735139e-04   9.2976610e-03   1.8877241e-03   7.3002614e-04   1.2408812e-03   1.2947208e-04   1.2833899e-03   4.6665573e-03   0.0000000e+00   9.2182757e-03   4.9110506e-05   0.0000000e+00   0.0000000e+00   4.2981394e-05   7.9210791e-03   1.8506055e-02   2.3487281e-02   6.6487739e-03   2.0437678e-02   1.1868857e-02   1.3878314e-02   1.0065545e-02   9.9575039e-05   2.0505875e-05   8.3961989e-01  -6.8383298e-01
   8.3871935e-01   9.9788234e-04   1.5465671e-03   1.2710267e-02   5.1618668e-06   8.2342389e-03   3.9575065e-04   9.2512618e-03   1.8495325e-03   3.8814005e-04   8.1119030e-04   1.2857546e-04   1.5148474e-03   4.6134724e-03   5.6194833e-04   8.4809991e-03   4.2287323e-05   1.0615750e-03   0.0000000e+00   4.9724901e-05   7.9783857e-03   1.8370618e-02   2.3997733e-02   5.0021972e-03   2.0190445e-02   1.0486236e-02   1.4228970e-02   1.0060484e-02   1.5178174e-04   3.1651499e-05   8.3871935e-01  -6.7468304e-01
   8.3771025e-01   8.8192033e-04   1.0499242e-03   1.0501890e-02   9.4727348e-07   8.2746820e-03   3.6647033e-04   9.5028743e-03   1.0007356e-03   0.0000000e+00   1.5290543e-03   1.4190362e-04   1.0843703e-03   4.1125671e-03   1.7968735e-03   9.2174446e-03   6.8299064e-05   2.3703604e-03   0.0000000e+00   2.3707428e-05   7.8932149e-03   1.8072550e-02   2.3937963e-02   7.0366532e-03   2.1371233e-02   1.1303890e-02   1.2551409e-02   9.9228522e-03   2.9048853e-04   3.6629362e-06   8.3771025e-01  -6.6336244e-01
   8.3687765e-01   8.7542469e-04   1.1371709e-03   1.0541333e-02   8.7341821e-07   8.2791996e-03   3.6619149e-04   9.5265778e-03   1.5204860e-03   1.6042770e-05   1.5836489e-03   1.4158475e-04   1.0309992e-03   4.0148155e-03   1.5616645e-03   9.2177783e-03   6.9637935e-05   3.1297049e-03   0.0000000e+00   2.7954060e-05   7.8850642e-03   1.8100743e-02   2.4005830e-02   7.0407444e-03   2.1431760e-02   1.1440248e-02   1.2966312e-02   9.9608490e-03   2.7440104e-04   6.1503539e-06   8.3687765e-01  -6.5330009e-01
   8.3607275e-01   1.1856212e-03   3.7591064e-03   1.1459274e-02   0.0000000e+00   1.0000531e-02   3.8952967e-04   5.7473720e-03   9.0347844e-04   2.4011250e-04   1.7809319e-03   1.0917077e-04   3.8989026e-03   5.6793931e-03   0.0000000e+00   9.2511892e-03   5.2234017e-05   0.0000000e+00   4.3092453e-05   2.8674149e-05   8.0195364e-03   1.8626279e-02   2.4632535e-02   8.1066078e-03   1.8876658e-02   1.2215455e-02   1.2550433e-02   1.0253319e-02   0.0000000e+00   0.0000000e+00   8.3607275e-01  -6.4311163e-01
   8.3540475e-01   1.0278579e-03   3.1488002e-03   7.7110946e-03   2.8366431e-06   7.8386914e-03   3.1994502e-04   9.3429894e-03   2.4032396e-03   1.5320053e-03   1.0911040e-03   1.0518065e-04   0.0000000e+00   4.0003090e-03   1.0211539e-02   8.5454149e-03   4.6183823e-05   7.0275668e-03   1.3341629e-04   2.5038583e-05   2.1349453e-03   1.9290152e-02   1.6111415e-02   6.5757543e-03   2.1878771e-02   1.4763844e-02   2.4560719e-02   1.0395577e-02   1.4759634e-04   1.4205597e-04   8.3540475e-01  -6.3234972e-01
   8.3443422e-01   9.2958067e-04   1.1792019e-03   1.1134497e-02   8.9832626e-06   8.4432988e-03   3.6511211e-04   9.6023470e-03   1.5190038e-03   3.7005820e-04   1.8065536e-03   1.4613938e-04   3.7294623e-05   5.0536809e-03   1.5514971e-03   9.3080982e-03   6.6912005e-05   4.1645479e-03   4.8833711e-05   3.0172358e-05   7.8645093e-03   1.8050157e-02   2.3767971e-02   6.1963440e-03   2.1508550e-02   1.1148122e-02   1.2968628e-02   9.9661970e-03   3.5586809e-04   1.2693024e-05   8.3443422e-01  -6.2155040e-01
   8.3366161e-01   8.6078229e-04   3.0182342e-03   7.6166543e-03   1.7552661e-06   7.6385008e-03   3.1930878e-04   9.5260607e-03   2.3225273e-03   1.6522837e-03   1.1214125e-03   9.5881935e-05   4.5557838e-04   3.5024198e-03   5.2840918e-03   7.9919778e-03   2.6792916e-05   7.1551839e-03   2.9676085e-05   1.8277783e-05   2.5963700e-03   1.9241852e-02   1.7638767e-02   4.4918777e-03   2.1702398e-02   1.3611190e-02   2.0666956e-02   1.0284095e-02   1.2174577e-04   1.6455174e-04   8.3366161e-01  -6.1044576e-01
   8.3288844e-01   8.7511604e-04   2.1020951e-03   6.4127659e-03   7.7090609e-06   7.2827466e-03   3.3935293e-04   9.4155224e-03   2.1381858e-03   3.8209263e-03   1.5034156e-03   9.2665075e-05   0.0000000e+00   4.2315678e-03   8.4258637e-03   8.0605496e-03   3.1498946e-05   6.0644463e-03   6.5125709e-04   1.1203112e-05   2.1046520e-03   1.9458903e-02   1.8005000e-02   5.6084520e-03   2.1432395e-02   1.1952946e-02   1.5788452e-02   1.0238264e-02   0.0000000e+00   1.5397841e-04   8.3288844e-01  -5.9969840e-01
   8.3207565e-01   9.3317039e-04   6.4934451e-04   8.2371341e-03   3.6695026e-08   7.8296308e-03   3.3494995e-04   9.4037870e-03   2.1433719e-03   2.7844294e-04   9.2004168e-04   1.1727225e-04   7.1007997e-06   5.0141895e-03   4.7373049e-03   8.8862644e-03   2.6811495e-05   6.3028579e-03   5.9712307e-04   1.5507573e-05   2.8444979e-03   1.9142244e-02   1.5858116e-02   2.3456306e-03   2.2222741e-02   1.4343551e-02   1.9094058e-02   1.0172888e-02   1.2178774e-04   1.1899853e-04   8.3207565e-01  -5.8803702e-01
   8.3136902e-01   1.0875961e-03   3.7600742e-03   8.5552844e-03   2.4571341e-06   8.5528487e-03   3.2720611e-04   9.5053171e-03   2.2476050e-03   1.8345575e-03   1.1741542e-03   9.6230136e-05   5.7681193e-05   4.2659080e-03   6.7422074e-03   5.8778456e-03   0.0000000e+00   6.7510437e-03   3.8927351e-05   2.0808836e-05   2.2993348e-03   1.9275289e-02   1.4781557e-02   6.0150434e-03   2.1758988e-02   1.3311807e-02   1.8404519e-02   1.0145499e-02   9.9415185e-05   1.5745004e-04   8.3136902e-01  -5.7625134e-01
   8.3048820e-01   9.2490824e-04   1.0271912e-03   8.2656284e-03   1.3888175e-05   7.8343603e-03   4.3258691e-04   9.3543414e-03   2.4488423e-03   0.0000000e+00   4.7020455e-03   1.3353220e-04   2.7676953e-03   5.3412167e-03   5.8096924e-03   2.8958485e-03   8.4319601e-06   6.3567379e-03   3.1238470e-04   3.0606495e-05   1.6046723e-03   1.9607752e-02   1.1986157e-02   0.0000000e+00   2.1846399e-02   0.0000000e+00   2.7423390e-02   1.0193006e-02   6.5523504e-04   1.0807125e-05   8.3048820e-01  -5.6467433e-01
   8.2976080e-01   1.0864513e-03   1.1170734e-03   7.7932789e-03   1.3970886e-05   7.7884612e-03   4.2945435e-04   9.2714718e-03   2.4178712e-03   4.6271369e-04   5.5876135e-03   1.3462306e-04   2.7466631e-03   5.4381504e-03   5.7246152e-03   3.5431342e-03   3.4177766e-05   6.0547893e-03   3.4707432e-04   1.1840404e-05   1.2645588e-03   1.9349679e-02   1.2763988e-02   0.0000000e+00   2.1824402e-02   9.5491461e-03   1.9822516e-02   1.0229902e-02   6.7759019e-04   0.0000000e+00   8.2976080e-01  -5.5198338e-01
   8.2905142e-01   9.7742891e-04   1.9513623e-03   9.3060873e-03   1.4080067e-07   8.1080121e-03   2.9087665e-04   9.0832539e-03   2.6151189e-03   1.4773324e-03   1.5221781e-03   1.1122777e-04   9.0860968e-04   5.7314882e-03   5.3970357e-03   8.2482688e-03   3.6196888e-05   6.5780721e-03   3.3316144e-04   2.0915904e-05   1.6049394e-03   1.9438016e-02   6.7795933e-03   3.4734367e-03   2.2463716e-02   1.3192228e-02   1.9808135e-02   1.0240548e-02   0.0000000e+00   2.1082212e-04   8.2905142e-01  -5.3911455e-01
   8.2825279e-01   1.2204477e-03   1.0363230e-03   7.7631160e-03   1.6937892e-06   6.0017178e-03   4.3737051e-04   1.0249125e-02   2.7005742e-03   1.7324501e-04   3.8302796e-03   1.3047161e-04   3.0514804e-03   5.2499736e-03   4.6803261e-03   4.2988445e-03   2.6817933e-05   6.4959307e-03   5.1082924e-04   8.6403786e-06   8.7433280e-04   1.9365241e-02   1.2445410e-02   1.0389172e-03   2.1305442e-02   1.0257843e-02   1.9485921e-02   9.9382725e-03   6.0668377e-04   0.0000000e+00   8.2825279e-01  -5.2627774e-01
   8.2682778e-01   1.1148380e-03   8.2825138e-04   8.0110998e-03   1.5996073e-05   7.6502078e-03   4.2946471e-04   9.2644324e-03   2.4167983e-03   4.5522601e-04   5.1367950e-03   1.3635602e-04   2.5680511e-03   5.7406914e-03   8.6601768e-03   2.8090281e-03   3.3101376e-05   5.4710398e-03   2.1102782e-04   2.4813071e-05   2.6535873e-03   1.9191962e-02   1.5101692e-02   5.7649932e-05   2.2094568e-02   8.6615615e-03   1.8287343e-02   1.0230642e-02   7.0348324e-04   1.2051308e-06   8.2682778e-01  -4.9954490e-01
   8.2651759e-01   8.2607962e-04   3.5779669e-04   7.0356422e-03   8.4030112e-05   7.4940617e-03   3.8096878e-04   7.9362531e-03   1.7136175e-03   1.5713489e-02   2.3506616e-03   1.4425611e-04   6.5667745e-03   0.0000000e+00   2.4873164e-03   1.0802502e-02   3.8507106e-05   3.7989217e-03   1.6880335e-03   1.8663745e-05   7.6867558e-03   1.9049730e-02   2.1367385e-02   6.3369187e-03   2.2647361e-02   1.2936395e-02   4.5230096e-03   9.9642446e-03   3.7960504e-04   1.8615882e-04   8.2651759e-01  -4.9089021e-01
   8.2541975e-01   7.9195685e-04   0.0000000e+00   6.7739212e-03   3.6680744e-05   7.4120252e-03   3.3921749e-04   7.0422735e-03   1.2790176e-03   1.3010857e-02   3.3117311e-03   1.3695120e-04   6.4819350e-03   9.1646383e-04   4.1393536e-03   8.6080779e-03   4.2070842e-05   5.7709161e-03   9.5539777e-04   2.1854101e-05   8.7637413e-03   1.7733570e-02   4.4575499e-03   4.0753148e-03   2.2776750e-02   1.5248923e-02   1.0083849e-02   1.0002498e-02   3.4094676e-04   9.9566589e-05   8.2541975e-01  -4.7234681e-01
   8.2465323e-01   8.0678510e-04   1.3283073e-06   6.5704640e-03   4.0055043e-05   7.3865792e-03   3.4686386e-04   7.7420849e-03   1.3338503e-03   1.3158955e-02   3.1458883e-03   1.3491865e-04   5.9079824e-03   0.0000000e+00   4.1612151e-03   8.7991544e-03   4.7659034e-05   5.1385634e-03   9.6576381e-04   2.1113747e-05   8.9756766e-03   1.7522730e-02   1.0044412e-02   4.0651098e-03   2.2581134e-02   1.4388386e-02   1.0395901e-02   1.0007133e-02   3.3901327e-04   9.9971730e-05   8.2465323e-01  -4.5673925e-01
   8.2413362e-01   8.3172057e-04   5.6051557e-04   7.2519283e-03   4.2473752e-05   7.4612141e-03   3.7784852e-04   7.6884229e-03   1.7242469e-03   9.8748719e-03   2.3980278e-03   1.2966309e-04   5.3723574e-03   8.1542504e-04   1.8631104e-03   9.4520184e-03   4.4947200e-05   5.1197562e-03   1.4065070e-03   1.9939831e-05   1.2370549e-02   1.8667999e-02   8.4142120e-03   5.0647678e-03   2.2368735e-02   1.1965397e-02   3.7895570e-03   1.0030403e-02   4.3909397e-04   1.2136587e-04   8.2413362e-01  -4.4785279e-01
   8.2392494e-01   8.5634660e-04   2.7228320e-02   1.2915967e-02   8.9391884e-05   8.6178622e-03   5.9744489e-04   1.1151648e-02   3.1342212e-03   4.8497413e-02   7.0414343e-03   1.9045429e-04   1.1035556e-02   7.9959091e-03   1.7458192e-04   1.7614558e-02   3.8611673e-05   4.3820221e-03   7.2731576e-06   4.6720992e-06   8.8313869e-03   1.8180566e-02   1.2800743e-02   9.2181686e-03   1.9227440e-02   1.0911281e-02   0.0000000e+00   9.3180986e-03   6.2793266e-04   6.6149671e-04   8.2392494e-01  -4.2703351e-01
   6.5257071e-01   1.0341397e-03   3.8956164e-02   1.5588466e-04   1.2213877e-03   3.7116074e-03   9.2563632e-05   1.7453334e-02   3.0456078e-04   1.4692738e-03   2.6657081e-05   1.4207513e-05   2.8542242e-03   8.7976613e-03   1.7448704e-02   2.7273996e-03   2.1870006e-05   3.8601284e-04   2.0439966e-03   0.0000000e+00   8.9851447e-03   9.8958290e-03   3.8762172e-06   2.3576820e-02   0.0000000e+00   0.0000000e+00   2.0169631e-02   1.0331770e-02   3.8482519e-03   7.8559828e-04   6.5257071e-01  -4.2535040e-01
   6.5257071e-01   1.0341397e-03   3.8956164e-02   1.5588466e-04   1.2213877e-03   3.7116074e-03   9.2563632e-05   1.7453334e-02   3.0456078e-04   1.4692738e-03   2.6657081e-05   1.4207513e-05   2.8542242e-03   8.7976613e-03   1.7448704e-02   2.7273996e-03   2.1870006e-05   3.8601284e-04   2.0439966e-03   0.0000000e+00   8.9851447e-03   9.8958290e-03   3.8762172e-06   2.3576820e-02   0.0000000e+00   0.0000000e+00   2.0169631e-02   1.0331770e-02   3.8482519e-03   7.8559828e-04   6.5257071e-01  -4.2535040e-01
   6.5256988e-01   1.0341285e-03   3.9049296e-02   1.8579135e-04   1.2455988e-03   3.7086536e-03   9.2303264e-05   1.7460165e-02   1.8521534e-04   1.4568574e-03   2.8193303e-05   1.6850486e-05   2.8279054e-03   8.7919462e-03   1.7435775e-02   2.7278977e-03   2.1967744e-05   4.4653223e-04   2.0449082e-03   0.0000000e+00   8.3737508e-03   9.7631039e-03   5.0857788e-06   2.3566299e-02   0.0000000e+00   0.0000000e+00   2.0158876e-02   1.0331793e-02   3.9772164e-03   7.8964977e-04   6.5256988e-01  -4.2546166e-01
   6.5256988e-01   1.0341285e-03   3.9049296e-02   1.8579135e-04   1.2455988e-03   3.7086536e-03   9.2303264e-05   1.7460165e-02   1.8521534e-04   1.4568574e-03   2.8193303e-05   1.6850486e-05   2.8279054e-03   8.7919462e-03   1.7435775e-02   2.7278977e-03   2.1967744e-05   4.4653223e-04   2.0449082e-03   0.0000000e+00   8.3737508e-03   9.7631039e-03   5.0857788e-06   2.3566299e-02   0.0000000e+00   0.0000000e+00   2.0158876e-02   1.0331793e-02   3.9772164e-03   7.8964977e-04   6.5256988e-01  -4.2546166e-01
   6.5256730e-01   1.0340576e-03   4.0457174e-02   0.0000000e+00   1.1187214e-03   3.7633993e-03   9.1751584e-05   1.7436361e-02   3.8239205e-04   1.5555029e-03   5.2419648e-06   6.8567945e-06   3.1034339e-03   8.7100346e-03   1.6456621e-02   2.8133685e-03   2.2323203e-05   5.8806177e-04   2.0259134e-03   0.0000000e+00   1.0694526e-02   1.0307121e-02   0.0000000e+00   2.3452083e-02   0.0000000e+00   5.9289313e-05   2.0042481e-02   1.0338423e-02   3.4612090e-03   7.7051047e-04   6.5256730e-01  -4.2490224e-01
   6.4831668e-01   1.4879600e-03   2.9060547e-02   1.7272507e-03   8.9348852e-04   2.7908817e-03   7.0082466e-05   1.7034251e-02   3.2079675e-04   1.3039984e-03   1.8701414e-04   3.9019140e-05   9.0656329e-03   8.6505225e-03   3.5702006e-02   8.2171464e-04   5.7189092e-05   9.1449822e-04   2.7131934e-03   0.0000000e+00   1.6474884e-02   9.1426929e-03   1.3863144e-05   2.1886117e-02   6.2747779e-03   2.2298653e-05   2.4519064e-02   9.4034424e-03   5.5101676e-03   8.9728346e-04   6.4831668e-01  -4.1381346e-01
   6.4470152e-01   1.6719144e-03   3.3789967e-02   2.3943124e-03   8.1804525e-04   4.0653176e-03   6.7969285e-05   1.6544468e-02   2.1650261e-05   2.5481583e-03   1.0034185e-04   3.5656618e-05   1.0902451e-04   7.3167155e-03   3.4436507e-02   1.8697527e-03   2.4691826e-05   0.0000000e+00   2.0788171e-03   5.6909163e-05   2.0681073e-02   1.3220508e-02   2.4641736e-04   2.4222569e-02   4.3891401e-03   6.9117914e-04   2.1983761e-02   9.7300403e-03   5.5698989e-03   6.8006103e-04   6.4470152e-01  -3.9942315e-01
   6.4236751e-01   1.7623772e-03   3.3971067e-02   2.5672435e-03   5.7846082e-04   5.7487104e-03   7.5823830e-05   1.6457004e-02   1.3202030e-05   2.4200220e-03   1.5272863e-04   3.5398962e-05   3.8217165e-04   7.2221914e-03   3.4182337e-02   1.9109505e-03   2.8596870e-05   1.0009558e-03   2.0890649e-03   0.0000000e+00   2.0621912e-02   1.2616699e-02   2.5987868e-04   2.4253151e-02   4.7194162e-03   4.9779608e-04   2.2217275e-02   9.7255462e-03   5.5209700e-03   6.8456632e-04   6.4236751e-01  -3.8567442e-01
   6.4023019e-01   1.8267360e-03   3.5017799e-02   1.9540831e-03   2.0646022e-03   3.3572744e-03   0.0000000e+00   1.6960020e-02   6.8023147e-05   1.6372394e-03   3.5621753e-05   3.5814349e-05   0.0000000e+00   6.5044989e-03   3.5421814e-02   2.4483200e-03   1.1668356e-05   4.3658752e-03   2.0792418e-03   7.5775186e-04   1.8295485e-02   1.5309477e-02   3.0684319e-04   2.1809555e-02   5.7806823e-03   4.2308902e-06   2.0737358e-02   9.9483028e-03   5.1043171e-03   4.8929207e-04   6.4023019e-01  -3.7050022e-01
   6.3849391e-01   1.7532272e-03   3.5456510e-02   2.3651904e-03   2.1346395e-03   3.4967877e-03   7.1507015e-05   1.6970478e-02   9.7317771e-05   1.6673579e-03   1.4941195e-04   3.0639109e-05   0.0000000e+00   6.3060375e-03   3.5526095e-02   2.6271107e-03   9.3437442e-06   4.8855825e-03   2.1197652e-03   3.9835759e-04   1.8813891e-02   1.6155139e-02   1.9707598e-04   2.2195408e-02   4.5701529e-03   5.2946150e-06   1.9265966e-02   9.9491832e-03   5.1239327e-03   7.1354731e-04   6.3849391e-01  -3.5616399e-01
   6.3685504e-01   4.2003166e-04   3.6656706e-02   3.9241587e-03   2.1435657e-03   4.4223202e-03   1.0104779e-03   1.4227273e-02   9.3485593e-05   1.5757012e-03   6.1343332e-04   9.9973899e-05   2.9678597e-03   6.6410677e-03   3.6683930e-02   1.8782882e-03   0.0000000e+00   4.9044944e-03   2.1868934e-03   0.0000000e+00   2.1328950e-02   8.0446956e-03   2.6272114e-04   2.0308457e-02   7.4565418e-03   0.0000000e+00   3.1944238e-02   1.0460219e-02   3.6412640e-03   1.0183492e-03   6.3685504e-01  -3.3893155e-01
   6.3522049e-01   0.0000000e+00   3.7218906e-02   3.5816166e-03   9.0689473e-04   4.0280745e-03   1.1528499e-03   1.4746967e-02   9.2696572e-05   1.1560000e-03   4.7466106e-04   8.0204939e-05   0.0000000e+00   7.1221977e-03   3.7663926e-02   3.2387772e-03   0.0000000e+00   7.5290074e-03   2.2730748e-03   1.3498451e-04   2.1952776e-02   3.2462930e-03   2.7828642e-04   1.9623441e-02   6.6057462e-03   1.1562499e-03   2.9473365e-02   1.0752212e-02   4.0847149e-03   1.0090973e-03   6.3522049e-01  -3.2353941e-01
   6.3381557e-01   0.0000000e+00   3.6554532e-02   4.5422749e-03   9.0656518e-04   4.1010248e-03   1.1947351e-03   1.4881441e-02   1.1672465e-04   1.1670017e-03   3.9296839e-04   7.6612190e-05   0.0000000e+00   7.1294741e-03   3.7719765e-02   3.1510523e-03   8.3046800e-06   6.6893427e-03   2.4026695e-03   1.2988433e-04   2.1915973e-02   3.2384845e-03   2.8724267e-04   1.9512152e-02   6.6837739e-03   8.7167101e-04   2.9852867e-02   1.0856031e-02   4.2919708e-03   1.0118986e-03   6.3381557e-01  -3.0827702e-01
   6.3292918e-01   4.4278276e-04   3.8029088e-02   4.1904142e-03   2.2488019e-03   4.5111608e-03   7.3663863e-04   1.4118803e-02   1.1729880e-04   1.5536200e-03   5.3889741e-04   6.0869975e-05   7.1545854e-03   7.1197778e-03   3.6837889e-02   2.8053759e-03   0.0000000e+00   5.7502313e-03   2.1531789e-03   1.8792160e-05   2.1795554e-02   9.0268157e-03   2.8413039e-04   2.0846713e-02   6.6965582e-03   7.7247911e-05   3.5556211e-02   1.0480791e-02   2.4805349e-03   9.6124482e-04   6.3292918e-01  -2.9490358e-01
   6.3141838e-01   1.3208342e-03   3.7207302e-02   6.9284453e-04   4.6279569e-03   1.9000816e-03   4.4680298e-05   1.7268861e-02   1.5701052e-04   2.3573745e-04   0.0000000e+00   0.0000000e+00   4.7317339e-02   1.1927911e-02   3.3170160e-02   2.1525586e-04   2.3430332e-04   2.9503671e-02   1.7707151e-03   2.1004500e-03   4.1116538e-03   1.6572750e-02   3.5708693e-04   1.7501968e-02   9.8790926e-04   2.9594335e-03   2.9492700e-02   7.1499381e-03   2.5819285e-03   7.6778374e-04   6.3141838e-01  -2.6988291e-01
   6.3008639e-01   1.6129032e-03   3.1014922e-02   2.6328484e-04   4.5784698e-03   2.1024704e-03   3.8845445e-05   1.5320772e-02   1.6115567e-04   2.3867448e-04   4.3060130e-05   5.2820825e-06   4.9528358e-02   1.1839631e-02   3.3323062e-02   1.7272299e-04   2.5795005e-04   2.7475292e-02   1.9050510e-03   8.1940218e-03   4.2959704e-03   1.6676265e-02   3.9854753e-04   1.6825392e-02   2.0763782e-03   2.7350993e-03   3.2131529e-02   7.0937887e-03   3.1718243e-03   1.2245440e-03   6.3008639e-01  -2.5242461e-01
   6.2881704e-01   1.6089739e-03   3.0342127e-02   0.0000000e+00   4.3966595e-03   1.9234890e-03   3.8409399e-05   1.5394809e-02   1.6255711e-04   1.9334794e-04   4.4981030e-05   7.5506273e-06   4.8155864e-02   1.1456799e-02   3.3258874e-02   1.5915723e-04   2.5995335e-04   2.7597202e-02   1.9011642e-03   9.0912830e-03   5.5160079e-03   1.6630395e-02   3.4319084e-04   1.6868962e-02   1.9635116e-03   3.0032040e-03   3.3502684e-02   7.0844630e-03   3.1348103e-03   1.2763939e-03   6.2881704e-01  -2.3535922e-01
   6.2619078e-01   5.8362552e-04   2.8361811e-02   8.5289894e-04   2.2652833e-04   0.0000000e+00   7.2024475e-05   1.9108745e-02   0.0000000e+00   1.7977834e-05   9.9108037e-05   5.2549246e-05   7.5993373e-03   8.2114592e-03   3.0324542e-02   5.3398181e-05   3.3810620e-05   0.0000000e+00   2.2706241e-03   1.4532413e-03   8.4573774e-03   4.9301611e-03   3.8691414e-03   2.2162450e-02   7.0162262e-03   0.0000000e+00   1.6112728e-02   1.0911184e-02   2.3816552e-03   7.6586074e-04   6.2619078e-01  -2.1707344e-01
   6.2619078e-01   5.8362552e-04   2.8361811e-02   8.5289894e-04   2.2652833e-04   0.0000000e+00   7.2024475e-05   1.9108745e-02   0.0000000e+00   1.7977834e-05   9.9108037e-05   5.2549246e-05   7.5993373e-03   8.2114592e-03   3.0324542e-02   5.3398181e-05   3.3810620e-05   0.0000000e+00   2.2706241e-03   1.4532413e-03   8.4573774e-03   4.9301611e-03   3.8691414e-03   2.2162450e-02   7.0162262e-03   0.0000000e+00   1.6112728e-02   1.0911184e-02   2.3816552e-03   7.6586074e-04   6.2619078e-01  -2.1707344e-01
   6.2474613e-01   7.2462372e-04   3.6776090e-02   9.2212955e-04   6.8808260e-03   1.8090659e-03   4.0934787e-05   1.7949526e-02   1.4632544e-04   0.0000000e+00   0.0000000e+00   6.1281671e-06   7.9435127e-02   1.1358347e-02   3.3832398e-02   1.6620688e-04   1.4357046e-04   2.6354198e-02   1.8489484e-03   1.7169964e-03   1.0383434e-02   1.6651837e-02   0.0000000e+00   1.7064267e-02   0.0000000e+00   2.6609761e-03   2.8830763e-02   5.2934173e-03   2.9463566e-03   8.0766456e-04   6.2474613e-01  -1.7058930e-01
   6.2316617e-01   1.2001110e-03   2.7395333e-02   1.0098424e-03   5.2775038e-03   4.0701147e-04   1.5787213e-04   2.9671801e-02   1.3088143e-04   0.0000000e+00   1.3706885e-04   4.1406792e-05   6.7051054e-02   1.0512096e-02   3.4356822e-02   3.5841101e-04   7.1952364e-05   2.7439824e-02   1.8104471e-03   1.6504574e-03   9.9122316e-03   1.6780782e-02   0.0000000e+00   1.6589319e-02   0.0000000e+00   2.6777434e-03   1.0585012e-02   5.0967740e-03   2.9424962e-03   6.4193858e-04   6.2316617e-01  -1.5181294e-01
   6.2209930e-01   3.7011334e-04   3.6028519e-02   2.5985528e-03   3.8642063e-03   1.5396344e-03   4.5249713e-05   1.7779825e-02   1.5562623e-04   3.1846088e-04   2.1203063e-03   1.6688282e-05   9.3886215e-02   8.9599168e-03   3.3448301e-02   7.1863386e-04   1.4164703e-04   2.8808964e-02   1.8146246e-03   2.0042242e-03   3.2841162e-03   1.5952593e-02   1.4049679e-04   1.8429140e-02   2.7094733e-04   3.1136842e-03   2.4177089e-02   6.6747120e-03   3.4554186e-03   9.0663847e-04   6.2209930e-01  -1.2743163e-01
   4.5306960e-01   6.7349617e-03   1.6220527e-05   9.1861851e-03   1.1624986e-03   8.3709489e-03   1.9054833e-03   6.0932312e-04   0.0000000e+00   6.9053026e-04   2.5631018e-03   4.0979952e-04   1.3754193e-05   6.7912555e-03   7.4654829e-03   1.0103982e-03   4.6225978e-04   7.8963586e-03   1.4940859e-03   0.0000000e+00   7.9484232e-03   2.1246886e-02   5.7057147e-04   3.2550775e-03   3.3609184e-05   0.0000000e+00   2.5787734e-03   6.1536436e-03   1.5355710e-04   7.8462799e-03   4.5306960e-01  -1.0203607e-01
   4.5306960e-01   6.7349617e-03   1.6220527e-05   9.1861851e-03   1.1624986e-03   8.3709489e-03   1.9054833e-03   6.0932312e-04   0.0000000e+00   6.9053026e-04   2.5631018e-03   4.0979952e-04   1.3754193e-05   6.7912555e-03   7.4654829e-03   1.0103982e-03   4.6225978e-04   7.8963586e-03   1.4940859e-03   0.0000000e+00   7.9484232e-03   2.1246886e-02   5.7057147e-04   3.2550775e-03   3.3609184e-05   0.0000000e+00   2.5787734e-03   6.1536436e-03   1.5355710e-04   7.8462799e-03   4.5306960e-01  -1.0203607e-01
   4.5306960e-01   6.7349617e-03   1.6220527e-05   9.1861851e-03   1.1624986e-03   8.3709489e-03   1.9054833e-03   6.0932312e-04   0.0000000e+00   6.9053026e-04   2.5631018e-03   4.0979952e-04   1.3754193e-05   6.7912555e-03   7.4654829e-03   1.0103982e-03   4.6225978e-04   7.8963586e-03   1.4940859e-03   0.0000000e+00   7.9484232e-03   2.1246886e-02   5.7057147e-04   3.2550775e-03   3.3609184e-05   0.0000000e+00   2.5787734e-03   6.1536436e-03   1.5355710e-04   7.8462799e-03   4.5306960e-01  -1.0203607e-01
   4.5306960e-01   6.7349617e-03   1.6220527e-05   9.1861851e-03   1.1624986e-03   8.3709489e-03   1.9054833e-03   6.0932312e-04   0.0000000e+00   6.9053026e-04   2.5631018e-03   4.0979952e-04   1.3754193e-05   6.7912555e-03   7.4654829e-03   1.0103982e-03   4.6225978e-04   7.8963586e-03   1.4940859e-03   0.0000000e+00   7.9484232e-03   2.1246886e-02   5.7057147e-04   3.2550775e-03   3.3609184e-05   0.0000000e+00   2.5787734e-03   6.1536436e-03   1.5355710e-04   7.8462799e-03   4.5306960e-01  -1.0203607e-01
   4.5306960e-01   6.7349617e-03   1.6220527e-05   9.1861851e-03   1.1624986e-03   8.3709489e-03   1.9054833e-03   6.0932312e-04   0.0000000e+00   6.9053026e-04   2.5631018e-03   4.0979952e-04   1.3754193e-05   6.7912555e-03   7.4654829e-03   1.0103982e-03   4.6225978e-04   7.8963586e-03   1.4940859e-03   0.0000000e+00   7.9484232e-03   2.1246886e-02   5.7057147e-04   3.2550775e-03   3.3609184e-05   0.0000000e+00   2.5787734e-03   6.1536436e-03   1.5355710e-04   7.8462799e-03   4.5306960e-01  -1.0203607e-01
   4.5306960e-01   6.7349617e-03   1.6220527e-05   9.1861851e-03   1.1624986e-03   8.3709489e-03   1.9054833e-03   6.0932312e-04   0.0000000e+00   6.9053026e-04   2.5631018e-03   4.0979952e-04   1.3754193e-05   6.7912555e-03   7.4654829e-03   1.0103982e-03   4.6225978e-04   7.8963586e-03   1.4940859e-03   0.0000000e+00   7.9484232e-03   2.1246886e-02   5.7057147e-04   3.2550775e-03   3.3609184e-05   0.0000000e+00   2.5787734e-03   6.1536436e-03   1.5355710e-04   7.8462799e-03   4.5306960e-01  -1.0203607e-01
   4.5306960e-01   6.7349617e-03   1.6220527e-05   9.1861851e-03   1.1624986e-03   8.3709489e-03   1.9054833e-03   6.0932312e-04   0.0000000e+00   6.9053026e-04   2.5631018e-03   4.0979952e-04   1.3754193e-05   6.7912555e-03   7.4654829e-03   1.0103982e-03   4.6225978e-04   7.8963586e-03   1.4940859e-03   0.0000000e+00   7.9484232e-03   2.1246886e-02   5.7057147e-04   3.2550775e-03   3.3609184e-05   0.0000000e+00   2.5787734e-03   6.1536436e-03   1.5355710e-04   7.8462799e-03   4.5306960e-01  -1.0203607e-01
   4.5306960e-01   6.7349617e-03   1.6220527e-05   9.1861851e-03   1.1624986e-03   8.3709489e-03   1.9054833e-03   6.0932312e-04   0.0000000e+00   6.9053026e-04   2.5631018e-03   4.0979952e-04   1.3754193e-05   6.7912555e-03   7.4654829e-03   1.0103982e-03   4.6225978e-04   7.8963586e-03   1.4940859e-03   0.0000000e+00   7.9484232e-03   2.1246886e-02   5.7057147e-04   3.2550775e-03   3.3609184e-05   0.0000000e+00   2.5787734e-03   6.1536436e-03   1.5355710e-04   7.8462799e-03   4.5306960e-01  -1.0203607e-01
   4.5017678e-01   6.7429947e-03   1.6377066e-05   9.1199687e-03   1.1160483e-03   8.3539076e-03   1.9549240e-03   0.0000000e+00   7.3534059e-06   6.9161812e-04   2.5815015e-03   4.0216755e-04   0.0000000e+00   6.8038247e-03   7.5486973e-03   1.1627900e-03   4.4277727e-04   7.7939566e-03   1.1480479e-03   0.0000000e+00   8.0859940e-03   2.0760459e-02   5.8724385e-04   3.3097863e-03   3.4479312e-05   0.0000000e+00   2.5712991e-03   6.1283877e-03   1.4423960e-04   8.9230200e-03   4.5017678e-01  -9.9082350e-02
   4.4396971e-01   5.0904875e-03   0.0000000e+00   0.0000000e+00   1.8184248e-03   1.0943061e-02   0.0000000e+00   2.7114173e-03   2.3478505e-05   6.8998754e-04   3.0196546e-03   2.7429902e-04   9.7779010e-03   8.5954832e-03   1.3450404e-04   8.5484630e-04   3.7175838e-04   4.1988093e-03   4.2911418e-03   1.5692225e-02   6.8032807e-03   1.8078684e-02   5.2091065e-04   0.0000000e+00   2.4071897e-05   1.6162515e-03   3.8630448e-04   6.0468731e-03   3.1955528e-05   5.3913755e-03   4.4396971e-01  -8.0021970e-02
   4.3980223e-01   7.5720801e-03   0.0000000e+00   0.0000000e+00   1.1707142e-03   1.1158659e-02   0.0000000e+00   0.0000000e+00   1.7161467e-05   6.9305675e-04   3.3281988e-03   2.7909881e-04   1.1827026e-03   8.5810963e-03   1.0674557e-03   6.2405924e-04   3.6241344e-04   3.6154279e-03   6.5669173e-03   1.7440456e-02   6.9162649e-03   1.8319188e-02   5.6348558e-04   2.1063570e-05   0.0000000e+00   1.6304452e-03   5.4246759e-03   6.0825313e-03   1.2416037e-04   3.7575716e-03   4.3980223e-01  -5.8419140e-02
   4.3652896e-01   7.6209871e-03   0.0000000e+00   1.1860456e-02   1.3248962e-03   1.1203136e-02   0.0000000e+00   0.0000000e+00   1.7168562e-05   6.9759911e-04   2.6859373e-03   2.7475757e-04   9.9611041e-04   8.5648175e-03   6.3989004e-04   6.5673578e-04   3.6217749e-04   3.8498828e-03   6.3031652e-03   1.7843780e-02   7.0078670e-03   1.8413414e-02   5.6416758e-04   4.3290956e-05   0.0000000e+00   1.6522749e-03   5.3579977e-03   6.0686195e-03   1.2166721e-04   3.7419111e-03   4.3652896e-01  -3.4115523e-02
   4.3338528e-01   8.4705557e-03   0.0000000e+00   0.0000000e+00   1.0861413e-03   1.1421920e-02   0.0000000e+00   0.0000000e+00   1.1929666e-05   6.5874454e-04   4.3820754e-03   2.5459313e-04   9.8854499e-04   1.2014907e-02   1.3521230e-03   8.0082452e-04   3.9392310e-04   2.6746628e-03   8.8881927e-03   1.8201686e-02   7.5100852e-03   1.7931747e-02   6.1701528e-04   1.9278222e-04   0.0000000e+00   2.0550403e-03   5.2990222e-03   6.9644860e-03   0.0000000e+00   6.1457451e-03   4.3338528e-01  -9.2543525e-03
   4.3029338e-01   7.4762703e-03   1.1288196e-04   0.0000000e+00   2.1166110e-03   1.1617786e-02   0.0000000e+00   0.0000000e+00   1.4979769e-05   6.5656926e-04   5.4910296e-03   2.2384880e-04   1.1171927e-03   1.0233610e-02   1.4017435e-03   8.8198838e-04   3.8061421e-04   3.6178679e-03   6.7925852e-03   1.9030135e-02   7.5229864e-03   1.7857058e-02   6.2658904e-04   9.8974331e-06   2.5651951e-05   1.4732362e-03   6.2201778e-03   6.7356723e-03   0.0000000e+00   5.2085593e-03   4.3029338e-01   1.8076346e-02
   4.2737699e-01   8.7394469e-03   1.9171946e-05   7.6023885e-03   1.1525500e-03   1.2280294e-02   1.9129063e-03   0.0000000e+00   4.6364157e-06   6.7691851e-04   2.1114452e-03   4.0384557e-04   1.6693915e-04   7.9229321e-03   7.7768932e-03   7.3159023e-04   4.7901789e-04   7.7348510e-03   1.4919767e-03   0.0000000e+00   7.8520755e-03   2.9621550e-02   0.0000000e+00   3.1006772e-03   9.9253003e-05   0.0000000e+00   2.5531091e-03   9.1645319e-03   1.8946387e-04   7.9094433e-03   4.2737699e-01   4.7891694e-02
   4.2461826e-01   7.7037474e-03   1.5231172e-06   1.1253757e-02   0.0000000e+00   1.0670295e-02   1.8627025e-05   0.0000000e+00   2.8716577e-05   1.0025812e-03   7.1976171e-03   3.1285166e-04   1.5637323e-03   4.4662014e-03   0.0000000e+00   8.3345045e-04   2.8812171e-04   6.5194980e-03   9.2574326e-03   1.7804084e-02   7.8555959e-03   1.9530452e-02   5.6775022e-04   3.0025290e-04   3.5084737e-03   1.5549593e-03   5.9057398e-03   4.3371984e-03   2.7206918e-04   5.4270775e-04   4.2461826e-01   7.7659080e-02
   4.2244715e-01   7.7480048e-03   0.0000000e+00   1.2240086e-02   0.0000000e+00   1.0588541e-02   0.0000000e+00   0.0000000e+00   3.2973826e-05   1.0006441e-03   6.7256556e-03   3.0086612e-04   1.1806191e-03   4.7806987e-03   0.0000000e+00   9.3842975e-04   2.9928871e-04   6.4709307e-03   8.1931498e-03   1.9286546e-02   7.9989181e-03   1.9559542e-02   5.6776933e-04   0.0000000e+00   2.9844891e-03   1.5628721e-03   5.8400445e-03   4.2694636e-03   2.8519530e-04   2.7164946e-03   4.2244715e-01   1.0264380e-01
   4.1869644e-01   4.7743019e-03   0.0000000e+00   0.0000000e+00   1.8152226e-03   1.2981172e-02   4.5059021e-04   3.2101027e-03   7.1074545e-06   6.7820419e-04   3.5183184e-03   2.7976305e-04   9.5588856e-03   8.7075762e-03   1.1756323e-04   6.0423611e-04   4.5742073e-04   4.0632323e-03   3.8818177e-03   1.3170216e-02   6.7612487e-03   2.2087770e-02   2.5982176e-04   0.0000000e+00   2.7800208e-04   1.6648905e-03   5.2524123e-04   6.3167661e-03   3.1428783e-05   3.9357858e-03   4.1869644e-01   1.4411799e-01
   4.1646495e-01   7.1197648e-03   0.0000000e+00   1.0377213e-02   9.0716620e-04   8.6306597e-03   2.3450988e-03   4.9354173e-03   2.6072063e-05   7.3632003e-04   2.4729621e-03   3.3339248e-04   2.5322711e-04   6.9009580e-03   6.8240101e-03   7.9630840e-04   6.2907719e-04   8.1694292e-03   3.7214563e-03   7.7825028e-03   1.0533147e-02   3.3202637e-02   5.2177086e-04   2.2549311e-03   2.3956663e-06   1.3234070e-03   2.8051487e-03   5.8862125e-03   0.0000000e+00   4.3530873e-03   4.1646495e-01   1.7698738e-01
   4.1482288e-01   4.4094610e-03   2.5599352e-02   1.7189406e-02   8.2512799e-03   1.1562540e-02   1.3985453e-02   2.6959210e-02   1.4929954e-06   0.0000000e+00   1.7599498e-02   2.8123928e-03   5.1264843e-03   6.6657895e-05   1.6378127e-02   0.0000000e+00   8.5017869e-05   1.7345241e-04   1.4590587e-02   3.8945594e-02   1.0423181e-02   1.2763997e-02   6.5237533e-04   4.1242955e-04   1.3261159e-02   1.8957220e-03   1.9183264e-03   0.0000000e+00   0.0000000e+00   7.0998145e-04   4.1482288e-01   2.2182929e-01
   2.5809193e-01   5.9873141e-04   1.0679977e-04   0.0000000e+00   0.0000000e+00   0.0000000e+00   2.0059107e-03   1.1011296e-02   1.2017602e-04   9.5937576e-05   0.0000000e+00   1.5343492e-04   2.0500080e-03   9.6203990e-04   1.1524350e-03   5.4497550e-03   5.2363311e-06   4.2393091e-03   1.1238429e-03   1.2132855e-04   1.6465354e-06   1.7283504e-03   1.8800236e-03   2.1708652e-04   8.3271660e-04   2.6961262e-03   1.1448989e-03   3.4050263e-03   7.7303199e-04   6.2865555e-05   2.5809193e-01   2.5189531e-01
   2.5809193e-01   5.9873141e-04   1.0679977e-04   0.0000000e+00   0.0000000e+00   0.0000000e+00   2.0059107e-03   1.1011296e-02   1.2017602e-04   9.5937576e-05   0.0000000e+00   1.5343492e-04   2.0500080e-03   9.6203990e-04   1.1524350e-03   5.4497550e-03   5.2363311e-06   4.2393091e-03   1.1238429e-03   1.2132855e-04   1.6465354e-06   1.7283504e-03   1.8800236e-03   2.1708652e-04   8.3271660e-04   2.6961262e-03   1.1448989e-03   3.4050263e-03   7.7303199e-04   6.2865555e-05   2.5809193e-01   2.5189531e-01
   2.5809193e-01   5.9873141e-04   1.0679977e-04   0.0000000e+00   0.0000000e+00   0.0000000e+00   2.0059107e-03   1.1011296e-02   1.2017602e-04   9.5937576e-05   0.0000000e+00   1.5343492e-04   2.0500080e-03   9.6203990e-04   1.1524350e-03   5.4497550e-03   5.2363311e-06   4.2393091e-03   1.1238429e-03   1.2132855e-04   1.6465354e-06   1.7283504e-03   1.8800236e-03   2.1708652e-04   8.3271660e-04   2.6961262e-03   1.1448989e-03   3.4050263e-03   7.7303199e-04   6.2865555e-05   2.5809193e-01   2.5189531e-01
   2.5809193e-01   5.9873141e-04   1.0679977e-04   0.0000000e+00   0.0000000e+00   0.0000000e+00   2.0059107e-03   1.1011296e-02   1.2017602e-04   9.5937576e-05   0.0000000e+00   1.5343492e-04   2.0500080e-03   9.6203990e-04   1.1524350e-03   5.4497550e-03   5.2363311e-06   4.2393091e-03   1.1238429e-03   1.2132855e-04   1.6465354e-06   1.7283504e-03   1.8800236e-03   2.1708652e-04   8.3271660e-04   2.6961262e-03   1.1448989e-03   3.4050263e-03   7.7303199e-04   6.2865555e-05   2.5809193e-01   2.5189531e-01
   2.5809193e-01   5.9873141e-04   1.0679977e-04   0.0000000e+00   0.0000000e+00   0.0000000e+00   2.0059107e-03   1.1011296e-02   1.2017602e-04   9.5937576e-05   0.0000000e+00   1.5343492e-04   2.0500080e-03   9.6203990e-04   1.1524350e-03   5.4497550e-03   5.2363311e-06   4.2393091e-03   1.1238429e-03   1.2132855e-04   1.6465354e-06   1.7283504e-03   1.8800236e-03   2.1708652e-04   8.3271660e-04   2.6961262e-03   1.1448989e-03   3.4050263e-03   7.7303199e-04   6.2865555e-05   2.5809193e-01   2.5189531e-01
   2.5809193e-01   5.9873141e-04   1.0679977e-04   0.0000000e+00   0.0000000e+00   0.0000000e+00   2.0059107e-03   1.1011296e-02   1.2017602e-04   9.5937576e-05   0.0000000e+00   1.5343492e-04   2.0500080e-03   9.6203990e-04   1.1524350e-03   5.4497550e-03   5.2363311e-06   4.2393091e-03   1.1238429e-03   1.2132855e-04   1.6465354e-06   1.7283504e-03   1.8800236e-03   2.1708652e-04   8.3271660e-04   2.6961262e-03   1.1448989e-03   3.4050263e-03   7.7303199e-04   6.2865555e-05   2.5809193e-01   2.5189531e-01
   2.5809193e-01   5.9873141e-04   1.0679977e-04   0.0000000e+00   0.0000000e+00   0.0000000e+00   2.0059107e-03   1.1011296e-02   1.2017602e-04   9.5937576e-05   0.0000000e+00   1.5343492e-04   2.0500080e-03   9.6203990e-04   1.1524350e-03   5.4497550e-03   5.2363311e-06   4.2393091e-03   1.1238429e-03   1.2132855e-04   1.6465354e-06   1.7283504e-03   1.8800236e-03   2.1708652e-04   8.3271660e-04   2.6961262e-03   1.1448989e-03   3.4050263e-03   7.7303199e-04   6.2865555e-05   2.5809193e-01   2.5189531e-01
   2.5809193e-01   5.9873141e-04   1.0679977e-04   0.0000000e+00   0.0000000e+00   0.0000000e+00   2.0059107e-03   1.1011296e-02   1.2017602e-04   9.5937576e-05   0.0000000e+00   1.5343492e-04   2.0500080e-03   9.6203990e-04   1.1524350e-03   5.4497550e-03   5.2363311e-06   4.2393091e-03   1.1238429e-03   1.2132855e-04   1.6465354e-06   1.7283504e-03   1.8800236e-03   2.1708652e-04   8.3271660e-04   2.6961262e-03   1.1448989e-03   3.4050263e-03   7.7303199e-04   6.2865555e-05   2.5809193e-01   2.5189531e-01
   2.5809193e-01   5.9873141e-04   1.0679977e-04   0.0000000e+00   0.0000000e+00   0.0000000e+00   2.0059107e-03   1.1011296e-02   1.2017602e-04   9.5937576e-05   0.0000000e+00   1.5343492e-04   2.0500080e-03   9.6203990e-04   1.1524350e-03   5.4497550e-03   5.2363311e-06   4.2393091e-03   1.1238429e-03   1.2132855e-04   1.6465354e-06   1.7283504e-03   1.8800236e-03   2.1708652e-04   8.3271660e-04   2.6961262e-03   1.1448989e-03   3.4050263e-03   7.7303199e-04   6.2865555e-05   2.5809193e-01   2.5189531e-01
   2.5133632e-01   6.6147609e-04   1.3979639e-04   0.0000000e+00   1.6619866e-03   0.0000000e+00   2.8279456e-03   1.0965483e-02   6.4871588e-05   1.8184419e-03   3.7963258e-05   0.0000000e+00   2.1215861e-03   7.0763404e-04   1.2474162e-03   5.3694854e-03   4.9296915e-06   3.8120178e-03   1.4394514e-03   1.5727200e-05   3.1305289e-06   1.8295043e-03   1.8593433e-03   1.9586906e-04   1.0001229e-03   2.6666850e-03   1.2737563e-03   3.1522468e-03   3.5168993e-03   0.0000000e+00   2.5133632e-01   2.5881868e-01
   2.4267113e-01   4.3457876e-04   0.0000000e+00   8.8141294e-04   9.6667256e-05   3.8703919e-03   1.6106225e-03   5.9205618e-03   5.6433140e-04   7.3051847e-03   2.6253411e-03   9.2299092e-04   1.4664397e-03   2.0650277e-04   1.7337985e-03   4.5005743e-05   4.6381662e-03   6.4000960e-03   2.3739613e-04   9.6723290e-04   1.5690254e-04   2.7169858e-03   1.1266411e-03   0.0000000e+00   9.5362806e-05   1.9894274e-03   6.3290157e-04   7.6488318e-03   2.2570511e-02   1.9302589e-03   2.4267113e-01   2.8958288e-01
   2.3426876e-01   1.0059428e-03   1.0970983e-04   0.0000000e+00   3.0470572e-03   1.0600874e-04   9.9462620e-03   1.1797775e-02   0.0000000e+00   1.0070950e-03   1.0766648e-04   8.9244155e-05   0.0000000e+00   8.2588498e-04   1.2190221e-03   4.0261884e-03   0.0000000e+00   3.9248550e-03   1.0255232e-03   2.6160334e-04   0.0000000e+00   1.6702813e-03   1.8743150e-03   8.1046879e-05   7.4772987e-04   2.9531818e-03   9.7761284e-04   1.7372559e-03   6.7092624e-04   2.4153096e-04   2.3426876e-01   3.2139755e-01
   2.2795275e-01   6.1962729e-04   1.8567639e-03   6.0015707e-04   9.0672953e-04   0.0000000e+00   2.6613992e-03   9.0528380e-03   2.1756601e-06   1.9929521e-02   3.9479111e-04   1.1705656e-03   9.9258452e-04   1.8853889e-04   7.0168217e-04   8.9600533e-03   0.0000000e+00   2.6778557e-03   4.6830086e-04   1.3073466e-04   5.9826847e-05   0.0000000e+00   1.3455850e-03   2.9951641e-04   1.6274130e-04   2.2417341e-03   2.0134768e-03   3.9585902e-03   1.2970148e-02   1.6612576e-03   2.2795275e-01   3.6512623e-01
   2.2099453e-01   9.1127338e-04   1.3454750e-03   3.1066485e-04   7.3497282e-04   2.5529063e-04   4.5236697e-03   9.1703932e-03   4.1385444e-05   1.6337683e-02   4.3391834e-04   1.1970021e-03   1.0743777e-03   4.1770205e-04   7.1458770e-04   9.0244274e-03   0.0000000e+00   2.3136841e-03   4.6754004e-04   0.0000000e+00   7.1769784e-05   0.0000000e+00   1.2929984e-03   2.7487261e-04   1.6531250e-04   2.3274491e-03   2.2039128e-03   5.5841006e-03   1.2415384e-02   1.6448819e-03   2.2099453e-01   4.1237735e-01
   2.1386184e-01   2.5684239e-03   2.5997372e-03   0.0000000e+00   1.5583314e-03   4.7532731e-04   1.0074602e-03   6.9342115e-03   4.6049594e-03   9.9103558e-03   3.6342991e-03   0.0000000e+00   0.0000000e+00   2.7139504e-04   3.7068278e-03   1.4572521e-02   2.4303376e-03   6.1388068e-03   1.3240308e-04   6.8766734e-04   1.6772736e-04   4.1246592e-04   7.3770719e-04   4.7500376e-04   9.3004163e-03   3.1026172e-03   2.7601660e-03   7.6773921e-03   0.0000000e+00   2.1814658e-03   2.1386184e-01   4.6838039e-01
   2.0681836e-01   1.9940161e-03   1.7315926e-03   4.3764421e-05   2.9176545e-04   4.7824846e-04   7.3975310e-04   5.5193735e-03   3.5507542e-03   1.1403957e-02   3.8478936e-03   1.2612607e-04   1.6519479e-03   1.7887058e-04   2.3293759e-03   1.5098276e-02   3.3080223e-03   7.8858929e-03   1.0262256e-04   1.1140651e-03   3.9723849e-05   1.1269871e-03   9.3953243e-04   3.0901904e-04   9.6750093e-03   3.3250634e-03   2.5749431e-03   8.5833639e-03   0.0000000e+00   2.2654371e-03   2.0681836e-01   5.2294390e-01
   1.9873913e-01   3.2773709e-03   9.7516594e-04   4.7459189e-05   1.1798636e-04   5.0778849e-04   1.2008347e-03   0.0000000e+00   2.0355797e-03   8.7082494e-03   4.7483861e-03   1.0859703e-04   1.5653786e-03   2.2091221e-04   1.8893256e-03   1.2818170e-02   3.0190924e-03   7.9676956e-03   2.3132128e-04   1.0758281e-03   6.1769131e-06   5.3351129e-04   1.0740785e-03   2.1251442e-04   1.2618183e-02   2.9839386e-03   2.0529601e-03   8.4953149e-03   3.5261005e-03   2.5268301e-03   1.9873913e-01   5.8249605e-01
   1.8976322e-01   4.1849131e-04   1.5990440e-03   1.8141217e-05   1.4797116e-03   2.1056223e-03   2.3961075e-03   1.2739524e-02   6.5659960e-04   3.9856332e-03   1.1329572e-03   1.1963617e-03   1.4733471e-03   2.8685321e-04   6.4415753e-04   4.8654623e-03   2.5484608e-03   6.6619560e-03   6.1231511e-03   3.1329514e-04   1.2479097e-03   2.3652091e-03   1.5509533e-03   0.0000000e+00   1.7915397e-03   2.6093827e-03   1.6925865e-03   6.1468696e-03   1.2081016e-02   1.3228431e-03   1.8976322e-01   6.4416973e-01
   8.2045969e-02   4.4377819e-03   4.2694284e-04   4.0298030e-03   2.0423645e-03   2.0899362e-03   6.4414751e-05   0.0000000e+00   1.3892163e-05   3.2131922e-03   4.4593338e-04   0.0000000e+00   5.1956447e-03   9.5192863e-04   1.8750752e-04   7.2964625e-04   6.2758826e-03   5.3502353e-03   1.1655698e-04   6.8479729e-03   5.0787085e-07   1.1801620e-03   1.7741070e-03   6.4743532e-04   1.2828299e-04   2.3142109e-03   3.7494848e-05   1.1807635e-02   1.3140589e-05   2.0958188e-03   8.2045969e-02   6.8631121e-01
   8.2045969e-02   4.4377819e-03   4.2694284e-04   4.0298030e-03   2.0423645e-03   2.0899362e-03   6.4414751e-05   0.0000000e+00   1.3892163e-05   3.2131922e-03   4.4593338e-04   0.0000000e+00   5.1956447e-03   9.5192863e-04   1.8750752e-04   7.2964625e-04   6.2758826e-03   5.3502353e-03   1.1655698e-04   6.8479729e-03   5.0787085e-07   1.1801620e-03   1.7741070e-03   6.4743532e-04   1.2828299e-04   2.3142109e-03   3.7494848e-05   1.1807635e-02   1.3140589e-05   2.0958188e-03   8.2045969e-02   6.8631121e-01
   8.2045969e-02   4.4377819e-03   4.2694284e-04   4.0298030e-03   2.0423645e-03   2.0899362e-03   6.4414751e-05   0.0000000e+00   1.3892163e-05   3.2131922e-03   4.4593338e-04   0.0000000e+00   5.1956447e-03   9.5192863e-04   1.8750752e-04   7.2964625e-04   6.2758826e-03   5.3502353e-03   1.1655698e-04   6.8479729e-03   5.0787085e-07   1.1801620e-03   1.7741070e-03   6.4743532e-04   1.2828299e-04   2.3142109e-03   3.7494848e-05   1.1807635e-02   1.3140589e-05   2.0958188e-03   8.2045969e-02   6.8631121e-01
   8.2045969e-02   4.4377819e-03   4.2694284e-04   4.0298030e-03   2.0423645e-03   2.0899362e-03   6.4414751e-05   0.0000000e+00   1.3892163e-05   3.2131922e-03   4.4593338e-04   0.0000000e+00   5.1956447e-03   9.5192863e-04   1.8750752e-04   7.2964625e-04   6.2758826e-03   5.3502353e-03   1.1655698e-04   6.8479729e-03   5.0787085e-07   1.1801620e-03   1.7741070e-03   6.4743532e-04   1.2828299e-04   2.3142109e-03   3.7494848e-05   1.1807635e-02   1.3140589e-05   2.0958188e-03   8.2045969e-02   6.8631121e-01
   8.2045969e-02   4.4377819e-03   4.2694284e-04   4.0298030e-03   2.0423645e-03   2.0899362e-03   6.4414751e-05   0.0000000e+00   1.3892163e-05   3.2131922e-03   4.4593338e-04   0.0000000e+00   5.1956447e-03   9.5192863e-04   1.8750752e-04   7.2964625e-04   6.2758826e-03   5.3502353e-03   1.1655698e-04   6.8479729e-03   5.0787085e-07   1.1801620e-03   1.7741070e-03   6.4743532e-04   1.2828299e-04   2.3142109e-03   3.7494848e-05   1.1807635e-02   1.3140589e-05   2.0958188e-03   8.2045969e-02   6.8631121e-01
   8.2045969e-02   4.4377819e-03   4.2694284e-04   4.0298030e-03   2.0423645e-03   2.0899362e-03   6.4414751e-05   0.0000000e+00   1.3892163e-05   3.2131922e-03   4.4593338e-04   0.0000000e+00   5.1956447e-03   9.5192863e-04   1.8750752e-04   7.2964625e-04   6.2758826e-03   5.3502353e-03   1.1655698e-04   6.8479729e-03   5.0787085e-07   1.1801620e-03   1.7741070e-03   6.4743532e-04   1.2828299e-04   2.3142109e-03   3.7494848e-05   1.1807635e-02   1.3140589e-05   2.0958188e-03   8.2045969e-02   6.8631121e-01
   7.5537678e-02   4.5623431e-03   4.2703843e-04   4.2419212e-03   2.0754528e-03   1.7471717e-03   8.3733972e-05   4.4933224e-04   1.3452595e-05   6.3374887e-03   4.4606126e-04   1.2555667e-03   5.0998394e-03   9.5533098e-04   1.9705343e-04   7.8873014e-04   6.0165868e-03   4.4354659e-03   2.1622790e-04   6.4624766e-03   5.9146861e-07   9.5106379e-04   1.7736050e-03   6.5003268e-04   1.5488284e-04   2.3681244e-03   3.1938595e-05   1.2790809e-02   1.0077180e-05   2.0772016e-03   7.5537678e-02   6.9050383e-01
   6.0762538e-02   3.4795159e-03   1.5510126e-04   1.9823340e-03   3.9466174e-03   5.5658953e-03   2.9915879e-05   9.3643608e-04   3.6937155e-04   3.3385941e-03   4.1944290e-04   1.3522209e-03   5.8934746e-03   1.1917392e-03   1.9837003e-04   6.0265492e-04   6.1825862e-03   8.1555591e-03   8.5356403e-05   6.6651660e-03   1.2837676e-05   1.1304294e-03   1.8143871e-03   6.7266492e-04   1.4157948e-04   2.6933054e-03   2.6161446e-05   1.0742819e-02   1.6256563e-03   2.4710569e-03   6.0762538e-02   7.1575083e-01
   4.6198956e-02   5.0611069e-03   0.0000000e+00   2.7758244e-03   5.0531893e-03   1.1023224e-03   1.0685775e-04   1.2613654e-03   0.0000000e+00   3.0805264e-03   2.2223425e-05   8.5607179e-03   1.1567268e-02   9.9719734e-04   3.3915415e-04   2.7338398e-03   6.8464258e-03   4.9764788e-03   8.0168923e-06   6.1027565e-03   4.2889871e-05   3.0464638e-03   1.5843495e-03   6.5500707e-04   0.0000000e+00   2.4529517e-03   5.3328546e-04   1.4745853e-02   3.0810851e-03   2.2146867e-03   4.6198956e-02   7.6384978e-01
   2.9017060e-02   3.5591680e-03   4.1663381e-04   8.9075236e-06   4.3374197e-03   2.4300707e-04   1.9741703e-04   2.1209808e-03   0.0000000e+00   1.2870192e-02   4.3796984e-04   7.9263803e-03   1.0789411e-02   1.1899468e-03   1.1394319e-04   4.3841843e-03   8.4327249e-03   4.6857807e-04   4.7084803e-07   2.9879859e-03   3.9395821e-07   2.1848427e-03   1.7798296e-03   6.3051688e-04   2.6158032e-04   2.6519061e-03   1.3762727e-07   1.4874522e-02   3.3335867e-08   2.1519412e-03   2.9017060e-02   8.3087169e-01
   1.5184833e-02   3.5562699e-03   4.1057219e-04   1.2706247e-03   5.0311992e-03   4.9339411e-04   2.0373012e-04   2.0777779e-03   0.0000000e+00   1.3322206e-02   4.3844460e-04   9.8730963e-03   1.0767543e-02   1.1875589e-03   1.1621106e-04   3.9198420e-03   7.9694588e-03   0.0000000e+00   0.0000000e+00   2.5185447e-03   3.4174992e-07   2.1986808e-03   1.7814715e-03   6.2602658e-04   2.5426387e-04   2.6548756e-03   0.0000000e+00   1.5050262e-02   0.0000000e+00   2.1582987e-03   1.5184833e-02   8.9540525e-01
   0.0000000e+00   3.4908686e-03   8.9029500e-05   1.9340592e-03   2.8170878e-03   4.4104886e-03   0.0000000e+00   1.0969645e-03   2.7909303e-04   1.4036200e-03   2.9247167e-04   4.5261251e-04   5.1559475e-03   1.3164446e-03   0.0000000e+00   6.6366782e-04   6.6254945e-03   5.9666110e-03   2.7501552e-05   6.9325686e-03   7.4218494e-06   8.5195332e-04   1.7402766e-03   6.5875779e-04   1.2934938e-04   2.7120871e-03   6.2765727e-05   9.5628777e-03   2.6903311e-03   2.5031552e-03   0.0000000e+00   1.0198228e+00
