   8.5105454e-01   1.5788716e-02   9.9828727e-03   8.8776413e-03   3.9151699e-05   2.1897358e-02   2.1353190e-02   2.8668540e-04   6.1391918e-03   1.3318348e-02   1.9747055e-04   1.9448246e-03   6.1927654e-02   1.4865704e-04   2.1377199e-03   1.0505141e-02   3.2082371e-04   9.9329401e-04   1.7732113e-04   1.0566341e-03   2.6326958e-03   1.4071295e-03   4.9130396e-05   4.1256212e-02   1.0086173e-03   1.6666724e-02   4.0969698e-04   0.0000000e+00   1.7958955e-05   1.9505871e-02   8.5105454e-01  -7.2891320e-01
   8.4943698e-01   1.6144724e-02   1.0002853e-02   9.3255626e-03   2.2332276e-04   2.2058328e-02   1.9376621e-02   2.5651511e-04   6.1316051e-03   1.3202375e-02   1.3582525e-04   2.2759275e-03   6.0285160e-02   0.0000000e+00   2.8615848e-03   7.4589567e-03   2.6814886e-04   1.1509636e-03   2.7653235e-04   0.0000000e+00   2.7907320e-03   1.4152121e-03   3.7946316e-03   5.1904691e-02   8.2763575e-04   1.3878351e-02   4.1676716e-04   0.0000000e+00   0.0000000e+00   1.6700647e-02   8.4943698e-01  -7.2617932e-01
   8.4722607e-01   1.3648229e-02   1.1494762e-02   8.5616703e-03   1.4309554e-04   2.1617147e-02   1.9225747e-02   3.1311572e-04   6.0990677e-03   1.3924139e-02   3.6794199e-05   2.2510998e-03   5.9286750e-02   2.6584774e-03   1.9736738e-03   1.5025951e-02   3.7493757e-04   1.3639135e-03   0.0000000e+00   2.7011265e-04   2.9784755e-03   1.4069200e-03   6.1683795e-04   4.8665492e-02   8.9123553e-04   1.7864661e-02   3.8381512e-04   5.6046522e-05   2.1834564e-05   1.3515768e-02   8.4722607e-01  -7.1937738e-01
   8.4419352e-01   1.6199766e-02   9.0645994e-03   5.7356362e-03   4.5167048e-04   1.9435140e-02   2.8747621e-02   7.1747187e-04   6.0135436e-03   2.3659728e-02   1.4547994e-04   2.2351500e-03   4.4618096e-02   4.6575049e-03   5.2242877e-04   1.2627263e-02   9.7580385e-05   8.6604450e-04   0.0000000e+00   1.2693959e-03   2.2617322e-03   1.4326691e-03   7.1487811e-03   4.1844847e-02   5.8391235e-04   2.5166552e-02   4.1786777e-04   6.1687861e-04   0.0000000e+00   1.3367653e-02   8.4419352e-01  -7.0293059e-01
   8.4248456e-01   1.9249713e-02   1.1123159e-02   1.1510122e-02   6.9434537e-04   1.9989771e-02   5.6051987e-03   9.8768427e-05   6.4087539e-03   1.4824181e-02   7.1486196e-04   1.6285539e-03   6.2732215e-02   2.1545986e-02   1.4945767e-03   1.3442495e-03   0.0000000e+00   0.0000000e+00   1.1503869e-03   2.4303507e-03   2.3140017e-03   1.4597581e-03   1.0448128e-02   3.1098509e-02   7.0714334e-04   4.7352293e-03   6.9191232e-04   1.6505455e-02   7.5592745e-05   9.2863091e-04   8.4248456e-01  -6.9407504e-01
   8.4172681e-01   1.6660453e-02   1.5340368e-03   8.1103434e-03   2.5964586e-04   1.9845481e-02   2.5116309e-02   1.0912380e-03   6.0728253e-03   2.6979256e-02   2.6789061e-04   2.3196518e-03   3.8832320e-02   5.3228022e-03   6.0423357e-04   1.3114702e-02   1.0833182e-04   5.8410345e-04   9.9325579e-04   1.4904434e-03   2.6861844e-03   1.5531789e-03   7.7437138e-03   3.7043119e-02   9.7298547e-04   1.8504961e-02   4.2510442e-04   1.0672081e-02   0.0000000e+00   1.3043975e-02   8.4172681e-01  -6.8618092e-01
   8.4046786e-01   1.6634711e-02   5.5676964e-03   6.1263381e-03   2.5898013e-04   1.9836719e-02   2.6557843e-02   1.1692730e-03   6.0407144e-03   3.0986196e-02   2.3545592e-04   2.6423109e-03   3.7405450e-02   5.6206129e-03   0.0000000e+00   1.2635609e-02   9.7724235e-05   7.3318640e-04   4.3161853e-05   1.2492996e-03   2.7030849e-03   1.4496297e-03   7.5156527e-03   3.7193317e-02   9.6887973e-04   2.0774929e-02   4.3045161e-04   0.0000000e+00   8.1880695e-06   1.2766054e-02   8.4046786e-01  -6.7582099e-01
   8.3945781e-01   1.9186064e-02   1.1241450e-02   1.1777018e-02   6.9208803e-04   1.9981948e-02   6.2373886e-03   9.8676271e-05   6.4227655e-03   1.4701034e-02   7.1006473e-04   1.6342286e-03   6.2741701e-02   2.0940189e-02   1.1650536e-03   1.2610835e-03   0.0000000e+00   0.0000000e+00   1.1325540e-03   2.3611287e-03   2.3109428e-03   1.4665270e-03   1.1956653e-02   3.0750505e-02   7.3017988e-04   4.4086895e-03   6.2762057e-04   1.9986626e-02   7.5310589e-05   8.1883155e-04   8.3945781e-01  -6.6641045e-01
   8.3847341e-01   1.8650233e-02   1.1632582e-02   1.1061877e-02   6.9203321e-04   1.9850140e-02   1.4865406e-03   1.0718465e-04   6.4149767e-03   1.4101171e-02   6.5783029e-04   1.6517932e-03   6.3516260e-02   2.1439785e-02   1.1841809e-03   1.2841159e-03   1.9193418e-07   0.0000000e+00   1.1240297e-03   2.8008992e-03   2.5255226e-03   1.4780674e-03   1.1942280e-02   2.8442421e-02   7.3250046e-04   4.5115675e-03   5.9612262e-04   1.7382984e-02   7.6218656e-05   3.3673265e-03   8.3847341e-01  -6.5727507e-01
   8.3804203e-01   1.8793935e-02   1.1646277e-02   1.0977943e-02   6.9190424e-04   1.9869790e-02   1.5548101e-03   1.0608754e-04   6.4226735e-03   1.4163815e-02   6.5007701e-04   1.6547059e-03   6.4012555e-02   2.1421086e-02   1.1858540e-03   1.2923073e-03   2.2424418e-07   0.0000000e+00   1.1262004e-03   3.4923511e-03   2.5481705e-03   1.4854783e-03   1.2131933e-02   2.9264026e-02   7.2384579e-04   4.5180846e-03   6.0242994e-04   1.7706377e-02   7.6277292e-05   2.7862356e-03   8.3804203e-01  -6.5215115e-01
   8.3680739e-01   1.9377181e-02   1.1254607e-02   1.1991570e-02   6.8828187e-04   1.9983992e-02   6.4816155e-03   1.4309655e-04   6.4228526e-03   1.4879766e-02   7.0709660e-04   1.6360532e-03   6.2741445e-02   2.0188619e-02   1.0633133e-03   1.4399490e-03   2.9713175e-05   0.0000000e+00   1.1857557e-03   2.3729207e-03   2.2956963e-03   1.4830674e-03   1.4548124e-02   3.0741829e-02   6.9750695e-04   4.3532597e-03   5.5569485e-04   1.9838021e-02   7.5232110e-05   8.7259169e-04   8.3680739e-01  -6.3657042e-01
   8.3570450e-01   2.1658276e-02   1.3071653e-02   1.1117810e-02   7.0207480e-04   2.0610321e-02   3.2298094e-04   1.3328427e-04   6.3859017e-03   1.3253533e-02   6.0272547e-04   1.6203309e-03   6.0910319e-02   1.2785625e-02   1.1380079e-03   0.0000000e+00   7.8474311e-05   5.1250680e-05   1.2190975e-03   2.4166617e-03   1.7759590e-03   1.4719755e-03   1.3630779e-02   2.7731943e-02   6.3691211e-04   7.2503341e-03   3.7372219e-04   1.8427471e-02   5.4013511e-05   0.0000000e+00   8.3570450e-01  -6.2605045e-01
   8.3508670e-01   1.9949340e-02   1.1227624e-02   1.1356170e-02   7.6055953e-04   2.0503160e-02   4.4156626e-03   1.3057867e-04   6.3559699e-03   1.9320929e-02   1.2732180e-03   1.8007995e-03   6.2210293e-02   1.9326219e-02   9.6421984e-04   0.0000000e+00   3.0320473e-05   3.2762114e-04   7.2057629e-04   2.5270612e-03   2.2739137e-03   1.4934182e-03   1.4569659e-02   3.1713051e-02   6.5442373e-04   1.2691724e-03   5.4794435e-04   1.8996841e-02   8.1813894e-05   0.0000000e+00   8.3508670e-01  -6.1529598e-01
   8.3438805e-01   1.9682469e-02   1.1220285e-02   1.1346996e-02   7.7106079e-04   2.0504899e-02   5.2197624e-03   1.3242003e-04   6.3549914e-03   1.8172279e-02   1.4126364e-03   1.7947293e-03   6.2242826e-02   1.8940234e-02   9.7045560e-04   0.0000000e+00   4.1327224e-05   2.7407066e-04   7.2433098e-04   2.4641201e-03   2.2815611e-03   1.4929842e-03   1.5129026e-02   3.1539531e-02   6.9195106e-04   1.3840466e-03   5.5041164e-04   1.8839054e-02   8.3528317e-05   0.0000000e+00   8.3438805e-01  -6.0592065e-01
   8.3367043e-01   2.4487469e-02   1.1395584e-02   1.1075812e-02   7.6279414e-04   2.1287187e-02   5.2582834e-03   1.5124991e-04   6.3855908e-03   1.6210782e-02   1.4008435e-03   1.7689145e-03   6.2638893e-02   1.8685238e-02   1.0750605e-03   0.0000000e+00   4.5689133e-05   2.5944215e-04   7.3589425e-04   2.4625506e-03   2.3160722e-03   1.5047738e-03   1.6465358e-02   3.4168187e-02   5.9808006e-04   0.0000000e+00   5.5783053e-04   2.0772606e-02   8.2319919e-05   3.2857184e-03   8.3367043e-01  -5.9382547e-01
   8.3305940e-01   1.8805555e-02   1.2311986e-02   1.1939368e-02   7.8849683e-04   2.0877422e-02   6.9374615e-03   5.6998185e-05   6.3023545e-03   1.3651770e-02   6.7614210e-04   1.6244511e-03   6.3249846e-02   2.1275090e-02   1.2399205e-03   4.8735847e-03   0.0000000e+00   1.5690033e-04   1.6734055e-03   2.1434265e-03   2.4119152e-03   1.3679194e-03   1.3786704e-02   3.0611933e-02   7.6149896e-04   7.4647812e-03   5.9239240e-04   2.2645807e-02   6.3513139e-05   0.0000000e+00   8.3305940e-01  -5.8453569e-01
   8.3210080e-01   1.9915246e-02   1.0950920e-02   1.2519660e-02   6.7514141e-04   2.0149665e-02   1.0487666e-02   3.2061754e-05   6.1133359e-03   1.5786648e-02   7.0559612e-04   1.6028900e-03   6.2682122e-02   2.3717147e-02   3.2377636e-04   1.7394960e-03   1.2073082e-04   3.7212615e-04   1.0063187e-03   2.1464359e-03   2.2801724e-03   1.3374508e-03   2.9816128e-03   2.6222209e-02   4.4902466e-04   0.0000000e+00   4.8690094e-04   3.2668268e-02   7.2184889e-05   4.2571473e-03   8.3210080e-01  -5.7125493e-01
   8.3123284e-01   1.3348958e-02   1.3488267e-02   1.0045430e-02   8.1448866e-04   1.7490741e-02   9.7427282e-03   8.1379337e-06   6.2309616e-03   8.3410138e-03   3.8072257e-04   1.6145908e-03   5.8106560e-02   3.3655405e-02   1.8647911e-03   6.3697904e-03   9.8536536e-05   2.3533302e-04   8.6551344e-04   1.8577155e-03   3.4032576e-03   1.3375768e-03   1.4426237e-02   3.4537713e-03   1.2074099e-03   1.2567098e-02   3.7434862e-04   9.1807654e-03   4.2071384e-05   1.9120604e-02   8.3123284e-01  -5.5979398e-01
   8.3051830e-01   1.1822374e-02   1.4261009e-02   7.5374518e-03   9.4400792e-04   1.6037852e-02   1.0023822e-02   2.9144335e-05   6.2401043e-03   1.0888144e-02   4.0605128e-04   1.4840927e-03   5.5742323e-02   4.0711297e-02   1.7606311e-03   8.9372310e-03   4.7341814e-04   2.2248173e-04   1.2849489e-03   1.6806918e-03   3.0252530e-03   1.4187789e-03   1.5796614e-02   9.6344256e-03   9.7549168e-04   1.9141090e-02   1.2122274e-04   0.0000000e+00   6.2165615e-05   1.7976108e-02   8.3051830e-01  -5.4669241e-01
   8.2985825e-01   1.2590134e-02   1.3233462e-02   9.8452524e-03   6.5299477e-04   1.7754898e-02   9.2192534e-03   1.4904833e-06   6.2526912e-03   9.9088528e-03   3.4951146e-04   1.4051629e-03   5.8845788e-02   3.4029508e-02   1.7895767e-03   8.7752877e-03   9.0407710e-07   0.0000000e+00   1.0834132e-03   1.7623315e-03   3.4285406e-03   1.3861066e-03   2.0916069e-02   4.5575225e-03   9.8445269e-04   1.7824055e-02   4.7397687e-04   1.1201871e-02   5.4655262e-05   1.8793921e-02   8.2985825e-01  -5.3426410e-01
   8.2934024e-01   2.2780443e-02   1.1224649e-02   1.0989088e-02   6.6880945e-04   1.9291995e-02   4.8435603e-03   5.1497419e-05   6.2605455e-03   1.9149972e-02   4.7793757e-04   1.2879200e-03   6.1897609e-02   1.3760940e-02   1.3901928e-03   8.5014369e-03   8.5117623e-06   1.3136614e-04   1.9788964e-03   1.9840461e-03   2.2728942e-03   1.6279386e-03   1.0564105e-02   3.4525033e-02   6.6870962e-04   0.0000000e+00   4.8162150e-04   3.6354109e-02   1.0979027e-04   1.6164687e-02   8.2934024e-01  -5.2157865e-01
   8.2850506e-01   1.2398558e-02   1.5290967e-02   9.6795031e-03   8.2650117e-04   2.8437283e-02   1.3054849e-02   0.0000000e+00   8.1298004e-03   1.1082395e-02   3.9170868e-04   1.0055486e-03   5.5290865e-02   3.1527793e-02   1.9918228e-03   6.0412177e-03   0.0000000e+00   0.0000000e+00   1.1106066e-03   1.9817337e-03   3.2875781e-03   1.9727408e-03   1.6140185e-02   4.6251030e-03   1.2232197e-03   1.8115675e-02   5.7186591e-04   9.2218579e-03   7.2697111e-05   1.4504897e-02   8.2850506e-01  -5.1082374e-01
   8.2776918e-01   1.5233071e-02   1.7673757e-02   9.7466846e-03   7.8587829e-04   2.7846511e-02   8.5374172e-03   2.6347882e-06   7.9989327e-03   1.1444935e-02   3.6224646e-04   7.9816879e-04   4.9425032e-02   3.2787279e-02   1.9203043e-03   7.1747948e-03   1.7680086e-06   7.3158873e-05   1.1093801e-03   1.9827802e-03   3.4898121e-03   1.9314455e-03   1.5845546e-02   4.8690351e-03   1.1074963e-03   1.3467420e-02   5.4218572e-04   0.0000000e+00   7.3682124e-05   1.4609838e-02   8.2776918e-01  -5.0068496e-01
   8.2776918e-01   1.5233071e-02   1.7673757e-02   9.7466846e-03   7.8587829e-04   2.7846511e-02   8.5374172e-03   2.6347882e-06   7.9989327e-03   1.1444935e-02   3.6224646e-04   7.9816879e-04   4.9425032e-02   3.2787279e-02   1.9203043e-03   7.1747948e-03   1.7680086e-06   7.3158873e-05   1.1093801e-03   1.9827802e-03   3.4898121e-03   1.9314455e-03   1.5845546e-02   4.8690351e-03   1.1074963e-03   1.3467420e-02   5.4218572e-04   0.0000000e+00   7.3682124e-05   1.4609838e-02   8.2776918e-01  -5.0068496e-01
   8.2636702e-01   2.2387012e-02   1.0710567e-02   1.1428504e-02   6.3786939e-04   1.9572932e-02   0.0000000e+00   3.1739222e-05   6.4070662e-03   1.7042890e-02   5.4637497e-04   1.5710961e-03   5.9724356e-02   1.5555502e-02   8.8862291e-04   9.5378087e-03   4.8669134e-05   3.0220906e-04   1.1322209e-03   1.9535130e-03   2.4886715e-03   1.6562860e-03   1.2258595e-02   3.1678074e-02   8.3681917e-04   2.4180276e-03   4.8297467e-04   3.5579900e-02   9.2383821e-05   1.5586777e-02   8.2636702e-01  -4.6925487e-01
   8.2591214e-01   2.4279099e-02   1.1407756e-02   1.1391571e-02   6.4814997e-04   2.0045415e-02   2.9861483e-03   0.0000000e+00   6.3516664e-03   1.5902132e-02   5.5600759e-04   1.5585112e-03   6.1294712e-02   2.3322837e-02   1.2284179e-03   9.5260045e-03   5.0624377e-05   5.2810180e-05   1.2802998e-03   1.8127306e-03   2.6283500e-03   1.9176640e-03   1.0959672e-02   3.2088657e-02   8.3387652e-04   0.0000000e+00   4.4003545e-04   3.5015633e-02   7.5745373e-05   1.4318865e-02   8.2591214e-01  -4.5896733e-01
   6.5217415e-01   1.0272157e-03   7.6727799e-06   4.3888203e-03   2.3639536e-04   2.3363392e-04   1.5842446e-04   1.1282513e-03   1.1486722e-06   0.0000000e+00   5.2491362e-04   2.6353135e-03   6.0596222e-04   7.1091284e-03   1.4572110e-04   4.3485742e-04   1.9284927e-03   2.9290938e-03   3.8628662e-05   0.0000000e+00   3.5805471e-03   4.3058306e-07   6.7003621e-03   9.6806859e-04   0.0000000e+00   0.0000000e+00   1.9474728e-06   2.1412408e-03   2.8590454e-04   9.9996588e-06   6.5217415e-01  -4.5132577e-01
   6.5217415e-01   1.0272157e-03   7.6727799e-06   4.3888203e-03   2.3639536e-04   2.3363392e-04   1.5842446e-04   1.1282513e-03   1.1486722e-06   0.0000000e+00   5.2491362e-04   2.6353135e-03   6.0596222e-04   7.1091284e-03   1.4572110e-04   4.3485742e-04   1.9284927e-03   2.9290938e-03   3.8628662e-05   0.0000000e+00   3.5805471e-03   4.3058306e-07   6.7003621e-03   9.6806859e-04   0.0000000e+00   0.0000000e+00   1.9474728e-06   2.1412408e-03   2.8590454e-04   9.9996588e-06   6.5217415e-01  -4.5132577e-01
   6.5217415e-01   1.0272157e-03   7.6727799e-06   4.3888203e-03   2.3639536e-04   2.3363392e-04   1.5842446e-04   1.1282513e-03   1.1486722e-06   0.0000000e+00   5.2491362e-04   2.6353135e-03   6.0596222e-04   7.1091284e-03   1.4572110e-04   4.3485742e-04   1.9284927e-03   2.9290938e-03   3.8628662e-05   0.0000000e+00   3.5805471e-03   4.3058306e-07   6.7003621e-03   9.6806859e-04   0.0000000e+00   0.0000000e+00   1.9474728e-06   2.1412408e-03   2.8590454e-04   9.9996588e-06   6.5217415e-01  -4.5132577e-01
   6.5217415e-01   1.0272157e-03   7.6727799e-06   4.3888203e-03   2.3639536e-04   2.3363392e-04   1.5842446e-04   1.1282513e-03   1.1486722e-06   0.0000000e+00   5.2491362e-04   2.6353135e-03   6.0596222e-04   7.1091284e-03   1.4572110e-04   4.3485742e-04   1.9284927e-03   2.9290938e-03   3.8628662e-05   0.0000000e+00   3.5805471e-03   4.3058306e-07   6.7003621e-03   9.6806859e-04   0.0000000e+00   0.0000000e+00   1.9474728e-06   2.1412408e-03   2.8590454e-04   9.9996588e-06   6.5217415e-01  -4.5132577e-01
   6.5047766e-01   8.9614521e-04   7.6415490e-06   4.5425440e-03   2.3641215e-04   4.1434235e-04   2.1217282e-04   1.0868870e-03   1.1496382e-06   0.0000000e+00   5.2828407e-04   2.6361602e-03   8.0807498e-04   6.9886474e-03   1.4570855e-04   3.9555014e-04   1.9233743e-03   2.4767770e-03   3.1122013e-05   0.0000000e+00   3.1057611e-03   5.6118254e-07   7.2020707e-03   9.7253522e-04   3.7953308e-08   0.0000000e+00   1.9480070e-06   2.2466845e-03   2.3178502e-04   1.3690148e-04   6.5047766e-01  -4.5001832e-01
   6.4692288e-01   4.3080673e-03   1.4751721e-05   2.1491819e-03   4.0560760e-05   1.5136671e-03   6.8975770e-04   1.0631524e-03   3.3283687e-04   0.0000000e+00   4.8962761e-04   2.9250544e-03   2.8759384e-03   7.8140214e-03   1.0158808e-04   4.0505161e-04   2.1593672e-03   9.6732041e-04   4.9976992e-05   4.1959223e-06   6.8625007e-04   1.2147308e-05   4.9693075e-03   1.4579688e-03   2.1470938e-07   4.4836817e-04   0.0000000e+00   7.5299346e-03   4.5382510e-04   4.6140751e-06   6.4692288e-01  -4.4013470e-01
   6.4404166e-01   7.3601251e-04   1.0396221e-03   1.5126565e-03   1.1405319e-04   6.1850189e-03   1.6017028e-03   1.8399362e-03   5.4726627e-04   0.0000000e+00   4.4230310e-04   1.2595820e-03   1.0936950e-02   0.0000000e+00   3.8265119e-04   1.0993601e-04   2.9113203e-03   3.5076306e-03   0.0000000e+00   2.7456115e-03   2.9481839e-04   9.3851717e-05   1.6214740e-03   8.9924025e-03   2.1083912e-04   0.0000000e+00   4.1862261e-07   2.3828198e-04   7.1340206e-04   5.6155782e-08   6.4404166e-01  -4.2636508e-01
   6.4262794e-01   7.2063425e-04   1.2725014e-03   1.1855358e-03   1.2599872e-04   6.3893426e-03   1.3297763e-03   2.1636587e-03   5.8369329e-04   0.0000000e+00   4.5014973e-04   1.5048993e-03   1.0264120e-02   6.2717453e-04   3.7522123e-04   3.4047931e-05   2.6169609e-03   3.4866254e-03   1.2719662e-06   2.6925238e-03   9.3359256e-04   7.8134768e-05   5.4724032e-04   8.6206952e-03   1.9577816e-04   0.0000000e+00   0.0000000e+00   6.5494340e-04   8.1912439e-04   0.0000000e+00   6.4262794e-01  -4.1822400e-01
   6.3988372e-01   1.7108697e-03   3.5276866e-07   4.0686527e-03   2.4419993e-04   1.1499639e-03   0.0000000e+00   1.3636986e-03   2.8642062e-05   1.2515854e-07   5.1245580e-04   2.8160760e-03   7.6029250e-03   5.9258549e-03   1.1405961e-04   0.0000000e+00   1.8558762e-03   2.8598760e-03   4.2059994e-05   6.9785462e-05   1.2496257e-03   0.0000000e+00   4.4707916e-03   1.3713448e-03   5.1473854e-08   3.4397878e-06   1.6609327e-06   9.6116913e-04   4.5438526e-04   1.6396912e-05   6.3988372e-01  -4.0050921e-01
   6.3834214e-01   1.7397923e-03   0.0000000e+00   4.0193351e-03   2.0881416e-04   9.0334932e-04   1.4605703e-04   1.3839585e-03   2.8592823e-05   0.0000000e+00   5.1122216e-04   2.7662152e-03   7.4223444e-03   5.9494922e-03   1.1342047e-04   0.0000000e+00   1.8625347e-03   2.9087861e-03   4.0306332e-05   1.0344723e-04   1.2747981e-03   0.0000000e+00   4.5505753e-03   1.3613119e-03   0.0000000e+00   3.3671028e-06   1.6380244e-06   9.8526383e-04   4.5368845e-04   1.6718334e-05   6.3834214e-01  -3.8773307e-01
   6.3698610e-01   1.5714060e-03   1.6112757e-06   3.4087023e-03   1.5491171e-04   0.0000000e+00   6.6314912e-04   1.0836319e-03   0.0000000e+00   1.3004054e-04   5.2026059e-04   2.6126787e-03   8.1062339e-03   5.6560556e-03   1.0810250e-04   0.0000000e+00   1.9288802e-03   2.6851022e-04   2.0308509e-05   2.1940653e-04   1.1294846e-03   0.0000000e+00   6.1695235e-03   1.1154709e-03   0.0000000e+00   1.2850497e-04   1.0922657e-06   0.0000000e+00   4.7636294e-04   0.0000000e+00   6.3698610e-01  -3.7597256e-01
   6.3594378e-01   1.9272897e-03   8.9813415e-07   3.4484802e-03   1.5824337e-04   4.5066877e-04   4.8842213e-04   1.1643953e-03   6.3739968e-06   1.0392295e-05   5.1329252e-04   2.5961972e-03   6.3469381e-03   6.5825835e-03   1.0522305e-04   5.6016029e-06   1.8237966e-03   2.0844358e-04   2.9130309e-05   1.3585780e-04   1.3380538e-03   2.2545741e-06   4.2542531e-03   6.6678119e-04   3.6111028e-07   3.1580674e-06   1.7936865e-06   0.0000000e+00   4.5074602e-04   0.0000000e+00   6.3594378e-01  -3.6628514e-01
   6.3358727e-01   1.9317847e-03   1.1403979e-05   2.7776540e-03   1.3839600e-04   1.0996518e-03   3.7958186e-04   1.2002934e-03   1.3993184e-06   1.3205828e-05   4.5933490e-04   2.6685747e-03   2.9688287e-03   5.8484727e-03   1.0642609e-04   4.3991696e-04   1.7845853e-03   7.3024848e-04   4.2390106e-07   1.3517527e-04   1.8804017e-03   0.0000000e+00   4.3283622e-03   1.5317174e-03   6.6534178e-07   3.7954766e-06   8.8469152e-07   9.2673679e-04   4.5526672e-04   4.5694016e-04   6.3358727e-01  -3.4115361e-01
   6.3319204e-01   1.8659087e-03   7.5005433e-06   3.5215110e-03   1.8250389e-04   1.0400132e-03   5.7383308e-04   1.2162567e-03   3.8305322e-07   1.2133921e-05   4.4879561e-04   2.6424641e-03   5.6899661e-03   5.8093765e-03   1.0631500e-04   2.4662738e-04   1.7683300e-03   4.8333050e-04   2.3684314e-06   1.3279316e-04   1.4896954e-03   0.0000000e+00   4.2742057e-03   1.6178574e-03   2.8721165e-07   3.6500444e-06   1.0885282e-06   9.1268028e-04   4.5551954e-04   4.9480035e-04   6.3319204e-01  -3.3613118e-01
   6.3111876e-01   0.0000000e+00   0.0000000e+00   1.9588785e-03   2.1915531e-04   2.4777839e-03   0.0000000e+00   9.8260352e-04   3.8860924e-05   3.4251987e-07   6.1353716e-04   2.5341699e-03   4.1150658e-03   5.3550972e-03   9.3520858e-05   1.5104579e-04   1.7636983e-03   3.7410009e-03   1.8538166e-04   2.3628955e-04   8.0234852e-04   5.3569517e-05   2.2874126e-03   7.3520818e-05   9.2237302e-06   9.1000719e-05   1.9426122e-06   0.0000000e+00   4.8282223e-04   6.4926201e-03   6.3111876e-01  -3.1122149e-01
   6.2983379e-01   6.2557179e-04   1.0473086e-04   3.0108118e-03   1.9388657e-04   3.1853294e-03   1.3177479e-04   2.3102419e-04   5.4210692e-05   1.2646402e-05   5.3200819e-04   2.1788365e-03   4.0095119e-03   7.7082761e-03   1.2475649e-04   2.4514277e-03   1.7439080e-03   3.4315204e-03   1.6709519e-04   0.0000000e+00   8.7580858e-04   1.0799632e-04   4.9567273e-03   0.0000000e+00   0.0000000e+00   1.0259213e-04   4.7532792e-04   1.0511425e-03   3.7313806e-04   2.8299806e-03   6.2983379e-01  -2.9359794e-01
   6.2876414e-01   2.1692264e-03   3.1302110e-05   1.5205112e-03   2.1163386e-04   5.8334487e-03   0.0000000e+00   1.2730404e-03   2.7448419e-04   0.0000000e+00   6.5219323e-04   2.3264999e-03   3.2106643e-03   4.9405837e-03   8.8749099e-05   3.7062592e-03   1.9958738e-03   3.4325788e-03   3.7517737e-04   1.1431439e-04   6.6464490e-04   1.0200200e-04   4.2740065e-03   1.0208232e-04   1.1837872e-06   0.0000000e+00   6.7783555e-04   8.1403007e-03   3.9440593e-04   8.4449228e-04   6.2876414e-01  -2.7800715e-01
   6.2752985e-01   0.0000000e+00   6.6994517e-05   3.1755653e-03   1.9043980e-04   5.4560378e-03   0.0000000e+00   8.0458772e-04   3.5045103e-04   0.0000000e+00   5.3643986e-04   2.2004424e-03   3.0622521e-03   7.9441257e-03   1.1489885e-04   2.5338829e-03   1.6678813e-03   3.2187378e-03   1.7051656e-04   3.1876062e-04   7.4355372e-04   5.5884621e-05   5.2535714e-03   8.5727566e-05   0.0000000e+00   4.0435689e-04   1.0127989e-03   0.0000000e+00   5.7700101e-04   2.7703886e-03   6.2752985e-01  -2.6170418e-01
   6.2602865e-01   5.3361346e-04   6.9522482e-05   2.9151046e-03   1.9228013e-04   3.0021535e-03   0.0000000e+00   7.4885152e-04   1.8227575e-05   1.0798579e-05   5.3070723e-04   2.1704081e-03   3.9752757e-03   7.2122630e-03   9.5865338e-05   2.9011288e-03   1.7859181e-03   3.2860433e-03   3.5981490e-05   2.3657091e-04   8.8042157e-04   8.2300920e-05   5.2125676e-03   0.0000000e+00   3.4973199e-08   9.5651611e-05   7.2294673e-04   1.2029902e-03   4.1347584e-04   2.4345169e-03   6.2602865e-01  -2.4029840e-01
   6.2513874e-01   2.2891697e-03   3.2344673e-05   1.8644684e-03   2.1275679e-04   6.3974699e-03   3.2820475e-04   1.2444514e-03   2.7585695e-04   3.1004353e-05   5.7593514e-04   2.2740566e-03   4.5751620e-03   6.7553115e-03   8.4676838e-05   3.5394966e-03   1.9422201e-03   3.9716973e-03   3.5338519e-04   1.2227618e-04   6.6747189e-04   7.8642722e-05   5.2787988e-03   2.0433569e-05   1.1705319e-06   0.0000000e+00   1.8566533e-04   8.4828947e-03   3.8598671e-04   1.1141935e-03   6.2513874e-01  -2.2463110e-01
   6.2430783e-01   1.0663676e-02   0.0000000e+00   6.1294924e-03   5.3743554e-05   2.3592972e-02   4.4046104e-04   1.7278265e-03   3.3228104e-03   1.2915210e-03   6.7661785e-04   2.4940795e-03   0.0000000e+00   1.9097535e-03   3.3485590e-05   1.3336863e-03   4.2265012e-03   4.9509606e-03   4.0585055e-05   2.2875078e-06   3.2404164e-04   5.0856516e-04   0.0000000e+00   1.4083039e-03   6.1464054e-06   1.0420588e-03   0.0000000e+00   4.2038706e-02   9.6097948e-04   6.4904225e-03   6.2430783e-01  -2.0004007e-01
   6.2276384e-01   9.0326807e-03   0.0000000e+00   6.0185993e-03   6.6173113e-05   2.2270081e-02   1.6994573e-04   1.6318554e-03   3.6617633e-03   1.1855861e-03   7.1925249e-04   2.5182899e-03   5.0250464e-05   9.0282929e-04   1.8527463e-05   2.1603534e-03   3.3550438e-03   4.9290272e-03   8.6189100e-05   4.2131313e-05   3.1159989e-04   4.3197377e-04   6.3335272e-04   1.0551062e-03   5.6004223e-06   9.5756176e-04   3.6036177e-05   3.7667085e-02   1.1312562e-03   6.4489199e-03   6.2276384e-01  -1.7721233e-01
   6.2174875e-01   1.9356486e-02   0.0000000e+00   5.2352458e-03   1.2021547e-05   1.4477617e-02   1.4429296e-04   1.6237155e-03   4.0779242e-03   1.8394375e-03   6.7141647e-04   2.4739456e-03   0.0000000e+00   8.5228699e-04   4.3515935e-05   2.5076836e-03   3.4843985e-03   4.9823499e-03   7.9071826e-05   6.8390173e-06   4.0117367e-04   6.3724132e-04   3.1850107e-03   1.3004714e-03   1.1087709e-05   1.3440984e-03   1.4052602e-04   4.1696429e-02   1.4035725e-03   7.8733069e-03   6.2174875e-01  -1.5836783e-01
   6.2015539e-01   9.8669336e-03   0.0000000e+00   5.0649935e-03   1.5162817e-05   2.1859335e-02   3.9043841e-05   1.5709677e-03   1.8989274e-03   7.5402979e-04   6.6749411e-04   2.3822224e-03   1.0928363e-03   3.6520157e-03   9.8377026e-06   5.0603202e-03   3.2777539e-03   5.6370336e-03   9.0733315e-05   9.1538242e-06   1.5707743e-04   4.8176898e-04   3.9465347e-04   7.7737758e-04   0.0000000e+00   4.6611393e-04   8.3248863e-05   3.1939810e-02   1.1588110e-03   7.3495784e-03   6.2015539e-01  -1.3446028e-01
   4.5399804e-01   3.5348291e-03   2.3437785e-05   5.8603347e-05   8.8636681e-05   1.0485176e-03   4.3938191e-03   3.2398021e-04   2.7891072e-04   2.6400634e-04   1.6137558e-04   1.3111289e-03   1.7259505e-06   0.0000000e+00   9.9007437e-05   0.0000000e+00   2.2719118e-03   2.9014395e-06   7.2285362e-04   2.3352340e-04   7.2260539e-04   5.9901579e-04   1.1343225e-04   2.2596853e-04   0.0000000e+00   0.0000000e+00   4.4244499e-03   0.0000000e+00   1.3518582e-05   2.5706449e-03   4.5399804e-01  -1.1937716e-01
   4.5399804e-01   3.5348291e-03   2.3437785e-05   5.8603347e-05   8.8636681e-05   1.0485176e-03   4.3938191e-03   3.2398021e-04   2.7891072e-04   2.6400634e-04   1.6137558e-04   1.3111289e-03   1.7259505e-06   0.0000000e+00   9.9007437e-05   0.0000000e+00   2.2719118e-03   2.9014395e-06   7.2285362e-04   2.3352340e-04   7.2260539e-04   5.9901579e-04   1.1343225e-04   2.2596853e-04   0.0000000e+00   0.0000000e+00   4.4244499e-03   0.0000000e+00   1.3518582e-05   2.5706449e-03   4.5399804e-01  -1.1937716e-01
   4.5399804e-01   3.5348291e-03   2.3437785e-05   5.8603347e-05   8.8636681e-05   1.0485176e-03   4.3938191e-03   3.2398021e-04   2.7891072e-04   2.6400634e-04   1.6137558e-04   1.3111289e-03   1.7259505e-06   0.0000000e+00   9.9007437e-05   0.0000000e+00   2.2719118e-03   2.9014395e-06   7.2285362e-04   2.3352340e-04   7.2260539e-04   5.9901579e-04   1.1343225e-04   2.2596853e-04   0.0000000e+00   0.0000000e+00   4.4244499e-03   0.0000000e+00   1.3518582e-05   2.5706449e-03   4.5399804e-01  -1.1937716e-01
   4.5399804e-01   3.5348291e-03   2.3437785e-05   5.8603347e-05   8.8636681e-05   1.0485176e-03   4.3938191e-03   3.2398021e-04   2.7891072e-04   2.6400634e-04   1.6137558e-04   1.3111289e-03   1.7259505e-06   0.0000000e+00   9.9007437e-05   0.0000000e+00   2.2719118e-03   2.9014395e-06   7.2285362e-04   2.3352340e-04   7.2260539e-04   5.9901579e-04   1.1343225e-04   2.2596853e-04   0.0000000e+00   0.0000000e+00   4.4244499e-03   0.0000000e+00   1.3518582e-05   2.5706449e-03   4.5399804e-01  -1.1937716e-01
   4.5399804e-01   3.5348291e-03   2.3437785e-05   5.8603347e-05   8.8636681e-05   1.0485176e-03   4.3938191e-03   3.2398021e-04   2.7891072e-04   2.6400634e-04   1.6137558e-04   1.3111289e-03   1.7259505e-06   0.0000000e+00   9.9007437e-05   0.0000000e+00   2.2719118e-03   2.9014395e-06   7.2285362e-04   2.3352340e-04   7.2260539e-04   5.9901579e-04   1.1343225e-04   2.2596853e-04   0.0000000e+00   0.0000000e+00   4.4244499e-03   0.0000000e+00   1.3518582e-05   2.5706449e-03   4.5399804e-01  -1.1937716e-01
   4.5399804e-01   3.5348291e-03   2.3437785e-05   5.8603347e-05   8.8636681e-05   1.0485176e-03   4.3938191e-03   3.2398021e-04   2.7891072e-04   2.6400634e-04   1.6137558e-04   1.3111289e-03   1.7259505e-06   0.0000000e+00   9.9007437e-05   0.0000000e+00   2.2719118e-03   2.9014395e-06   7.2285362e-04   2.3352340e-04   7.2260539e-04   5.9901579e-04   1.1343225e-04   2.2596853e-04   0.0000000e+00   0.0000000e+00   4.4244499e-03   0.0000000e+00   1.3518582e-05   2.5706449e-03   4.5399804e-01  -1.1937716e-01
   4.5399804e-01   3.5348291e-03   2.3437785e-05   5.8603347e-05   8.8636681e-05   1.0485176e-03   4.3938191e-03   3.2398021e-04   2.7891072e-04   2.6400634e-04   1.6137558e-04   1.3111289e-03   1.7259505e-06   0.0000000e+00   9.9007437e-05   0.0000000e+00   2.2719118e-03   2.9014395e-06   7.2285362e-04   2.3352340e-04   7.2260539e-04   5.9901579e-04   1.1343225e-04   2.2596853e-04   0.0000000e+00   0.0000000e+00   4.4244499e-03   0.0000000e+00   1.3518582e-05   2.5706449e-03   4.5399804e-01  -1.1937716e-01
   4.5399804e-01   3.5348291e-03   2.3437785e-05   5.8603347e-05   8.8636681e-05   1.0485176e-03   4.3938191e-03   3.2398021e-04   2.7891072e-04   2.6400634e-04   1.6137558e-04   1.3111289e-03   1.7259505e-06   0.0000000e+00   9.9007437e-05   0.0000000e+00   2.2719118e-03   2.9014395e-06   7.2285362e-04   2.3352340e-04   7.2260539e-04   5.9901579e-04   1.1343225e-04   2.2596853e-04   0.0000000e+00   0.0000000e+00   4.4244499e-03   0.0000000e+00   1.3518582e-05   2.5706449e-03   4.5399804e-01  -1.1937716e-01
   4.4802585e-01   3.6515712e-03   2.7197283e-04   4.7002451e-04   1.1527715e-04   3.7497114e-03   9.8356340e-03   3.9615388e-04   4.8483695e-04   0.0000000e+00   1.5040651e-04   3.5202533e-04   3.8507859e-07   9.7005996e-04   9.2627046e-05   0.0000000e+00   2.6181851e-03   0.0000000e+00   9.1952271e-04   2.4279578e-04   6.6278908e-04   5.4275039e-04   1.5981617e-04   4.3341566e-05   0.0000000e+00   3.7918023e-05   4.0075950e-03   0.0000000e+00   3.6904490e-04   1.8577283e-03   4.4802585e-01  -1.0989577e-01
   4.4357696e-01   5.3685635e-03   2.7582408e-03   1.1249798e-03   1.0384939e-04   0.0000000e+00   1.5775476e-02   0.0000000e+00   4.5290002e-05   3.7204702e-04   4.0831279e-05   2.9968302e-03   0.0000000e+00   6.8094614e-04   1.8738268e-04   4.7740403e-03   4.6501216e-03   1.9035391e-05   1.2814902e-04   2.8009938e-04   1.5670327e-03   3.9073086e-04   0.0000000e+00   0.0000000e+00   2.5200197e-04   1.1906527e-04   5.3912896e-03   0.0000000e+00   1.7029375e-03   3.3844172e-03   4.4357696e-01  -8.9783668e-02
   4.3970972e-01   6.3687695e-03   4.7763714e-04   0.0000000e+00   6.4931516e-05   4.8730961e-03   7.7382561e-03   1.5924901e-04   6.6610262e-06   5.1719298e-05   2.7641577e-04   5.7189152e-04   0.0000000e+00   1.6353036e-03   0.0000000e+00   4.0406341e-04   2.8757362e-03   0.0000000e+00   8.6266374e-04   2.4952897e-04   1.0093270e-03   5.6134413e-04   1.1058058e-04   3.7328851e-04   0.0000000e+00   0.0000000e+00   4.3916683e-03   8.5310509e-03   6.0394790e-04   4.2517394e-03   4.3970972e-01  -7.0385551e-02
   4.3670170e-01   6.4173058e-03   2.9807610e-03   1.1652134e-03   1.1810142e-04   2.3224920e-04   2.4616415e-02   0.0000000e+00   4.6725201e-05   3.6937682e-04   3.9486710e-05   2.2601127e-03   1.0608298e-07   6.8508135e-04   2.0181648e-04   4.7296653e-03   3.9869788e-03   2.2231013e-05   0.0000000e+00   2.7209415e-04   1.3037233e-03   3.6107633e-04   0.0000000e+00   8.9071767e-06   2.9825770e-04   7.4409586e-05   5.5204368e-03   0.0000000e+00   1.9940963e-03   3.5465445e-03   4.3670170e-01  -4.7218539e-02
   4.3337564e-01   4.2335530e-03   3.3239314e-03   1.1552126e-03   1.1355116e-04   0.0000000e+00   1.3807820e-02   0.0000000e+00   8.7465699e-05   2.9597151e-04   2.6081133e-05   2.9208053e-03   3.4380323e-06   0.0000000e+00   1.3998138e-04   1.0328918e-02   5.9286938e-03   2.7709592e-05   3.3166476e-04   2.8442187e-04   1.3459437e-03   3.8992158e-04   5.6771960e-05   1.0334896e-04   2.8100200e-04   3.3770805e-03   3.8574761e-03   0.0000000e+00   0.0000000e+00   4.3384114e-03   4.3337564e-01  -2.2072565e-02
   4.3034729e-01   5.3852357e-03   3.0875644e-03   1.3860697e-03   1.0488013e-04   0.0000000e+00   1.7030729e-02   0.0000000e+00   0.0000000e+00   3.8137166e-04   5.1807753e-05   4.2696416e-03   3.8202977e-06   1.6247474e-03   1.4859685e-04   8.2796607e-03   4.5599031e-03   0.0000000e+00   2.6478981e-04   2.8333403e-04   1.2762351e-03   1.2693590e-04   2.3503294e-05   4.0306587e-05   1.6646097e-04   1.8584789e-03   5.4557139e-03   0.0000000e+00   1.1303065e-03   4.1907786e-03   4.3034729e-01   5.8721755e-03
   4.2788999e-01   5.9255965e-04   8.2965298e-04   4.7829374e-04   1.8726827e-04   0.0000000e+00   0.0000000e+00   6.5969533e-04   5.7968626e-04   8.6816578e-06   5.4075912e-06   6.9895156e-03   8.3284866e-06   9.8436695e-03   4.9419920e-05   9.5372397e-04   5.5496694e-03   5.8521782e-04   4.7967303e-04   2.6083990e-04   1.6485396e-03   9.6302912e-04   1.3899585e-03   5.2099721e-04   2.5499743e-04   6.5203907e-03   7.0396963e-03   2.5511570e-03   5.4374888e-03   5.3476888e-03   4.2788999e-01   2.9619679e-02
   4.2528351e-01   1.7467373e-03   1.0892911e-03   3.5399718e-04   1.4648399e-04   0.0000000e+00   1.7305183e-02   4.7077584e-04   3.0901980e-04   3.5485761e-05   9.4154109e-09   9.6838718e-03   0.0000000e+00   8.0528352e-03   9.0457363e-05   6.0732653e-03   6.6574150e-03   3.4482397e-04   5.1884335e-04   2.2865798e-04   1.4047241e-03   8.6037743e-04   1.3295711e-03   5.7643314e-04   6.4703939e-04   4.8151027e-03   7.7412742e-03   7.3852822e-04   4.4118720e-03   6.8613033e-03   4.2528351e-01   6.1781338e-02
   4.2286621e-01   0.0000000e+00   3.9057951e-04   5.4090616e-05   1.1248691e-04   3.1559853e-05   1.9662745e-02   4.8728487e-04   1.4286567e-03   8.0047179e-04   0.0000000e+00   7.4198640e-03   3.8188545e-04   1.2989044e-02   5.9342522e-05   5.8821518e-03   6.3900234e-03   2.2497451e-04   2.3716990e-05   1.7625190e-04   1.3974299e-03   2.8527696e-04   9.1140630e-04   6.8757483e-04   1.6858467e-03   5.4057000e-03   8.1804553e-03   6.8768500e-04   4.7955576e-03   6.8950488e-03   4.2286621e-01   8.9781505e-02
   4.1993437e-01   0.0000000e+00   0.0000000e+00   0.0000000e+00   1.1157046e-04   3.0290813e-05   1.9952544e-02   5.5022186e-04   1.0873809e-03   1.0032949e-03   0.0000000e+00   7.1033174e-03   2.4403492e-04   7.7688719e-03   5.7851466e-05   5.8692794e-03   6.5885096e-03   2.8167525e-04   8.2292788e-05   2.1084181e-04   1.3937259e-03   6.5954664e-04   9.4004373e-04   4.4437250e-04   0.0000000e+00   7.7189635e-03   8.0092352e-03   6.2718090e-04   5.0934510e-03   7.3917835e-03   4.1993437e-01   1.2335847e-01
   4.1721866e-01   6.1002184e-04   0.0000000e+00   0.0000000e+00   1.1260358e-04   3.3063518e-05   2.0129161e-02   5.1995744e-04   1.0714879e-03   1.2739834e-03   0.0000000e+00   7.7890951e-03   4.8805817e-04   8.2266204e-03   3.8795299e-05   4.4211057e-03   6.8194678e-03   2.1263696e-04   6.1516090e-07   1.6171469e-04   1.4054434e-03   6.4273732e-04   7.5297304e-04   5.2058721e-04   6.9797562e-06   7.0609885e-03   7.4317159e-03   6.3936610e-04   6.9936529e-03   6.1859703e-03   4.1721866e-01   1.5684033e-01
   4.1421707e-01   6.5407179e-03   6.7411907e-03   1.3234051e-03   9.8424709e-05   8.5052437e-06   1.6239210e-02   0.0000000e+00   1.3045343e-04   0.0000000e+00   9.2051425e-05   2.9254327e-03   0.0000000e+00   4.3758428e-03   1.2065287e-04   7.9785200e-03   9.0167108e-04   5.2257318e-05   1.2892664e-03   3.1719789e-04   1.7299718e-03   2.9952907e-05   1.3528095e-04   2.4788110e-04   1.6073308e-03   2.6457129e-03   5.0059832e-03   9.3372737e-05   1.9554143e-03   6.1152203e-03   4.1421707e-01   1.9198235e-01
   4.1120662e-01   3.6925599e-03   7.2382732e-03   1.8630070e-03   9.7477369e-05   1.0753213e-05   1.7300301e-02   0.0000000e+00   1.1005590e-04   0.0000000e+00   9.8676150e-05   4.1182695e-03   0.0000000e+00   3.9240957e-03   1.3190232e-04   7.9260841e-03   2.3613291e-03   1.4151361e-05   1.2204599e-03   3.2359287e-04   1.6882013e-03   0.0000000e+00   0.0000000e+00   2.1199149e-04   2.7116152e-03   1.7817750e-03   3.3607101e-03   0.0000000e+00   1.7262470e-03   6.1362959e-03   4.1120662e-01   2.3132889e-01
   2.5786401e-01   3.1863571e-04   1.1526613e-03   8.0572940e-04   9.9421335e-05   1.0180674e-05   2.7218111e-03   2.9764939e-05   6.0986717e-03   0.0000000e+00   1.4063581e-04   3.5069217e-06   1.3017595e-03   0.0000000e+00   3.5290625e-05   5.8240769e-03   0.0000000e+00   7.3235216e-05   3.7949070e-03   4.1208598e-05   5.7450453e-03   4.6834055e-03   5.0376336e-04   1.7098292e-03   1.6362799e-02   9.9302596e-05   1.4569267e-03   2.2560142e-05   1.5059014e-04   1.2148942e-02   2.5786401e-01   2.5731638e-01
   2.5786401e-01   3.1863571e-04   1.1526613e-03   8.0572940e-04   9.9421335e-05   1.0180674e-05   2.7218111e-03   2.9764939e-05   6.0986717e-03   0.0000000e+00   1.4063581e-04   3.5069217e-06   1.3017595e-03   0.0000000e+00   3.5290625e-05   5.8240769e-03   0.0000000e+00   7.3235216e-05   3.7949070e-03   4.1208598e-05   5.7450453e-03   4.6834055e-03   5.0376336e-04   1.7098292e-03   1.6362799e-02   9.9302596e-05   1.4569267e-03   2.2560142e-05   1.5059014e-04   1.2148942e-02   2.5786401e-01   2.5731638e-01
   2.5786401e-01   3.1863571e-04   1.1526613e-03   8.0572940e-04   9.9421335e-05   1.0180674e-05   2.7218111e-03   2.9764939e-05   6.0986717e-03   0.0000000e+00   1.4063581e-04   3.5069217e-06   1.3017595e-03   0.0000000e+00   3.5290625e-05   5.8240769e-03   0.0000000e+00   7.3235216e-05   3.7949070e-03   4.1208598e-05   5.7450453e-03   4.6834055e-03   5.0376336e-04   1.7098292e-03   1.6362799e-02   9.9302596e-05   1.4569267e-03   2.2560142e-05   1.5059014e-04   1.2148942e-02   2.5786401e-01   2.5731638e-01
   2.5786401e-01   3.1863571e-04   1.1526613e-03   8.0572940e-04   9.9421335e-05   1.0180674e-05   2.7218111e-03   2.9764939e-05   6.0986717e-03   0.0000000e+00   1.4063581e-04   3.5069217e-06   1.3017595e-03   0.0000000e+00   3.5290625e-05   5.8240769e-03   0.0000000e+00   7.3235216e-05   3.7949070e-03   4.1208598e-05   5.7450453e-03   4.6834055e-03   5.0376336e-04   1.7098292e-03   1.6362799e-02   9.9302596e-05   1.4569267e-03   2.2560142e-05   1.5059014e-04   1.2148942e-02   2.5786401e-01   2.5731638e-01
   2.5786401e-01   3.1863571e-04   1.1526613e-03   8.0572940e-04   9.9421335e-05   1.0180674e-05   2.7218111e-03   2.9764939e-05   6.0986717e-03   0.0000000e+00   1.4063581e-04   3.5069217e-06   1.3017595e-03   0.0000000e+00   3.5290625e-05   5.8240769e-03   0.0000000e+00   7.3235216e-05   3.7949070e-03   4.1208598e-05   5.7450453e-03   4.6834055e-03   5.0376336e-04   1.7098292e-03   1.6362799e-02   9.9302596e-05   1.4569267e-03   2.2560142e-05   1.5059014e-04   1.2148942e-02   2.5786401e-01   2.5731638e-01
   2.5786401e-01   3.1863571e-04   1.1526613e-03   8.0572940e-04   9.9421335e-05   1.0180674e-05   2.7218111e-03   2.9764939e-05   6.0986717e-03   0.0000000e+00   1.4063581e-04   3.5069217e-06   1.3017595e-03   0.0000000e+00   3.5290625e-05   5.8240769e-03   0.0000000e+00   7.3235216e-05   3.7949070e-03   4.1208598e-05   5.7450453e-03   4.6834055e-03   5.0376336e-04   1.7098292e-03   1.6362799e-02   9.9302596e-05   1.4569267e-03   2.2560142e-05   1.5059014e-04   1.2148942e-02   2.5786401e-01   2.5731638e-01
   2.5786401e-01   3.1863571e-04   1.1526613e-03   8.0572940e-04   9.9421335e-05   1.0180674e-05   2.7218111e-03   2.9764939e-05   6.0986717e-03   0.0000000e+00   1.4063581e-04   3.5069217e-06   1.3017595e-03   0.0000000e+00   3.5290625e-05   5.8240769e-03   0.0000000e+00   7.3235216e-05   3.7949070e-03   4.1208598e-05   5.7450453e-03   4.6834055e-03   5.0376336e-04   1.7098292e-03   1.6362799e-02   9.9302596e-05   1.4569267e-03   2.2560142e-05   1.5059014e-04   1.2148942e-02   2.5786401e-01   2.5731638e-01
   2.5786401e-01   3.1863571e-04   1.1526613e-03   8.0572940e-04   9.9421335e-05   1.0180674e-05   2.7218111e-03   2.9764939e-05   6.0986717e-03   0.0000000e+00   1.4063581e-04   3.5069217e-06   1.3017595e-03   0.0000000e+00   3.5290625e-05   5.8240769e-03   0.0000000e+00   7.3235216e-05   3.7949070e-03   4.1208598e-05   5.7450453e-03   4.6834055e-03   5.0376336e-04   1.7098292e-03   1.6362799e-02   9.9302596e-05   1.4569267e-03   2.2560142e-05   1.5059014e-04   1.2148942e-02   2.5786401e-01   2.5731638e-01
   2.5786401e-01   3.1863571e-04   1.1526613e-03   8.0572940e-04   9.9421335e-05   1.0180674e-05   2.7218111e-03   2.9764939e-05   6.0986717e-03   0.0000000e+00   1.4063581e-04   3.5069217e-06   1.3017595e-03   0.0000000e+00   3.5290625e-05   5.8240769e-03   0.0000000e+00   7.3235216e-05   3.7949070e-03   4.1208598e-05   5.7450453e-03   4.6834055e-03   5.0376336e-04   1.7098292e-03   1.6362799e-02   9.9302596e-05   1.4569267e-03   2.2560142e-05   1.5059014e-04   1.2148942e-02   2.5786401e-01   2.5731638e-01
   2.4961947e-01   1.7683788e-06   9.2419222e-04   9.5900760e-04   9.3412102e-07   1.5320852e-04   3.0372417e-03   0.0000000e+00   1.0337299e-02   1.9656606e-02   9.0496693e-04   1.0850604e-03   4.0060131e-03   6.8787474e-07   2.7373877e-04   5.4647694e-03   1.5340134e-05   2.1022167e-03   2.8920856e-03   0.0000000e+00   3.8466700e-03   3.9757789e-03   7.3708472e-06   2.7410318e-03   1.0487791e-02   0.0000000e+00   1.4929755e-03   8.3266161e-05   1.0594917e-04   1.3309030e-02   2.4961947e-01   2.7128139e-01
   2.4098853e-01   0.0000000e+00   1.3596193e-03   9.0575072e-04   2.4309998e-05   1.7524915e-04   2.2644388e-03   2.0242132e-05   9.2394355e-03   1.4720307e-02   4.1914229e-04   9.7518013e-04   3.3181585e-05   6.0370518e-08   2.2364897e-04   6.3693664e-03   6.1784418e-05   1.7711473e-03   2.9356270e-03   3.5105084e-05   3.6768993e-03   3.4610565e-03   4.6593042e-04   2.7586214e-03   1.5828450e-02   1.1093575e-03   9.0352711e-04   3.0115094e-04   6.4630173e-04   1.3681669e-02   2.4098853e-01   2.9749628e-01
   2.3379010e-01   2.0768888e-04   1.2515034e-03   1.0542792e-03   1.8547326e-04   3.1855403e-04   2.9641522e-03   2.3192185e-05   9.7110164e-03   1.8772706e-02   9.8424780e-04   1.0080400e-03   0.0000000e+00   0.0000000e+00   2.6080026e-04   6.3618086e-03   5.5567033e-05   9.6432128e-04   2.8425279e-03   0.0000000e+00   4.2951118e-03   3.8571018e-03   6.4017288e-04   2.9398990e-03   1.7726612e-02   8.2239205e-04   1.4846644e-03   5.4868026e-04   5.7786957e-04   1.2086375e-02   2.3379010e-01   3.3404145e-01
   2.1961555e-01   2.9570315e-05   1.2064606e-03   9.1414893e-04   0.0000000e+00   1.4656828e-06   2.1306942e-03   4.9644966e-06   8.3672357e-03   1.7771069e-02   4.0867045e-04   7.4365022e-04   0.0000000e+00   4.7406297e-08   0.0000000e+00   5.5815605e-03   0.0000000e+00   1.5640110e-03   2.8457544e-03   3.0010913e-05   2.7372530e-03   2.6474469e-03   6.6224299e-04   2.9857675e-03   2.3027344e-02   7.5750316e-04   1.0982201e-03   2.5728397e-05   6.4463197e-04   1.4516714e-02   2.1961555e-01   4.2603588e-01
   2.1328714e-01   3.9338138e-05   1.2134746e-03   9.0731375e-04   0.0000000e+00   0.0000000e+00   2.2545118e-03   0.0000000e+00   8.5263938e-03   1.8223039e-02   4.1924796e-04   8.3703411e-04   0.0000000e+00   5.2314366e-08   1.1725454e-06   5.4650749e-03   0.0000000e+00   1.3580589e-03   2.7164969e-03   2.7660975e-05   3.6073406e-03   3.0853734e-03   6.3241321e-04   2.5842416e-03   2.2642077e-02   9.2338067e-04   1.1109479e-03   2.5344324e-05   6.7806099e-04   1.4248685e-02   2.1328714e-01   4.7359265e-01
   2.0524450e-01   0.0000000e+00   1.1545486e-04   1.3778594e-03   1.9305953e-04   2.2022241e-03   7.6000432e-03   1.4087489e-04   7.9801737e-03   2.0549553e-02   2.2063702e-03   1.0460969e-03   8.5075664e-03   1.0037621e-04   9.7277729e-04   1.0997218e-02   2.9751880e-05   2.1909705e-03   3.0383658e-03   1.0890330e-04   4.5508434e-04   3.6926875e-03   0.0000000e+00   6.3403243e-04   0.0000000e+00   3.3935430e-03   8.1691437e-04   2.9629937e-03   6.9058205e-04   1.4640767e-02   2.0524450e-01   5.3654657e-01
   1.9764548e-01   0.0000000e+00   3.9362263e-04   1.3460307e-03   2.0557357e-04   2.4060654e-03   6.1896362e-03   1.4194903e-04   6.3692274e-03   2.0629166e-02   1.9579102e-03   1.0117247e-03   1.1300783e-02   9.1356427e-05   8.4058894e-04   8.8740288e-03   1.6256887e-05   2.1392770e-03   2.3785172e-03   1.1496259e-04   1.4227259e-05   3.6348218e-03   1.1998505e-04   0.0000000e+00   4.1694847e-03   4.3681121e-03   1.0111733e-03   2.8215612e-03   7.2347034e-04   1.4899651e-02   1.9764548e-01   5.9377790e-01
   1.8887909e-01   1.0519733e-04   1.4734925e-03   1.0481312e-03   0.0000000e+00   6.5982798e-04   2.5727951e-03   3.1008107e-04   9.8275948e-03   1.4780381e-02   8.7876611e-04   1.0079988e-03   0.0000000e+00   0.0000000e+00   5.2435392e-04   7.8109205e-03   6.7794054e-06   1.0536020e-03   5.0376059e-03   0.0000000e+00   3.4797854e-03   3.8264932e-03   6.1813781e-04   2.9197514e-03   1.8675144e-02   7.5654712e-04   7.5016565e-04   0.0000000e+00   5.5035059e-04   1.2447416e-02   1.8887909e-01   6.5222970e-01
   8.4619691e-02   9.2999161e-04   0.0000000e+00   8.8516103e-04   9.2501597e-03   6.5427816e-03   0.0000000e+00   1.0708215e-03   8.1020092e-04   0.0000000e+00   9.5665600e-03   1.8579407e-03   2.5536252e-03   0.0000000e+00   1.0317722e-03   1.0799918e-02   3.9705898e-04   5.1787527e-04   0.0000000e+00   4.2888802e-04   6.2341289e-03   1.7567116e-03   2.1544076e-04   4.5737544e-03   4.2801817e-03   2.7166598e-03   4.7381616e-03   7.2142749e-03   3.2576500e-04   1.8811181e-04   8.4619691e-02   6.9073332e-01
   8.4619691e-02   9.2999161e-04   0.0000000e+00   8.8516103e-04   9.2501597e-03   6.5427816e-03   0.0000000e+00   1.0708215e-03   8.1020092e-04   0.0000000e+00   9.5665600e-03   1.8579407e-03   2.5536252e-03   0.0000000e+00   1.0317722e-03   1.0799918e-02   3.9705898e-04   5.1787527e-04   0.0000000e+00   4.2888802e-04   6.2341289e-03   1.7567116e-03   2.1544076e-04   4.5737544e-03   4.2801817e-03   2.7166598e-03   4.7381616e-03   7.2142749e-03   3.2576500e-04   1.8811181e-04   8.4619691e-02   6.9073332e-01
   8.4619691e-02   9.2999161e-04   0.0000000e+00   8.8516103e-04   9.2501597e-03   6.5427816e-03   0.0000000e+00   1.0708215e-03   8.1020092e-04   0.0000000e+00   9.5665600e-03   1.8579407e-03   2.5536252e-03   0.0000000e+00   1.0317722e-03   1.0799918e-02   3.9705898e-04   5.1787527e-04   0.0000000e+00   4.2888802e-04   6.2341289e-03   1.7567116e-03   2.1544076e-04   4.5737544e-03   4.2801817e-03   2.7166598e-03   4.7381616e-03   7.2142749e-03   3.2576500e-04   1.8811181e-04   8.4619691e-02   6.9073332e-01
   8.4619691e-02   9.2999161e-04   0.0000000e+00   8.8516103e-04   9.2501597e-03   6.5427816e-03   0.0000000e+00   1.0708215e-03   8.1020092e-04   0.0000000e+00   9.5665600e-03   1.8579407e-03   2.5536252e-03   0.0000000e+00   1.0317722e-03   1.0799918e-02   3.9705898e-04   5.1787527e-04   0.0000000e+00   4.2888802e-04   6.2341289e-03   1.7567116e-03   2.1544076e-04   4.5737544e-03   4.2801817e-03   2.7166598e-03   4.7381616e-03   7.2142749e-03   3.2576500e-04   1.8811181e-04   8.4619691e-02   6.9073332e-01
   8.4619691e-02   9.2999161e-04   0.0000000e+00   8.8516103e-04   9.2501597e-03   6.5427816e-03   0.0000000e+00   1.0708215e-03   8.1020092e-04   0.0000000e+00   9.5665600e-03   1.8579407e-03   2.5536252e-03   0.0000000e+00   1.0317722e-03   1.0799918e-02   3.9705898e-04   5.1787527e-04   0.0000000e+00   4.2888802e-04   6.2341289e-03   1.7567116e-03   2.1544076e-04   4.5737544e-03   4.2801817e-03   2.7166598e-03   4.7381616e-03   7.2142749e-03   3.2576500e-04   1.8811181e-04   8.4619691e-02   6.9073332e-01
   8.4619691e-02   9.2999161e-04   0.0000000e+00   8.8516103e-04   9.2501597e-03   6.5427816e-03   0.0000000e+00   1.0708215e-03   8.1020092e-04   0.0000000e+00   9.5665600e-03   1.8579407e-03   2.5536252e-03   0.0000000e+00   1.0317722e-03   1.0799918e-02   3.9705898e-04   5.1787527e-04   0.0000000e+00   4.2888802e-04   6.2341289e-03   1.7567116e-03   2.1544076e-04   4.5737544e-03   4.2801817e-03   2.7166598e-03   4.7381616e-03   7.2142749e-03   3.2576500e-04   1.8811181e-04   8.4619691e-02   6.9073332e-01
   7.3214916e-02   1.1792009e-03   0.0000000e+00   8.8256340e-04   7.9979086e-03   6.7264769e-03   0.0000000e+00   1.0340303e-03   7.5870967e-04   0.0000000e+00   9.4787659e-03   1.7974561e-03   2.9780521e-03   1.3983104e-04   1.7096863e-03   1.0709059e-02   3.8133042e-04   5.4105237e-04   0.0000000e+00   3.9460134e-04   6.1477418e-03   1.3265410e-03   2.5942233e-04   4.4441649e-03   3.1709080e-03   2.6871764e-03   4.5776554e-03   7.3303913e-03   4.8570140e-04   0.0000000e+00   7.3214916e-02   6.9554615e-01
   5.8614039e-02   8.0502216e-04   8.8428080e-06   8.4877953e-04   8.6805519e-03   6.8862469e-03   0.0000000e+00   1.3657061e-03   5.5601609e-04   2.4425275e-03   8.7438795e-03   1.8195662e-03   2.8977315e-03   1.3379065e-04   1.6934927e-03   1.0204723e-02   3.6424148e-04   4.1273000e-04   3.6006870e-04   4.2180600e-04   5.8427255e-03   2.2975902e-03   2.4085763e-04   4.6309612e-03   4.3408244e-03   2.2895362e-03   4.1995634e-03   6.9269122e-03   4.8675258e-04   0.0000000e+00   5.8614039e-02   7.2322947e-01
   4.5915699e-02   1.7793988e-04   0.0000000e+00   7.5826500e-04   1.2287528e-02   9.6068747e-03   3.4576831e-03   8.4780697e-04   2.2448738e-03   8.1339597e-04   9.5566952e-03   3.5273596e-03   5.7500325e-03   8.7356927e-04   2.6399562e-03   1.0897589e-02   4.3830337e-04   4.6916602e-04   0.0000000e+00   1.3709719e-03   6.7969689e-03   2.8188592e-03   1.5680616e-04   4.1895583e-03   9.2802681e-03   2.2052363e-03   5.5042393e-03   4.7916176e-03   9.5331863e-05   4.6679668e-03   4.5915699e-02   7.6964524e-01
   3.1140643e-02   3.0292594e-04   1.6956735e-05   7.8275381e-04   1.0578879e-02   1.0697388e-02   1.0694814e-02   8.7267306e-04   3.5422609e-03   0.0000000e+00   8.8185163e-03   2.9886327e-03   1.0674440e-03   1.1373982e-03   2.7813497e-03   9.8100932e-03   5.1559167e-04   1.7247294e-03   0.0000000e+00   1.2321515e-03   7.0134345e-03   3.3179174e-03   1.5586882e-04   4.3745876e-03   8.2877697e-03   2.4782285e-03   5.4997282e-03   3.9813039e-03   0.0000000e+00   6.1350039e-03   3.1140643e-02   8.2851336e-01
   1.5214230e-02   1.1041052e-04   1.1007230e-05   7.7848905e-04   1.0543360e-02   1.0703105e-02   9.1931539e-03   8.1805562e-04   2.9750857e-03   0.0000000e+00   8.6077648e-03   3.6665594e-03   6.4686704e-04   1.5775143e-03   2.4619305e-03   1.0128880e-02   5.6851367e-04   1.7096438e-03   0.0000000e+00   1.4624463e-03   6.8694185e-03   3.4994816e-03   1.5161029e-04   4.3599829e-03   8.9578901e-03   2.4957062e-03   5.6136436e-03   3.9907212e-03   0.0000000e+00   4.3349434e-03   1.5214230e-02   9.0060882e-01
   0.0000000e+00   9.1434159e-04   0.0000000e+00   8.8223800e-04   1.1666475e-02   6.2108621e-03   0.0000000e+00   2.0965871e-03   6.9330097e-04   8.4230151e-04   8.8854977e-03   1.7027036e-03   2.7308293e-03   9.2437704e-08   7.6622896e-04   1.2487987e-02   2.8290577e-04   2.0551423e-04   3.5100011e-04   3.4057520e-04   6.5080268e-03   1.7198657e-03   1.6262243e-04   4.3489861e-03   6.8188684e-03   2.3898155e-03   6.3218062e-03   6.0210480e-03   5.6926211e-04   8.2862896e-04   0.0000000e+00   1.0269219e+00
