   0.0000000e+00   1.0842271e-04   1.1811749e-05   4.1270492e-05   3.3297604e-05   7.6673752e-05   2.9385115e-05   0.0000000e+00   3.0449147e-05   7.4487223e-06   0.0000000e+00   3.4729529e-05   0.0000000e+00   0.0000000e+00   3.9762782e-05   2.5571181e-05   6.6873759e-05   1.7918796e-04   1.8107152e-05   6.4404723e-05   2.5158948e-05   0.0000000e+00   3.0236288e-07   6.3533582e-05   0.0000000e+00   2.5259100e-04   0.0000000e+00   1.1383074e-04   2.8639391e-05   0.0000000e+00   0.0000000e+00   1.0003884e+00   1.0000000e+00             Inf
   1.0000000e+00   1.8815120e-04   7.2307056e-05   0.0000000e+00   1.8451048e-04   1.8202968e-05   2.9849095e-04   2.1128693e-05   5.4882152e-05   2.3051234e-05   0.0000000e+00   4.5894398e-06   0.0000000e+00   5.1639118e-04   1.0125101e-05   1.8191047e-04   1.4447386e-04   8.4846811e-05   7.0775636e-05   1.2877934e-05   3.8394689e-04   7.1557628e-06   8.8139110e-06   2.4098811e-05   1.6024840e-04   2.1247942e-05   1.7430534e-06   1.9141327e-04   1.0619996e-04   3.3941783e-04   1.0000000e+00   4.8596295e-04   1.0000000e+00             Inf
   8.5392454e-01   1.3234556e-04   0.0000000e+00   4.9713052e-04   2.6638378e-03   3.0242923e-05   5.5659323e-04   4.2549130e-05   3.6150075e-05   2.9355917e-04   1.0613320e-04   4.5741368e-05   3.3253049e-04   0.0000000e+00   6.0248962e-05   3.4694373e-06   3.3841858e-04   8.2968491e-05   1.0912240e-04   1.4498450e-04   5.0707074e-04   1.3322107e-03   0.0000000e+00   3.2531309e-04   0.0000000e+00   2.0492813e-04   6.8437714e-04   1.1894627e-04   1.5273561e-05   5.8256536e-04   8.5392454e-01   7.7464342e-02   1.0000000e+00   7.1317839e-02
   9.5402806e-01   9.5700611e-05   0.0000000e+00   8.2039859e-05   4.8526176e-05   1.2933156e-05   1.6266147e-03   5.0424281e-04   2.2426731e-05   2.6522685e-04   9.0650545e-04   5.6416380e-05   1.1676291e-04   4.2013823e-05   8.1321088e-05   1.3482959e-06   1.1142487e-04   1.2842540e-04   1.8930794e-04   9.9641536e-05   4.3937188e-04   3.3230369e-04   6.1772725e-05   9.8280390e-04   1.9007997e-03   2.3011783e-04   1.4775225e-03   3.7139533e-04   7.2834457e-06   6.0778613e-04   9.5402806e-01   2.4972927e-02   1.0000000e+00   6.9266562e-02
   8.9317220e-01   2.0406157e-04   8.8141825e-05   1.9715207e-04   4.3274571e-04   3.2210538e-05   1.7893081e-04   0.0000000e+00   1.0201670e-04   9.2672162e-05   2.3936039e-04   1.1469574e-05   1.0961715e-04   4.8348627e-04   2.9548412e-05   5.6682053e-04   8.1684220e-05   1.2465996e-04   0.0000000e+00   6.5928033e-06   2.9981193e-04   9.9163087e-04   0.0000000e+00   0.0000000e+00   2.5678841e-04   9.7661824e-05   0.0000000e+00   1.4288458e-05   5.8664660e-05   7.1873261e-04   8.9317220e-01   5.5809476e-02   1.0000000e+00   6.7176606e-02
   9.1602090e-01   2.4769083e-04   8.7062973e-05   1.7687078e-04   2.8233329e-04   2.1092756e-05   2.1988997e-04   0.0000000e+00   7.4436433e-05   6.1586739e-05   2.5273777e-04   3.9518766e-06   1.3597312e-04   4.7624558e-04   2.8116445e-05   3.8638410e-04   1.0636813e-04   4.0083779e-05   2.9988852e-05   5.9085120e-06   1.6196725e-04   1.0603597e-03   0.0000000e+00   2.1682531e-05   2.1579537e-04   1.5752310e-04   4.4829263e-05   0.0000000e+00   8.3215989e-05   6.9287210e-04   9.1602090e-01   4.3731776e-02   1.0000000e+00   5.7642338e-02
   9.9060770e-01   8.1776232e-05   0.0000000e+00   9.6277957e-05   3.7643841e-05   1.3171963e-05   1.6844670e-03   5.4670933e-04   0.0000000e+00   1.7731636e-04   6.8226839e-04   5.7024401e-05   1.1735682e-04   0.0000000e+00   8.8311559e-05   3.1458374e-05   1.0885563e-04   1.5191728e-04   1.9731814e-04   7.5439865e-05   4.4480866e-04   2.6069108e-04   6.0442548e-05   9.4198463e-04   1.7424287e-03   2.1166447e-04   1.6037386e-03   3.9091898e-04   5.8348674e-07   7.1818860e-04   9.9060770e-01   6.3490822e-03   1.0000000e+00   4.8006667e-02
   5.3696471e-01   1.0566042e-04   4.0241431e-05   9.8925714e-04   1.2123497e-03   3.1842962e-05   0.0000000e+00   7.3370501e-05   2.2528777e-08   1.0076369e-03   3.6549520e-04   2.2644906e-05   1.4225511e-04   1.4961592e-04   8.9445270e-05   2.8144124e-05   2.2265223e-05   0.0000000e+00   1.3929619e-04   6.5264533e-05   6.1578814e-04   1.6953812e-03   3.1034666e-05   4.8258448e-04   1.8445408e-04   2.8202683e-06   7.1213441e-04   0.0000000e+00   0.0000000e+00   8.6392045e-04   5.3696471e-01   2.6900605e-01   1.0000000e+00   4.5476253e-02
   8.1452587e-01   1.3740381e-04   1.3957530e-05   4.3999232e-04   1.4838599e-03   2.2225128e-05   1.0200473e-03   4.4054346e-05   4.7756893e-05   2.8710653e-04   1.1262327e-04   4.0563806e-05   4.0354740e-04   0.0000000e+00   6.0789482e-05   5.6391866e-08   3.0733810e-04   1.2774189e-04   5.2518169e-05   1.0992406e-04   5.0048192e-04   1.3370527e-03   0.0000000e+00   3.2515132e-04   0.0000000e+00   1.3703514e-04   7.4173537e-04   1.1908959e-04   1.7414635e-05   5.7268432e-04   8.1452587e-01   9.8931014e-02   1.0000000e+00   4.4106342e-02
   3.3199632e-01   1.0329027e-04   1.2883477e-05   3.5067839e-04   2.7540141e-05   5.3519848e-05   4.0950146e-04   0.0000000e+00   2.7823799e-05   8.7915582e-05   2.6568562e-04   4.1096566e-05   3.0186487e-05   2.0918144e-04   1.6778015e-05   3.5429559e-05   0.0000000e+00   1.9458332e-04   0.0000000e+00   4.7010723e-05   1.0170065e-04   0.0000000e+00   2.2307252e-07   1.8679143e-04   8.6373215e-05   3.9066513e-04   2.0948404e-04   1.7627935e-04   1.3851526e-04   1.2247709e-05   3.3199632e-01   4.2451925e-01   1.0000000e+00   4.1441927e-02
   6.0005095e-01   1.4367185e-04   0.0000000e+00   1.2492544e-03   3.4187137e-08   3.0687299e-05   2.2623599e-03   3.7779381e-04   3.0784999e-05   1.5248550e-04   2.4345743e-05   2.6550366e-05   0.0000000e+00   3.1647520e-04   1.5475587e-04   2.6954173e-05   1.0024901e-03   2.9160834e-04   2.0934378e-05   9.8721061e-05   1.9882266e-04   6.9396305e-04   1.8352663e-04   5.7534336e-04   2.3016864e-04   2.4293112e-04   0.0000000e+00   1.8710796e-04   8.9387566e-06   6.7804160e-04   6.0005095e-01   2.2712222e-01   1.0000000e+00   3.8498108e-02
   6.3828618e-01   3.4762963e-05   9.9388539e-05   5.3075106e-04   7.2825119e-05   4.7490084e-05   6.9301414e-04   7.4281751e-05   4.1201106e-05   2.1764097e-04   2.6226263e-04   4.3945968e-05   4.7611161e-04   7.3537873e-04   2.3539625e-06   3.0066195e-06   5.8431512e-05   2.4244986e-04   9.6587737e-05   8.4279090e-05   1.5523827e-04   2.4865954e-04   3.4445664e-05   7.8516443e-05   1.0505372e-04   3.8621456e-04   9.7942628e-04   4.1130376e-05   2.4198390e-05   1.7141262e-04   6.3828618e-01   2.0219799e-01   1.0000000e+00   3.7627959e-02
   7.1972158e-01   1.7450134e-04   1.1163184e-04   6.3095644e-04   8.9231512e-05   0.0000000e+00   1.1364968e-03   2.5872800e-04   1.4873063e-05   1.9583102e-04   4.4958360e-05   2.3557201e-04   0.0000000e+00   1.0070660e-03   1.1115104e-04   3.3568452e-06   3.2227263e-04   1.9730418e-04   3.5825999e-08   1.1701184e-04   1.4012584e-04   6.5070907e-04   4.7373875e-04   4.3257779e-04   6.4205942e-04   1.1516617e-04   1.7440104e-09   2.4454879e-04   9.7408685e-05   3.3663327e-04   7.1972158e-01   1.5302757e-01   1.0000000e+00   3.7296557e-02
   2.6045791e-02   6.7420857e-05   8.8127471e-05   2.6122484e-04   6.9346045e-05   2.5309485e-05   9.0840852e-04   1.0702533e-04   3.8847352e-05   2.6316118e-04   8.4454958e-05   3.8077585e-05   5.9209681e-04   5.3031164e-04   8.0956140e-06   1.4503183e-05   7.4580984e-06   3.3986876e-04   1.4971082e-04   7.9956899e-05   0.0000000e+00   2.6267429e-04   3.6245670e-06   2.2012577e-04   1.7303415e-04   3.4751545e-04   4.0882865e-04   0.0000000e+00   3.1453738e-05   3.1504001e-04   2.6045791e-02   8.4016379e-01   1.0000000e+00   3.6754110e-02
   4.1467621e-01   3.5029975e-05   1.0063328e-04   5.4010641e-04   6.9826373e-05   3.1441421e-05   7.1131190e-04   7.5609835e-05   4.0934631e-05   2.1555607e-04   2.0836837e-04   4.2144579e-05   5.3449536e-04   7.3593980e-04   3.1183594e-06   0.0000000e+00   2.8387197e-05   2.9749085e-04   9.9867445e-05   7.4876027e-05   1.7212445e-04   2.5751198e-04   3.4744642e-05   8.8238678e-05   3.8394078e-05   4.1565578e-04   9.0964715e-04   1.8170885e-05   1.7064225e-05   1.7410305e-04   4.1467621e-01   3.5730308e-01   1.0000000e+00   3.5483797e-02
   2.0467868e-02   8.5972851e-05   6.0443041e-05   3.1960866e-05   1.8059766e-06   8.1650673e-05   5.8587417e-05   4.8387351e-05   2.3382038e-05   2.5908417e-05   5.6557512e-04   4.7372061e-05   0.0000000e+00   4.3182797e-04   2.6820936e-07   3.1473662e-05   9.6184049e-06   2.4129822e-04   4.7561911e-05   7.5262695e-05   3.9389361e-05   0.0000000e+00   3.5374084e-06   0.0000000e+00   2.2182142e-05   0.0000000e+00   0.0000000e+00   1.2403761e-04   3.2992160e-05   4.2037066e-05   2.0467868e-02   8.5754853e-01   1.0000000e+00   3.5157543e-02
   3.4824727e-01   0.0000000e+00   0.0000000e+00   5.9885841e-04   1.9618721e-05   2.0884188e-05   1.3212667e-03   2.3284231e-04   3.8228387e-05   6.0908098e-04   2.3783053e-04   3.4721166e-05   5.7267514e-05   2.4918899e-04   2.6478181e-04   1.2157323e-05   5.6566351e-04   1.3722728e-04   3.7253014e-05   1.2620751e-04   2.7922081e-04   1.6339915e-03   1.0439701e-04   4.3325071e-04   1.2182776e-03   2.3167041e-04   4.1808397e-04   3.6136338e-04   5.7198195e-06   3.0730704e-04   3.4824727e-01   4.1196654e-01   1.0000000e+00   3.5139731e-02
   9.6817038e-01   4.0515696e-04   5.6702623e-05   1.0176446e-04   2.5321126e-04   2.1704386e-05   2.8773147e-04   2.0577401e-05   6.2706769e-05   6.6226728e-05   0.0000000e+00   0.0000000e+00   1.4185276e-06   6.1506430e-04   3.8981239e-05   2.9727570e-04   1.3126343e-04   1.1204023e-04   7.9264520e-05   2.8543951e-05   4.1518630e-04   6.8033526e-05   8.4072283e-06   4.2222653e-05   2.0345759e-04   3.1219946e-05   0.0000000e+00   1.8053952e-04   1.0959149e-04   2.7984137e-04   9.6817038e-01   1.6661430e-02   1.0000000e+00   3.4448782e-02
   8.3504685e-01   1.9139600e-04   0.0000000e+00   9.7900302e-04   2.2582399e-06   4.8310210e-05   1.7935956e-03   1.8507717e-04   4.6596699e-05   9.9824614e-05   4.8568025e-05   3.1090837e-05   0.0000000e+00   5.2259768e-04   1.2661074e-04   3.9591068e-05   2.4035801e-03   2.5544485e-04   3.8522537e-04   8.9277057e-05   2.4275523e-04   7.0678609e-04   1.6747164e-04   3.7282029e-04   3.6768275e-04   1.9433809e-04   0.0000000e+00   2.7943227e-04   9.0342511e-06   3.9866594e-04   8.3504685e-01   8.7875400e-02   1.0000000e+00   3.4204396e-02
   2.0181369e-01   0.0000000e+00   1.1788062e-04   6.5948533e-05   1.6065915e-04   7.3726276e-05   1.6506600e-04   0.0000000e+00   1.7508166e-05   9.5457965e-05   3.8626984e-04   6.1524218e-05   5.1109243e-05   6.2463057e-05   0.0000000e+00   6.3625019e-05   2.1894797e-04   2.0861170e-04   6.5136939e-05   4.8551871e-05   8.4410404e-05   0.0000000e+00   6.2367347e-05   0.0000000e+00   2.9192761e-05   2.3430442e-04   6.1706055e-04   7.9903057e-05   8.2899493e-06   1.6639640e-04   2.0181369e-01   5.5151992e-01   1.0000000e+00   3.3625074e-02
   3.7787341e-01   1.1280730e-04   1.9276564e-04   7.4351260e-04   3.4341444e-05   1.5014926e-04   0.0000000e+00   1.4662341e-05   1.0939096e-04   3.8168293e-04   3.3063519e-04   4.4969628e-06   2.1989483e-05   0.0000000e+00   2.4144789e-05   8.7794537e-06   4.8737166e-04   2.2163847e-05   4.9606995e-04   7.2204120e-05   5.6234213e-05   1.2410327e-03   0.0000000e+00   1.1347847e-04   0.0000000e+00   1.0207754e-04   1.8850738e-03   6.3266287e-04   1.4099727e-05   4.5740772e-04   3.7787341e-01   3.8694351e-01   1.0000000e+00   3.2317958e-02
   5.6729394e-02   8.8053661e-05   7.9347790e-05   4.1412910e-04   2.4303975e-05   8.3060620e-05   5.0693098e-04   2.9227556e-05   3.9453012e-05   6.2088103e-05   5.2604251e-05   4.4962031e-05   5.8520256e-05   3.1422086e-05   2.4246340e-05   2.4575464e-05   1.2676537e-04   4.1055112e-04   2.8024544e-05   4.1439564e-05   7.1247282e-05   8.8524435e-06   3.7345549e-05   1.5593984e-04   1.9166132e-04   2.0296182e-04   0.0000000e+00   7.6901342e-05   4.7460547e-05   2.6231488e-05   5.6729394e-02   7.6263765e-01   1.0000000e+00   3.1790526e-02
   4.7470817e-02   5.4532354e-05   0.0000000e+00   4.9882740e-04   0.0000000e+00   8.0516016e-05   8.4587957e-04   0.0000000e+00   1.0044412e-05   5.3863226e-05   1.6596416e-04   3.7832614e-05   1.1202111e-06   3.7730711e-04   3.7112238e-05   5.5908851e-05   0.0000000e+00   3.1842080e-04   4.0607462e-06   4.1634489e-05   6.5862479e-05   1.1830735e-05   1.0081828e-04   2.2709499e-04   9.9384543e-06   4.5568459e-04   0.0000000e+00   1.2884885e-04   1.4617025e-05   0.0000000e+00   4.7470817e-02   7.8311695e-01   1.0000000e+00   3.1405063e-02
   5.5499417e-01   7.0682077e-05   1.7686834e-04   5.2871298e-04   9.8926864e-05   4.5012281e-05   0.0000000e+00   0.0000000e+00   1.4765986e-04   0.0000000e+00   2.0145025e-03   5.8773686e-05   3.4754434e-04   1.6771361e-03   1.5206686e-05   1.7606670e-04   3.7713851e-06   1.9516913e-04   3.2580322e-05   5.7265005e-05   0.0000000e+00   4.8379734e-05   5.1647460e-05   3.8289517e-04   5.7258015e-05   5.3192015e-04   6.0736928e-04   4.9109858e-05   5.6735278e-06   1.5048679e-04   5.5499417e-01   2.5648775e-01   1.0000000e+00   3.0976132e-02
   5.8165852e-01   1.8577918e-04   3.6841401e-05   7.2990380e-05   1.0520940e-04   1.1932232e-04   7.5717926e-04   2.4593616e-04   1.0161754e-04   1.8765830e-05   1.5263747e-03   5.9426431e-05   3.4999905e-04   7.3848332e-04   9.5259193e-06   5.6185569e-05   5.7202380e-06   0.0000000e+00   1.0900892e-04   6.6616530e-05   5.4229789e-05   1.5086531e-04   4.3525739e-06   0.0000000e+00   3.6237709e-04   2.7880423e-04   7.5770622e-06   4.3116881e-04   2.9701420e-05   0.0000000e+00   5.8165852e-01   2.3846465e-01   1.0000000e+00   3.0898245e-02
   2.1071714e-01   2.3662897e-05   1.3102400e-05   6.5171956e-04   6.4212742e-05   4.3411235e-05   1.8357218e-04   2.0488031e-05   1.1699512e-05   6.8131525e-05   1.8793189e-05   4.5942747e-05   3.2166673e-05   3.8028596e-04   2.0482405e-05   0.0000000e+00   0.0000000e+00   2.4650923e-04   1.0446369e-06   4.2716860e-05   1.6164016e-04   0.0000000e+00   0.0000000e+00   1.6090448e-04   0.0000000e+00   3.7056413e-04   1.3647033e-04   1.6161236e-04   6.2639038e-05   1.9943015e-04   2.1071714e-01   5.4170701e-01   1.0000000e+00   3.0706159e-02
   4.5545846e-01   0.0000000e+00   8.3900839e-05   1.5874217e-04   8.3902492e-05   7.5298331e-05   1.8729056e-04   0.0000000e+00   1.5227678e-05   0.0000000e+00   3.2613977e-04   6.6413828e-05   3.4294859e-05   4.9208147e-05   9.5408287e-06   5.6996383e-05   1.6084534e-04   1.9771036e-04   1.0928902e-04   4.8862835e-05   1.1486559e-05   0.0000000e+00   6.2116804e-05   8.6569750e-05   8.0203503e-05   2.7007731e-04   5.2402879e-04   9.6310614e-05   1.2235166e-05   1.4557980e-04   4.5545846e-01   3.2573050e-01   1.0000000e+00   3.0533498e-02
   9.9102396e-03   8.7458775e-05   7.1068724e-05   0.0000000e+00   2.9094987e-06   9.4309389e-05   0.0000000e+00   3.2606735e-05   2.7576735e-05   2.0656569e-05   5.3389019e-04   4.7363661e-05   0.0000000e+00   3.8057552e-04   2.9580811e-06   3.0086954e-05   8.4284005e-05   2.5573925e-04   3.8950064e-05   7.1684588e-05   1.0839774e-04   7.8378389e-08   0.0000000e+00   1.9141276e-05   1.6392125e-05   2.3349117e-04   5.3990387e-05   1.2815441e-04   3.4169704e-05   1.2214393e-05   9.9102396e-03   9.0115408e-01   1.0000000e+00   3.0356102e-02
   6.8287761e-01   1.4050785e-04   1.4650897e-05   2.9532083e-04   2.7664968e-04   2.9398597e-05   4.8554107e-04   0.0000000e+00   1.0636935e-04   3.4204450e-04   1.5493213e-04   1.6353271e-05   7.4435664e-05   1.7906374e-04   2.9908682e-05   1.3968026e-05   2.4165874e-04   8.7315042e-05   1.8679502e-04   1.1712414e-04   1.2542904e-03   1.0304364e-03   4.5437807e-06   3.0479937e-04   1.7857899e-04   9.8551772e-05   9.4276775e-04   9.0677165e-05   2.9198030e-05   7.8402228e-04   6.8287761e-01   1.7500415e-01   1.0000000e+00   3.0193526e-02
   4.2849541e-01   8.1834573e-05   1.5057375e-04   5.6325723e-04   7.4604274e-05   4.4357060e-05   1.8398859e-04   0.0000000e+00   1.8238195e-04   3.8690474e-06   2.3688330e-03   6.2817142e-05   3.7516591e-04   1.0198250e-03   1.3769507e-05   1.5573038e-04   0.0000000e+00   1.8431273e-04   3.6780852e-05   5.9760561e-05   4.8499570e-06   4.9909925e-05   3.9462129e-05   4.1042985e-04   4.6224107e-05   5.7052685e-04   3.6962087e-04   4.5213576e-05   5.2169820e-06   1.5863176e-04   4.2849541e-01   3.4692088e-01   1.0000000e+00   2.9956889e-02
   3.0533717e-01   3.5729358e-05   1.7715905e-05   3.6513326e-04   5.5972256e-05   6.3097478e-05   3.4239375e-04   7.8881174e-06   9.5708923e-06   7.1323508e-05   3.1230952e-04   4.7852049e-05   2.8904676e-05   1.0746220e-04   1.6129527e-05   0.0000000e+00   0.0000000e+00   2.4216057e-04   0.0000000e+00   4.3370372e-05   1.4460261e-04   7.1814275e-07   0.0000000e+00   2.0072811e-04   1.4053078e-05   3.3103186e-04   1.5434988e-04   1.4804351e-04   5.5038941e-05   2.4427471e-04   3.0533717e-01   4.4811408e-01   1.0000000e+00   2.9336905e-02
   1.3081745e-01   6.6453472e-05   6.5622174e-05   2.3519437e-04   7.8019749e-05   2.4141934e-05   8.3707701e-04   1.2960377e-04   4.1057608e-05   2.9494205e-04   2.8828285e-05   4.0340357e-05   5.9941456e-04   5.8009942e-04   2.8957649e-06   1.4851919e-05   1.6776534e-05   5.2866852e-04   1.4734225e-04   8.0122369e-05   8.7107826e-06   2.6231971e-04   2.1385254e-05   1.8255696e-04   2.0504241e-04   2.9079651e-04   4.8737531e-05   0.0000000e+00   3.9582171e-05   3.4386018e-04   1.3081745e-01   6.3963879e-01   1.0000000e+00   2.8773073e-02
   4.0535733e-01   1.1333151e-04   1.1887451e-04   7.1873172e-04   4.6063436e-05   1.3659049e-04   3.7819559e-04   6.3946685e-08   1.0594783e-04   3.2397358e-04   2.2336867e-04   4.0587965e-05   0.0000000e+00   2.5059796e-04   3.6314330e-05   2.7948120e-06   5.0514135e-04   8.7581902e-06   4.1064614e-04   6.0347883e-05   2.2187357e-05   1.2100296e-03   0.0000000e+00   3.5466553e-04   1.9782730e-04   4.9263822e-05   2.1047698e-03   6.6187527e-04   6.1808241e-06   3.1510178e-04   4.0535733e-01   3.6510125e-01   1.0000000e+00   2.8748419e-02
   3.9091595e-01   2.9320860e-06   1.1756085e-04   4.1876046e-04   1.1737323e-04   7.8085643e-05   3.5206160e-04   2.3604411e-06   7.5599071e-06   1.4626101e-05   3.0431337e-04   7.4392451e-05   3.1341175e-05   1.3280707e-04   8.9214428e-06   4.9967267e-05   1.4049680e-04   2.3446156e-04   0.0000000e+00   5.6698049e-05   0.0000000e+00   3.7472012e-04   3.0009904e-05   4.4762266e-05   2.2082938e-05   1.8095375e-04   1.7477909e-05   1.3389202e-04   1.2709614e-05   2.3019361e-04   3.9091595e-01   3.7544820e-01   1.0000000e+00   2.8604331e-02
   7.0783171e-01   1.4578224e-04   0.0000000e+00   7.2641827e-04   0.0000000e+00   7.4183849e-06   2.4230614e-03   2.7298044e-04   1.2045699e-05   1.6098917e-05   9.7465896e-05   2.8685250e-05   9.2815597e-08   3.9838440e-04   1.7195478e-04   5.3672499e-05   8.8920780e-04   3.0417821e-04   3.2962017e-05   9.7632595e-05   2.1577416e-04   8.9765654e-04   2.6027868e-04   6.7740510e-04   2.6424238e-04   2.9503292e-04   1.0360974e-03   1.9660191e-04   1.0059845e-05   6.3329896e-04   7.0783171e-01   1.6050121e-01   1.0000000e+00   2.7638112e-02
   4.4886945e-01   1.0184863e-04   1.2035637e-04   7.1705120e-04   2.5633218e-05   1.5143488e-04   0.0000000e+00   1.8588792e-05   1.0878536e-04   3.8747995e-04   3.3022711e-04   0.0000000e+00   2.2797438e-05   0.0000000e+00   2.4898403e-05   7.8737856e-06   4.8651095e-04   0.0000000e+00   4.6089953e-04   5.6817782e-05   0.0000000e+00   1.1867449e-03   0.0000000e+00   1.6310803e-04   0.0000000e+00   1.0211271e-04   1.9323511e-03   6.1591677e-04   1.3065162e-05   3.1939699e-04   4.4886945e-01   3.3154095e-01   1.0000000e+00   2.7067718e-02
   8.4726343e-01   7.8825231e-05   2.6524011e-06   1.0182126e-04   4.0597740e-05   8.3600335e-06   1.7099795e-03   5.3523138e-04   0.0000000e+00   1.8367304e-04   6.1698672e-04   5.6740884e-05   1.4129639e-04   1.1073339e-04   1.3880320e-04   2.2033099e-05   1.0928323e-04   1.4944931e-04   1.8218318e-04   7.2482401e-05   4.6127132e-04   4.3893450e-04   4.8642074e-05   8.3620270e-04   1.2983021e-03   1.8185609e-04   9.5265076e-04   3.8417848e-04   0.0000000e+00   1.1902751e-03   8.4726343e-01   8.1216069e-02   1.0000000e+00   2.6663043e-02
   2.4459186e-01   3.5371310e-06   1.1655878e-04   0.0000000e+00   0.0000000e+00   6.4063172e-05   2.2452473e-04   0.0000000e+00   1.5848613e-05   2.0315495e-04   3.8319701e-04   7.0509788e-05   5.7370403e-05   5.2459040e-05   8.9868392e-06   7.2321482e-05   2.0263785e-04   2.0103947e-04   6.4098938e-05   5.0370063e-05   0.0000000e+00   0.0000000e+00   6.7600799e-05   0.0000000e+00   4.3747587e-05   2.8228579e-04   6.3502241e-04   8.1037626e-05   1.1925774e-05   1.4622065e-04   2.4459186e-01   5.0615224e-01   1.0000000e+00   2.6281401e-02
   2.2682439e-04   8.6239750e-05   6.3451694e-05   0.0000000e+00   2.0014706e-06   8.7564079e-05   3.9789615e-05   3.1526211e-05   2.8788318e-05   1.9168444e-05   5.6041003e-04   4.7355660e-05   0.0000000e+00   3.9280296e-04   3.0265365e-06   3.1043558e-05   9.7624255e-06   2.4320672e-04   4.1319832e-05   7.0480552e-05   4.8617208e-05   0.0000000e+00   3.4419271e-06   2.2126503e-05   2.0824189e-05   2.3842851e-04   0.0000000e+00   1.2478179e-04   3.1945834e-05   4.0589318e-05   2.2682439e-04   9.8564425e-01   1.0000000e+00   2.6002787e-02
   1.2076514e-02   8.2270247e-05   1.5115985e-05   1.8811656e-04   4.9060140e-05   1.1873659e-04   7.3941704e-04   1.3868244e-04   1.1216293e-04   2.2926160e-05   1.5989695e-03   5.2204275e-05   3.1426158e-04   5.3918620e-04   1.9408367e-05   0.0000000e+00   2.8862537e-04   1.8084963e-06   7.1598934e-05   5.5003448e-05   1.8547032e-04   0.0000000e+00   1.9887703e-05   1.3523088e-04   1.0587263e-04   2.9143980e-04   1.6310320e-04   6.1596949e-05   0.0000000e+00   3.8107472e-04   1.2076514e-02   8.9179364e-01   1.0000000e+00   2.5919892e-02
   2.8289257e-01   1.0192210e-04   1.4361623e-05   3.5880084e-04   0.0000000e+00   5.1888129e-05   4.1063775e-04   0.0000000e+00   2.5760125e-05   8.6399643e-05   2.8282748e-04   5.0048855e-05   3.1440473e-05   2.2128524e-04   1.8908600e-05   4.1367932e-05   0.0000000e+00   2.4517486e-04   0.0000000e+00   4.8198487e-05   1.1140672e-04   1.0358231e-04   1.7676478e-07   2.2330339e-04   6.0837263e-05   3.7623951e-04   1.6498592e-04   1.3948110e-04   3.8360630e-05   1.8755483e-04   2.8289257e-01   4.6889703e-01   1.0000000e+00   2.5651687e-02
   1.1967580e-01   8.9814336e-05   8.5497585e-05   3.4792189e-04   0.0000000e+00   8.0226900e-05   2.4109059e-04   6.1215768e-05   5.6202276e-05   0.0000000e+00   1.8748245e-04   4.7027730e-05   9.9678728e-06   7.7413089e-05   1.1915821e-05   3.3994049e-05   2.2743164e-04   3.8982933e-04   4.4194083e-05   6.0686916e-05   0.0000000e+00   8.5902049e-05   4.9133591e-05   9.7805378e-05   3.0293339e-04   1.9875480e-04   0.0000000e+00   1.5873435e-04   6.6799745e-05   1.6255158e-04   1.1967580e-01   6.5487293e-01   1.0000000e+00   2.5615705e-02
   4.6643267e-01   8.3042727e-05   1.5265493e-04   6.0590811e-04   1.0400169e-04   5.3592520e-05   3.1128057e-04   1.0295036e-06   1.3468981e-04   4.8829677e-06   2.2137962e-03   6.7245706e-05   4.5425923e-04   1.0417201e-03   1.1597885e-05   2.0430197e-04   4.8462235e-06   2.2948134e-04   2.9903911e-05   6.4389223e-05   5.6339942e-06   5.3682048e-05   4.3006194e-05   4.4168326e-04   4.7653158e-05   4.9391136e-04   3.4057464e-04   5.5859510e-05   7.6930322e-06   2.2534482e-04   4.6643267e-01   3.1857194e-01   1.0000000e+00   2.5034737e-02
   7.3575727e-01   2.4522089e-04   8.4556721e-05   2.1219966e-04   5.1092776e-04   3.3698812e-05   2.2952600e-04   4.5571337e-07   8.9635160e-05   9.2240527e-05   2.4175946e-04   0.0000000e+00   1.0431701e-04   5.4507915e-04   2.5971159e-05   4.7468538e-04   7.9861322e-05   7.6122549e-05   0.0000000e+00   9.4224579e-06   3.2637272e-04   1.1045669e-03   0.0000000e+00   4.6053866e-05   1.6186840e-04   8.6871539e-06   0.0000000e+00   5.4807356e-06   5.8483271e-05   4.7939295e-04   7.3575727e-01   1.4316726e-01   1.0000000e+00   2.4969627e-02
   6.9909639e-03   7.7084425e-05   7.5332208e-05   0.0000000e+00   0.0000000e+00   7.9202688e-05   9.5539047e-05   4.5426984e-05   4.4005815e-05   3.0037782e-05   6.2186134e-04   4.7269021e-05   0.0000000e+00   3.9646707e-04   0.0000000e+00   2.8995825e-05   1.1839395e-05   2.4058183e-04   6.6929563e-05   7.4804484e-05   4.1136957e-05   0.0000000e+00   2.7566377e-06   0.0000000e+00   2.1765841e-05   0.0000000e+00   2.7262052e-05   1.1915304e-04   3.2064612e-05   8.6033946e-05   6.9909639e-03   9.1706173e-01   1.0000000e+00   2.4855108e-02
   6.1422331e-01   1.5218262e-04   0.0000000e+00   1.2854560e-03   3.8781307e-06   3.0115739e-05   2.1723961e-03   3.6763991e-04   4.1572347e-05   2.1580559e-04   6.5949447e-05   2.8276795e-05   0.0000000e+00   3.1593190e-04   1.3927179e-04   2.6866910e-05   1.0011857e-03   2.8991009e-04   2.3377528e-05   9.7541188e-05   1.9144997e-04   9.8611500e-04   1.9294679e-04   4.8852910e-04   2.3455576e-04   1.9401498e-04   0.0000000e+00   1.7835234e-04   9.8820650e-06   7.2217101e-04   6.1422331e-01   2.1806138e-01   1.0000000e+00   2.4776426e-02
   6.9763811e-01   1.5179664e-04   2.0772049e-05   3.7856678e-04   3.2150931e-04   2.3129396e-05   5.1569626e-04   2.1287887e-07   3.9119371e-05   3.6138130e-04   1.2730683e-04   2.0082526e-05   1.0366462e-04   1.6271855e-04   2.5614092e-05   1.6372037e-05   2.8542872e-04   5.6867435e-05   1.5271064e-04   1.5099064e-04   1.6806087e-03   1.2243119e-03   3.9808250e-06   3.9167195e-04   2.8442566e-04   1.2548230e-04   9.3004538e-04   9.8592580e-05   9.3883655e-06   7.7081606e-04   6.9763811e-01   1.6627759e-01   1.0000000e+00   2.4541871e-02
   4.5599940e-02   4.1447780e-05   2.7046691e-05   2.7841972e-04   4.8671500e-05   1.1221004e-04   8.6855129e-04   1.3682546e-04   8.9537586e-05   4.6453442e-05   1.3387419e-03   2.6600265e-05   4.0783779e-04   5.9338660e-04   3.0424364e-05   3.9131594e-05   1.5181199e-04   7.7816101e-05   8.6467957e-05   5.9822640e-05   1.0751371e-04   8.7953872e-06   1.4113281e-05   4.2132081e-08   1.4951993e-04   3.4417521e-04   2.6306224e-04   9.8027832e-05   8.4477069e-05   1.5916929e-04   4.5599940e-02   7.8803601e-01   1.0000000e+00   2.4124125e-02
   1.0174881e-01   7.3174164e-05   1.4993640e-05   3.3407247e-04   2.3672768e-05   0.0000000e+00   3.9702138e-04   6.4005297e-06   0.0000000e+00   6.6593218e-06   3.2064939e-04   4.6603597e-05   9.2368490e-05   2.2390367e-04   1.7182611e-05   2.7017287e-05   7.2771933e-05   2.8650425e-04   5.2446172e-06   4.2635052e-05   5.6436403e-05   0.0000000e+00   3.8959123e-06   1.6779739e-04   0.0000000e+00   4.4924100e-04   1.5175190e-04   1.2814397e-04   4.0342394e-05   1.9584546e-04   1.0174881e-01   6.8184977e-01   1.0000000e+00   2.4105410e-02
   2.6845426e-01   4.8306167e-05   1.1562607e-04   1.5529487e-04   8.9335442e-05   8.0787592e-05   4.9965839e-04   0.0000000e+00   1.5596135e-05   2.8229032e-05   3.2799086e-04   6.5876730e-05   3.9630700e-05   1.2490537e-05   2.0101680e-05   7.5730030e-05   2.4019932e-04   1.9370717e-04   1.0282327e-04   5.3312063e-05   0.0000000e+00   0.0000000e+00   9.3058192e-05   1.2658694e-04   0.0000000e+00   2.5687510e-04   7.1307252e-04   8.0539931e-05   5.7380151e-06   1.8399179e-04   2.6845426e-01   4.8270781e-01   1.0000000e+00   2.4024992e-02
   2.9365088e-01   1.0263802e-04   1.0494062e-05   4.3122827e-04   4.2719943e-05   4.9478227e-05   3.9919327e-04   0.0000000e+00   2.4530889e-05   8.8990192e-05   2.8146629e-04   5.0738493e-05   2.1462981e-05   1.0433889e-04   1.9613164e-05   1.8090284e-07   1.8353998e-06   2.6920772e-04   0.0000000e+00   4.9309218e-05   1.3416677e-04   1.0221274e-04   2.7602541e-07   2.6615000e-04   6.7413309e-05   3.6594651e-04   1.3822768e-04   1.6891602e-04   1.3546692e-05   1.8865600e-04   2.9365088e-01   4.5887212e-01   1.0000000e+00   2.3789919e-02
   1.4517611e-01   8.7337769e-05   0.0000000e+00   2.2242653e-04   2.6169471e-05   1.2124775e-04   8.1587691e-04   1.1026677e-04   9.1758758e-05   6.1532896e-05   1.2580951e-03   9.4866679e-05   2.3556406e-04   3.3613176e-04   2.6741350e-05   2.9033242e-05   2.2918105e-04   0.0000000e+00   5.5219192e-05   7.4172102e-05   1.8119992e-04   3.0427071e-05   7.1138734e-07   1.3555817e-04   1.1669167e-04   2.5606474e-04   1.9471854e-04   8.8412306e-05   0.0000000e+00   1.7690968e-04   1.4517611e-01   6.2025054e-01   1.0000000e+00   2.3653022e-02
   7.4702690e-01   2.3493984e-04   6.7864303e-05   2.7052966e-04   2.2780023e-04   1.5934298e-05   6.1673533e-05   5.2553219e-05   7.0608057e-05   2.0158470e-06   2.1291488e-04   3.4455486e-06   2.3983670e-05   3.2992534e-04   6.1881880e-05   1.7706984e-04   8.6121837e-05   5.1957459e-05   9.6281560e-08   9.1322906e-07   4.9007546e-04   8.1438893e-04   0.0000000e+00   7.1704217e-05   2.0361709e-04   6.8603911e-05   7.3494942e-09   0.0000000e+00   4.3832684e-04   6.8188106e-04   7.4702690e-01   1.3652500e-01   1.0000000e+00   2.3051966e-02
   6.5012070e-01   1.9296952e-04   0.0000000e+00   9.9571157e-04   0.0000000e+00   4.6310948e-05   1.6639364e-03   2.1165541e-04   3.8430679e-05   1.2294972e-04   7.9944145e-05   2.9327500e-05   1.1751864e-05   4.7727725e-04   1.5688553e-04   4.4309456e-05   2.3327812e-03   2.6237980e-04   0.0000000e+00   8.6871584e-05   2.3056881e-04   6.6030780e-04   1.5003414e-04   4.8535816e-04   4.1206360e-04   2.1460868e-04   3.6801930e-04   2.5154708e-04   8.8542763e-06   4.7290582e-04   6.5012070e-01   1.9555408e-01   1.0000000e+00   2.2910536e-02
   4.0549710e-02   4.7630190e-05   1.3198570e-04   5.1414495e-03   9.3568498e-06   2.2082254e-05   3.5081732e-04   4.7378386e-05   9.2283861e-05   0.0000000e+00   2.5870818e-03   5.5868937e-05   5.5484744e-04   1.1611919e-03   3.6193730e-05   2.3159671e-04   2.8127978e-05   3.5658273e-04   1.9254058e-05   7.3978243e-05   0.0000000e+00   1.2937997e-04   3.7690464e-05   2.7564355e-04   4.3813467e-05   2.1887127e-04   2.4675534e-04   4.3522433e-05   1.7669811e-05   5.1053834e-05   4.0549710e-02   8.0198332e-01   1.0000000e+00   2.2282868e-02
   1.1146691e-01   9.5305307e-05   0.0000000e+00   4.7570070e-04   3.3639261e-05   5.9017647e-05   3.7952281e-04   1.2116485e-05   4.2238102e-06   9.1263251e-05   2.4055195e-04   4.5545449e-05   3.7049455e-05   1.9770942e-04   2.2489269e-05   2.7534870e-05   0.0000000e+00   2.7703753e-04   0.0000000e+00   4.5197321e-05   1.2125593e-04   7.0291746e-06   0.0000000e+00   1.5722288e-04   5.5135040e-05   4.3501028e-04   1.1481182e-04   1.3467283e-04   4.2669178e-05   2.7378752e-04   1.1146691e-01   6.6700872e-01   1.0000000e+00   2.2238170e-02
   2.5883918e-01   3.4196017e-05   5.6450714e-05   1.5975772e-03   0.0000000e+00   0.0000000e+00   6.1973519e-04   6.5011573e-05   1.3062954e-05   7.3926694e-05   7.1173896e-04   4.1680133e-05   2.3315832e-05   4.1280709e-05   1.0094618e-04   4.4357482e-07   0.0000000e+00   2.1397345e-04   8.2543533e-06   7.3637066e-05   6.5350333e-05   1.4429145e-04   0.0000000e+00   0.0000000e+00   1.9107117e-04   4.7985161e-04   1.1590526e-04   1.0128301e-04   4.8934557e-05   8.0750507e-05   2.5883918e-01   4.9237222e-01   1.0000000e+00   2.1831061e-02
   1.4771103e-02   7.0972051e-05   1.5361198e-05   2.0276027e-04   1.4378892e-05   1.5025311e-04   8.8557065e-04   1.3534242e-04   1.1155258e-04   3.0117904e-05   1.5541572e-03   5.5621753e-05   2.7732137e-04   5.6685204e-04   2.0198371e-05   2.8379280e-05   1.1669076e-04   0.0000000e+00   5.1984500e-05   7.1505341e-05   1.3488458e-04   6.9365255e-05   1.8196667e-05   1.6917100e-04   2.3018536e-05   2.6362955e-04   2.1277986e-04   1.2723565e-04   1.8324033e-05   2.0838547e-04   1.4771103e-02   8.8009711e-01   1.0000000e+00   2.1637643e-02
   1.3751223e-01   2.0676122e-05   7.8061228e-05   1.3658607e-03   8.5264343e-05   2.3226488e-06   7.0317346e-04   5.6397646e-05   4.4190536e-07   1.6389755e-04   5.3971011e-04   4.1559876e-05   6.5582235e-06   7.4450489e-05   5.1597427e-05   0.0000000e+00   0.0000000e+00   2.0117211e-04   1.4458401e-05   3.9964094e-05   1.4909641e-04   2.1266835e-04   1.8411341e-05   6.3015572e-06   2.1703687e-04   1.0534188e-03   6.7796201e-06   1.3455711e-04   7.7873257e-05   1.8907292e-05   1.3751223e-01   6.3052384e-01   1.0000000e+00   2.1509104e-02
   9.3678466e-02   7.9117997e-05   0.0000000e+00   4.8671180e-04   1.7257455e-05   5.7025448e-05   4.7784384e-04   2.2444854e-06   4.4294632e-06   1.0110694e-04   2.5265131e-04   4.6155477e-05   3.0332303e-05   2.0128974e-04   1.3926075e-05   2.3124908e-05   0.0000000e+00   2.7756334e-04   0.0000000e+00   4.6152135e-05   1.2392167e-04   1.3244110e-05   0.0000000e+00   1.6290339e-04   1.4976041e-05   4.0140628e-04   1.2244225e-04   1.3436720e-04   3.7334653e-05   2.1968691e-04   9.3678466e-02   6.9481048e-01   1.0000000e+00   2.1466867e-02
   6.2673422e-01   1.8158774e-04   1.4756471e-05   2.9469594e-04   3.8320912e-04   1.5919964e-05   6.6749169e-04   1.0349543e-06   5.3634644e-05   3.3778649e-04   1.5732320e-04   1.7372032e-05   7.0369847e-05   1.7526010e-04   3.2947195e-05   1.8120506e-05   2.6309675e-04   1.1781859e-04   1.9054746e-04   1.0833464e-04   1.3635664e-03   8.2965247e-04   4.5285134e-06   4.4013594e-04   3.0052982e-04   1.2537969e-04   7.5090415e-04   9.6914457e-05   1.8906980e-05   7.4989248e-04   6.2673422e-01   2.0979418e-01   1.0000000e+00   2.1453589e-02
   8.6603341e-02   1.2275684e-04   1.4560539e-05   1.0371998e-04   3.3444675e-05   8.0762268e-05   1.8880607e-04   5.0656635e-05   3.0020144e-05   0.0000000e+00   6.2182558e-06   4.1327216e-05   0.0000000e+00   2.8544640e-05   2.7967497e-05   2.4441370e-05   3.0461744e-04   1.8205864e-04   1.8027749e-05   7.0261853e-05   3.0095230e-05   9.3720430e-05   1.3590018e-05   4.1568075e-05   0.0000000e+00   3.4693728e-04   3.8788529e-05   1.3670945e-04   2.9936103e-05   0.0000000e+00   8.6603341e-02   7.0626068e-01   1.0000000e+00   2.1302078e-02
   1.7830979e-02   8.5970571e-05   5.9802553e-05   3.2228245e-05   1.7866465e-06   7.9529406e-05   5.8359335e-05   5.7374303e-05   2.2249766e-05   2.6199828e-05   5.6553344e-04   4.7370906e-05   0.0000000e+00   4.4155636e-04   0.0000000e+00   3.1413687e-05   9.6056268e-06   2.4115816e-04   4.8611613e-05   7.5322707e-05   3.8398111e-05   0.0000000e+00   3.5533015e-06   0.0000000e+00   2.1967404e-05   4.8729767e-05   0.0000000e+00   1.2412789e-04   3.4792972e-05   4.2279909e-05   1.7830979e-02   8.6710389e-01   1.0000000e+00   2.1002165e-02
   5.1019511e-01   3.7881778e-06   1.0630853e-04   1.9442137e-04   1.2302792e-04   6.5106744e-05   2.3975588e-04   0.0000000e+00   6.6384886e-06   7.5069595e-06   3.0101656e-04   6.4389698e-05   3.1334898e-05   1.1898875e-04   4.5546108e-06   4.9515275e-05   1.5469510e-04   2.2997438e-04   0.0000000e+00   5.6850202e-05   0.0000000e+00   3.7174987e-04   2.9955163e-05   3.7970289e-05   0.0000000e+00   2.9601389e-04   0.0000000e+00   1.3597042e-04   1.2205930e-05   2.1716168e-04   5.1019511e-01   2.8629101e-01   1.0000000e+00   2.0874624e-02
   6.2498505e-01   2.0670323e-04   6.7740029e-05   1.9714220e-04   2.6139165e-04   1.6016872e-05   6.0972881e-05   5.3184360e-05   1.3810465e-04   0.0000000e+00   1.1174952e-04   9.4860970e-06   1.8868574e-05   3.3053094e-04   7.5172168e-05   2.0119671e-04   7.7870444e-05   1.0757238e-04   0.0000000e+00   1.4060620e-05   4.4119243e-04   7.2459763e-04   0.0000000e+00   7.1142897e-05   1.7628471e-04   8.4085293e-05   7.1750468e-09   0.0000000e+00   3.7298464e-04   1.0275833e-03   6.2498505e-01   2.1034965e-01   1.0000000e+00   2.0778927e-02
   9.6167529e-01   2.9598828e-04   9.1675372e-05   1.6523668e-04   2.3118904e-04   2.2239387e-05   1.9991690e-04   0.0000000e+00   5.2199197e-05   0.0000000e+00   2.4944478e-04   0.0000000e+00   1.3664810e-04   6.6299700e-04   2.6985669e-05   3.8395877e-04   8.3077521e-05   7.6583995e-05   5.4194555e-05   0.0000000e+00   2.8037798e-04   8.7522534e-04   5.3908544e-07   0.0000000e+00   1.8764317e-04   1.0680405e-04   1.1204142e-05   0.0000000e+00   7.8378315e-05   6.0863634e-04   9.6167529e-01   2.0121912e-02   1.0000000e+00   2.0756516e-02
   2.3164600e-01   7.2582861e-05   7.7627702e-05   1.5357192e-03   0.0000000e+00   0.0000000e+00   5.6730757e-04   6.4348087e-05   2.5236619e-05   5.6107526e-06   6.1484679e-04   4.5204830e-05   4.2517567e-05   2.9475813e-05   1.6325153e-04   2.9341336e-06   0.0000000e+00   2.8949958e-04   0.0000000e+00   7.4022377e-05   5.6177216e-05   1.5871510e-04   3.5656112e-05   1.6891461e-04   1.5443234e-04   5.3530400e-04   5.1508060e-04   2.3479299e-04   5.2376571e-05   1.5032876e-04   2.3164600e-01   5.2004068e-01   1.0000000e+00   2.0744782e-02
   3.8686499e-01   1.0702751e-04   1.1611280e-04   7.0343928e-04   4.5248322e-05   1.4920370e-04   9.1431933e-04   0.0000000e+00   1.0878665e-04   2.9379612e-04   2.2984364e-04   4.0492977e-05   0.0000000e+00   2.4817026e-04   5.2202117e-05   1.4066960e-06   4.8940701e-04   1.5431548e-05   3.6710311e-04   1.1685273e-05   5.4790789e-05   9.9463477e-04   1.5629582e-05   3.5660584e-04   2.5053523e-04   5.2857557e-05   1.7422313e-03   6.1887543e-04   7.8504647e-06   3.1335037e-04   3.8686499e-01   3.7979081e-01   1.0000000e+00   2.0723987e-02
   6.5748792e-01   2.6270438e-04   6.7909033e-05   5.2552992e-04   2.2327336e-04   1.5431616e-05   0.0000000e+00   5.2538414e-05   7.1512023e-05   3.1042690e-05   2.0156981e-04   2.9608073e-06   2.3146471e-05   3.2575958e-04   6.1557663e-05   1.2405456e-04   6.4033722e-05   8.8858383e-05   1.5272660e-06   1.2729983e-05   4.8533133e-04   7.3458126e-04   0.0000000e+00   9.5141642e-05   1.9903084e-04   6.1226816e-05   7.4400448e-09   2.7714881e-05   4.6458150e-04   6.8442613e-04   6.5748792e-01   1.9004962e-01   1.0000000e+00   2.0620302e-02
   4.4057448e-01   2.3229070e-04   1.0611222e-04   1.1106850e-03   5.1895443e-05   1.5964247e-04   4.7802347e-04   4.0526440e-07   1.0909090e-04   3.9841087e-04   2.9569738e-04   4.3580481e-05   5.5478961e-05   1.9717849e-05   5.1371159e-05   1.0273682e-05   5.3635032e-04   0.0000000e+00   3.2553920e-04   5.8939224e-05   4.3036188e-05   1.0889106e-03   2.6888877e-07   3.6325621e-04   0.0000000e+00   9.9286631e-05   1.3939466e-03   6.0860903e-04   1.1248789e-06   4.1402128e-04   4.4057448e-01   3.3791306e-01   1.0000000e+00   2.0410659e-02
   1.1330394e-01   7.0694602e-05   1.3335028e-05   4.0228471e-04   2.1056376e-05   6.1868757e-05   4.2066703e-04   0.0000000e+00   0.0000000e+00   2.5197716e-06   2.8018700e-04   4.6797832e-05   2.6839265e-05   2.1319734e-04   2.1221380e-05   2.4442483e-05   1.6859742e-07   2.7067378e-04   2.8045869e-06   5.1037944e-05   8.1659428e-05   1.5127197e-05   0.0000000e+00   1.5695018e-04   0.0000000e+00   4.2774581e-04   1.4163730e-04   1.3637432e-04   3.5559225e-05   1.9323403e-04   1.1330394e-01   6.6419835e-01   1.0000000e+00   2.0345866e-02
   7.9968720e-02   6.8765875e-05   1.7629347e-05   2.6434221e-04   1.6848858e-05   1.5501924e-04   9.8925845e-04   1.0866434e-04   1.2895557e-04   2.4770035e-05   1.5319548e-03   5.7242901e-05   3.1218498e-04   5.7141995e-04   1.8832585e-05   2.9592568e-05   2.0056483e-04   0.0000000e+00   5.1988541e-05   6.8354774e-05   1.5076647e-04   2.6811052e-04   1.6881366e-05   1.4426962e-04   4.1045466e-05   2.5703696e-04   2.3663689e-04   6.6900977e-05   1.9672816e-05   2.0469146e-04   7.9968720e-02   7.1881747e-01   1.0000000e+00   2.0238526e-02
   1.8665436e-01   1.0106069e-04   6.0192518e-05   1.8445993e-05   0.0000000e+00   9.7713467e-05   5.9176123e-05   4.7937202e-05   1.9992936e-05   2.6783202e-05   5.8618829e-04   5.0296849e-05   2.1524093e-07   4.1774404e-04   2.0021093e-06   0.0000000e+00   2.9986377e-05   2.4385192e-04   5.2881909e-05   9.7514467e-05   9.1532529e-05   7.3424813e-05   3.1918007e-06   7.5518669e-06   1.9037675e-05   9.5227921e-06   0.0000000e+00   1.3895951e-04   1.4188202e-04   0.0000000e+00   1.8665436e-01   5.6854812e-01   1.0000000e+00   2.0233141e-02
   7.8053851e-01   1.7983710e-04   2.5464733e-06   7.0281320e-04   0.0000000e+00   4.3687594e-05   1.4752802e-03   1.8863605e-04   4.5611800e-05   1.1935179e-04   3.0785571e-05   3.0303467e-05   0.0000000e+00   8.3183584e-04   2.5468652e-04   4.0992924e-05   1.5949652e-03   2.8268229e-04   1.4593164e-05   1.1526209e-04   2.3958964e-04   6.4142900e-04   1.8316966e-04   3.2770925e-04   3.2543583e-04   2.0371274e-04   2.8167573e-04   2.4937895e-04   1.1950044e-05   3.8648896e-04   7.8053851e-01   1.1804531e-01   1.0000000e+00   1.9971943e-02
   3.5712977e-01   0.0000000e+00   2.2549254e-05   2.3578311e-04   8.4562337e-06   5.9857548e-05   3.4672458e-04   9.8224894e-06   4.3044427e-05   1.8289319e-04   2.6381269e-04   7.4821638e-05   3.4222170e-06   6.1701042e-05   1.4223143e-05   0.0000000e+00   2.3791556e-06   2.1066946e-04   9.3606577e-06   4.8080708e-05   1.8305300e-04   1.2944034e-04   0.0000000e+00   1.5458899e-04   0.0000000e+00   4.0710250e-04   4.4151294e-04   2.4393505e-04   5.0683455e-05   3.7160496e-04   3.5712977e-01   4.0317569e-01   1.0000000e+00   1.9353925e-02
   6.6507331e-01   0.0000000e+00   8.2366271e-05   2.8711800e-04   0.0000000e+00   4.0265291e-05   7.0252997e-04   2.8527021e-04   6.2138158e-05   1.0505776e-04   3.5099626e-04   4.3831003e-05   2.1656989e-04   5.9828047e-04   0.0000000e+00   0.0000000e+00   2.9222464e-06   6.3515692e-04   1.1641113e-04   9.5932259e-05   1.8872441e-04   0.0000000e+00   0.0000000e+00   2.9383600e-04   0.0000000e+00   4.4938207e-04   4.9854427e-04   2.7361247e-05   0.0000000e+00   2.2696474e-04   6.6507331e-01   1.8545592e-01   1.0000000e+00   1.9100026e-02
   8.3646298e-01   1.2908021e-04   1.6766492e-05   3.0059522e-04   3.5409936e-04   2.0751770e-05   5.2254877e-04   0.0000000e+00   5.5318870e-05   3.3439576e-04   1.7585988e-04   1.7184656e-05   8.7636254e-05   1.7493275e-04   8.9150635e-06   1.5037993e-05   3.4112496e-04   1.1230558e-04   1.9010426e-04   1.1910240e-04   1.2815362e-03   1.0427073e-03   0.0000000e+00   2.6146053e-04   2.3629884e-04   1.1866895e-04   7.1023044e-04   6.7341055e-05   1.0070067e-05   7.0461268e-04   8.3646298e-01   8.6664925e-02   1.0000000e+00   1.8876560e-02
   7.3103169e-01   2.1354668e-04   1.0209229e-04   6.4653263e-04   9.3240307e-05   0.0000000e+00   1.1694259e-03   2.6618754e-04   1.4315554e-05   2.0606885e-04   3.7239985e-05   2.1788850e-04   9.9345169e-07   1.0174454e-03   1.2926923e-04   3.5524134e-06   4.3133817e-04   1.9914867e-04   3.7160557e-08   1.2230762e-04   1.4146436e-04   7.3627583e-04   3.7560517e-04   3.9438816e-04   6.6799200e-04   1.0528631e-04   0.0000000e+00   2.4875526e-04   9.3681642e-05   2.9778730e-04   7.3103169e-01   1.4640601e-01   1.0000000e+00   1.8839877e-02
   1.0475013e-01   6.5062377e-05   2.1001937e-05   1.9834475e-04   2.0960183e-05   1.3983973e-04   8.0865397e-04   1.2478586e-04   1.9387877e-04   2.5507636e-05   1.6886100e-03   5.7388431e-05   2.3517080e-04   5.5378077e-04   2.1136254e-05   2.9349607e-05   2.1361300e-04   0.0000000e+00   5.7320362e-05   7.2744415e-05   2.3484967e-04   1.6737908e-04   0.0000000e+00   1.4024692e-04   3.6056808e-05   2.6809331e-04   2.2739414e-04   5.9152804e-05   1.0406345e-05   2.2068234e-04   1.0475013e-01   6.7788138e-01   1.0000000e+00   1.8819446e-02
   7.0276017e-02   1.8466103e-04   9.9283893e-05   2.0779341e-03   5.2999177e-05   1.8332736e-04   1.0191647e-04   4.0341613e-06   4.9586859e-04   3.9762211e-04   5.9281302e-04   1.6330603e-06   1.2567832e-04   7.8855439e-05   4.2254737e-06   1.6225108e-05   6.8585740e-04   3.2525503e-06   4.9230150e-04   8.2440841e-05   6.6470457e-05   1.0174385e-03   0.0000000e+00   3.4127612e-04   3.6418945e-05   1.7283602e-04   2.0065831e-03   6.6990608e-04   3.2222059e-05   3.4412597e-04   7.0276017e-02   7.3769532e-01   1.0000000e+00   1.8817062e-02
   2.0343003e-03   5.6526783e-05   1.7984412e-05   2.2158626e-04   1.5728279e-05   1.1878274e-04   7.7578059e-04   1.0527502e-04   8.4339422e-05   1.0301310e-05   1.4663354e-03   5.3875465e-05   4.2727885e-04   6.1006141e-04   2.4278151e-05   2.8620841e-05   1.5987344e-04   5.6524485e-05   6.7560444e-05   6.9073958e-05   3.6769943e-04   3.3170131e-05   1.2206632e-05   1.3900788e-05   8.1735844e-05   2.8512929e-04   2.9671957e-04   7.7485951e-05   1.9148439e-05   1.7122164e-04   2.0343003e-03   9.5663443e-01   1.0000000e+00   1.8646638e-02
   2.9763067e-01   5.5217631e-05   7.9818499e-05   1.5422462e-03   0.0000000e+00   0.0000000e+00   5.6970115e-04   6.3469417e-05   2.7577469e-05   0.0000000e+00   6.4108408e-04   4.5196944e-05   3.4742814e-05   2.6123961e-05   1.4096985e-04   1.6040886e-06   4.4087114e-05   3.2616832e-04   0.0000000e+00   7.1481439e-05   9.5940367e-05   1.3678383e-04   2.2956576e-05   1.1727372e-04   1.5123840e-04   5.3674601e-04   4.3427762e-04   2.0888599e-04   5.2729461e-05   5.9788111e-05   2.9763067e-01   4.5568298e-01   1.0000000e+00   1.8445067e-02
   5.4402550e-03   1.0924090e-04   1.5659878e-05   5.5123785e-05   4.5860330e-05   7.6775286e-05   0.0000000e+00   0.0000000e+00   1.7944787e-05   6.3944146e-06   0.0000000e+00   2.9698926e-05   0.0000000e+00   1.1632548e-04   4.0044558e-05   5.4839637e-05   2.2512354e-05   2.4559831e-04   1.6709031e-05   5.7710734e-05   0.0000000e+00   2.2934543e-07   2.1058617e-06   6.1080678e-05   1.9147625e-05   2.2409172e-04   6.9700462e-06   1.1157682e-04   3.4795834e-05   5.3032364e-05   5.4402550e-03   9.2666739e-01   1.0000000e+00   1.8390115e-02
   3.1274980e-01   0.0000000e+00   1.2253673e-04   5.8901473e-05   2.5138724e-04   6.3706622e-05   2.2651480e-04   0.0000000e+00   2.5081222e-05   9.4513855e-05   3.4408918e-04   6.2472248e-05   3.9357379e-05   1.0512836e-04   0.0000000e+00   6.0504614e-05   1.5901368e-04   2.2664426e-04   9.1239490e-05   5.1723552e-05   9.8705545e-05   6.5021432e-05   7.6911806e-05   0.0000000e+00   0.0000000e+00   2.3350620e-04   5.0757098e-04   1.0858874e-04   8.3863214e-06   8.0368645e-05   3.1274980e-01   4.4146658e-01   1.0000000e+00   1.7858446e-02
   3.6148744e-01   1.0277165e-05   2.5958931e-05   2.2973268e-04   4.6675147e-05   5.0812006e-05   3.2595082e-04   9.5846667e-06   1.2975088e-05   7.2125371e-05   3.9740416e-04   3.2604746e-05   0.0000000e+00   2.1872460e-04   1.6386193e-05   0.0000000e+00   2.9860100e-05   2.5707620e-04   3.3885641e-05   2.6911297e-05   3.6134169e-05   2.8003472e-07   0.0000000e+00   2.2190804e-04   3.8139125e-05   4.4356264e-04   7.7229982e-04   1.4824804e-04   2.6986110e-05   4.6339788e-06   3.6148744e-01   3.9951915e-01   1.0000000e+00   1.7828440e-02
   3.0103901e-02   7.8138305e-05   1.3750837e-04   5.9739649e-03   6.3050472e-06   2.0568292e-05   2.7351088e-04   2.0657082e-05   1.0427813e-04   2.6411581e-05   2.5958121e-03   5.5725421e-05   6.4736668e-04   1.6823518e-03   2.7088254e-05   2.4186165e-04   3.8804400e-04   3.8528999e-04   2.0151941e-05   6.0747321e-05   1.4259945e-05   1.9433344e-04   7.4074585e-05   2.7301164e-04   0.0000000e+00   2.1847688e-04   2.4568401e-04   3.3852012e-05   1.9443490e-05   7.3658972e-05   3.0103901e-02   8.3043310e-01   1.0000000e+00   1.7762650e-02
   3.5096419e-01   8.5411338e-06   1.2100003e-05   2.4930912e-04   0.0000000e+00   9.4013147e-05   1.1931741e-03   1.2802248e-05   0.0000000e+00   1.1187075e-04   1.5680267e-04   7.2549297e-05   1.1402930e-05   2.4389624e-04   2.4329115e-05   0.0000000e+00   0.0000000e+00   2.6671794e-04   0.0000000e+00   3.1903663e-05   8.7755387e-05   0.0000000e+00   0.0000000e+00   1.5073686e-04   6.3008832e-05   5.5658260e-04   0.0000000e+00   1.2568596e-04   2.2294805e-05   3.5268582e-05   3.5096419e-01   4.0834896e-01   1.0000000e+00   1.7674207e-02
   5.2795958e-01   3.1383850e-04   8.5188913e-05   6.3924757e-04   0.0000000e+00   1.1780263e-04   2.9538157e-04   0.0000000e+00   1.2173598e-04   4.6613158e-04   0.0000000e+00   3.5830456e-05   0.0000000e+00   3.5240220e-04   3.3249766e-05   4.2464370e-07   1.4248940e-04   7.6050063e-05   1.3524029e-03   5.2117429e-05   1.6483409e-05   8.2036854e-04   4.8192950e-05   4.1692475e-04   5.3066886e-05   1.2961249e-04   1.8729863e-03   0.0000000e+00   8.4033441e-08   3.2819181e-04   5.2795958e-01   2.7492761e-01   1.0000000e+00   1.7361948e-02
   1.9495726e-01   1.2074830e-05   8.5363408e-05   1.5341003e-03   0.0000000e+00   5.9177015e-06   5.0301229e-04   6.1650952e-05   2.5610374e-05   0.0000000e+00   5.9146419e-04   4.2668275e-05   3.4078018e-05   3.2111464e-06   1.0989550e-04   7.1315295e-06   3.7784803e-05   3.0122107e-04   0.0000000e+00   4.6692814e-05   4.1764619e-05   0.0000000e+00   2.1088718e-05   1.0880379e-04   1.5442445e-04   6.0565082e-04   4.3627631e-04   2.1647310e-04   1.1744081e-04   2.4087994e-04   1.9495726e-01   5.5975301e-01   1.0000000e+00   1.7281448e-02
   3.6874581e-01   6.3908698e-05   8.4123558e-05   1.7032451e-03   4.2216897e-06   2.1506077e-05   5.2316384e-04   6.4586541e-05   3.5294050e-05   7.0242810e-06   7.0624267e-04   4.4539604e-05   3.4398234e-05   3.4761199e-05   1.4167837e-04   1.6016202e-06   4.0707029e-05   3.5033683e-04   3.0364108e-08   6.5726003e-05   9.4799165e-05   1.3273252e-04   2.0487191e-05   1.1184970e-04   1.4594417e-04   5.6440835e-04   4.6005894e-04   1.9180852e-04   5.2767082e-05   4.9049407e-07   3.6874581e-01   3.9398820e-01   1.0000000e+00   1.7116884e-02
   2.1647309e-01   2.5860073e-05   1.8261994e-05   3.1541202e-04   7.2879027e-05   6.3224586e-05   3.5454907e-04   5.8644322e-06   1.1179737e-05   7.0511506e-05   2.4189300e-04   4.7776706e-05   3.2977251e-05   2.5882683e-04   1.6008136e-05   0.0000000e+00   0.0000000e+00   2.4223494e-04   1.3117367e-07   4.2070681e-05   1.4522848e-04   6.8305656e-07   0.0000000e+00   1.9715943e-04   1.4141453e-05   3.6677792e-04   1.3249347e-04   1.4103113e-04   6.5104387e-05   2.3074657e-04   2.1647309e-01   5.3547473e-01   1.0000000e+00   1.6979840e-02
   7.9202346e-01   1.5074273e-04   1.4749532e-05   1.9558983e-04   4.9568605e-04   2.9613589e-05   4.6424282e-04   0.0000000e+00   6.0095204e-05   3.2839642e-04   1.1248029e-04   1.8482923e-05   8.4342878e-05   1.6023252e-04   3.3254838e-05   1.0075588e-05   2.5255795e-04   0.0000000e+00   1.6954664e-04   1.3073900e-04   1.3112478e-03   1.1408945e-03   4.2432498e-06   2.8034206e-04   2.4349980e-04   1.4067198e-04   9.0158666e-04   9.6831990e-05   0.0000000e+00   7.0181092e-04   7.9202346e-01   1.1134097e-01   1.0000000e+00   1.6977196e-02
   6.0550602e-01   1.0302705e-04   3.1395622e-05   9.5508243e-04   1.0028301e-03   3.2450854e-05   1.5241664e-06   7.1242380e-05   2.7131991e-08   1.5640595e-03   3.2817896e-04   2.1588997e-05   1.4751163e-04   1.5475450e-04   8.8517401e-05   2.5981980e-05   1.8898614e-05   0.0000000e+00   1.4985483e-04   7.0567452e-05   7.7323019e-04   1.9167593e-03   3.7373594e-05   4.7454980e-04   2.0059868e-04   8.7367592e-05   1.1945136e-03   4.0177099e-06   2.0424598e-05   8.4627405e-04   6.0550602e-01   2.2381547e-01   1.0000000e+00   1.6931869e-02
   8.7495391e-02   6.8998579e-05   1.8189748e-05   3.4612033e-04   2.8786596e-05   6.0533311e-05   4.0267385e-04   2.0104335e-06   2.7424496e-07   8.8482971e-05   2.4811135e-04   4.7601293e-05   2.9655134e-05   2.2281585e-04   1.7747442e-05   2.3273817e-05   0.0000000e+00   2.7518680e-04   0.0000000e+00   4.6726856e-05   1.2047633e-04   1.0545004e-05   0.0000000e+00   1.7398655e-04   0.0000000e+00   4.1098509e-04   1.4692479e-04   1.3844618e-04   4.2785651e-05   2.0348156e-04   8.7495391e-02   7.0504340e-01   1.0000000e+00   1.6778221e-02
   3.2530015e-01   0.0000000e+00   6.5209311e-06   3.3754757e-04   5.6540619e-05   6.3155467e-05   3.4098279e-04   9.5745864e-06   3.3550314e-05   2.2295341e-04   2.1346520e-04   6.5928109e-05   4.8407447e-06   6.0309490e-05   1.5944013e-05   8.1642193e-07   6.9322594e-06   2.1064200e-04   8.0729878e-06   4.8609332e-05   2.4029954e-04   1.8373344e-04   1.0972102e-07   1.7774648e-04   1.9370101e-05   3.6036665e-04   3.3404228e-04   2.2824736e-04   5.7278051e-05   3.4523382e-04   3.2530015e-01   4.3045954e-01   1.0000000e+00   1.6672124e-02
   9.8894262e-04   1.0983125e-04   2.9273541e-06   5.0336475e-05   2.2508438e-05   7.6673326e-05   2.7340566e-05   0.0000000e+00   3.1984951e-05   8.3539195e-06   2.0757075e-05   3.4320612e-05   0.0000000e+00   0.0000000e+00   4.6722527e-05   2.4821831e-05   6.4713130e-05   1.2960269e-04   1.8603688e-05   6.3101003e-05   2.4683956e-05   0.0000000e+00   2.6821975e-07   7.0689519e-05   0.0000000e+00   2.4751070e-04   0.0000000e+00   1.1152029e-04   2.7933682e-05   7.8964079e-06   9.8894262e-04   9.6892616e-01   1.0000000e+00   1.6560279e-02
   4.0034172e-03   5.8149096e-05   1.8179853e-05   1.9963568e-04   2.4071719e-05   1.2851387e-04   6.5018067e-04   1.2537981e-04   1.5152186e-04   2.4594732e-05   1.6619835e-03   5.1043653e-05   2.5315439e-04   7.1282542e-04   1.8476031e-05   2.8578872e-05   2.0745348e-04   9.0067832e-06   8.2441000e-05   6.9589711e-05   2.1507486e-04   1.9006183e-04   1.8260556e-05   1.6541453e-04   3.3731764e-05   2.7122542e-04   2.0371239e-04   6.7600591e-05   1.8818544e-05   2.0227341e-04   4.0034172e-03   9.3848884e-01   1.0000000e+00   1.6512613e-02
   1.2525089e-01   3.8743849e-05   7.0071531e-05   1.1362609e-03   2.7417540e-07   1.8742331e-05   2.4585748e-04   3.4552467e-05   9.4392012e-06   3.1595605e-05   6.7237705e-04   3.7155179e-05   6.5940425e-05   0.0000000e+00   8.4157519e-05   1.8189450e-05   0.0000000e+00   1.2118124e-04   1.6406934e-05   7.4500074e-05   1.3147089e-05   9.4043577e-05   8.6232054e-07   1.0478427e-04   8.6124289e-05   4.0017701e-04   0.0000000e+00   1.8154324e-04   5.2150190e-05   7.9374789e-05   1.2525089e-01   6.4703396e-01   1.0000000e+00   1.6459774e-02
   4.7038021e-01   8.3851872e-05   1.5104389e-04   4.9745639e-04   8.6427484e-05   4.6181968e-05   2.0012634e-04   0.0000000e+00   1.6532961e-04   0.0000000e+00   2.2637294e-03   6.2309860e-05   3.8293844e-04   1.0652026e-03   1.4368077e-05   1.6476992e-04   3.6139885e-06   2.2174155e-04   3.3024671e-05   6.0314693e-05   0.0000000e+00   5.5000917e-05   3.8148487e-05   4.1377977e-04   5.9004291e-05   5.3452100e-04   3.4637053e-04   4.4070274e-05   6.7237389e-06   1.6343156e-04   4.7038021e-01   3.1561851e-01   1.0000000e+00   1.6326812e-02
   2.3798152e-01   0.0000000e+00   1.4466050e-04   1.4632277e-03   4.5439723e-06   1.1951824e-05   2.9627598e-04   0.0000000e+00   4.8989989e-06   6.7546355e-05   6.6150873e-04   1.3034894e-05   1.8431388e-05   0.0000000e+00   7.0187165e-05   0.0000000e+00   2.9818114e-05   2.1210998e-04   4.0874209e-05   7.0673148e-05   1.1817550e-04   1.7915580e-04   1.7433273e-05   1.4455659e-04   4.0935267e-04   7.3395351e-04   5.4911347e-05   6.1535020e-05   6.7502374e-05   3.1483013e-05   2.3798152e-01   5.1332294e-01   1.0000000e+00   1.6212494e-02
