   0.0000000e+00   1.3290614e-04   1.8290041e-04   9.7856983e-04   2.5461736e-06   3.0684389e-05   1.0164119e-04   4.8940872e-07   7.5784055e-06   5.6877453e-05   5.4371563e-06   1.2455806e-06   0.0000000e+00   2.6494398e-05   6.9303875e-05   6.3306288e-06   2.3961547e-03   5.9889254e-04   4.8901922e-05   1.1874242e-05   2.2606880e-04   5.7542020e-05   1.1641678e-04   0.0000000e+00   0.0000000e+00   1.6901204e-04   5.8810196e-04   5.7907924e-04   0.0000000e+00   1.5711545e-04   0.0000000e+00   1.0020334e+00   1.0000000e+00             Inf
   1.0000000e+00   1.8228632e-04   3.1860449e-04   7.8658728e-04   3.0734453e-04   2.0405203e-05   0.0000000e+00   3.1422891e-05   0.0000000e+00   2.4094664e-04   1.1902770e-04   1.5266292e-06   9.2107182e-07   0.0000000e+00   3.2090516e-04   1.6885656e-06   0.0000000e+00   0.0000000e+00   2.1291873e-04   6.1965634e-06   3.3642303e-06   1.9203093e-04   1.1690404e-04   1.3959900e-05   1.0434538e-04   1.7508883e-05   1.1236029e-05   5.5058439e-04   1.3830792e-04   1.9002245e-04   1.0000000e+00   6.0365462e-04   1.0000000e+00             Inf
   6.1752391e-01   6.2828944e-04   3.7161432e-04   1.0016090e-03   5.4599833e-04   2.0671791e-05   7.0982498e-04   0.0000000e+00   1.6184854e-04   6.6666947e-04   6.4928746e-05   1.7594079e-06   0.0000000e+00   9.9967355e-05   3.3562270e-04   1.6069724e-06   4.1165657e-04   5.2677569e-05   1.9699783e-04   1.4526073e-05   4.3153088e-05   9.9407157e-05   8.9212739e-05   2.1087970e-05   1.8211341e-04   4.8283290e-05   4.0154684e-04   1.0347645e-03   1.2337307e-04   2.2557695e-04   6.1752391e-01   2.1559701e-01   1.0000000e+00   5.6641238e-02
   3.7383122e-01   0.0000000e+00   9.0756804e-06   9.2116932e-04   1.1387122e-04   4.3682218e-06   7.9074936e-03   1.4867267e-04   9.8501617e-05   7.9860191e-05   0.0000000e+00   1.4029743e-08   1.1803775e-05   0.0000000e+00   1.3936802e-04   1.0203924e-06   2.2793832e-03   8.7936361e-04   2.0140721e-04   1.7379678e-05   5.5429837e-04   8.5572354e-06   3.1322834e-04   8.4022352e-09   6.0183372e-05   1.8942534e-05   4.7812938e-05   4.4717465e-04   4.1036471e-04   8.8579604e-04   3.7383122e-01   3.9193691e-01   1.0000000e+00   5.3529418e-02
   7.5909255e-01   5.9111330e-04   3.8987457e-04   8.7964671e-04   7.5330750e-04   2.0337000e-05   7.9334548e-04   2.0494383e-05   1.6391812e-04   2.0683066e-04   6.4613502e-05   1.8517696e-06   0.0000000e+00   1.0287381e-04   3.6546566e-04   0.0000000e+00   4.0071605e-04   0.0000000e+00   2.1598228e-04   1.5207385e-05   3.2091417e-05   1.1289925e-04   8.7980816e-05   1.7206279e-05   1.8653426e-04   2.3538085e-06   4.1608740e-04   1.0933559e-03   1.5824720e-04   2.2451909e-04   7.5909255e-01   1.3002293e-01   1.0000000e+00   4.6716502e-02
   8.1366605e-01   2.1573231e-04   2.2729830e-05   1.0399444e-03   2.6985400e-04   9.4561110e-06   4.3666633e-03   3.8082571e-05   9.2263342e-04   1.7822066e-04   5.0621250e-05   2.1964248e-06   1.4821325e-06   0.0000000e+00   3.3379308e-04   1.7748045e-06   9.7596800e-05   1.6764650e-04   2.4506976e-04   1.3945641e-05   0.0000000e+00   4.0493689e-06   1.3899734e-04   1.9322868e-05   3.1437578e-04   3.0780118e-06   3.4504316e-07   1.4592693e-03   1.2926249e-04   0.0000000e+00   8.1366605e-01   9.9678302e-02   1.0000000e+00   4.6385000e-02
   7.9698094e-01   8.5969523e-04   3.6143028e-04   8.5695017e-04   4.2526794e-04   1.9450158e-05   2.7272592e-04   7.7147751e-05   8.7910073e-06   3.6701211e-04   7.0904463e-05   2.9252170e-06   1.2367481e-06   1.9314748e-06   2.7928194e-04   2.4534323e-06   1.4373120e-03   1.9917817e-04   2.8990139e-04   2.1267857e-05   4.9395249e-05   5.3366116e-05   6.7544568e-05   3.7133819e-04   2.2878201e-04   4.5409182e-06   4.6435624e-04   1.1188728e-03   2.9044288e-04   1.3997650e-04   7.9698094e-01   1.0869641e-01   1.0000000e+00   4.3280906e-02
   3.9535236e-01   9.7166639e-05   5.3150408e-04   1.4679218e-03   2.9991571e-04   0.0000000e+00   3.6901749e-03   6.0900343e-07   5.6022053e-04   4.2414134e-04   3.6871775e-05   1.5936057e-06   4.2068350e-06   3.4725014e-04   3.0727574e-04   0.0000000e+00   1.0202942e-03   3.1225842e-04   4.3569893e-04   1.5401300e-05   1.5830952e-04   0.0000000e+00   1.7635036e-04   2.9596716e-04   3.0384786e-04   3.9932459e-05   3.4905498e-04   1.5717473e-03   3.1319786e-04   2.1000268e-04   3.9535236e-01   3.7399067e-01   1.0000000e+00   4.2937822e-02
   9.4088013e-01   1.5732544e-03   5.0498371e-04   9.9646437e-04   3.8838728e-04   2.4042632e-05   0.0000000e+00   1.0276303e-04   1.1447696e-04   1.8504955e-04   1.0986409e-04   3.8766844e-07   0.0000000e+00   1.7344646e-05   3.5487217e-04   6.4102150e-07   0.0000000e+00   4.4061457e-05   2.5130165e-04   1.8227379e-06   5.6776800e-05   4.0646128e-05   5.4156720e-05   1.4207769e-05   1.0312133e-04   1.7957797e-05   3.2084780e-04   1.0296385e-03   1.7622602e-04   2.1099330e-04   9.4088013e-01   3.1080709e-02   1.0000000e+00   4.2165165e-02
   7.7238546e-01   5.0355058e-04   2.7776661e-04   2.5974664e-04   4.7379695e-05   1.1640393e-04   4.9063010e-03   1.3237055e-04   1.2631758e-03   2.3859320e-04   2.5852240e-05   3.3910705e-06   1.1177282e-04   1.3002208e-03   1.1222923e-04   5.6787275e-05   0.0000000e+00   2.6491361e-04   4.8438255e-04   0.0000000e+00   6.0858209e-04   1.0635313e-03   7.5669276e-05   1.5413587e-03   5.2141050e-04   1.1143868e-04   4.1786401e-04   5.2644928e-04   9.6895048e-05   2.3103704e-04   7.7238546e-01   1.2380943e-01   1.0000000e+00   4.1593900e-02
   5.4647169e-01   1.2255378e-04   1.0223156e-04   9.5252161e-04   2.0063480e-04   1.3890533e-05   1.1884918e-03   5.0705115e-04   1.0339448e-03   2.6188969e-04   2.8212706e-05   1.9471673e-06   4.1935869e-07   0.0000000e+00   6.8191697e-04   1.3545250e-05   5.0375457e-04   6.4234688e-04   6.4028142e-05   2.6420274e-05   1.1528953e-05   8.0448940e-05   5.5462124e-04   1.0445337e-05   6.2830305e-04   3.4103598e-05   2.2949544e-04   1.4166795e-03   1.6765484e-05   1.5066454e-06   5.4647169e-01   2.6258876e-01   1.0000000e+00   4.0004078e-02
   7.8562654e-01   5.9495120e-04   3.7898490e-04   8.8758565e-04   6.7423766e-04   2.0945788e-05   1.0036063e-03   2.2035925e-05   1.6796128e-04   2.3564331e-04   6.7728847e-05   1.8758184e-06   0.0000000e+00   1.2147490e-04   3.3073636e-04   0.0000000e+00   2.8933999e-04   1.2996815e-04   2.3058164e-04   1.5145406e-05   2.6160033e-05   1.0782086e-04   8.6290451e-05   1.6875976e-05   1.3848405e-04   6.9108248e-05   4.1893063e-04   1.0970159e-03   1.4624819e-04   2.2379501e-04   7.8562654e-01   1.1494150e-01   1.0000000e+00   3.9686924e-02
   4.1221713e-01   1.3650256e-03   7.7553997e-04   6.6540530e-04   1.3029528e-04   1.0496069e-04   5.4237996e-03   1.2952302e-05   2.2148588e-03   5.7731676e-04   0.0000000e+00   1.9651552e-06   5.6696432e-05   1.4721514e-03   5.6219541e-05   6.0291602e-05   1.9545020e-03   4.7645477e-04   5.1911241e-05   1.1393271e-05   1.3997492e-03   7.8627918e-04   0.0000000e+00   4.4584934e-05   3.9058745e-07   6.3382334e-04   7.7031503e-04   5.5337996e-04   6.9160673e-04   8.4777081e-04   4.1221713e-01   3.6241656e-01   1.0000000e+00   3.8220270e-02
   2.2909308e-01   0.0000000e+00   2.5724725e-04   1.2096695e-03   2.0730917e-04   1.7776516e-05   2.5426479e-03   4.7141525e-04   2.0695789e-06   0.0000000e+00   7.7009977e-06   9.2361720e-08   0.0000000e+00   1.6614605e-04   2.9842964e-05   1.1527778e-05   1.4155048e-03   6.0463341e-04   1.4046251e-04   8.1737940e-06   9.4291233e-05   3.9888416e-05   1.2078706e-04   2.7431359e-05   6.8117697e-05   8.1733104e-05   9.4052076e-05   8.4025265e-04   4.9787460e-05   1.1835052e-04   2.2909308e-01   5.2340033e-01   1.0000000e+00   3.8116343e-02
   9.1733164e-01   4.3054342e-04   3.3080167e-04   1.0438720e-03   2.8356000e-04   2.7328871e-05   2.0591016e-05   0.0000000e+00   0.0000000e+00   1.4338759e-04   1.1994804e-04   2.3444040e-06   4.7603598e-06   4.8118457e-05   4.2163970e-04   1.2960132e-05   1.6226789e-04   0.0000000e+00   2.4540745e-04   6.6934112e-06   0.0000000e+00   0.0000000e+00   1.1190626e-04   1.3741469e-05   1.1033993e-04   4.3029745e-05   1.9605620e-04   9.0012860e-04   2.2259776e-04   1.6931411e-04   9.1733164e-01   4.3046144e-02   1.0000000e+00   3.7804381e-02
   1.5195965e-01   2.3040950e-04   2.4352640e-06   1.1101317e-03   0.0000000e+00   0.0000000e+00   5.8537917e-03   3.9861853e-04   4.0047385e-04   7.4956028e-05   4.1364501e-05   5.0651116e-07   1.0156941e-06   4.6869662e-05   3.0739519e-05   3.8293609e-06   6.7119587e-03   5.9018838e-04   1.0001812e-04   1.0627371e-05   9.9069114e-05   6.2532918e-05   0.0000000e+00   5.8993184e-06   2.3820586e-04   2.9818251e-04   5.9618920e-05   3.5728807e-04   2.6001077e-04   0.0000000e+00   1.5195965e-01   6.1442605e-01   1.0000000e+00   3.7751214e-02
   8.7283257e-01   8.3422448e-04   4.2265556e-04   8.2489365e-04   4.7836557e-04   1.9365281e-05   0.0000000e+00   8.8497970e-05   9.4992426e-06   3.4906265e-04   1.4499645e-04   2.6927528e-06   1.6185688e-06   1.7685038e-06   2.6412776e-04   2.5957644e-06   1.6028218e-03   0.0000000e+00   2.6812216e-04   2.3630055e-05   4.6952678e-05   5.3071693e-05   6.8320743e-05   3.8447307e-04   2.6091045e-04   0.0000000e+00   4.3701716e-04   1.1082602e-03   2.4645393e-04   1.3882635e-04   8.7283257e-01   6.7082404e-02   1.0000000e+00   3.7676797e-02
   9.5805450e-01   8.8015856e-04   5.1190219e-04   9.9396280e-04   3.6190269e-04   1.8850250e-05   4.6002291e-05   9.8433652e-05   4.5466846e-04   2.2550372e-04   1.1965359e-04   1.4607200e-06   1.0633363e-07   6.9990277e-05   3.7585198e-04   0.0000000e+00   3.8879387e-07   0.0000000e+00   2.3070942e-04   4.0731687e-06   6.2712866e-05   4.1042501e-05   1.2046764e-04   1.4396844e-05   4.0419882e-05   1.4249240e-05   3.8929059e-04   1.0554257e-03   1.8218336e-04   1.8624069e-04   9.5805450e-01   2.2227922e-02   1.0000000e+00   3.6553005e-02
   5.9722660e-01   1.5990480e-04   5.6324529e-05   9.7485682e-04   2.9633714e-04   1.2627422e-05   1.2994332e-03   4.6937907e-04   1.2265035e-03   2.3557032e-04   2.9039013e-05   1.7741938e-06   2.5049288e-08   0.0000000e+00   5.4596210e-04   1.0990220e-05   6.1569278e-04   3.7255689e-04   1.1490123e-04   2.5239771e-05   4.3035911e-06   8.8904519e-05   4.9468511e-04   1.5515673e-05   7.3291358e-04   2.8176839e-05   1.5978938e-04   1.3587886e-03   6.3229192e-05   1.1063570e-05   5.9722660e-01   2.2898732e-01   1.0000000e+00   3.6414419e-02
   1.2123277e-01   0.0000000e+00   3.3830549e-04   1.0200985e-03   1.4647399e-04   1.8723959e-05   4.7315776e-03   0.0000000e+00   1.6576629e-06   7.7101639e-05   0.0000000e+00   1.7437332e-07   5.3665112e-06   2.0465847e-04   0.0000000e+00   5.1537139e-06   2.3294679e-03   4.5814129e-04   2.2071697e-05   3.5819426e-06   5.8381554e-05   1.8180088e-05   9.9592366e-05   1.3160777e-05   1.0344871e-04   1.4060740e-04   2.1965159e-04   5.0918505e-04   0.0000000e+00   2.0869627e-05   1.2123277e-01   6.5451852e-01   1.0000000e+00   3.5916930e-02
   9.3019156e-01   3.5134026e-04   3.0007599e-04   8.9652855e-04   3.9764808e-04   1.8420240e-05   1.3055896e-03   1.4762012e-04   0.0000000e+00   1.8021080e-04   5.2375593e-05   1.6799039e-06   1.2416631e-06   0.0000000e+00   3.2948100e-04   5.9281415e-07   1.1463871e-04   5.1865470e-05   2.4628022e-04   8.2716024e-06   0.0000000e+00   4.6014360e-05   1.3098189e-04   1.4104456e-05   1.0125198e-04   3.5720844e-05   3.0910322e-04   7.6420728e-04   3.1243255e-04   1.9599577e-04   9.3019156e-01   3.6550596e-02   1.0000000e+00   3.5496843e-02
   8.8379471e-01   3.4543890e-04   3.1795343e-04   8.4613807e-04   2.7875398e-04   1.3108756e-05   8.8730230e-06   8.2892410e-05   0.0000000e+00   2.1845865e-04   1.3687320e-04   1.8728300e-06   3.7738975e-07   3.8450212e-05   3.2372559e-04   2.6689093e-06   5.4680364e-05   2.1450627e-05   2.1213814e-04   1.0247379e-05   3.6818263e-07   5.3335456e-05   8.9985451e-05   1.4486824e-05   1.3533048e-04   3.1191053e-05   2.1639103e-04   8.2772780e-04   1.7765436e-04   2.2472618e-04   8.8379471e-01   6.0667258e-02   1.0000000e+00   3.4400240e-02
   3.3502920e-01   2.5019652e-04   0.0000000e+00   1.0663002e-03   5.3780823e-05   4.2894197e-06   7.3027669e-03   4.5691750e-04   2.9415361e-04   5.7717544e-05   2.2427229e-05   0.0000000e+00   1.3813356e-06   3.0201168e-05   1.7087842e-04   4.8588233e-06   2.0989036e-03   6.0335181e-04   1.6177389e-04   1.2344299e-05   8.8799236e-05   3.1608161e-05   1.2445580e-04   6.6447442e-06   1.1377614e-04   4.8387593e-04   6.9347110e-05   2.6971207e-04   4.1873290e-04   0.0000000e+00   3.3502920e-01   4.2431566e-01   1.0000000e+00   3.4345580e-02
   6.3184505e-01   3.6287419e-04   1.3311435e-04   1.1115796e-03   3.0291915e-04   1.4313063e-05   1.2963379e-03   4.7260675e-04   1.2821539e-03   2.1096244e-04   2.9263721e-05   1.2717390e-06   7.1879957e-06   0.0000000e+00   4.5603740e-04   9.4022252e-06   6.2504505e-04   2.9806873e-04   1.2093260e-04   2.6849178e-05   0.0000000e+00   1.0505386e-04   4.9410175e-04   1.3571600e-05   7.1717173e-04   2.1153538e-05   1.9984763e-04   1.3394716e-03   5.7449284e-05   1.8303228e-05   6.3184505e-01   2.0693305e-01   1.0000000e+00   3.4328933e-02
   4.6332519e-01   0.0000000e+00   4.7856201e-04   1.0038462e-03   2.6131688e-04   1.2642097e-05   3.6511092e-03   2.5202933e-05   7.0663946e-04   4.6725571e-04   4.3614546e-05   1.8523982e-06   1.6509763e-06   4.5188467e-05   3.4402672e-04   2.7989816e-07   1.5129105e-03   4.1464076e-04   5.9772295e-04   1.2980258e-05   1.8755032e-04   0.0000000e+00   1.5688243e-04   3.3224134e-04   1.7733224e-04   0.0000000e+00   8.8007667e-04   1.1438981e-03   3.7858865e-04   1.9894513e-04   4.6332519e-01   3.2199040e-01   1.0000000e+00   3.4308933e-02
   5.6547644e-01   0.0000000e+00   3.9159079e-04   1.4639383e-03   2.9663615e-04   0.0000000e+00   3.7199141e-03   0.0000000e+00   6.2158494e-04   3.9498379e-04   4.3035560e-05   1.6017420e-06   4.3824963e-06   3.7148316e-04   3.1610100e-04   0.0000000e+00   1.0668076e-03   3.1941274e-04   4.1999289e-04   1.6098270e-05   1.6796874e-04   0.0000000e+00   1.6341994e-04   2.7449303e-04   2.9800306e-04   3.9902239e-05   4.0147362e-04   2.0581334e-03   3.9613389e-04   2.2283257e-04   5.6547644e-01   2.5062853e-01   1.0000000e+00   3.2927203e-02
   6.4998757e-01   9.6504247e-04   5.1291768e-04   0.0000000e+00   1.3232193e-04   2.0967396e-04   4.6148744e-03   4.8725846e-06   1.4682152e-03   3.4971262e-04   2.0117553e-05   5.5813967e-06   6.0501066e-05   6.6738914e-04   2.2740543e-05   6.7981834e-05   3.9584415e-06   0.0000000e+00   4.0035324e-04   0.0000000e+00   7.8876113e-04   7.1299420e-04   1.7475708e-04   6.6637001e-04   3.4371046e-04   4.9873503e-05   1.6750742e-03   0.0000000e+00   0.0000000e+00   2.2358092e-04   6.4998757e-01   1.9640345e-01   1.0000000e+00   3.1618187e-02
   3.0591161e-03   4.3499584e-05   2.2935330e-04   1.0667664e-03   1.9735919e-05   2.6676958e-05   4.4703695e-03   0.0000000e+00   9.3994529e-06   3.7344893e-05   7.0328367e-06   1.0222784e-06   6.6140566e-06   1.3210211e-04   1.3946776e-06   1.8222999e-06   2.2517950e-03   5.2337585e-04   8.7571679e-05   8.5957424e-06   7.0752603e-05   3.2335413e-05   2.3338035e-04   0.0000000e+00   6.7966651e-05   1.1180127e-04   1.1848259e-05   8.3480443e-04   0.0000000e+00   1.1012308e-04   3.0591161e-03   9.4782836e-01   1.0000000e+00   3.1585916e-02
   7.3664361e-01   9.1908217e-04   1.3718697e-04   1.1122691e-03   2.9736025e-04   9.4524110e-06   2.3222043e-03   4.6146459e-04   1.5834272e-03   3.0340400e-04   3.4219557e-05   1.2514903e-06   1.5112141e-05   0.0000000e+00   5.0147855e-04   7.4113492e-06   5.2867780e-04   2.8015353e-04   1.3684945e-04   3.0000570e-05   0.0000000e+00   1.0848047e-04   4.7821717e-04   1.1725269e-05   6.8399277e-04   1.7272173e-06   1.9876318e-04   1.0684105e-03   0.0000000e+00   1.4205531e-05   7.3664361e-01   1.4371433e-01   1.0000000e+00   3.1519803e-02
   7.2004896e-01   5.4391998e-04   3.9527638e-04   8.5894817e-04   8.0562127e-05   5.3417773e-06   0.0000000e+00   3.1653914e-05   2.0078291e-05   3.1955039e-04   1.1574415e-04   1.5039573e-06   3.1495313e-06   0.0000000e+00   2.5018452e-04   4.2956522e-08   1.4489211e-03   2.4432704e-04   2.1581444e-04   1.4627798e-05   3.7402944e-05   1.5274180e-06   1.2639098e-04   3.3290728e-04   3.1977882e-04   8.0106549e-06   9.2669227e-04   1.1888964e-03   2.7162763e-04   2.2981247e-04   7.2004896e-01   1.5287174e-01   1.0000000e+00   3.1239489e-02
   9.0310512e-03   3.9924986e-05   2.2118569e-04   1.0238969e-03   3.3513671e-06   2.7036234e-05   3.0803056e-03   0.0000000e+00   1.7608542e-04   0.0000000e+00   9.8010221e-06   1.0168073e-06   4.2993683e-06   1.2981495e-04   1.4344201e-04   0.0000000e+00   2.7382610e-03   6.2902097e-04   6.1480677e-05   1.2602879e-05   5.7637938e-05   7.7442165e-05   1.6475353e-04   1.0132048e-06   1.4219119e-04   1.6865784e-04   0.0000000e+00   0.0000000e+00   1.0464649e-05   9.6039541e-05   9.0310512e-03   9.0763447e-01   1.0000000e+00   3.0789350e-02
   7.4220533e-01   1.6992790e-04   0.0000000e+00   1.0564294e-03   4.2421322e-04   6.7607147e-06   4.5238727e-03   3.4168591e-05   8.8977712e-04   1.6488635e-04   5.5393206e-05   2.5236661e-06   3.8212065e-06   0.0000000e+00   4.3519597e-04   1.3601635e-06   2.3609782e-04   1.7980157e-04   1.9428971e-04   1.2163422e-05   4.5879403e-06   1.8510007e-05   1.3813347e-04   0.0000000e+00   3.2564589e-04   4.6895295e-05   2.0555179e-04   1.3891980e-03   1.3204010e-04   0.0000000e+00   7.4220533e-01   1.4036944e-01   1.0000000e+00   3.0339965e-02
   3.6588045e-01   1.8836773e-03   5.3528848e-04   0.0000000e+00   1.8589940e-04   8.4395448e-05   1.8197186e-03   5.6251838e-04   7.7419155e-04   3.6728907e-04   2.5913470e-05   8.9931603e-06   5.9200671e-05   2.0566653e-03   4.9183737e-06   2.9639179e-05   4.5153476e-04   2.0618369e-03   6.6242059e-05   5.1494604e-06   2.1792800e-04   5.4708024e-04   6.9145057e-05   3.9059253e-07   3.5077334e-05   1.7908395e-04   9.3856468e-04   2.8719512e-04   5.5932537e-05   3.6764170e-04   3.6588045e-01   3.9808258e-01   1.0000000e+00   3.0338324e-02
   3.4695125e-01   0.0000000e+00   0.0000000e+00   9.2135534e-04   3.5547266e-04   6.4346655e-06   4.9496123e-03   8.6588460e-05   3.2272821e-04   1.4639748e-04   1.8953778e-05   2.1782589e-08   1.2762887e-05   2.9673763e-05   2.5192649e-04   0.0000000e+00   1.7508312e-03   9.6077568e-04   2.6315675e-04   1.3965972e-05   1.2364462e-04   3.2112736e-05   2.1815874e-04   0.0000000e+00   0.0000000e+00   6.2345037e-05   5.2824040e-05   2.2754671e-04   5.8157066e-04   6.8347724e-04   3.4695125e-01   4.1361853e-01   1.0000000e+00   3.0050324e-02
   4.2335847e-01   4.8305333e-05   1.4709540e-04   9.6144895e-04   0.0000000e+00   1.9037404e-05   1.7382053e-03   1.1956131e-03   1.8756939e-03   2.8117220e-04   2.1325229e-05   1.9825135e-06   0.0000000e+00   0.0000000e+00   7.1210957e-04   1.1127138e-05   7.0174333e-04   1.3348316e-03   9.4336640e-05   4.4544242e-05   0.0000000e+00   8.8863049e-05   8.3182304e-04   3.6444086e-05   4.6643979e-04   3.5339099e-05   1.1711506e-04   1.3876234e-03   0.0000000e+00   8.0833608e-07   4.2335847e-01   3.5188574e-01   1.0000000e+00   3.0000946e-02
   3.0777029e-01   1.5449980e-03   4.8585006e-04   0.0000000e+00   1.0994681e-04   1.7676107e-04   1.5517157e-03   2.6490868e-04   6.8280665e-04   5.9385492e-04   8.3449430e-06   9.9695437e-06   3.6356308e-05   1.0815254e-03   6.4745718e-07   8.8683797e-05   1.1839698e-03   1.1709141e-03   5.6712449e-05   5.7783876e-06   2.8030139e-04   8.7845586e-04   8.0218966e-05   0.0000000e+00   0.0000000e+00   1.8372570e-04   4.0220318e-04   2.0966401e-04   0.0000000e+00   4.4652314e-04   3.0777029e-01   4.4781720e-01   1.0000000e+00   2.9905183e-02
   6.9280437e-01   1.2401157e-04   2.7861366e-05   9.1721271e-04   2.5695058e-04   1.3054720e-05   2.0497591e-03   5.1296968e-04   1.1936751e-03   2.2100143e-04   3.5277376e-05   1.9105755e-06   0.0000000e+00   1.8908402e-05   6.0624277e-04   1.2112578e-05   7.4631038e-04   5.7057064e-04   8.2215660e-05   3.0910229e-05   2.8809575e-05   9.1693790e-05   5.7133591e-04   1.1151368e-05   6.1300220e-04   0.0000000e+00   2.0212107e-04   1.6695897e-03   0.0000000e+00   1.9511108e-06   6.9280437e-01   1.6957493e-01   1.0000000e+00   2.9464246e-02
   4.9689195e-03   0.0000000e+00   1.3278756e-04   1.1173509e-03   0.0000000e+00   0.0000000e+00   6.2038025e-03   0.0000000e+00   7.7332715e-05   5.9211155e-05   4.3054870e-06   1.1096972e-06   3.8517625e-07   5.3628451e-05   1.4786320e-04   4.2568131e-06   2.4191885e-03   1.0354953e-03   2.2108324e-04   3.1510873e-06   1.1758325e-04   0.0000000e+00   1.5216091e-04   0.0000000e+00   0.0000000e+00   2.6481715e-04   0.0000000e+00   2.9511539e-04   6.8313309e-04   0.0000000e+00   4.9689195e-03   9.3340000e-01   1.0000000e+00   2.9150965e-02
   1.9872433e-02   4.7813775e-05   2.2902297e-04   1.1816355e-03   0.0000000e+00   3.8926233e-05   4.0030374e-03   5.9652422e-06   3.2095506e-05   4.6861594e-05   9.5918031e-06   1.0011415e-06   1.3084261e-06   1.3402870e-04   1.3579653e-04   0.0000000e+00   2.7317423e-03   5.9334083e-04   5.1070441e-05   1.0914898e-05   6.4237936e-05   8.2000256e-05   1.3688636e-04   1.0129356e-04   6.8183131e-05   1.4656673e-04   0.0000000e+00   7.6822854e-04   0.0000000e+00   0.0000000e+00   1.9872433e-02   8.6209458e-01   1.0000000e+00   2.8993916e-02
   2.1621562e-01   3.7959848e-05   9.3740529e-05   7.5431193e-04   1.0845541e-04   0.0000000e+00   4.6834400e-03   6.9560479e-05   1.7575961e-04   2.0033994e-04   0.0000000e+00   0.0000000e+00   5.0352780e-06   0.0000000e+00   2.8221285e-04   0.0000000e+00   1.6122239e-03   9.5891874e-04   2.1777910e-04   1.4247183e-05   2.9910372e-04   5.5102672e-05   2.0758155e-04   4.9452439e-04   0.0000000e+00   2.2738200e-05   2.4139936e-04   5.3057415e-04   8.9717736e-04   9.0705199e-04   2.1621562e-01   5.3807635e-01   1.0000000e+00   2.8802757e-02
   8.9496391e-01   1.9474171e-04   4.9774703e-04   9.0825327e-04   2.8172588e-04   1.9063006e-05   6.9460798e-04   4.8372571e-05   1.9312869e-05   2.0700996e-04   1.4303851e-04   1.4731998e-06   1.6213128e-06   2.9094608e-07   2.3247753e-04   1.8418081e-06   0.0000000e+00   2.0093859e-05   2.4497280e-04   6.2177794e-06   3.7883206e-05   2.0388871e-04   1.2505411e-04   1.3060597e-05   1.0452521e-04   2.1810345e-05   0.0000000e+00   5.5965059e-04   2.5702612e-04   1.7421888e-04   8.9496391e-01   5.4795969e-02   1.0000000e+00   2.8734930e-02
   6.3878104e-01   3.7092568e-04   5.7390375e-05   1.1126597e-03   2.9960290e-04   1.6185165e-05   1.2503356e-03   4.7391886e-04   9.1104309e-04   2.1511635e-04   3.2328686e-05   1.2620883e-06   7.0816621e-06   0.0000000e+00   4.4182334e-04   1.0773345e-05   6.2465626e-04   3.3345774e-04   1.4448605e-04   2.6477676e-05   0.0000000e+00   1.0495069e-04   4.1776386e-04   1.3644498e-05   8.0580011e-04   2.1295572e-05   1.8894633e-04   1.3224342e-03   1.0028786e-04   5.2404205e-05   6.3878104e-01   2.0250651e-01   1.0000000e+00   2.8657087e-02
   8.2707700e-01   1.6783995e-04   0.0000000e+00   1.0401092e-03   3.3378118e-04   1.0542023e-05   4.5363343e-03   4.0734484e-05   8.7556730e-04   1.6923987e-04   5.0386695e-05   2.3211147e-06   6.2331416e-07   0.0000000e+00   3.5007284e-04   1.0020601e-06   6.0870339e-04   1.5788532e-04   2.4099825e-04   1.2157351e-05   4.8857694e-06   6.4339735e-07   1.2356099e-04   0.0000000e+00   3.1410918e-04   5.6876364e-07   2.0726240e-04   1.3732516e-03   1.3616657e-04   0.0000000e+00   8.2707700e-01   9.2384177e-02   1.0000000e+00   2.7884789e-02
   4.4118170e-01   2.0271077e-03   4.2737648e-04   0.0000000e+00   1.6929014e-04   2.2216475e-04   1.3060247e-03   3.5913464e-06   4.0218824e-04   4.8462579e-04   7.5069521e-06   1.3652004e-05   2.4499602e-05   1.1277518e-03   1.7385890e-05   8.3613628e-05   1.3471055e-03   1.0797928e-03   0.0000000e+00   6.7755638e-06   2.8531890e-04   1.1069017e-03   1.0990765e-04   1.1590582e-06   1.5939822e-05   1.7234445e-04   3.7243879e-04   0.0000000e+00   0.0000000e+00   4.6470903e-04   4.4118170e-01   3.3812383e-01   1.0000000e+00   2.7665984e-02
   9.8003022e-01   3.8051416e-04   3.8316987e-04   8.7747179e-04   3.6427954e-04   1.9576793e-05   9.8943127e-04   1.0291241e-04   0.0000000e+00   2.3266237e-04   9.3475369e-05   2.0537148e-06   2.1100441e-06   3.1223562e-05   3.4453911e-04   6.3663313e-07   6.8373692e-04   0.0000000e+00   2.5073333e-04   6.4795407e-06   8.7612417e-06   4.5535265e-05   8.7593460e-05   2.8632641e-05   1.4205495e-04   2.0470445e-05   2.9692136e-04   8.5001168e-04   1.8408952e-04   2.3256467e-04   9.8003022e-01   1.1079847e-02   1.0000000e+00   2.7503711e-02
   3.0061769e-04   9.3139440e-05   0.0000000e+00   9.1144880e-04   1.4094015e-05   2.3223222e-05   8.6509540e-03   3.0884518e-04   2.9401980e-04   1.2613518e-05   4.3629999e-06   7.2779416e-07   4.6153732e-06   0.0000000e+00   4.1682725e-05   2.5276905e-08   1.6432856e-03   9.1614007e-04   0.0000000e+00   9.6488652e-06   3.5475248e-05   4.0186005e-05   1.3213483e-04   0.0000000e+00   9.0532574e-05   1.5841660e-04   3.7432495e-04   1.8052039e-04   6.0396393e-04   0.0000000e+00   3.0061769e-04   9.8713636e-01   1.0000000e+00   2.7299634e-02
   4.7451706e-01   1.1565876e-04   6.5579132e-05   1.0092905e-03   3.5833488e-04   2.2281149e-05   1.7855472e-03   4.4208002e-04   1.1407540e-03   2.3771475e-04   2.3670476e-05   2.2072443e-06   3.1224814e-08   0.0000000e+00   5.4424118e-04   1.0550500e-05   8.8541424e-04   3.6748537e-04   1.1291612e-04   2.5314400e-05   3.9164016e-06   9.5374415e-05   5.4393278e-04   1.6034007e-05   7.8307493e-04   0.0000000e+00   1.4528372e-04   1.0381355e-03   1.8837714e-05   1.1403680e-05   4.7451706e-01   3.1314369e-01   1.0000000e+00   2.7061312e-02
   3.2109805e-01   1.5486587e-03   4.5653139e-04   0.0000000e+00   1.0995967e-04   1.8347989e-04   1.4548185e-03   3.5121291e-06   4.3011668e-04   5.9984215e-04   8.2667181e-06   1.4053657e-05   3.6792476e-05   1.0196577e-03   1.9053059e-05   8.4636252e-05   1.1504547e-03   1.0542851e-03   0.0000000e+00   4.5817852e-06   2.8027806e-04   8.8301417e-04   1.0924275e-04   4.0103123e-07   0.0000000e+00   1.6967990e-04   4.5285248e-04   2.4493920e-04   0.0000000e+00   4.4574744e-04   3.2109805e-01   4.3573992e-01   1.0000000e+00   2.6542969e-02
   1.1080540e-01   2.7554624e-04   0.0000000e+00   1.1949032e-03   0.0000000e+00   2.5682401e-05   2.5125194e-03   1.0940828e-04   0.0000000e+00   0.0000000e+00   4.5045282e-06   1.1985653e-06   3.6155178e-06   2.4253865e-04   3.9706924e-05   0.0000000e+00   1.9046074e-03   5.4669790e-04   6.4065138e-05   1.1112851e-05   8.3711126e-05   2.0427765e-04   1.8163958e-05   2.3425274e-05   7.6678641e-05   8.6442464e-05   0.0000000e+00   4.3423992e-04   4.8477148e-06   8.0530230e-05   1.1080540e-01   6.6918200e-01   1.0000000e+00   2.6371029e-02
   8.5967298e-01   4.2596148e-04   3.7838645e-04   8.0937281e-04   5.8187318e-04   2.0651756e-05   8.7235641e-04   6.4075722e-05   1.0111649e-05   2.5069934e-04   4.8123500e-05   1.8900994e-06   1.1771685e-06   9.7072693e-06   2.7185401e-04   3.0594611e-07   1.4748705e-03   2.2547943e-04   3.3846631e-04   1.7508912e-05   4.8009785e-05   6.6776713e-05   6.4087327e-05   4.2858565e-04   2.5556208e-04   1.4185529e-05   6.8093972e-04   8.4741432e-04   2.1643035e-04   1.4356557e-04   8.5967298e-01   7.4241701e-02   1.0000000e+00   2.5425746e-02
   4.0168261e-01   1.4873401e-03   1.7479070e-04   1.4452603e-04   1.7488514e-04   8.7661179e-05   7.8675966e-04   9.3863945e-04   5.8223899e-04   5.1384104e-04   4.4081221e-05   7.8896938e-06   2.8091514e-05   8.1652128e-04   2.9859711e-05   6.1390708e-05   5.3529325e-04   1.2151522e-03   9.3882695e-05   7.0028393e-06   1.5299088e-04   7.8153710e-04   6.8301948e-05   0.0000000e+00   0.0000000e+00   1.7295815e-04   9.3200987e-04   1.9967842e-04   3.0600124e-06   5.1303518e-04   4.0168261e-01   3.6845381e-01   1.0000000e+00   2.4926284e-02
   1.6053657e-01   1.3858162e-05   0.0000000e+00   7.4833138e-04   1.1944080e-04   0.0000000e+00   4.2992303e-03   6.9062281e-05   3.0347259e-04   1.8692582e-04   1.4181946e-05   0.0000000e+00   3.9703865e-06   0.0000000e+00   2.8045571e-04   0.0000000e+00   1.5353618e-03   1.3524207e-03   2.1712492e-04   1.5131027e-05   3.0244650e-04   5.2144545e-05   2.6556340e-04   5.3462316e-04   8.4620808e-06   2.2517566e-05   7.9461514e-05   3.9028495e-04   6.4460921e-04   6.0958298e-04   1.6053657e-01   6.0232565e-01   1.0000000e+00   2.4628022e-02
   4.9001358e-01   1.6018686e-03   5.4399926e-04   1.2520550e-04   1.1881962e-04   2.0446507e-04   3.8722359e-03   0.0000000e+00   4.5783664e-04   3.6429373e-04   8.3325244e-06   1.1512116e-05   3.7846583e-05   9.5219960e-04   1.7831633e-05   6.0450667e-05   1.1412394e-03   1.0604223e-03   0.0000000e+00   3.8536592e-06   2.9530978e-04   7.5158991e-04   1.0374734e-04   3.2130318e-07   3.7106021e-07   1.6966450e-04   4.6886646e-04   2.2620059e-04   0.0000000e+00   3.6068912e-04   4.9001358e-01   3.0260587e-01   1.0000000e+00   2.3329170e-02
   4.2820580e-01   1.3138848e-04   1.5707771e-04   1.0413272e-03   0.0000000e+00   3.2506959e-05   1.5184822e-03   1.8792578e-06   1.6617634e-05   2.9121032e-06   8.8884513e-06   1.0581051e-06   4.4771750e-06   0.0000000e+00   2.4413577e-05   6.2563469e-06   2.3520390e-03   6.0475295e-04   5.5477964e-06   1.5935026e-05   3.0720032e-04   9.6135305e-05   1.0308166e-04   2.1443921e-07   0.0000000e+00   2.1895725e-04   1.1799732e-04   6.7495996e-04   1.0249878e-04   1.6767646e-04   4.2820580e-01   3.4723688e-01   1.0000000e+00   2.3221669e-02
   9.7143936e-01   5.0938714e-06   4.4397799e-04   1.5007638e-03   2.6831411e-04   4.0276522e-06   3.8508551e-03   0.0000000e+00   6.2342445e-04   5.4643664e-04   4.2621588e-05   1.5136063e-06   4.2788227e-06   5.7915818e-04   2.2935718e-04   4.7141319e-09   6.9732192e-04   3.0455646e-04   1.0622737e-03   1.5630728e-05   2.2312322e-04   0.0000000e+00   1.7127095e-04   2.5528255e-04   2.6744141e-04   3.8928093e-05   4.1242629e-04   1.7000197e-03   3.8206507e-04   2.8532574e-04   9.7143936e-01   1.6576419e-02   1.0000000e+00   2.2569395e-02
   9.0544422e-01   3.8568200e-04   2.6445311e-04   9.8424527e-04   3.6775759e-04   1.6842186e-05   2.0830662e-03   1.7122667e-04   0.0000000e+00   2.0319698e-04   6.3834973e-05   1.5838358e-06   9.4950697e-07   0.0000000e+00   2.8506931e-04   4.1095023e-07   2.3770549e-04   1.4164812e-04   2.3305545e-04   4.8451970e-06   6.4912852e-06   3.8103138e-05   1.3241555e-04   1.1582562e-05   3.6447083e-05   2.5663306e-05   2.7270747e-04   7.2348156e-04   2.3860120e-04   2.8534622e-04   9.0544422e-01   4.9626311e-02   1.0000000e+00   2.2397949e-02
   2.5476506e-01   0.0000000e+00   5.7958423e-04   9.5866396e-04   0.0000000e+00   2.3885902e-05   4.2728768e-03   2.1885147e-05   0.0000000e+00   2.0080608e-04   0.0000000e+00   8.6232224e-07   8.2764948e-06   0.0000000e+00   0.0000000e+00   0.0000000e+00   2.9139908e-03   2.5339778e-04   7.5978654e-05   1.1211924e-05   2.9782911e-07   1.6292111e-04   6.5011060e-05   0.0000000e+00   5.4688583e-05   1.7892022e-04   1.7106042e-06   2.7444751e-04   4.4546531e-05   0.0000000e+00   2.5476506e-01   4.9760240e-01   1.0000000e+00   2.2069247e-02
   6.7778479e-01   3.2221487e-04   2.5756913e-04   9.8509700e-04   2.7223565e-04   1.5614998e-05   2.2212366e-03   1.7442927e-04   7.4622899e-07   3.1044193e-04   5.0896753e-05   1.3659031e-06   1.2510841e-06   0.0000000e+00   2.9112922e-04   9.0934003e-07   3.2928874e-04   6.2043338e-05   2.7343782e-04   5.7615658e-06   1.0476955e-05   4.0869600e-05   1.3037727e-04   8.4425035e-06   3.4993598e-05   1.0359400e-04   2.6673678e-04   7.1997246e-04   2.0333623e-04   2.8390740e-04   6.7778479e-01   1.7807093e-01   1.0000000e+00   2.1510962e-02
   7.1401523e-01   1.4821601e-03   5.0725976e-04   9.9608200e-04   3.8563418e-04   2.5148477e-05   1.8376386e-03   7.8634313e-05   1.0332337e-04   1.8418176e-04   1.2632285e-04   3.4837364e-07   0.0000000e+00   1.6508827e-05   4.5205868e-04   8.8470166e-07   0.0000000e+00   9.0022991e-05   2.4064729e-04   2.0364139e-06   6.2202912e-05   3.9110542e-05   6.1791758e-05   1.3013056e-05   1.0012199e-04   3.4751741e-05   4.0985652e-04   9.7154760e-04   2.1289810e-04   2.1294426e-04   7.1401523e-01   1.5655632e-01   1.0000000e+00   2.1155769e-02
   5.3245247e-01   1.1802876e-04   8.5281764e-05   9.6129568e-04   3.4771999e-04   4.1598666e-05   1.7932051e-04   4.6403056e-04   9.4292263e-04   1.8615242e-04   3.1396929e-05   1.7936818e-06   0.0000000e+00   0.0000000e+00   5.8434305e-04   1.8752128e-05   5.1035409e-04   7.4887918e-04   9.3089812e-05   2.8294434e-05   0.0000000e+00   2.9943341e-05   3.8983477e-04   0.0000000e+00   5.5775450e-04   0.0000000e+00   1.1554438e-04   1.0356884e-03   8.7921832e-05   0.0000000e+00   5.3245247e-01   2.7179728e-01   1.0000000e+00   2.1055668e-02
   2.8830352e-01   1.6098285e-03   5.2831413e-04   8.9889837e-06   1.0537186e-04   7.3297094e-05   3.8920744e-03   6.3449811e-04   1.5909345e-03   5.3893259e-04   1.2646675e-05   0.0000000e+00   4.0572421e-05   3.1341206e-03   1.0573655e-04   7.6258982e-05   5.3298805e-04   2.2910766e-03   2.6217939e-04   1.1962905e-06   3.9627089e-04   5.8928294e-04   1.4557912e-04   2.3291220e-05   4.8713211e-05   2.4448185e-04   1.1504044e-03   0.0000000e+00   3.8437380e-04   5.1404778e-04   2.8830352e-01   4.6736214e-01   1.0000000e+00   2.1007587e-02
   8.4661768e-01   5.7106648e-04   3.6083164e-04   8.3485160e-04   5.4361052e-04   1.9526507e-05   6.1390887e-04   5.5519710e-05   1.0673162e-05   4.2054518e-04   4.3334376e-05   2.3018833e-06   1.8119963e-06   0.0000000e+00   2.4617818e-04   3.5486369e-07   1.4809634e-03   0.0000000e+00   2.8827618e-04   1.5902348e-05   4.0748598e-05   6.8312071e-05   6.4950321e-05   4.2237154e-04   2.3279598e-04   0.0000000e+00   5.9306015e-04   1.0389411e-03   2.0444515e-04   1.6680659e-04   8.4661768e-01   8.1280340e-02   1.0000000e+00   2.0853540e-02
   1.4393635e-01   1.2775457e-05   0.0000000e+00   7.7239767e-04   1.0269154e-04   0.0000000e+00   3.9694984e-03   8.3101772e-05   2.9777644e-04   1.4068345e-04   1.4194355e-05   6.9314834e-08   3.7514832e-06   0.0000000e+00   2.7722311e-04   0.0000000e+00   1.4967083e-03   1.3507759e-03   1.7997574e-04   1.5530617e-05   2.9180775e-04   5.2018494e-05   2.3871740e-04   4.5498629e-04   9.0831085e-06   4.3397222e-05   0.0000000e+00   4.0969743e-04   6.3390413e-04   6.6426164e-04   1.4393635e-01   6.2350689e-01   1.0000000e+00   2.0705822e-02
   4.5496667e-01   1.6725867e-03   4.8770951e-04   0.0000000e+00   0.0000000e+00   1.6734871e-04   1.5648655e-03   2.5850110e-04   5.5316165e-04   6.4702053e-04   2.4128073e-05   9.6482370e-06   4.0087970e-05   8.6242910e-04   8.1851795e-05   1.1194797e-04   1.1337389e-03   1.1060283e-03   0.0000000e+00   5.7149147e-06   3.0881577e-04   1.2299563e-03   7.5061624e-05   0.0000000e+00   0.0000000e+00   4.7862496e-04   3.7109883e-04   2.4026619e-04   3.3087175e-05   3.7208355e-04   4.5496667e-01   3.2792333e-01   1.0000000e+00   2.0065698e-02
   1.8543467e-01   1.7261320e-05   1.4894567e-06   7.3237416e-04   1.0227252e-04   0.0000000e+00   5.0670160e-03   9.0681367e-05   3.0232558e-04   2.0718428e-04   1.9294697e-05   0.0000000e+00   4.2465594e-06   0.0000000e+00   4.2652146e-04   0.0000000e+00   1.4983062e-03   1.5958154e-03   2.3790455e-04   1.6884124e-05   2.9307973e-04   5.7920212e-05   2.6045450e-04   6.6651176e-04   0.0000000e+00   6.3867407e-05   8.9078357e-05   3.7769394e-04   6.5947730e-04   6.3334390e-04   1.8543467e-01   5.7264802e-01   1.0000000e+00   2.0019959e-02
   5.0079727e-01   7.3920785e-05   1.0683502e-04   1.2425442e-03   2.5765514e-04   4.6580742e-06   1.2055300e-04   4.5016691e-04   9.4831396e-04   2.2595986e-04   3.6149115e-05   0.0000000e+00   0.0000000e+00   0.0000000e+00   1.2699088e-03   2.0576167e-05   5.2828002e-04   6.4560331e-04   9.1827594e-05   2.7074264e-05   0.0000000e+00   0.0000000e+00   5.3325828e-04   0.0000000e+00   7.1582465e-04   4.7544546e-06   1.3364935e-04   1.1347973e-03   1.1368885e-04   0.0000000e+00   5.0079727e-01   2.9407217e-01   1.0000000e+00   1.9974938e-02
   3.5506374e-02   1.2879679e-04   9.5273678e-05   9.3292204e-04   2.7009367e-04   2.2213397e-05   7.4209279e-03   2.4804697e-04   5.9195786e-04   1.5400380e-06   7.8058480e-06   9.4490870e-07   6.3537676e-06   0.0000000e+00   2.2544809e-04   2.3033849e-08   1.6477517e-03   9.3767764e-04   0.0000000e+00   1.0103646e-05   2.5859457e-05   1.3155040e-05   1.2445933e-04   0.0000000e+00   1.0099222e-04   1.6071214e-04   6.5638832e-04   0.0000000e+00   1.7669927e-03   2.8363078e-06   3.5506374e-02   8.1589801e-01   1.0000000e+00   1.9420704e-02
   8.3166902e-01   1.6190178e-04   0.0000000e+00   1.0151798e-03   3.5986047e-04   1.1007790e-05   4.5340618e-03   1.1949661e-04   5.4639445e-04   1.7070468e-04   5.1487647e-05   2.1008092e-06   5.7602831e-07   6.0367709e-08   2.6408051e-04   1.3942146e-06   5.9421389e-04   8.5496608e-05   2.3309134e-04   1.1684466e-05   0.0000000e+00   5.1474437e-06   2.2450110e-04   0.0000000e+00   2.1043468e-04   5.7964087e-07   1.6596900e-04   1.3766185e-03   1.6045048e-04   0.0000000e+00   8.3166902e-01   8.9782358e-02   1.0000000e+00   1.9163958e-02
   1.7077418e-02   0.0000000e+00   3.1406670e-04   1.0272746e-03   0.0000000e+00   1.8696215e-05   4.5006146e-03   9.0712132e-07   0.0000000e+00   7.9523973e-05   6.2554900e-06   1.1850288e-06   5.1017566e-06   2.0658994e-04   0.0000000e+00   7.6071462e-06   2.3123090e-03   4.3909562e-04   3.1304640e-05   8.9897442e-06   5.9133248e-05   3.2320379e-06   1.0157025e-04   0.0000000e+00   6.8523799e-05   1.4120988e-04   7.4848222e-05   6.5757092e-04   2.3365354e-06   1.1297128e-06   1.7077418e-02   8.7224027e-01   1.0000000e+00   1.9101239e-02
   9.6499048e-01   8.8821005e-04   4.3617821e-04   9.9504291e-04   3.5858644e-04   2.0722352e-05   0.0000000e+00   9.9745767e-05   8.3557651e-05   2.2965763e-04   1.2271856e-04   1.4510693e-06   0.0000000e+00   3.9592325e-05   3.6163792e-04   5.8145903e-07   0.0000000e+00   2.5093812e-05   2.5426286e-04   3.7016667e-06   4.7901519e-05   4.0939330e-05   4.4129743e-05   1.4469743e-05   1.2904826e-04   1.4391274e-05   3.7838929e-04   1.0383883e-03   2.2502193e-04   2.2034167e-04   9.6499048e-01   1.8620270e-02   1.0000000e+00   1.9028297e-02
   4.7191521e-02   3.0185479e-04   6.8258470e-05   1.2189964e-03   0.0000000e+00   0.0000000e+00   6.0476485e-03   0.0000000e+00   0.0000000e+00   5.2034460e-05   5.9116446e-06   1.4534683e-06   1.2599455e-05   1.8265923e-04   1.7991633e-04   2.0399473e-05   2.6646526e-03   1.7388853e-03   2.9815336e-04   3.2492408e-06   1.2469840e-04   0.0000000e+00   1.5447892e-04   9.5830447e-05   0.0000000e+00   4.5211629e-04   8.3535442e-05   2.9789322e-04   7.3300729e-04   3.7373406e-05   4.7191521e-02   7.8685194e-01   1.0000000e+00   1.8717099e-02
   2.3418693e-02   3.1364740e-05   2.2103200e-04   1.0524511e-03   5.7330032e-07   4.2099388e-05   3.0456994e-03   1.2560056e-06   1.7120687e-06   4.5117363e-05   1.1093109e-05   1.0855413e-06   4.5789688e-06   1.3543115e-04   6.9058053e-05   0.0000000e+00   2.2540298e-03   6.2856286e-04   6.8284384e-05   1.1212137e-05   6.1639094e-05   7.8055152e-05   1.2507111e-04   1.3929970e-07   7.0075913e-05   1.6451171e-04   1.7484790e-05   7.7352885e-04   1.6831530e-05   9.3755927e-05   2.3418693e-02   8.4955524e-01   1.0000000e+00   1.8400702e-02
   1.3919349e-01   1.4660210e-05   2.4982796e-04   1.0176832e-03   1.5940628e-04   1.8734938e-05   5.1750703e-03   0.0000000e+00   1.7197930e-04   0.0000000e+00   2.8779284e-06   1.7458678e-07   6.3470522e-06   1.9063230e-04   7.8463865e-05   5.4282526e-06   2.0570827e-03   4.4571051e-04   3.1023892e-05   0.0000000e+00   6.8185413e-05   2.4274571e-05   1.4727455e-04   1.4168425e-05   0.0000000e+00   1.4474624e-04   2.1677854e-04   3.1967659e-04   0.0000000e+00   2.0560103e-05   1.3919349e-01   6.2958520e-01   1.0000000e+00   1.8397551e-02
   4.5174924e-01   0.0000000e+00   4.2494788e-04   9.9683856e-04   4.3506480e-04   1.6280854e-05   3.3179127e-03   0.0000000e+00   7.5290315e-04   3.7319339e-04   3.9364375e-05   2.0157010e-06   0.0000000e+00   5.9583115e-05   5.8121725e-04   0.0000000e+00   1.1357610e-03   4.2395798e-04   5.4937627e-04   1.3647280e-05   1.6932149e-04   6.3723514e-06   1.9767867e-04   2.5330367e-04   2.3653516e-04   0.0000000e+00   1.0578606e-03   9.6410939e-04   4.5603881e-04   2.2253764e-04   4.5174924e-01   3.3049228e-01   1.0000000e+00   1.8380856e-02
   3.5671882e-01   3.7175506e-06   1.1508062e-05   9.4081231e-04   3.9870323e-04   8.7534912e-06   4.9474958e-03   8.3270392e-05   4.8919116e-04   1.7393516e-04   1.8504232e-05   1.6623583e-07   1.2697845e-05   3.2926056e-05   2.5125872e-04   0.0000000e+00   1.8113527e-03   9.8784414e-04   2.5801994e-04   1.3912559e-05   1.1980535e-04   3.1935832e-05   2.1811848e-04   0.0000000e+00   7.4951409e-06   6.2563000e-05   4.1035072e-05   2.4461125e-04   5.0965381e-04   9.5338269e-04   3.5671882e-01   4.0549144e-01   1.0000000e+00   1.8192312e-02
   4.4442031e-01   5.7618224e-06   0.0000000e+00   9.3313011e-04   3.4585138e-04   0.0000000e+00   4.7746297e-03   8.3689717e-05   2.9376083e-04   1.2859177e-04   4.3621431e-05   2.5045392e-07   1.6209387e-05   3.4134348e-06   2.4237633e-04   0.0000000e+00   1.7555115e-03   1.0281977e-03   2.6200305e-04   1.4193250e-05   1.1366025e-04   2.6750592e-05   1.7249017e-04   6.0739201e-06   1.1623164e-05   5.3454706e-05   5.1742825e-05   2.3792609e-04   4.5598021e-04   6.1874341e-04   4.4442031e-01   3.3576903e-01   1.0000000e+00   1.8188195e-02
   5.7639592e-01   3.8109235e-04   1.3387589e-04   1.1159609e-03   3.1252829e-04   2.0083771e-05   1.4072462e-03   4.1601281e-04   1.2373903e-03   1.2979732e-04   2.6953156e-05   1.3047979e-06   6.8347509e-06   0.0000000e+00   6.2091989e-04   9.2675834e-06   6.4805170e-04   3.1526078e-04   1.1695445e-04   2.7512685e-05   0.0000000e+00   1.0781247e-04   4.6615345e-04   1.3483847e-05   7.5122111e-04   8.4972814e-06   1.9963531e-04   1.4303868e-03   6.7228475e-05   0.0000000e+00   5.7639592e-01   2.4271335e-01   1.0000000e+00   1.8151159e-02
   2.9885565e-01   1.4269692e-03   4.8159757e-04   2.2553307e-04   2.0414624e-05   1.3547135e-04   1.5140863e-03   2.7837495e-04   6.8816334e-04   6.2742796e-04   7.5826050e-06   1.0141240e-05   4.2504396e-05   1.1128222e-03   0.0000000e+00   9.0812591e-05   1.1805935e-03   1.0896562e-03   5.7706382e-05   4.7579479e-06   3.7535166e-04   8.9918071e-04   1.8909995e-04   0.0000000e+00   2.4118869e-05   1.9947891e-04   4.0791636e-04   4.6684979e-04   2.3470892e-05   5.4010992e-04   2.9885565e-01   4.5605734e-01   1.0000000e+00   1.7994541e-02
   8.3757474e-04   9.2874017e-05   0.0000000e+00   9.1713437e-04   1.0618026e-04   2.3454854e-05   8.6393562e-03   2.9631612e-04   2.9486456e-04   1.1758567e-05   4.0956107e-06   7.9407354e-07   4.5912580e-06   0.0000000e+00   5.4800634e-05   2.2936023e-08   1.6465728e-03   9.1925078e-04   0.0000000e+00   9.7021511e-06   3.5503209e-05   4.0154004e-05   1.3113600e-04   0.0000000e+00   8.9765189e-05   1.5804695e-04   3.7480602e-04   1.7151960e-04   6.0550406e-04   8.1890905e-07   8.3757474e-04   9.7553354e-01   1.0000000e+00   1.7926525e-02
   2.7654280e-01   3.2531593e-03   5.2698507e-04   2.7649902e-04   1.3075794e-04   9.3421117e-05   4.0694359e-03   6.6554426e-04   1.4209453e-03   6.4130496e-04   1.2708190e-05   5.3113675e-06   3.4612130e-05   3.1723046e-03   1.1989205e-04   6.2290327e-05   0.0000000e+00   3.0943406e-03   2.2771940e-04   0.0000000e+00   4.3606000e-04   5.7903057e-04   1.5468828e-04   3.8503814e-05   3.4753773e-05   2.5919856e-04   1.2129832e-03   1.1452784e-04   4.0398946e-04   3.5351141e-04   2.7654280e-01   4.7902337e-01   1.0000000e+00   1.7778250e-02
   6.6879442e-01   1.3186970e-05   1.0402978e-04   9.7760260e-04   1.5881672e-04   3.4817604e-05   5.1213174e-03   0.0000000e+00   3.4001546e-04   2.4733198e-05   3.5709395e-05   3.3458135e-06   0.0000000e+00   5.4465510e-05   3.6344244e-04   0.0000000e+00   1.0150331e-03   3.8471636e-04   4.2057228e-04   2.6369023e-05   0.0000000e+00   8.9621192e-05   2.8244775e-04   4.0094823e-06   4.4878793e-04   3.2634917e-06   4.8448456e-04   1.2374631e-03   4.0832484e-04   0.0000000e+00   6.6879442e-01   1.8441095e-01   1.0000000e+00   1.7611509e-02
   3.2149484e-02   1.3275348e-04   4.3948687e-05   9.3271773e-04   2.5421933e-04   2.1436186e-05   1.0398681e-02   2.3882685e-04   9.3286789e-04   0.0000000e+00   7.3662483e-06   9.8650906e-07   4.4264398e-06   0.0000000e+00   9.1537781e-05   0.0000000e+00   1.5564513e-03   8.0849236e-04   1.8877769e-05   1.0159370e-05   2.2328983e-05   3.1079262e-05   1.1727762e-04   0.0000000e+00   1.1395033e-04   1.4209128e-04   3.1748436e-04   1.5354733e-05   6.9284959e-04   0.0000000e+00   3.2149484e-02   8.2547421e-01   1.0000000e+00   1.7472298e-02
   1.8925085e-01   2.6030660e-04   1.2654976e-06   1.0217941e-03   0.0000000e+00   0.0000000e+00   6.7690016e-03   9.4104831e-06   1.2059865e-04   0.0000000e+00   7.7565867e-06   1.8939775e-06   0.0000000e+00   2.4985347e-04   0.0000000e+00   0.0000000e+00   2.4545595e-03   1.0384489e-03   2.2496303e-04   1.1449162e-05   9.4152573e-05   1.0964243e-04   2.6866733e-04   3.3377182e-06   6.9882797e-05   4.6050213e-04   6.7171618e-05   7.3506897e-04   6.8088898e-04   2.7021587e-05   1.8925085e-01   5.6853817e-01   1.0000000e+00   1.7425910e-02
   5.2353783e-01   0.0000000e+00   8.1029274e-05   1.1868288e-03   2.5818781e-04   3.0894616e-07   1.4169112e-04   4.7749683e-04   9.4827932e-04   2.1972546e-04   3.0634591e-05   1.9653781e-06   0.0000000e+00   3.2230230e-07   5.5369321e-04   2.0880921e-05   5.0697779e-04   6.6762127e-04   9.4083745e-05   2.7273994e-05   8.8142797e-07   5.0668186e-05   4.9871576e-04   0.0000000e+00   5.8187336e-04   6.2033849e-06   1.2125755e-04   1.2928742e-03   1.1139272e-04   3.3645090e-05   5.2353783e-01   2.7800902e-01   1.0000000e+00   1.7277714e-02
   7.0318605e-01   0.0000000e+00   0.0000000e+00   1.0178942e-03   2.6854737e-04   3.6968368e-05   0.0000000e+00   4.7538046e-04   1.1569280e-03   3.7135573e-04   2.8763564e-05   1.6496911e-06   0.0000000e+00   0.0000000e+00   5.2885837e-04   5.9499640e-06   5.9403100e-04   4.1435026e-04   1.1359498e-04   2.9357353e-05   2.5353206e-05   1.7994209e-06   4.2806563e-04   0.0000000e+00   7.7668660e-04   3.3870766e-05   1.4934306e-04   1.2113854e-03   7.0175813e-05   6.1989485e-05   7.0318605e-01   1.6284488e-01   1.0000000e+00   1.7267662e-02
   7.0327558e-01   6.0179891e-04   3.6006876e-04   8.6868125e-04   5.5245961e-05   5.0861355e-06   0.0000000e+00   2.3326950e-05   2.0118042e-05   3.4157121e-04   1.2009729e-04   2.0936083e-06   1.4064374e-07   0.0000000e+00   2.4864571e-04   4.0473596e-08   1.4383092e-03   2.2974816e-04   2.1083984e-04   1.4517466e-05   3.7629594e-05   0.0000000e+00   1.1387983e-04   3.2475167e-04   1.9124230e-04   0.0000000e+00   7.7207340e-04   1.1722160e-03   2.7168561e-04   2.5284921e-04   7.0327558e-01   1.6276877e-01   1.0000000e+00   1.7108753e-02
   1.0014186e-01   7.4625169e-06   1.4192023e-04   1.0011408e-03   4.1678056e-05   1.6807448e-06   2.4012924e-03   0.0000000e+00   1.9706753e-05   4.8323456e-05   5.5443743e-06   4.4459029e-07   4.4151238e-06   2.5776733e-04   0.0000000e+00   1.4624286e-05   1.3686579e-03   7.0400810e-04   1.0479926e-04   9.4913813e-06   4.4506102e-05   1.2164400e-06   6.1641035e-05   0.0000000e+00   6.8966525e-05   1.2467391e-04   1.4025585e-05   7.2837983e-04   5.0402143e-05   0.0000000e+00   1.0014186e-01   6.8543614e-01   1.0000000e+00   1.7030884e-02
   9.9111843e-01   3.6993314e-04   3.9023702e-04   8.4228098e-04   5.5737061e-04   2.1408726e-05   9.4513926e-04   3.1672261e-05   1.5631173e-04   2.6461879e-04   9.1823089e-05   1.8386874e-06   1.8985981e-08   0.0000000e+00   3.8079858e-04   0.0000000e+00   8.6554829e-04   9.5445660e-06   2.2198369e-04   1.5312399e-05   3.2138891e-05   1.1451291e-04   9.0015783e-05   0.0000000e+00   1.7110220e-04   0.0000000e+00   4.1562047e-04   1.1360421e-03   1.7757463e-04   2.3667845e-04   9.9111843e-01   5.6265043e-03   1.0000000e+00   1.7006889e-02
   6.5814809e-03   0.0000000e+00   1.6972467e-04   1.1100522e-03   0.0000000e+00   0.0000000e+00   3.1497091e-03   1.6007877e-06   1.1891757e-06   0.0000000e+00   6.2208896e-06   4.3711164e-07   1.0930328e-06   2.4473765e-04   7.2699502e-05   1.1563888e-05   1.5503897e-03   6.6589945e-04   8.7600574e-05   1.0204476e-05   1.0085995e-04   4.6471049e-10   1.2042191e-04   0.0000000e+00   2.8667180e-05   1.1825271e-04   1.4521329e-05   7.0965476e-04   4.1248296e-05   0.0000000e+00   6.5814809e-03   9.2132033e-01   1.0000000e+00   1.6957481e-02
   4.3477498e-02   1.7770652e-04   0.0000000e+00   9.8679747e-04   1.0190728e-04   2.9177571e-05   6.5419319e-03   2.1502481e-04   4.3491429e-04   0.0000000e+00   7.4626914e-06   9.3518812e-07   2.4357445e-06   0.0000000e+00   9.4174078e-05   0.0000000e+00   1.4012959e-03   5.0967281e-04   0.0000000e+00   1.0701086e-05   1.0539410e-04   1.1434196e-04   1.9281939e-04   0.0000000e+00   3.9651822e-05   2.0086608e-04   2.6256372e-04   2.6331583e-04   5.9936601e-04   0.0000000e+00   4.3477498e-02   7.9490497e-01   1.0000000e+00   1.6896284e-02
   5.7391755e-01   3.6369127e-04   4.7630720e-05   1.0222680e-03   2.3264820e-04   8.9901528e-06   1.6870383e-03   5.6918405e-04   1.0382677e-03   5.9436848e-05   3.2809996e-05   1.7761932e-06   1.2650325e-07   0.0000000e+00   4.8744557e-04   8.4298112e-06   1.2713865e-03   4.3323153e-04   1.0302765e-04   2.3341195e-05   2.1875955e-07   4.6546248e-05   4.9226514e-04   1.1437766e-05   5.7751712e-04   4.2628528e-06   0.0000000e+00   9.2521581e-04   8.0286092e-07   0.0000000e+00   5.7391755e-01   2.4424903e-01   1.0000000e+00   1.6844057e-02
   2.6206767e-01   9.9893022e-04   4.7110704e-04   0.0000000e+00   1.0328163e-04   1.3062849e-04   0.0000000e+00   6.5261538e-04   1.4231764e-03   5.6132028e-04   9.8775010e-06   5.1045323e-06   4.5735216e-05   2.6555429e-03   1.1927621e-04   6.2690599e-05   7.0856398e-04   2.3904907e-03   2.7434042e-04   0.0000000e+00   2.5654598e-04   5.6808831e-04   1.6145715e-04   2.9699607e-05   5.4479150e-05   3.2196600e-04   9.3371301e-04   4.9049081e-06   3.8658979e-04   6.5220578e-04   2.6206767e-01   4.9130438e-01   1.0000000e+00   1.6700603e-02
   3.5684808e-01   1.3881035e-03   5.3185145e-04   0.0000000e+00   1.5332327e-04   8.4629417e-05   1.6849361e-03   4.5839842e-04   7.3265283e-04   3.7205942e-04   2.8366120e-05   9.3182978e-06   6.5047065e-05   1.6382313e-03   3.0481728e-06   2.9600881e-05   4.2188711e-04   1.9788003e-03   3.0737022e-04   4.5880658e-06   2.2869942e-04   6.4748933e-04   6.6613955e-05   4.2509654e-05   0.0000000e+00   2.0680493e-04   5.6312701e-04   0.0000000e+00   3.2687277e-04   3.2856617e-04   3.5684808e-01   4.0531119e-01   1.0000000e+00   1.6559919e-02
   9.8883386e-01   2.3170343e-04   4.3409032e-04   9.2256008e-04   5.3865600e-04   2.8217699e-05   0.0000000e+00   1.1876081e-04   1.3703758e-04   1.9415386e-04   1.3511194e-04   2.5147204e-06   2.2075468e-07   2.5963103e-04   2.3812316e-04   0.0000000e+00   0.0000000e+00   5.1155554e-05   3.7294630e-04   6.3045906e-06   0.0000000e+00   0.0000000e+00   1.1793794e-04   1.0146953e-05   2.1154272e-04   0.0000000e+00   2.9946699e-04   8.3350324e-04   1.1149066e-04   2.1544322e-04   9.8883386e-01   6.4527573e-03   1.0000000e+00   1.6533764e-02
   2.4192735e-01   1.4747244e-04   1.8191512e-04   1.0017831e-03   0.0000000e+00   3.2401226e-05   1.7913401e-03   1.6809842e-06   1.5215859e-05   1.9260855e-05   8.6565978e-06   1.0536545e-06   4.3606932e-06   0.0000000e+00   2.5360186e-06   6.1471576e-06   2.3206300e-03   6.0634760e-04   0.0000000e+00   1.5338833e-05   2.8712710e-04   9.5928666e-05   1.0114716e-04   0.0000000e+00   0.0000000e+00   2.3083225e-04   1.4479869e-04   6.6039083e-04   8.7706696e-05   1.5558892e-04   2.4192735e-01   5.0999264e-01   1.0000000e+00   1.6531368e-02
   6.5999072e-01   1.8610205e-03   5.4922022e-04   0.0000000e+00   1.2603213e-04   2.8878320e-04   5.0636006e-03   1.4236895e-05   3.6719116e-03   3.3226033e-04   2.2716856e-05   4.5581675e-06   4.8178475e-05   5.6198483e-04   5.7072059e-05   5.2236402e-05   0.0000000e+00   2.1564568e-07   3.8608446e-04   0.0000000e+00   6.4158032e-04   1.0053368e-03   1.7421191e-04   7.5647108e-04   3.2154117e-04   5.7625016e-05   8.1551054e-04   7.4574425e-07   1.1701342e-04   2.2456735e-04   6.5999072e-01   1.9076606e-01   1.0000000e+00   1.6464919e-02
   1.6640432e-03   8.7098334e-05   2.0116190e-04   1.0209396e-03   3.1149936e-05   3.0076749e-05   1.5077178e-03   0.0000000e+00   1.2499262e-05   0.0000000e+00   1.2729814e-05   7.6713375e-07   3.3308182e-06   0.0000000e+00   8.7309280e-05   1.1851960e-05   2.2407573e-03   1.0309149e-03   8.4331866e-05   1.1398630e-05   2.1820969e-04   7.1196013e-05   1.0332262e-04   7.0196234e-07   1.1172639e-04   3.0958215e-04   2.2459638e-04   6.8555101e-04   7.0723774e-05   1.0009836e-04   1.6640432e-03   9.6172147e-01   1.0000000e+00   1.6429760e-02
   1.7627053e-01   3.0616695e-04   0.0000000e+00   1.1469877e-03   0.0000000e+00   0.0000000e+00   6.5631121e-03   4.1377426e-04   3.4889334e-04   5.9718565e-05   3.4439418e-05   9.8616688e-09   1.3113314e-06   2.3098241e-05   1.7497119e-04   5.6640270e-06   3.5040986e-03   7.3432404e-04   1.3172549e-04   1.2225230e-05   1.2017281e-04   6.0219907e-05   7.6992258e-05   6.0056517e-05   1.0176574e-04   3.7669504e-04   5.0273436e-05   2.9225678e-04   1.9938284e-04   8.0229338e-05   1.7627053e-01   5.8380344e-01   1.0000000e+00   1.6344776e-02
   1.1402364e-02   2.4425448e-05   2.2314219e-04   1.0412042e-03   1.4379122e-05   2.7264382e-05   1.3368651e-03   0.0000000e+00   0.0000000e+00   3.3245056e-05   9.2323177e-06   9.8036053e-07   7.0746078e-06   1.3265740e-04   1.0604352e-06   1.7204386e-06   2.3040394e-03   3.1211381e-04   6.2399147e-05   9.1331506e-06   7.3650757e-05   3.2231435e-05   2.0495927e-04   0.0000000e+00   5.9427256e-05   1.0440310e-04   1.1181960e-05   9.5894759e-04   7.6678359e-06   1.4306382e-04   1.1402364e-02   8.9531473e-01   1.0000000e+00   1.5997452e-02
   2.5440779e-02   0.0000000e+00   2.4114843e-04   9.1602399e-04   0.0000000e+00   3.1311474e-05   3.9765633e-03   0.0000000e+00   1.1500417e-04   0.0000000e+00   9.0528607e-06   9.4690055e-07   7.0560041e-06   1.7253884e-04   1.3516936e-04   1.2379323e-05   5.0823852e-03   0.0000000e+00   8.7687795e-05   1.1742089e-05   7.0932092e-05   8.0990088e-05   1.4379344e-04   8.6815084e-05   6.8932845e-05   1.3881330e-04   0.0000000e+00   6.5370070e-04   6.9987003e-06   1.7489894e-04   2.5440779e-02   8.4398999e-01   1.0000000e+00   1.5951119e-02
