   1.0000000e+00   5.8614022e-06   4.4927852e-06   3.9406964e-06   5.8282301e-05   4.6337708e-04   0.0000000e+00   2.9204300e-05   3.8000879e-06   1.6625374e-04   1.5181384e-04   5.8790653e-05   4.7591339e-06   0.0000000e+00   4.5245313e-08   7.9743838e-05   1.4194959e-04   1.8657891e-06   2.4128295e-05   0.0000000e+00   2.1617823e-04   1.1203838e-05   2.4107632e-04   2.6336486e-05   1.4912157e-04   8.7655731e-05   2.7698600e-04   3.4863144e-05   2.9495244e-05   4.9981913e-05   1.0000000e+00   3.6025218e-04   1.0000000e+00             Inf
   0.0000000e+00   9.3404341e-05   2.5019602e-06   1.6027746e-04   1.6810014e-04   2.3694189e-05   3.9183272e-05   0.0000000e+00   3.7993464e-05   2.3571234e-04   0.0000000e+00   5.2460474e-05   0.0000000e+00   0.0000000e+00   4.9890945e-08   3.5514628e-05   1.6621829e-04   1.1515729e-05   2.7740008e-06   5.5045066e-06   3.4766797e-05   0.0000000e+00   1.4625066e-05   5.1570379e-06   1.7318804e-04   2.2720728e-04   1.8652662e-05   1.3007925e-06   1.2824487e-04   4.8029410e-05   0.0000000e+00   1.0005233e+00   1.0000000e+00             Inf
   1.6836241e-02   1.0099348e-04   1.0995290e-05   1.8127561e-04   1.7158648e-04   2.7995576e-05   4.1764501e-05   1.8189960e-06   3.6658483e-05   2.3602237e-04   2.1911297e-05   3.7119987e-05   5.0038235e-06   0.0000000e+00   4.7765885e-08   3.8738400e-05   1.7446856e-04   0.0000000e+00   2.3050400e-06   4.2354559e-05   8.0539223e-05   0.0000000e+00   1.4612142e-05   0.0000000e+00   1.7220472e-04   2.3917950e-04   0.0000000e+00   1.1332051e-05   1.4215169e-04   5.2724173e-05   1.6836241e-02   8.7078055e-01   1.0000000e+00   6.6852128e-02
   9.6043404e-01   8.7666939e-06   1.2020910e-04   1.0668508e-05   0.0000000e+00   4.1209412e-04   7.5377140e-07   1.6572624e-05   4.2588862e-05   2.0806545e-04   1.4995235e-04   5.6800720e-05   2.0505361e-04   3.2880065e-06   4.8037136e-08   3.8708895e-05   1.2484525e-04   7.3521188e-06   1.7910846e-05   1.0875897e-05   2.2310906e-04   1.4607064e-05   2.4663539e-04   3.0354899e-05   1.2570517e-04   1.1891598e-04   2.4646913e-04   4.4002593e-05   2.1730221e-05   1.2703287e-05   9.6043404e-01   2.0381364e-02   1.0000000e+00   5.9168853e-02
   4.5859295e-01   1.4535434e-04   9.2786810e-04   6.8355256e-04   3.4375833e-04   0.0000000e+00   1.4023800e-04   6.0816483e-04   5.2560571e-05   4.4950080e-04   3.0606116e-04   8.1855409e-04   0.0000000e+00   0.0000000e+00   4.1172140e-08   4.2451866e-06   7.5442403e-05   4.7080810e-03   1.1831694e-06   4.1520162e-04   1.4981531e-04   3.9012674e-05   3.1271241e-05   1.8425158e-04   2.0211211e-04   1.8434518e-04   3.0506649e-04   9.2895682e-05   1.9641562e-04   4.7124671e-05   4.5859295e-01   3.2508700e-01   1.0000000e+00   4.7707769e-02
   9.9068940e-01   1.2857176e-05   1.5918175e-05   1.4107402e-05   6.6928678e-05   7.3961859e-04   0.0000000e+00   0.0000000e+00   1.5912008e-06   1.9881353e-04   7.9397113e-05   6.9507892e-05   0.0000000e+00   0.0000000e+00   4.2677735e-08   3.3576265e-05   1.1608762e-04   3.3745772e-06   2.1464022e-05   0.0000000e+00   2.2779017e-04   1.4185401e-05   2.3361375e-04   1.7631327e-05   1.9743741e-04   1.0179615e-04   1.9677358e-04   5.3835883e-05   4.4053771e-05   2.8430062e-05   9.9068940e-01   5.0542599e-03   1.0000000e+00   4.5764530e-02
   4.8301188e-01   2.1145905e-05   6.9456341e-06   2.5072656e-04   2.1794028e-04   0.0000000e+00   0.0000000e+00   1.1735815e-04   3.4281317e-05   1.3199522e-04   1.4974525e-04   4.6781152e-05   2.0052839e-04   9.8019874e-06   5.1793346e-08   7.3860803e-05   1.0898743e-04   1.3119588e-04   8.3722888e-06   4.7359225e-04   6.7802910e-05   1.8511540e-05   1.5078342e-07   8.5841137e-07   1.6444481e-04   5.3067796e-04   2.5677740e-04   4.3034081e-04   1.8827475e-04   2.2341967e-05   4.8301188e-01   3.0575141e-01   1.0000000e+00   4.5283869e-02
   1.7349189e-04   1.1615819e-04   8.3227026e-06   1.8231362e-04   1.4653560e-04   2.1392279e-05   5.8176927e-05   0.0000000e+00   4.1943022e-05   1.9098296e-04   0.0000000e+00   5.0610918e-05   0.0000000e+00   0.0000000e+00   4.8450604e-08   4.0155331e-05   2.0298526e-04   0.0000000e+00   1.2313715e-06   1.4645393e-05   6.5944643e-05   0.0000000e+00   2.6249939e-05   2.9833021e-06   1.7191735e-04   2.2312707e-04   0.0000000e+00   3.6324435e-05   1.7180030e-04   5.5443385e-05   1.7349189e-04   9.8739234e-01   1.0000000e+00   4.0291709e-02
   8.6330424e-01   1.8701328e-09   5.4950480e-04   7.4298703e-05   9.3895992e-05   7.9819028e-05   2.1273880e-04   0.0000000e+00   4.8583831e-05   4.6791194e-04   1.0094218e-03   3.0806646e-05   1.1432137e-03   0.0000000e+00   9.6858280e-08   7.0273867e-06   1.4039965e-04   1.9229242e-04   4.3423597e-07   2.6716909e-04   2.6214744e-05   7.7181331e-05   1.4054699e-04   3.6261660e-04   3.0293814e-04   0.0000000e+00   3.2501451e-04   5.2326673e-05   0.0000000e+00   5.1841720e-05   8.6330424e-01   7.1798581e-02   1.0000000e+00   3.8595602e-02
   5.9212851e-01   1.2196135e-04   1.3514324e-05   2.3934880e-04   1.6073008e-04   2.2749591e-06   1.0065236e-04   0.0000000e+00   6.0234420e-06   1.6613637e-04   1.0290990e-04   1.0003731e-06   0.0000000e+00   8.4209842e-05   5.2226879e-08   2.5994880e-05   2.5443227e-04   7.3011993e-05   4.1031512e-06   6.1619064e-05   1.1942941e-05   0.0000000e+00   2.0349079e-05   5.0532839e-05   1.8783891e-04   1.8459959e-04   6.0102666e-05   1.5527154e-04   2.5728447e-04   3.9391061e-05   5.9212851e-01   2.3095663e-01   1.0000000e+00   3.7770534e-02
   9.3954500e-01   6.1400192e-05   5.4078273e-06   7.3394167e-05   2.0788089e-05   5.3202139e-04   4.0671195e-06   4.9918170e-05   1.3061492e-05   2.4253728e-04   2.4279642e-04   1.4654553e-04   2.1178910e-05   1.0500714e-04   4.5314301e-08   2.5336079e-05   1.2410114e-04   1.1676222e-04   2.1874168e-05   4.2924145e-05   2.4581575e-04   2.7127053e-06   2.8329317e-04   2.1950176e-05   1.5572964e-04   0.0000000e+00   2.9814015e-04   7.6109224e-05   8.2995898e-06   1.3832114e-04   9.3954500e-01   3.1191347e-02   1.0000000e+00   3.6455036e-02
   2.4375972e-02   1.0194741e-04   7.3326708e-06   1.7474821e-04   1.5789428e-04   1.6123934e-05   4.9417108e-05   0.0000000e+00   4.5864999e-05   2.0563532e-04   5.8751156e-06   3.9432384e-05   0.0000000e+00   8.5079762e-06   4.8422709e-08   4.8307309e-05   2.0585992e-04   1.8116327e-05   1.2643956e-06   2.3236222e-05   3.9485613e-05   4.4480774e-05   2.7541753e-05   0.0000000e+00   1.7067918e-04   2.0973178e-04   0.0000000e+00   2.8557179e-05   1.6974678e-04   5.4124315e-05   2.4375972e-02   8.4440240e-01   1.0000000e+00   3.6073760e-02
   3.7878073e-01   1.0040318e-04   1.3107283e-04   3.4628697e-04   1.2543654e-04   5.1919912e-06   2.4282991e-04   3.8925457e-06   2.6253527e-05   1.3982931e-04   6.5145879e-06   5.3416177e-05   2.7796293e-04   5.4911457e-05   4.3272930e-08   3.6904326e-05   2.7937456e-04   2.0190773e-05   2.3936016e-06   7.7567763e-05   5.2187094e-05   1.1013209e-05   7.2065815e-05   0.0000000e+00   1.9969356e-04   1.5962283e-04   0.0000000e+00   1.1227826e-04   1.3935339e-04   3.6634596e-05   3.7878073e-01   3.8513135e-01   1.0000000e+00   3.4726866e-02
   1.0679588e-02   1.9410583e-05   1.2212325e-04   1.2995333e-04   1.7438019e-04   1.2905361e-04   2.0715750e-05   1.9104799e-04   2.7874891e-06   9.7592033e-05   3.8119815e-05   9.4276395e-05   1.0604479e-04   1.7054417e-04   5.1797853e-08   8.9847316e-07   2.9401819e-05   1.3235519e-04   0.0000000e+00   2.8600647e-04   1.7973142e-04   2.9068776e-05   1.9625840e-05   3.6256406e-05   1.7869415e-04   1.4864974e-04   3.2086866e-04   1.6538534e-04   1.9820438e-04   6.6950894e-05   1.0679588e-02   8.9756681e-01   1.0000000e+00   3.4634210e-02
   5.7625447e-01   2.1079241e-04   1.3252616e-05   2.8454515e-04   4.0778299e-05   1.1000197e-03   8.8611044e-06   3.0938593e-04   4.1321113e-05   3.6165610e-04   2.7413458e-04   1.1102588e-04   2.9734605e-05   7.3723105e-04   5.8314633e-08   4.8225056e-05   1.2787917e-04   4.0550261e-05   5.3205903e-06   0.0000000e+00   2.3975815e-04   3.6923004e-05   3.0541418e-04   0.0000000e+00   1.4733398e-07   9.2167160e-07   3.0686573e-04   4.6952386e-05   1.0281873e-04   1.5654966e-04   5.7625447e-01   2.4183737e-01   1.0000000e+00   3.3420046e-02
   9.2769905e-01   1.8020658e-04   0.0000000e+00   0.0000000e+00   4.3932267e-05   3.3800167e-04   8.7235655e-04   3.9198647e-05   6.6816279e-05   3.5606507e-04   3.0906722e-04   5.5811523e-04   7.5829892e-04   2.8950658e-04   5.9131187e-08   2.8768292e-05   8.5947722e-05   7.2584630e-05   1.8263614e-05   1.7367959e-04   1.8214209e-04   6.7920511e-05   1.8939871e-04   2.5379398e-06   1.3496931e-04   5.6342636e-05   2.6659389e-04   1.5461909e-06   1.2687209e-04   1.5186821e-04   9.2769905e-01   3.7693118e-02   1.0000000e+00   3.2747103e-02
   9.5182174e-01   2.4247565e-04   3.1809365e-05   6.0696423e-06   5.9268804e-05   4.8347309e-04   9.6874076e-04   0.0000000e+00   4.3523839e-05   7.4240861e-04   3.9228646e-04   5.3426896e-04   7.8305660e-04   2.4758666e-04   4.8969414e-08   2.4458634e-05   9.5393070e-05   7.3483200e-05   9.1276862e-06   1.7356432e-04   2.1754139e-04   9.6634546e-05   1.8923770e-04   3.8135244e-07   1.0947398e-04   0.0000000e+00   2.6843082e-04   0.0000000e+00   1.2270965e-04   1.9841617e-04   9.5182174e-01   2.5358759e-02   1.0000000e+00   3.1697264e-02
   1.5239286e-03   9.4669793e-06   2.2567127e-04   1.6532593e-04   1.5862248e-04   3.3831906e-05   2.8989207e-04   1.3852044e-04   4.3607420e-06   8.8789640e-05   0.0000000e+00   0.0000000e+00   1.3964206e-04   1.3382634e-04   5.1030564e-08   0.0000000e+00   7.7786138e-05   3.9018097e-05   1.6509390e-06   1.4944533e-04   1.4871159e-04   1.1970971e-05   0.0000000e+00   0.0000000e+00   1.7519288e-04   4.9371887e-05   0.0000000e+00   2.0585144e-04   2.4354530e-04   9.4806542e-05   1.5239286e-03   9.6174917e-01   1.0000000e+00   3.1390709e-02
   3.7885767e-02   4.6068095e-05   7.9355011e-06   4.4841204e-04   2.4782245e-04   3.2641011e-05   2.4177955e-04   1.8632547e-05   3.0105885e-05   1.6451550e-04   4.5114245e-05   4.0600590e-05   0.0000000e+00   9.2650784e-05   4.1428182e-08   5.6344609e-05   3.9417376e-04   4.0319554e-05   2.7889892e-06   1.6973396e-05   2.0365351e-05   0.0000000e+00   1.9747323e-04   1.1450122e-04   2.5043067e-04   1.4659309e-04   6.5308019e-05   1.0225808e-04   1.4265420e-04   0.0000000e+00   3.7885767e-02   8.0618840e-01   1.0000000e+00   3.0733807e-02
   1.1124905e-01   1.3839403e-04   7.6776682e-05   1.5037245e-04   1.5681491e-04   0.0000000e+00   1.2604170e-04   0.0000000e+00   3.9971846e-05   2.0170120e-04   5.8570410e-06   0.0000000e+00   6.2652316e-04   0.0000000e+00   4.9577021e-08   0.0000000e+00   4.7674606e-04   8.5091839e-06   4.7650338e-06   7.4600060e-05   0.0000000e+00   5.5589200e-06   8.5440341e-05   2.3767555e-06   2.5741068e-04   2.4331841e-04   1.2947661e-05   9.8163751e-05   1.9054567e-04   5.1954246e-05   1.1124905e-01   6.6724464e-01   1.0000000e+00   3.0701730e-02
   9.0876331e-01   3.2949251e-04   1.9433418e-04   7.9468306e-05   4.4797268e-05   5.1406576e-04   4.4990014e-05   2.2742962e-04   3.7521820e-05   4.6054414e-04   5.0325244e-04   0.0000000e+00   9.7817088e-05   7.8070616e-05   5.8073679e-08   1.8150012e-05   1.6057060e-04   7.9785239e-06   5.0760029e-06   0.0000000e+00   0.0000000e+00   2.4001532e-04   1.1597522e-04   8.4664515e-04   2.0280469e-04   1.1691526e-04   5.0957050e-04   2.2151891e-04   8.2869193e-05   4.0396299e-05   9.0876331e-01   4.7550919e-02   1.0000000e+00   2.9982691e-02
   5.3778733e-01   1.9482637e-04   6.8816196e-05   2.2561154e-04   1.5032206e-04   3.8965518e-05   1.5752376e-04   7.4017232e-05   3.6884826e-05   3.4481309e-04   5.0521684e-05   3.6370257e-05   4.0431119e-05   6.9958883e-05   4.6986863e-08   2.3917333e-05   4.7756320e-04   1.6487940e-05   5.1900901e-06   1.5698300e-04   6.4956349e-05   1.2759072e-05   2.0503942e-04   0.0000000e+00   8.9378561e-05   4.8422914e-04   6.8243018e-05   8.8368160e-05   1.7765726e-04   3.9510371e-05   5.3778733e-01   2.6732841e-01   1.0000000e+00   2.9977056e-02
   3.9257850e-01   1.6898675e-05   1.7407025e-04   2.2990091e-04   1.1263909e-04   2.5554817e-04   0.0000000e+00   1.3782807e-04   1.1295879e-04   1.1541883e-04   3.1507863e-04   3.1021741e-04   9.9657295e-05   1.7325081e-04   1.2942786e-08   1.0310185e-05   1.5290783e-04   1.3012330e-04   0.0000000e+00   2.4575021e-04   1.9878805e-04   2.3149707e-05   7.4391082e-06   8.4641407e-05   6.8337855e-05   1.7504423e-04   2.1764497e-04   5.7942717e-06   1.2328884e-04   8.5337358e-05   3.9257850e-01   3.7420265e-01   1.0000000e+00   2.9878891e-02
   2.2496249e-01   0.0000000e+00   1.4231272e-04   1.4523178e-04   1.4166694e-04   4.2356219e-06   2.1169988e-04   9.5280234e-05   1.0810327e-05   0.0000000e+00   2.7363733e-05   7.5033782e-05   0.0000000e+00   2.4374045e-04   3.1557925e-08   8.8015097e-06   8.9992791e-05   1.7308134e-04   8.3524704e-08   1.0696726e-04   1.5371103e-04   3.2303972e-04   2.9227228e-05   0.0000000e+00   1.7480985e-04   2.4234182e-04   7.5724440e-05   7.3805022e-06   1.5996088e-04   5.4834274e-05   2.2496249e-01   5.2633652e-01   1.0000000e+00   2.9197228e-02
   3.1054061e-03   1.0156031e-05   2.5018109e-04   1.6529887e-04   1.6235656e-04   3.3838539e-05   4.3902971e-04   1.4036715e-04   3.3484285e-06   9.1088215e-05   0.0000000e+00   2.3056390e-06   1.4246877e-04   1.2271268e-04   5.1148569e-08   6.0986999e-07   7.7487043e-05   4.9836954e-05   2.8212998e-06   1.5113056e-04   1.7525572e-04   1.1920763e-05   0.0000000e+00   1.0715242e-05   1.4171230e-04   5.6829450e-05   0.0000000e+00   2.0727939e-04   2.3311836e-04   9.4018775e-05   3.1054061e-03   9.4511133e-01   1.0000000e+00   2.9180699e-02
   9.1821938e-01   1.8163843e-04   0.0000000e+00   0.0000000e+00   5.4026418e-05   3.0409903e-04   7.8134642e-04   3.6588027e-05   6.0156773e-05   3.6566705e-04   2.7540519e-04   3.2295893e-04   9.1113704e-04   3.2853913e-04   5.9049471e-08   2.9663639e-05   1.6914778e-04   8.2101903e-05   1.7413651e-05   1.5228149e-04   1.6728475e-04   6.1856841e-05   1.9019917e-04   2.5328489e-06   1.3406284e-04   6.1263022e-05   2.4179477e-04   1.9848093e-05   1.2711973e-04   1.9244575e-04   9.1821938e-01   4.2614692e-02   1.0000000e+00   2.8791937e-02
   5.5873985e-01   1.0947063e-04   1.0315773e-05   6.1469717e-04   1.0251904e-04   1.1172671e-04   1.2522714e-04   0.0000000e+00   0.0000000e+00   1.8923289e-04   1.5769747e-05   6.3680276e-05   1.6202960e-05   7.2649734e-05   3.3242225e-08   3.2693385e-05   3.2232063e-04   5.4451130e-05   5.3853321e-06   0.0000000e+00   4.0240952e-06   6.7466505e-06   2.8888530e-05   4.1665048e-05   2.0537226e-04   1.9754444e-04   5.4996482e-05   0.0000000e+00   2.4706607e-04   0.0000000e+00   5.5873985e-01   2.5302271e-01   1.0000000e+00   2.8576852e-02
   8.9172422e-01   0.0000000e+00   4.8997316e-06   0.0000000e+00   5.4556499e-05   6.7838817e-04   1.3034509e-06   2.5248108e-06   0.0000000e+00   1.8337136e-04   1.0410652e-04   1.7630528e-04   3.2582549e-05   1.7494961e-05   4.6853869e-08   0.0000000e+00   9.9205439e-05   0.0000000e+00   1.8397759e-05   8.0028313e-06   2.0831353e-04   1.0968789e-05   2.8398913e-04   0.0000000e+00   2.0541983e-04   7.7696321e-05   1.8383593e-04   9.3244886e-05   4.5521859e-05   2.6502078e-05   8.9172422e-01   5.6100835e-02   1.0000000e+00   2.8527798e-02
   4.9837480e-01   8.7103928e-05   1.0121625e-05   2.1863635e-04   1.3387076e-04   2.3133270e-06   9.2285879e-05   0.0000000e+00   0.0000000e+00   1.8988059e-04   9.9421513e-05   4.8848528e-05   1.6477580e-05   7.2564916e-05   3.5089004e-08   3.2369230e-05   3.2254936e-04   5.0289662e-05   4.3103501e-06   0.0000000e+00   0.0000000e+00   6.8155668e-06   2.5786040e-05   4.6932236e-05   1.9499121e-04   1.6938285e-04   1.4697590e-05   0.0000000e+00   2.3692173e-04   3.5386590e-05   4.9837480e-01   2.9446747e-01   1.0000000e+00   2.8089172e-02
   3.3990453e-01   1.3945299e-04   0.0000000e+00   4.0942650e-04   1.7018393e-04   8.0946385e-05   1.9322313e-04   4.9700093e-05   4.1421541e-05   2.3713330e-04   2.6743463e-04   3.6087870e-05   1.0245774e-05   1.8077938e-05   3.9283259e-08   4.8568994e-05   4.2343052e-04   7.8973355e-05   8.9526026e-06   1.2027461e-04   1.7428367e-05   1.6076163e-05   1.6392661e-04   0.0000000e+00   1.2713288e-05   3.3303532e-04   5.8482594e-05   1.6095206e-04   1.4259835e-04   3.2434896e-05   3.3990453e-01   4.1770602e-01   1.0000000e+00   2.7667229e-02
   7.2393110e-01   2.6164245e-04   3.7370513e-03   6.3857335e-05   1.4196725e-04   9.4902259e-05   2.2244307e-04   2.5580174e-05   3.4601968e-04   2.7966816e-04   9.5933930e-04   6.6283881e-05   8.9261651e-04   9.6807894e-05   1.0265773e-07   9.4836662e-06   2.7298967e-04   2.0099332e-04   9.0829856e-06   4.8544974e-05   1.2374819e-04   2.2025164e-05   8.9646448e-05   6.1520958e-04   5.9542866e-04   2.0469176e-05   4.9369916e-04   4.2717126e-05   0.0000000e+00   1.7716938e-05   7.2393110e-01   1.5089817e-01   1.0000000e+00   2.7599325e-02
   7.7109619e-01   1.9494967e-05   1.0181959e-05   2.1361404e-05   6.0043232e-05   1.0155614e-03   3.2801614e-05   0.0000000e+00   1.3589866e-07   2.0310678e-04   9.2858467e-05   7.1408992e-05   0.0000000e+00   1.1329903e-05   4.1397413e-08   3.7381335e-05   8.5945885e-05   0.0000000e+00   2.0362142e-05   1.8194905e-05   2.0018093e-04   1.4323759e-05   3.6982835e-04   1.9867015e-05   2.1679201e-04   8.1358583e-05   4.3211917e-04   7.8156977e-05   3.4077126e-05   0.0000000e+00   7.7109619e-01   1.2242711e-01   1.0000000e+00   2.7593796e-02
   4.0425145e-01   0.0000000e+00   7.5151243e-05   2.4443792e-04   2.2649202e-04   1.9396310e-06   0.0000000e+00   8.6807905e-05   3.4167431e-05   1.4393880e-04   1.2627204e-04   3.1413324e-04   1.5954714e-04   2.9423150e-05   5.6459352e-08   1.5053383e-05   8.5791292e-05   1.1832469e-04   7.5378740e-06   4.7399420e-04   6.6371464e-05   2.6017718e-05   5.3287233e-06   2.8069916e-06   1.6236076e-04   5.2543467e-04   1.2704293e-04   4.2512449e-04   1.9216707e-04   0.0000000e+00   4.0425145e-01   3.6497049e-01   1.0000000e+00   2.7366494e-02
   5.9936847e-01   1.4942612e-04   1.0407445e-03   5.7060355e-05   1.4136664e-04   1.0427880e-04   3.2942049e-04   1.9347407e-05   1.8589106e-04   2.4275012e-04   1.0845576e-03   1.2298570e-04   8.3612554e-04   4.3897954e-05   8.1612659e-08   1.6624546e-05   2.3227333e-04   2.8249746e-04   7.0425765e-06   8.3223475e-05   1.3989449e-04   2.0130667e-05   9.7029848e-05   6.1672797e-04   6.3390453e-04   3.2801911e-05   5.7367632e-04   4.9249949e-05   1.9068292e-05   2.4043082e-05   5.9936847e-01   2.2717845e-01   1.0000000e+00   2.6892685e-02
   6.8428030e-01   6.5167741e-05   2.7019255e-04   1.4967406e-04   2.0209598e-04   0.0000000e+00   1.5443326e-04   1.2788509e-04   1.1215837e-04   3.5885115e-04   6.4472410e-04   1.8143391e-04   6.4106831e-04   1.0305716e-03   7.0357984e-08   1.9091071e-07   2.1542736e-04   2.1144934e-04   5.7536698e-06   1.2452271e-04   5.7055620e-05   1.6512773e-05   1.3572245e-04   5.9106835e-04   2.7248626e-04   0.0000000e+00   3.1597000e-04   0.0000000e+00   0.0000000e+00   8.2851405e-05   6.8428030e-01   1.7387395e-01   1.0000000e+00   2.5944478e-02
   8.9864255e-01   2.3274316e-04   0.0000000e+00   0.0000000e+00   6.8163880e-05   5.1683253e-04   1.0054337e-03   0.0000000e+00   4.3486251e-05   7.0479997e-04   3.9346974e-04   3.8479497e-04   9.3627431e-04   2.5179636e-04   5.8539050e-08   2.9103384e-05   9.6712254e-05   4.3669608e-05   1.1412989e-05   1.7267009e-04   2.1040386e-04   7.1650661e-05   1.7703049e-04   2.9490183e-07   1.2178505e-04   1.9847550e-05   2.6834066e-04   0.0000000e+00   1.2683530e-04   1.7331080e-04   8.9864255e-01   5.3022253e-02   1.0000000e+00   2.5587616e-02
   4.9270121e-01   1.3651704e-04   9.9177428e-04   7.0367213e-05   1.3407408e-04   1.4945335e-04   1.5345895e-04   2.0004842e-05   1.7927495e-04   3.4229864e-04   8.9451225e-04   2.3734600e-05   9.1574938e-04   1.1465516e-04   7.5281874e-08   2.5987104e-05   1.9883090e-04   2.5135943e-04   7.1587181e-06   1.6562524e-04   1.2216832e-04   2.8092713e-05   8.6055662e-05   6.9806097e-04   8.1174080e-04   0.0000000e+00   5.6095171e-04   8.0579141e-05   3.0091058e-05   1.9435434e-05   4.9270121e-01   2.9952635e-01   1.0000000e+00   2.5112509e-02
   7.8378197e-01   0.0000000e+00   6.1239944e-04   2.9643405e-05   8.3572449e-05   0.0000000e+00   2.0931626e-04   0.0000000e+00   5.0594941e-05   3.9412476e-04   1.3925318e-03   4.4483902e-06   1.6084067e-03   2.7028191e-05   9.8018323e-08   1.7809572e-05   1.6666663e-04   1.7155737e-04   1.2991373e-06   4.5083732e-04   1.2852521e-05   0.0000000e+00   8.4177634e-05   5.7221064e-04   3.2275517e-04   5.0642274e-08   3.8484523e-04   4.8046156e-05   8.9752558e-05   3.8508581e-05   7.8378197e-01   1.1585748e-01   1.0000000e+00   2.5019398e-02
   8.7795263e-01   0.0000000e+00   5.8245466e-04   8.8861026e-05   8.3963415e-05   1.0894955e-04   2.1288572e-04   0.0000000e+00   5.2933519e-05   5.6475661e-04   9.7070667e-04   1.9172919e-05   9.6838932e-04   3.3825421e-06   1.0246663e-07   7.0214228e-06   1.2998245e-04   1.9730103e-04   1.0058268e-07   2.4775060e-04   2.9405530e-05   7.4351326e-05   1.4677423e-04   4.1521042e-04   3.0749585e-04   1.7126289e-05   4.1611098e-04   5.1677711e-05   3.9691348e-06   5.3003728e-05   8.7795263e-01   6.3958202e-02   1.0000000e+00   2.4822645e-02
   2.8481525e-01   2.3896727e-05   2.5286891e-04   1.3498494e-04   1.4516461e-04   4.7304669e-05   1.6861605e-04   8.5232563e-05   4.2807426e-06   0.0000000e+00   2.9618497e-05   9.1056527e-05   1.2691153e-04   2.9203185e-04   2.4144331e-08   5.4501609e-07   7.3330561e-05   1.9393139e-04   2.9411607e-06   1.6007659e-04   1.3706267e-04   3.6031642e-04   4.4022907e-05   0.0000000e+00   1.5697980e-04   2.3837472e-04   6.6351908e-05   2.1858972e-05   3.2542088e-04   8.6050370e-05   2.8481525e-01   4.6706308e-01   1.0000000e+00   2.4767897e-02
   3.8777579e-01   3.0849428e-04   1.6654395e-04   3.2058151e-04   0.0000000e+00   7.5578086e-05   2.3310871e-06   2.1768175e-05   4.4211617e-05   4.3229910e-04   3.3190824e-04   7.0404477e-04   4.6772464e-04   5.2398883e-05   5.2429565e-08   1.8340993e-04   1.6150239e-04   7.1201810e-05   1.4821484e-05   7.3262014e-05   1.9707396e-04   3.2932582e-06   0.0000000e+00   1.2168438e-03   1.0114529e-04   2.7912991e-06   7.0538487e-05   0.0000000e+00   1.1157570e-05   7.5383272e-05   3.8777579e-01   3.7837590e-01   1.0000000e+00   2.4724685e-02
   7.5968390e-01   0.0000000e+00   6.2565206e-04   6.7736074e-05   8.5704193e-05   6.9426478e-05   2.1186178e-04   0.0000000e+00   5.0098151e-05   4.1904474e-04   1.2905629e-03   3.5013374e-06   1.0427260e-03   0.0000000e+00   9.2382023e-08   7.0083521e-06   1.6784001e-04   1.9095295e-04   0.0000000e+00   2.3079206e-04   2.2155202e-06   0.0000000e+00   1.2783685e-04   5.3995251e-04   3.0696236e-04   0.0000000e+00   3.7280940e-04   4.8046075e-05   9.1899679e-05   5.0059845e-05   7.5968390e-01   1.2945297e-01   1.0000000e+00   2.4468236e-02
   7.3562215e-01   5.4301677e-05   6.9583239e-05   0.0000000e+00   4.8344672e-05   2.6699391e-04   2.4903749e-04   0.0000000e+00   2.4146525e-05   4.2936501e-04   4.0272871e-04   3.4208042e-06   1.4000577e-04   2.1257706e-04   3.6924707e-08   3.8716578e-05   6.2215626e-05   0.0000000e+00   2.5389939e-05   1.2850209e-04   1.7848037e-04   1.2120874e-08   8.5474463e-05   4.9108439e-08   1.0684168e-04   6.0162837e-05   6.3223864e-05   8.9695925e-04   1.5069306e-05   8.1636127e-05   7.3562215e-01   1.4296175e-01   1.0000000e+00   2.4224180e-02
   6.3430932e-01   1.3104750e-06   0.0000000e+00   9.1177695e-05   8.0398571e-05   2.6116127e-04   1.8640388e-04   3.0358308e-07   0.0000000e+00   2.8452920e-04   6.1557285e-04   8.4035295e-08   2.8061946e-04   1.6825847e-04   1.6949809e-08   2.0979517e-05   9.2709138e-05   4.0409474e-05   1.7476925e-05   3.6909968e-05   2.4830600e-04   1.2562745e-06   0.0000000e+00   0.0000000e+00   0.0000000e+00   0.0000000e+00   2.8405394e-04   6.7975261e-04   1.2147065e-05   9.9066815e-05   6.3430932e-01   2.0421894e-01   1.0000000e+00   2.3674913e-02
   7.1558194e-01   7.8783911e-05   5.7596114e-07   4.8666758e-06   0.0000000e+00   2.4225423e-04   2.5860430e-04   6.0449427e-05   1.3161077e-05   4.5760099e-04   3.7264126e-04   3.0315084e-05   1.0593007e-04   2.0248858e-04   3.8319866e-08   6.8964474e-05   9.4126534e-05   0.0000000e+00   2.3787742e-05   1.6352830e-04   1.8289502e-04   2.6676886e-06   8.0556746e-05   0.0000000e+00   8.2961582e-05   5.8450692e-05   3.7000709e-05   9.3090634e-04   1.2122022e-06   7.2663036e-05   7.1558194e-01   1.5472897e-01   1.0000000e+00   2.3471325e-02
   5.2813159e-01   1.6350598e-04   2.4315109e-03   7.9950379e-05   1.3591417e-04   8.6835538e-05   2.2975729e-04   0.0000000e+00   2.3885251e-04   2.5698507e-04   9.1461920e-04   7.3787604e-05   6.4878145e-04   6.0404165e-05   9.6093147e-08   1.0800318e-05   2.1601480e-04   2.5761946e-04   6.5467116e-06   5.4463765e-05   1.0205998e-04   3.2999786e-05   1.6819891e-04   5.7832677e-04   5.6999127e-04   0.0000000e+00   3.9626384e-04   6.3910405e-05   3.1933103e-06   1.4596939e-05   5.2813159e-01   2.7481421e-01   1.0000000e+00   2.3323402e-02
   1.4276641e-01   3.8425867e-05   1.6753361e-04   7.5282155e-05   9.1706515e-05   6.3883285e-06   3.8460339e-04   9.8925479e-05   6.3644312e-06   0.0000000e+00   4.8049915e-05   2.9208640e-05   5.0532343e-07   2.5941782e-04   4.0772395e-08   2.5077657e-06   1.0906353e-04   1.5595321e-04   4.9198519e-07   1.3822457e-04   1.6350723e-04   2.3919997e-04   2.2623599e-05   0.0000000e+00   2.1530209e-04   4.6488309e-04   0.0000000e+00   9.5811353e-06   1.0198087e-04   2.1139931e-05   1.4276641e-01   6.2287323e-01   1.0000000e+00   2.2913647e-02
   7.9410832e-01   5.6931850e-06   3.1822351e-06   0.0000000e+00   6.6246534e-05   4.5462320e-04   0.0000000e+00   4.4640120e-05   7.6987354e-06   1.6526373e-04   1.1424894e-04   5.8685298e-05   4.6182610e-06   0.0000000e+00   4.5175138e-08   8.2387272e-05   1.4992514e-04   2.1240414e-06   3.5639047e-05   1.7661317e-06   2.0906182e-04   1.8528453e-05   2.3589252e-04   2.7142529e-05   1.5093754e-04   1.8023269e-05   3.4842522e-04   3.4701178e-05   3.9060001e-05   5.0263697e-05   7.9410832e-01   1.0927322e-01   1.0000000e+00   2.2574416e-02
   1.0623971e-01   9.6798504e-05   6.4671020e-05   1.9781819e-04   4.5748627e-05   3.6316870e-05   2.3646647e-04   9.2068511e-05   0.0000000e+00   2.1538936e-05   0.0000000e+00   7.4267015e-05   1.8206814e-04   1.4614797e-04   4.4539530e-08   0.0000000e+00   4.2856506e-05   6.9610186e-05   2.3137723e-06   2.1788480e-04   1.6282439e-04   1.4122167e-05   0.0000000e+00   2.6206504e-04   9.7631619e-05   7.1290712e-05   1.0385670e-05   1.5731265e-04   2.7382529e-04   1.0773442e-04   1.0623971e-01   6.7475285e-01   1.0000000e+00   2.2567680e-02
   4.1456556e-01   2.5735120e-04   1.2078596e-04   1.7947994e-04   0.0000000e+00   1.7889223e-04   7.3562910e-05   0.0000000e+00   4.8925874e-05   5.5730777e-04   3.6142689e-04   1.0231622e-03   7.6504691e-04   2.5574220e-05   6.0568966e-08   8.6146658e-05   2.4212500e-04   0.0000000e+00   1.1237409e-05   6.6584407e-05   1.7590322e-04   1.3221357e-06   4.1806436e-05   5.0874250e-03   1.7504592e-04   0.0000000e+00   0.0000000e+00   5.1684981e-06   1.7737938e-05   7.3753133e-05   4.1456556e-01   3.5814813e-01   1.0000000e+00   2.2285005e-02
   5.6817889e-01   1.0405782e-04   9.5428040e-06   2.2418810e-04   1.5913752e-04   2.5808991e-06   1.2138323e-04   0.0000000e+00   5.4906613e-06   1.7121697e-04   9.1948860e-05   0.0000000e+00   0.0000000e+00   6.5137757e-05   3.8398128e-08   3.2182066e-05   2.9668036e-04   7.4874081e-05   4.2343754e-06   6.0204890e-05   1.6472347e-05   6.7030586e-06   2.6480056e-05   3.9819216e-05   1.9073226e-04   1.8739073e-04   5.8717094e-05   1.3549897e-04   2.6261495e-04   4.6984333e-05   5.6817889e-01   2.4668665e-01   1.0000000e+00   2.2031095e-02
   1.4376849e-01   0.0000000e+00   7.2222430e-05   1.4042661e-04   1.1287552e-04   1.4785803e-05   1.6459168e-04   1.0289382e-04   0.0000000e+00   7.1950031e-06   0.0000000e+00   9.2440291e-05   0.0000000e+00   4.8657961e-04   4.2437580e-08   4.7258865e-06   6.9077308e-05   1.8635427e-04   1.0370715e-06   1.4399363e-04   1.2619026e-04   1.8577899e-04   2.8289687e-06   2.9846391e-05   1.6562906e-04   2.7754140e-04   1.5458080e-04   0.0000000e+00   2.4048529e-04   7.0444163e-05   1.4376849e-01   6.2154933e-01   1.0000000e+00   2.1678952e-02
   2.1734773e-01   0.0000000e+00   1.1645509e-04   1.8569206e-04   6.4147026e-05   0.0000000e+00   2.2287693e-04   4.1926683e-05   1.1050474e-05   0.0000000e+00   1.1444331e-04   6.2717465e-05   0.0000000e+00   2.5841337e-04   1.6270045e-08   2.1771063e-05   1.0627299e-04   2.0263292e-04   0.0000000e+00   1.0051920e-04   1.5992909e-04   1.8453852e-04   3.1191373e-05   0.0000000e+00   1.7060386e-04   2.4189069e-04   1.1554889e-04   0.0000000e+00   1.5641674e-04   2.9360412e-05   2.1734773e-01   5.3441279e-01   1.0000000e+00   2.1654180e-02
   5.5156811e-01   1.4895704e-04   9.6847956e-04   6.7791714e-05   1.4344908e-04   7.9915389e-05   2.0948498e-04   1.9380920e-05   1.8390755e-04   2.8446384e-04   9.8545824e-04   7.3297159e-05   8.5388515e-04   9.8751022e-05   7.5171339e-08   1.1724606e-05   2.1936673e-04   2.4319221e-04   7.3659401e-06   7.1308751e-05   1.2070210e-04   1.8652307e-05   9.3843049e-05   6.3184638e-04   5.9966171e-04   2.3974808e-05   5.6484636e-04   5.3224718e-05   2.4189453e-05   1.8704804e-05   5.5156811e-01   2.5865467e-01   1.0000000e+00   2.1534929e-02
   1.1866610e-01   0.0000000e+00   2.1753210e-04   7.9935725e-05   9.9711009e-05   5.7776964e-06   6.2325590e-04   1.4172791e-04   1.3148296e-05   0.0000000e+00   2.2067551e-04   1.7783911e-04   0.0000000e+00   2.8230279e-04   1.7443770e-08   0.0000000e+00   1.4155830e-04   1.4702560e-04   1.0351766e-06   2.4130022e-04   1.6733123e-04   3.1547951e-04   7.3693044e-06   1.2337910e-04   1.8493520e-04   2.8570544e-04   5.7539049e-05   0.0000000e+00   1.6324219e-04   1.5550529e-05   1.1866610e-01   6.5647453e-01   1.0000000e+00   2.1469817e-02
   6.3996622e-01   4.8511900e-05   5.9999761e-05   1.5554829e-05   8.4634244e-05   3.1378475e-04   2.1546036e-04   0.0000000e+00   2.2153451e-05   4.3075743e-04   6.3855471e-04   0.0000000e+00   1.6533678e-04   2.1663061e-04   3.8010312e-08   2.6724838e-05   1.0034786e-04   4.9671603e-05   2.6193206e-05   8.4253742e-05   1.7258122e-04   4.9130114e-07   3.3324334e-05   0.0000000e+00   2.8373323e-05   4.2082315e-05   2.0339114e-04   5.3485972e-04   8.3499344e-06   9.9377625e-05   6.3996622e-01   2.0069558e-01   1.0000000e+00   2.1108923e-02
   8.5252191e-01   3.2298905e-05   0.0000000e+00   6.8410939e-06   3.3615069e-05   8.3705797e-04   0.0000000e+00   0.0000000e+00   0.0000000e+00   1.9849856e-04   7.9340613e-05   7.1822041e-05   1.8383857e-05   2.3034426e-06   4.2882290e-08   3.4645358e-05   9.2976443e-05   0.0000000e+00   1.9981222e-05   1.0383111e-05   2.0801651e-04   1.0178733e-05   2.5527830e-04   2.7065355e-05   2.0496049e-04   5.5058984e-05   3.2019024e-04   7.8424633e-05   4.6803350e-05   2.7018207e-05   8.5252191e-01   7.7125227e-02   1.0000000e+00   2.1001647e-02
   3.2007774e-01   2.2968884e-05   1.5450867e-04   1.8251065e-04   2.2932211e-04   1.1762189e-04   0.0000000e+00   1.0031169e-04   3.5632465e-05   1.7937952e-04   1.0161891e-04   9.0867784e-05   1.9803612e-04   1.0850651e-05   5.7253412e-08   1.9064004e-05   1.0573639e-04   1.4289043e-04   6.9641031e-06   4.5829803e-04   5.6699477e-05   3.6484067e-05   0.0000000e+00   9.2092761e-05   1.6853733e-04   4.5632881e-04   2.0795499e-04   3.0586457e-04   2.1117926e-04   4.3115723e-06   3.2007774e-01   4.3506855e-01   1.0000000e+00   2.0994561e-02
   5.0858378e-01   1.0305936e-04   0.0000000e+00   2.3449330e-04   1.4449262e-04   2.6363876e-06   9.2800063e-05   4.1137951e-06   3.1946006e-06   1.7797809e-04   9.0894349e-05   3.5819581e-05   0.0000000e+00   6.7363980e-05   3.9211798e-08   3.2083360e-05   3.1524163e-04   6.9231512e-05   3.9266920e-06   5.6837229e-05   1.7991956e-06   0.0000000e+00   2.7740335e-05   3.8768007e-05   1.9481942e-04   2.1102487e-04   3.7316200e-05   1.1259284e-04   2.4648275e-04   4.0533752e-05   5.0858378e-01   2.8731776e-01   1.0000000e+00   2.0931883e-02
   1.3402748e-01   1.2250293e-04   5.3124145e-05   2.1151130e-04   1.4043706e-04   1.0267772e-06   1.7084287e-04   8.6958669e-07   4.1713624e-05   2.1065884e-04   5.4142462e-06   1.3031525e-04   6.0819973e-04   2.2795389e-05   4.4341811e-08   4.8647547e-05   3.7873524e-04   1.6468658e-05   4.4619711e-06   1.1522559e-04   0.0000000e+00   6.0788405e-06   8.5155561e-05   0.0000000e+00   2.4261841e-04   2.4698053e-04   1.8011155e-05   1.1754482e-04   1.9071293e-04   5.0873669e-05   1.3402748e-01   6.3472412e-01   1.0000000e+00   2.0805236e-02
   1.9384492e-01   1.9448031e-08   2.1220702e-04   1.3519731e-04   1.5682127e-04   2.5783573e-06   1.9955555e-04   8.0068583e-05   2.0277059e-06   1.9065096e-06   0.0000000e+00   9.0889576e-05   0.0000000e+00   2.5215828e-04   3.0829142e-08   8.2160012e-06   7.0212846e-05   2.4256089e-04   2.5438562e-06   1.3995195e-04   1.4212840e-04   3.5180484e-04   3.1762622e-05   8.8437528e-07   1.8220989e-04   2.3464815e-04   3.9735726e-05   3.0816870e-05   4.2190351e-04   6.0710377e-05   1.9384492e-01   5.6047054e-01   1.0000000e+00   2.0603098e-02
   9.2937818e-02   2.2599251e-04   4.1595949e-04   1.0722969e-04   2.8198237e-04   3.9339693e-04   6.1020470e-04   1.5892135e-04   3.3947038e-05   5.3062990e-04   2.1981517e-05   9.0851479e-04   3.2815697e-04   4.8606896e-04   6.3775693e-08   3.1708620e-04   0.0000000e+00   2.9613695e-04   8.9548934e-06   5.0274120e-04   4.5061081e-05   5.1992057e-07   1.8265236e-05   2.4119195e-05   1.2898601e-04   2.0764852e-04   7.8517268e-04   3.8715768e-04   1.7730086e-04   6.7023658e-05   9.2937818e-02   6.9710786e-01   1.0000000e+00   2.0561973e-02
   3.6843863e-01   3.2080770e-05   8.2379491e-05   2.4248737e-04   2.0150865e-04   0.0000000e+00   0.0000000e+00   8.9240284e-05   3.4451465e-05   1.3354566e-04   1.4538931e-04   8.5751548e-05   1.7022422e-04   6.6925895e-05   5.5679185e-08   1.8414896e-05   9.6918935e-05   9.0698867e-05   8.4296053e-06   4.7247930e-04   6.6029488e-05   2.1401450e-05   1.5950582e-06   0.0000000e+00   1.6663262e-04   5.1432701e-04   1.5357860e-04   4.2474419e-04   1.8995670e-04   4.3629080e-06   3.6843863e-01   3.9376812e-01   1.0000000e+00   2.0492845e-02
   8.1331909e-02   9.9311479e-06   2.5909958e-04   1.5223833e-04   1.5330163e-04   0.0000000e+00   4.0622809e-04   1.4339408e-04   3.2125299e-06   8.4314753e-05   0.0000000e+00   0.0000000e+00   1.6059603e-04   1.1138277e-04   5.2606038e-08   0.0000000e+00   7.7055109e-05   7.6915953e-05   7.8250578e-07   1.3293565e-04   1.8042622e-04   1.1859051e-05   0.0000000e+00   1.1666979e-05   1.2837038e-04   5.0154042e-05   0.0000000e+00   2.0900021e-04   2.4385462e-04   1.5007977e-04   8.1331909e-02   7.1554610e-01   1.0000000e+00   2.0216223e-02
   4.2700373e-02   1.7204917e-05   2.2220543e-06   1.0197213e-04   1.6756045e-04   9.2296049e-05   1.3641621e-05   2.1761168e-04   4.0746332e-06   1.2432653e-04   1.9103276e-05   0.0000000e+00   6.8132814e-05   1.6036493e-04   5.4281034e-08   2.0255028e-06   1.5538626e-04   4.3912405e-06   1.1923537e-06   3.3158733e-04   3.5208707e-04   3.7073859e-05   1.0122553e-05   2.7910558e-04   1.3852223e-04   1.4295844e-04   3.2511125e-04   1.9945960e-04   2.8036108e-04   7.4654435e-05   4.2700373e-02   7.9428395e-01   1.0000000e+00   2.0172384e-02
   6.9278621e-01   1.8379002e-04   0.0000000e+00   1.5796155e-05   7.1318745e-05   4.8530306e-04   8.0705743e-04   1.4375161e-05   4.5344778e-05   9.7224879e-04   5.8250840e-04   2.4720511e-04   1.1391934e-03   2.5583843e-04   5.7932165e-08   2.9811956e-05   9.7652873e-05   3.8091115e-05   9.1749750e-06   1.2865365e-04   2.1035140e-04   9.5461077e-05   1.7991187e-04   0.0000000e+00   1.2419660e-04   2.5065744e-05   2.7061306e-04   0.0000000e+00   1.2751575e-04   2.1433378e-04   6.9278621e-01   1.6881694e-01   1.0000000e+00   2.0003532e-02
   4.8029955e-03   0.0000000e+00   1.0772456e-04   1.4254925e-04   1.7797475e-04   0.0000000e+00   3.2216469e-05   0.0000000e+00   2.4645970e-05   0.0000000e+00   8.7863966e-05   3.5741573e-05   2.3503849e-05   2.0207644e-04   5.1458581e-08   4.7567913e-06   1.1538517e-04   1.5950959e-04   8.3481721e-08   1.1536834e-04   1.7307986e-04   0.0000000e+00   1.8851196e-05   2.9494334e-05   1.7614650e-04   1.3965109e-04   3.2405231e-04   1.6178765e-04   1.6361053e-04   7.0466433e-05   4.8029955e-03   9.3144132e-01   1.0000000e+00   1.9958565e-02
   6.0895787e-01   5.6279107e-04   3.7131422e-05   1.3756998e-05   1.4890728e-05   2.7529516e-04   2.8889359e-04   1.9464301e-04   4.1400985e-06   9.2672802e-05   3.8951613e-04   0.0000000e+00   1.2232298e-03   2.4894941e-04   3.4962113e-08   0.0000000e+00   1.1175624e-04   5.3538263e-04   5.9449901e-06   6.8610452e-05   2.1652515e-04   3.6811597e-04   5.5745798e-04   2.8596150e-04   1.7930132e-04   7.3082979e-05   1.5472073e-04   5.6316081e-04   1.9122614e-05   1.1331636e-04   6.0895787e-01   2.2089166e-01   1.0000000e+00   1.9883593e-02
   1.9971757e-01   7.3832281e-06   7.1209823e-05   1.3306304e-04   1.3311530e-04   0.0000000e+00   5.1025474e-04   2.4767719e-04   1.8306674e-05   0.0000000e+00   0.0000000e+00   8.3998254e-05   1.7853750e-05   2.6375862e-04   2.1034877e-08   6.8184952e-06   5.7032824e-05   8.2798763e-05   1.0638064e-06   7.8537071e-05   1.5232268e-04   2.6954828e-04   5.6484787e-06   7.1908149e-05   1.6199584e-04   2.2668112e-04   1.1192909e-04   0.0000000e+00   2.1571180e-04   7.5383175e-05   1.9971757e-01   5.5382630e-01   1.0000000e+00   1.9756162e-02
   1.5218126e-01   2.0110646e-05   6.1361689e-05   1.3159803e-04   1.5516427e-04   8.5385502e-06   1.7569701e-04   9.9710841e-05   2.3352739e-05   0.0000000e+00   0.0000000e+00   6.4818078e-05   0.0000000e+00   3.2193032e-04   4.3380530e-08   1.0411107e-05   7.1486158e-05   2.0547801e-04   0.0000000e+00   4.1925370e-05   1.3181571e-04   1.8759627e-04   2.9477190e-06   2.6154279e-05   1.6905836e-04   2.2210618e-04   1.6101435e-04   1.0800923e-04   3.7072985e-04   7.6119197e-05   1.5218126e-01   6.1060713e-01   1.0000000e+00   1.9737722e-02
   3.5029912e-01   0.0000000e+00   2.1060827e-04   2.2229997e-04   3.2351792e-04   1.3366194e-04   0.0000000e+00   1.0903200e-04   3.5387262e-05   2.1285893e-04   1.1529785e-04   8.4770488e-05   2.1063445e-04   8.6354277e-05   6.0470434e-08   1.6230997e-05   5.3191569e-05   5.9570468e-05   6.1447284e-06   3.8621938e-04   6.0671405e-05   4.1825414e-05   0.0000000e+00   9.0983748e-05   1.7772951e-04   4.6421201e-04   3.4983404e-04   3.5453830e-04   2.2340695e-04   2.5967183e-06   3.5029912e-01   4.0902032e-01   1.0000000e+00   1.9714411e-02
   7.0348770e-01   6.6995910e-05   0.0000000e+00   0.0000000e+00   0.0000000e+00   1.9273847e-04   2.8685845e-04   5.5362353e-05   7.7245935e-06   5.5611993e-04   4.7252888e-04   2.8533776e-05   1.8311904e-04   1.3396105e-04   3.5010891e-08   6.8123978e-05   2.1194490e-04   0.0000000e+00   2.1586561e-05   9.8853054e-05   1.6061413e-04   4.8743856e-07   7.8614793e-05   7.4753081e-07   8.7649330e-05   6.4455858e-05   5.0552278e-05   6.3997941e-04   2.5599710e-05   7.3171299e-05   7.0348770e-01   1.6190103e-01   1.0000000e+00   1.9628465e-02
   6.6051383e-02   3.3187555e-05   2.2477917e-06   8.4613499e-05   1.7524996e-04   0.0000000e+00   1.5034503e-05   2.1633492e-04   1.1506088e-05   1.0158892e-04   2.4062804e-05   0.0000000e+00   0.0000000e+00   1.8942842e-04   5.4712176e-08   1.7593438e-06   1.1134781e-04   3.1960341e-06   1.2364080e-06   3.3263347e-04   2.1062447e-04   4.0068135e-05   0.0000000e+00   2.3763696e-04   1.6059026e-04   1.0695667e-04   3.0596956e-04   2.3453595e-04   2.5262795e-04   6.4050945e-05   6.6051383e-02   7.4378421e-01   1.0000000e+00   1.9403590e-02
   8.7989869e-01   1.7973750e-04   0.0000000e+00   1.0731359e-05   4.6014705e-05   3.1363826e-04   7.5242104e-04   3.9232160e-05   6.4832768e-05   3.9777878e-04   2.0996790e-04   5.0842669e-04   7.7605853e-04   3.4435964e-04   5.2689867e-08   2.3868351e-05   7.3041130e-05   3.3279376e-05   1.8586978e-05   1.6176487e-04   1.6294971e-04   6.6442150e-05   1.8621191e-04   1.7656347e-05   1.0072649e-04   4.7515533e-05   2.5776393e-04   5.5209594e-06   1.3199325e-04   1.4652993e-04   8.7989869e-01   6.2807787e-02   1.0000000e+00   1.9292513e-02
   3.6090513e-01   1.8956536e-04   1.2762762e-04   2.3781387e-04   0.0000000e+00   4.2984621e-05   7.7536519e-06   2.7001488e-05   4.2497383e-05   4.1269631e-04   3.2385964e-04   8.6382567e-04   4.4198991e-04   1.1928988e-04   5.6512812e-08   1.4518626e-04   1.7462433e-04   6.8955806e-05   1.8347530e-05   7.5984257e-05   1.9697997e-04   0.0000000e+00   2.8822747e-05   1.5378104e-03   1.0722450e-04   8.6469238e-05   1.8552092e-05   0.0000000e+00   6.1861984e-06   7.1209591e-05   3.6090513e-01   4.0041308e-01   1.0000000e+00   1.9201982e-02
   2.7647358e-01   0.0000000e+00   2.5748640e-04   2.5121341e-04   1.6219498e-04   0.0000000e+00   2.0654645e-04   6.7549239e-06   1.8851870e-05   8.6633166e-05   1.3727615e-05   1.7793027e-04   0.0000000e+00   2.3533052e-04   3.4463247e-08   0.0000000e+00   8.9947297e-05   1.2646227e-04   3.7213038e-08   1.7774876e-04   1.5230827e-04   3.1069698e-04   2.7080476e-05   0.0000000e+00   1.7281976e-04   2.7546317e-04   8.2902984e-05   0.0000000e+00   1.6064319e-04   5.5377884e-05   2.7647358e-01   4.7488979e-01   1.0000000e+00   1.9153215e-02
   2.4710281e-01   0.0000000e+00   3.4028012e-05   2.0880140e-04   3.0898295e-05   1.8423043e-05   4.2366620e-04   1.1779563e-04   0.0000000e+00   4.5351052e-05   1.2669791e-04   1.0705836e-04   2.4946128e-04   1.3288472e-04   3.5382138e-08   5.4458666e-05   8.5357420e-05   5.6296012e-05   3.2086721e-06   1.8824325e-04   1.4888775e-04   1.0002038e-05   1.3246421e-06   1.0223503e-04   2.6365306e-05   8.1653144e-05   3.5385154e-06   1.5428943e-04   1.8650258e-04   8.3809422e-05   2.4710281e-01   5.0353097e-01   1.0000000e+00   1.8992750e-02
   6.2362073e-01   1.6541480e-04   1.0240051e-03   8.2582183e-05   1.3960011e-04   6.6833317e-05   1.9548104e-04   6.0602929e-05   1.9251948e-04   3.5849171e-04   3.3459841e-03   7.2900029e-05   9.5302661e-04   5.5482283e-05   6.9747659e-08   1.0931082e-05   3.2079597e-04   2.4455373e-04   7.2950831e-06   7.6681550e-05   1.2523539e-04   1.8902172e-05   1.4984793e-04   5.3347628e-04   5.1291239e-04   0.0000000e+00   5.1540405e-04   4.7993745e-05   4.0033912e-05   1.8613974e-05   6.2362073e-01   2.1205751e-01   1.0000000e+00   1.8830590e-02
   7.4258962e-02   9.0436528e-06   7.4619705e-05   3.0246352e-04   1.9788882e-04   0.0000000e+00   3.3066264e-08   9.5263083e-05   4.3155813e-05   1.2725929e-04   5.6574595e-05   2.6076146e-04   1.3698488e-04   4.4853189e-05   5.5462234e-08   1.8239879e-05   1.4785027e-04   3.1516024e-04   1.2134625e-06   3.8138066e-04   9.1050640e-05   3.3144406e-05   1.4547587e-06   2.9154455e-05   1.7973738e-04   3.3185250e-04   1.0573974e-04   2.1276967e-04   1.9080539e-04   5.3648007e-06   7.4258962e-02   7.2840482e-01   1.0000000e+00   1.8672064e-02
   3.5162853e-01   3.8460127e-06   7.9691520e-05   1.3579421e-04   1.2185063e-04   6.2160211e-05   2.2622903e-04   1.0489614e-04   2.2275937e-05   1.2555536e-06   0.0000000e+00   7.1108180e-05   0.0000000e+00   2.8583120e-04   3.8281760e-08   6.9749247e-06   6.4547328e-05   1.3091093e-04   0.0000000e+00   1.2343197e-04   1.5489147e-04   2.5839759e-04   2.6072790e-05   3.1140969e-05   1.6417676e-04   2.4787141e-04   1.2994126e-04   0.0000000e+00   2.5260116e-04   7.4692680e-05   3.5162853e-01   4.0762441e-01   1.0000000e+00   1.8576310e-02
   6.2576835e-01   5.7343644e-04   6.2762803e-05   0.0000000e+00   1.1857888e-05   3.0434544e-04   2.3326055e-04   2.0408475e-04   5.8509104e-06   8.6427124e-05   3.9670838e-04   4.4344498e-05   1.2328860e-03   2.3775386e-04   3.8133842e-08   8.8835198e-07   1.0960861e-04   5.5724469e-04   5.9033365e-06   6.9826547e-05   2.1359272e-04   2.2430579e-04   4.8440903e-04   4.0277772e-04   1.8256547e-04   7.6169415e-05   2.3076578e-04   4.5844789e-04   2.1033044e-05   1.1992138e-04   6.2576835e-01   2.1017417e-01   1.0000000e+00   1.8525878e-02
   7.6716881e-03   0.0000000e+00   8.8216764e-05   0.0000000e+00   8.0527158e-05   1.8419905e-05   5.2451991e-04   1.8328464e-04   5.6465522e-06   0.0000000e+00   0.0000000e+00   7.0770320e-05   0.0000000e+00   2.7431112e-04   4.5724884e-08   8.0891422e-06   0.0000000e+00   2.3236963e-04   1.4277979e-06   1.2324100e-04   1.4644484e-04   3.3818210e-04   0.0000000e+00   1.0350865e-04   2.7351564e-04   5.6894137e-04   5.0554732e-05   1.4770123e-05   1.5113196e-04   1.8024863e-05   7.6716881e-03   9.1338399e-01   1.0000000e+00   1.8498290e-02
   1.0220525e-01   1.2226017e-04   0.0000000e+00   1.5412445e-04   1.6497816e-04   1.6554506e-05   6.0051597e-05   0.0000000e+00   3.3471120e-05   1.7272694e-04   0.0000000e+00   3.2148623e-05   0.0000000e+00   0.0000000e+00   3.3303109e-08   4.7029280e-05   2.3603468e-04   8.0314418e-05   1.9409665e-06   4.7058305e-06   4.7474972e-05   4.3850003e-05   2.5038524e-05   0.0000000e+00   2.2487019e-05   1.9584911e-04   0.0000000e+00   2.8629898e-05   2.5098977e-04   4.7660312e-05   1.0220525e-01   6.8077074e-01   1.0000000e+00   1.8235344e-02
   1.8490091e-03   2.0681472e-04   1.6133597e-05   2.2133390e-04   1.7127664e-04   3.2177897e-05   7.4736384e-05   9.9015617e-06   3.5135681e-05   1.7107718e-04   8.9464350e-06   4.5531289e-05   2.0300931e-05   1.9623555e-05   4.9548506e-08   4.7791202e-05   2.7097062e-04   3.1897009e-06   1.3217076e-06   0.0000000e+00   8.4261613e-05   4.6720965e-05   2.6578138e-05   4.8826299e-05   1.6899264e-04   2.1202575e-04   2.4091075e-05   3.9684564e-05   1.5224902e-04   5.4514880e-05   1.8490091e-03   9.5767231e-01   1.0000000e+00   1.8216603e-02
   2.1451267e-01   0.0000000e+00   7.4327007e-05   1.5582654e-04   1.2448131e-04   1.3746039e-05   4.1546068e-04   2.4228098e-04   1.6945972e-05   1.2753049e-07   0.0000000e+00   7.8598611e-05   1.0190147e-05   2.7322107e-04   1.4090678e-08   6.2193692e-06   3.4680193e-05   1.4185609e-04   1.0663967e-06   8.4309004e-05   1.3786390e-04   2.4133344e-04   5.5520112e-06   3.4451104e-05   1.6194052e-04   2.5642039e-04   9.7817316e-05   2.6658332e-05   2.1776174e-04   7.2886053e-05   2.1451267e-01   5.3754271e-01   1.0000000e+00   1.8091260e-02
   6.5861882e-01   1.0045212e-05   7.5737919e-05   1.2490357e-04   1.1878521e-04   6.1861663e-05   4.1849455e-04   1.3730772e-04   2.0832294e-05   0.0000000e+00   1.1063545e-06   7.9975355e-05   0.0000000e+00   2.9876965e-04   3.5753030e-08   8.0201093e-06   0.0000000e+00   1.2010997e-04   4.7864836e-08   1.2854219e-04   1.6758249e-04   2.9697540e-04   2.5734877e-05   2.5178304e-05   1.6381291e-04   2.3837515e-04   1.4151619e-04   0.0000000e+00   2.5206737e-04   6.8775904e-05   6.5861882e-01   1.8899715e-01   1.0000000e+00   1.7852774e-02
   5.2253766e-01   2.0188977e-04   0.0000000e+00   2.3983072e-04   5.2017666e-05   8.9892537e-04   2.1305502e-05   2.2836492e-04   8.2938619e-05   3.3968846e-04   3.7558934e-04   1.1922912e-04   6.2396627e-04   4.2293353e-04   6.5345749e-08   4.1340301e-05   1.2948812e-04   0.0000000e+00   6.6196441e-06   0.0000000e+00   2.4489299e-04   3.6826001e-05   2.2705746e-04   2.5874690e-06   0.0000000e+00   3.4881012e-06   3.1796396e-04   6.3414757e-05   8.1981224e-05   2.2243209e-04   5.2253766e-01   2.7812042e-01   1.0000000e+00   1.7726955e-02
   2.8658208e-02   2.1605737e-05   5.5291043e-05   1.7007435e-04   1.7376707e-04   3.3326647e-05   1.4208882e-05   2.1476689e-04   2.2320548e-05   7.3371937e-05   0.0000000e+00   7.7506308e-05   8.5911618e-05   2.1942731e-04   5.0826582e-08   8.3254911e-06   1.1767817e-04   8.7839526e-05   0.0000000e+00   2.2979718e-04   2.1868911e-04   7.2267604e-05   0.0000000e+00   4.5562874e-05   4.4645181e-04   2.1701096e-04   3.1089995e-04   1.3801130e-04   1.5852467e-04   1.1739489e-04   2.8658208e-02   8.3165867e-01   1.0000000e+00   1.7635625e-02
   3.2590117e-01   4.0270634e-05   2.0506392e-04   2.3754696e-04   1.2591496e-04   1.1378733e-04   3.6636503e-05   1.0239026e-04   4.2057409e-05   1.6305140e-04   1.2136798e-04   1.3635863e-05   1.1700904e-04   2.7128369e-04   4.2716319e-08   0.0000000e+00   1.3947322e-04   1.3352225e-04   9.7832387e-07   2.1821894e-04   2.3452498e-04   0.0000000e+00   0.0000000e+00   7.2518221e-05   1.3374037e-05   2.0826594e-04   4.7045374e-04   3.4790050e-05   1.5839343e-04   1.0829004e-04   3.2590117e-01   4.2987272e-01   1.0000000e+00   1.7615817e-02
   9.8567472e-02   0.0000000e+00   7.3880468e-05   1.3429596e-04   1.2398754e-04   0.0000000e+00   1.4883703e-04   1.3042051e-06   3.1929739e-05   3.4544408e-05   0.0000000e+00   7.2910092e-05   0.0000000e+00   2.8283800e-04   3.8349313e-08   6.3699132e-06   8.2404939e-05   1.8050572e-04   9.1012302e-07   9.8274965e-05   7.9179602e-05   2.6870919e-04   2.2529931e-05   7.5275629e-05   1.6532338e-04   2.7428226e-04   2.0414001e-04   1.2481413e-05   2.1835825e-04   7.8505805e-05   9.8567472e-02   6.8674448e-01   1.0000000e+00   1.7417913e-02
   1.9022327e-01   6.3330490e-06   9.4793108e-05   3.3567000e-04   1.5284345e-04   1.5837249e-05   1.5160687e-04   1.0010726e-04   0.0000000e+00   0.0000000e+00   2.5147814e-04   2.6084917e-05   7.1387021e-04   9.3671720e-05   5.8935919e-08   2.7963941e-06   1.1788451e-04   2.5536451e-04   0.0000000e+00   2.0405776e-04   1.0043674e-04   7.7712817e-06   1.3411176e-04   2.6072627e-06   2.7344472e-04   5.3636248e-04   4.1884730e-04   2.3083122e-04   2.3271084e-04   2.1858608e-06   1.9022327e-01   5.6493690e-01   1.0000000e+00   1.7322439e-02
   1.7416913e-01   0.0000000e+00   7.2734685e-05   1.3520966e-04   1.1741425e-04   1.6111491e-05   1.6363678e-04   1.0581341e-04   2.0012648e-05   8.2392017e-06   0.0000000e+00   7.7016000e-05   0.0000000e+00   2.7156004e-04   3.8199928e-08   6.4946684e-06   8.0591630e-05   1.3100766e-04   1.0391466e-06   1.0435730e-04   1.2871858e-04   2.2925439e-04   3.2336511e-06   2.9920357e-05   1.6373445e-04   2.7098985e-04   1.5543303e-04   0.0000000e+00   2.2228867e-04   7.5594629e-05   1.7416913e-01   5.8330046e-01   1.0000000e+00   1.7287339e-02
   8.4015952e-01   3.3876111e-04   0.0000000e+00   9.7402854e-05   1.4885035e-05   6.3046511e-04   3.8642380e-05   2.3708435e-04   2.5561870e-05   4.7413044e-04   3.9895967e-04   4.2841072e-06   1.0204354e-04   1.2337352e-04   7.4749456e-08   1.3887505e-05   1.5137153e-04   0.0000000e+00   4.0548344e-06   3.1319928e-06   1.3768769e-05   1.5370791e-04   1.1710481e-04   8.5181915e-04   2.4739947e-04   3.1253771e-04   5.1705672e-04   2.5116593e-04   1.0100588e-04   4.7152511e-05   8.4015952e-01   8.4284245e-02   1.0000000e+00   1.7279152e-02
   3.4346568e-02   3.7201825e-04   4.4684028e-04   4.4140292e-05   2.7337685e-04   3.4672422e-04   6.8561822e-04   1.5528067e-04   3.2489294e-05   5.1127911e-04   4.1541589e-05   5.3254335e-04   3.5715747e-04   3.5782215e-04   6.8230735e-08   2.6894268e-04   7.9633069e-05   2.6055166e-04   1.0149687e-05   4.6060077e-04   3.5483661e-05   0.0000000e+00   1.4816351e-05   2.3688959e-05   1.4805014e-04   1.9287874e-04   8.0664486e-04   3.6739631e-04   1.7492322e-04   8.6898491e-05   3.4346568e-02   8.1666760e-01   1.0000000e+00   1.7143928e-02
   4.0783708e-01   1.6693151e-05   2.3010199e-04   3.2635634e-04   1.0933758e-04   1.4004359e-04   0.0000000e+00   7.9216486e-05   9.0771433e-05   1.3977317e-04   1.1530815e-04   3.2771282e-04   1.1581684e-04   1.9245523e-04   1.2034958e-08   8.9015930e-06   1.5347873e-04   1.3291394e-04   0.0000000e+00   2.2645390e-04   2.5404579e-04   1.0841460e-04   0.0000000e+00   8.7655109e-05   6.7735959e-05   1.2982080e-04   1.7149973e-04   1.9080006e-06   7.0025740e-05   8.3010617e-05   4.0783708e-01   3.6209276e-01   1.0000000e+00   1.7135355e-02
   1.0163387e-02   9.9042286e-05   0.0000000e+00   1.6336035e-04   1.6961942e-04   2.2463169e-05   0.0000000e+00   8.5890607e-08   3.7089114e-05   2.2677804e-04   9.7136782e-06   3.9027101e-05   6.5754857e-05   4.6643358e-06   4.7610148e-08   4.3428031e-05   1.6090265e-04   7.0775516e-07   3.1718707e-06   0.0000000e+00   3.9440116e-05   9.7387330e-07   5.6601510e-06   7.4683858e-07   1.7821289e-04   2.4369906e-04   0.0000000e+00   0.0000000e+00   1.4569029e-04   5.4173439e-05   1.0163387e-02   8.9969163e-01   1.0000000e+00   1.7126831e-02
   2.9874082e-01   1.3287366e-04   1.1389467e-07   2.0921748e-04   2.6820736e-04   1.8993847e-05   1.6899252e-04   1.3583790e-05   4.5813294e-05   2.4003494e-04   7.8057538e-05   0.0000000e+00   5.1843141e-05   7.2247761e-05   3.9558983e-08   3.5245704e-05   3.3905691e-04   1.5148982e-05   1.2460913e-06   5.9188304e-05   0.0000000e+00   2.9154320e-05   5.3145813e-05   0.0000000e+00   2.3253245e-04   2.0654778e-04   9.6909362e-06   1.3463926e-04   1.1500745e-04   0.0000000e+00   2.9874082e-01   4.5399890e-01   1.0000000e+00   1.7113548e-02
   2.8984693e-01   2.5448209e-04   8.2984510e-04   2.7719274e-04   2.2467867e-06   0.0000000e+00   9.4471977e-04   5.6559732e-04   2.0800672e-04   1.5696158e-04   0.0000000e+00   2.1044138e-03   4.2937938e-05   0.0000000e+00   3.8940368e-08   4.6529762e-04   0.0000000e+00   1.8692144e-04   3.8405406e-06   4.2155917e-04   1.0673361e-04   3.6017216e-05   3.4122217e-05   2.2693639e-04   1.6168217e-04   0.0000000e+00   8.6358703e-04   7.0803688e-05   2.6908072e-04   0.0000000e+00   2.8984693e-01   4.6349338e-01   1.0000000e+00   1.6999677e-02
   6.7656026e-01   1.9589304e-04   6.4804842e-04   9.1654234e-05   2.1693498e-04   2.2445964e-04   2.4438542e-04   0.0000000e+00   1.3537614e-04   4.0211133e-04   8.8365099e-04   1.0544882e-04   6.2376064e-04   0.0000000e+00   7.1563950e-08   0.0000000e+00   1.3399676e-04   1.7509340e-04   4.6889277e-06   0.0000000e+00   1.3881865e-04   2.4355583e-05   6.8733011e-05   4.5923739e-04   3.8266680e-04   2.8552262e-05   4.7031908e-04   7.4276460e-05   0.0000000e+00   1.2129586e-04   6.7656026e-01   1.7853706e-01   1.0000000e+00   1.6554114e-02
   2.5376319e-01   8.1257800e-05   2.4683516e-06   7.5807113e-05   1.8091546e-04   1.4281936e-04   2.1341579e-04   2.1682031e-04   1.1006576e-05   0.0000000e+00   0.0000000e+00   1.3758986e-04   0.0000000e+00   1.7834681e-04   5.5365697e-08   0.0000000e+00   1.1957070e-04   9.1179415e-06   3.4095805e-06   4.1214069e-04   2.1012218e-04   1.8112515e-05   0.0000000e+00   2.9623397e-04   1.5866633e-04   1.3402628e-04   3.0465460e-04   2.9010393e-04   2.5900282e-04   2.3351312e-05   2.5376319e-01   4.9705869e-01   1.0000000e+00   1.6416956e-02
