   8.5247380e-01   1.1404598e-02   0.0000000e+00   6.3461056e-03   6.2787074e-04   3.3616806e-02   7.0318073e-04   2.9232650e-03   4.8172571e-02   1.4953579e-09   3.9072747e-03   2.8358457e-02   1.5293498e-02   1.7526652e-03   2.7127764e-05   7.1965124e-05   9.7268757e-03   1.1200659e-02   2.6449522e-02   0.0000000e+00   0.0000000e+00   2.4009480e-03   4.0390534e-04   4.2066338e-03   4.4534554e-03   5.0959808e-03   9.2760544e-04   3.5858391e-02   9.1112724e-05   0.0000000e+00   8.5247380e-01  -7.3006499e-01
   8.4952429e-01   1.2320540e-02   0.0000000e+00   6.3466152e-03   6.3169901e-04   4.8711884e-02   6.9566956e-04   2.9234132e-03   4.8172319e-02   1.5684981e-06   3.9519890e-03   3.2832302e-02   1.5617182e-02   1.5298840e-03   2.6912918e-05   7.7260690e-05   9.9838120e-03   1.1282679e-02   2.6082189e-02   0.0000000e+00   0.0000000e+00   2.4024991e-03   5.1337234e-04   3.8218968e-03   5.0587581e-03   5.1027566e-03   1.0847398e-03   3.7307327e-02   9.1025552e-05   1.1418614e-02   8.4952429e-01  -7.2205733e-01
   8.4604081e-01   1.1213558e-02   1.6019391e-03   6.2117066e-03   6.1256029e-04   3.6529555e-02   7.1485249e-04   2.6879917e-03   4.8220405e-02   2.1726037e-07   6.0743777e-03   3.3371288e-02   1.5296929e-02   1.7054528e-03   6.1828825e-05   5.5233132e-05   9.2800284e-03   1.2460322e-02   2.6204895e-02   6.1969636e-06   0.0000000e+00   2.4211780e-03   3.2882388e-04   4.1124091e-03   3.9440858e-03   5.2778775e-03   8.3402446e-04   3.5683727e-02   8.9981099e-05   6.2357735e-03   8.4604081e-01  -7.1306361e-01
   8.4521897e-01   1.0897294e-02   2.6230190e-03   6.1935634e-03   5.4858976e-04   2.8766902e-02   6.7759549e-04   2.3107284e-03   4.7693819e-02   7.3684240e-07   2.4305094e-03   3.8802595e-02   1.6732160e-02   2.0845451e-03   1.7651974e-05   9.9722958e-05   0.0000000e+00   1.0015423e-02   2.6553448e-02   1.1966613e-04   3.5392788e-03   2.4300885e-03   1.5648365e-03   4.3203033e-03   2.7542835e-03   5.3688366e-03   1.0394131e-03   3.8020252e-02   7.9380111e-05   3.1654824e-02   8.4521897e-01  -7.0600264e-01
   8.4321445e-01   1.1154116e-02   1.8152859e-03   6.2807552e-03   6.2629853e-04   2.9413806e-02   7.3065527e-04   2.5071707e-03   4.8244976e-02   1.2760633e-06   6.8584936e-03   2.8233435e-02   1.3987629e-02   0.0000000e+00   5.7021913e-05   3.8734615e-05   8.4358166e-03   1.1721150e-02   2.8593876e-02   0.0000000e+00   0.0000000e+00   2.4270547e-03   4.3787274e-04   4.0338610e-03   4.3378250e-03   5.5298918e-03   8.7336157e-04   3.5871027e-02   8.9720494e-05   0.0000000e+00   8.4321445e-01  -6.9936726e-01
   8.4233558e-01   1.1315362e-02   1.0419323e-03   6.6598195e-03   6.1066011e-04   3.4852114e-02   7.1201533e-04   2.6206733e-03   4.8183447e-02   0.0000000e+00   3.8205113e-03   2.9031880e-02   1.5115123e-02   1.6613418e-03   2.8784971e-05   7.9908240e-05   9.6951029e-03   1.1505111e-02   2.5679072e-02   9.7576768e-05   3.0075758e-03   2.4533439e-03   9.1631301e-05   4.2153453e-03   6.0076572e-03   6.1997851e-03   9.7458115e-04   3.5358289e-02   8.7223227e-05   2.5515640e-02   8.4233558e-01  -6.8682192e-01
   8.4121864e-01   1.0897118e-02   2.6506292e-03   6.1798888e-03   5.1392627e-04   2.8441181e-02   6.8958049e-04   2.3582652e-03   4.7967721e-02   0.0000000e+00   3.0344439e-03   3.9632833e-02   1.6517944e-02   1.9619841e-03   1.9749041e-05   9.9459692e-05   4.2889415e-03   1.0092383e-02   2.5027844e-02   1.0445488e-04   5.0122911e-03   2.4295461e-03   1.5185981e-03   4.1886356e-03   3.4840386e-03   4.9104302e-03   7.8357384e-04   3.7998708e-02   8.1696610e-05   3.2296481e-02   8.4121864e-01  -6.7641976e-01
   8.3930700e-01   1.0747593e-02   1.8306796e-03   5.8412981e-03   8.3343170e-04   2.1266760e-03   6.5938383e-04   3.2215905e-03   4.8377911e-02   6.7549184e-06   5.5367631e-03   1.0681200e-02   1.1887003e-02   2.5150825e-03   8.2511676e-07   1.5723245e-04   1.1607776e-02   9.1513955e-03   5.8227953e-03   5.1965723e-04   9.4727605e-05   2.4376486e-03   1.4380336e-03   4.5432352e-03   2.6116609e-03   8.1303475e-03   1.5838226e-03   4.0424796e-02   9.0097181e-05   4.9761991e-02   8.3930700e-01  -6.6709527e-01
   8.3898290e-01   1.1017267e-02   3.8660974e-03   5.8184972e-03   6.5022508e-04   2.9256005e-02   6.9658584e-04   2.4847630e-03   4.8188411e-02   1.6096099e-06   3.0131434e-03   2.5821182e-02   1.5778054e-02   5.2211608e-04   8.2785719e-06   9.0920372e-05   4.1066621e-03   9.8024737e-03   2.5018016e-02   1.1237454e-04   1.1302659e-04   2.4301081e-03   1.3191345e-03   4.2912438e-03   1.6787865e-03   5.7765544e-03   9.8011545e-04   3.8303978e-02   8.0224102e-05   1.3442625e-02   8.3898290e-01  -6.6166331e-01
   8.3782212e-01   1.1049356e-02   3.9532924e-03   5.9246355e-03   7.4074978e-04   2.9741712e-02   6.8583801e-04   2.4166110e-03   4.8013313e-02   0.0000000e+00   3.2191307e-03   3.0154845e-02   1.6728727e-02   6.7130778e-04   1.6724427e-05   8.1930350e-05   0.0000000e+00   1.0152540e-02   2.1834799e-02   8.6799171e-05   5.2095942e-04   2.4259256e-03   1.4071286e-03   4.1736835e-03   1.5049741e-03   5.7087274e-03   8.7068832e-04   3.8626213e-02   8.5348815e-05   2.1453473e-02   8.3782212e-01  -6.4770968e-01
   8.3702740e-01   1.0746970e-02   1.9321347e-03   5.8245773e-03   8.3306341e-04   0.0000000e+00   6.5903887e-04   3.2776387e-03   4.8378545e-02   6.2132706e-06   5.6514707e-03   1.1437908e-02   1.1844466e-02   2.3094112e-03   1.2376313e-06   1.4993342e-04   1.1807283e-02   8.7005041e-03   8.0040038e-03   5.3771358e-04   1.0036795e-04   2.4359733e-03   1.3416056e-03   4.4128879e-03   2.6345817e-03   7.3533464e-03   1.5807285e-03   4.0418648e-02   9.0208075e-05   4.9610427e-02   8.3702740e-01  -6.4198007e-01
   8.3592474e-01   1.0687447e-02   1.7697200e-03   5.8370531e-03   8.7104262e-04   1.9623318e-03   6.5854075e-04   3.2159815e-03   4.8379744e-02   6.7573906e-06   5.5550233e-03   1.0409565e-02   1.1850204e-02   2.2664709e-03   7.5977815e-07   1.6166062e-04   1.1614711e-02   9.3884318e-03   5.6509658e-03   5.0478571e-04   1.1996019e-04   2.4382287e-03   1.4793884e-03   4.5429765e-03   2.6045769e-03   7.4607315e-03   1.5099192e-03   4.0714518e-02   9.0089066e-05   4.9542895e-02   8.3592474e-01  -6.2854351e-01
   8.3518519e-01   1.0430498e-02   2.3646293e-03   5.8906423e-03   5.2259666e-04   9.0690771e-03   6.5270189e-04   3.2082245e-03   4.8410744e-02   7.6210083e-06   5.5737979e-03   1.5564235e-02   1.2292204e-02   3.4268587e-03   2.9102080e-06   1.1020476e-04   1.0547933e-02   8.7182654e-03   1.0942424e-02   4.3092305e-04   0.0000000e+00   2.4383372e-03   1.1498635e-03   4.6156338e-03   1.4836109e-03   6.4615580e-03   1.4079240e-03   3.9547708e-02   8.8229079e-05   4.9236043e-02   8.3518519e-01  -6.1663889e-01
   8.3421396e-01   1.0467993e-02   2.0404213e-03   5.9838459e-03   7.1297617e-04   2.9970015e-03   6.5374333e-04   3.1800787e-03   4.8281675e-02   8.3228820e-06   4.0737767e-03   0.0000000e+00   1.0379738e-02   4.7942132e-03   5.6425100e-06   1.1615435e-04   8.9347371e-03   7.9978953e-03   5.1626607e-04   3.5628339e-04   0.0000000e+00   2.4427781e-03   8.5285793e-04   4.6341346e-03   3.1803845e-03   6.5078430e-03   1.5913902e-03   4.0272435e-02   9.2768454e-05   6.7971947e-02   8.3421396e-01  -6.0615155e-01
   8.3391040e-01   1.0102194e-02   1.9370925e-03   5.9308149e-03   7.1504260e-04   7.3819763e-03   6.5397186e-04   3.1936872e-03   4.8278761e-02   2.3824362e-05   4.1117395e-03   0.0000000e+00   1.0947652e-02   4.6093160e-03   1.8645850e-06   1.1557403e-04   8.9394743e-03   9.2862257e-03   5.6296742e-03   4.1019334e-04   0.0000000e+00   2.4427863e-03   6.5489562e-04   4.5944715e-03   3.8127829e-03   6.4867840e-03   1.5791625e-03   4.0013721e-02   9.2632646e-05   8.0166571e-02   8.3391040e-01  -5.9788478e-01
   8.3266391e-01   1.0992546e-02   2.1701484e-03   5.8406488e-03   7.5145602e-04   0.0000000e+00   6.5182798e-04   3.0177583e-03   4.8425398e-02   1.2713254e-05   3.9628061e-03   1.7298521e-02   1.2390810e-02   3.1205028e-03   4.2877546e-06   1.2360233e-04   9.3618690e-03   8.1744475e-03   2.6100970e-04   3.1956811e-04   0.0000000e+00   2.4431949e-03   1.0384746e-03   4.5875117e-03   2.5424520e-03   6.5778347e-03   1.3950494e-03   4.2138951e-02   8.9172211e-05   5.3803198e-02   8.3266391e-01  -5.8332770e-01
   8.3191573e-01   1.0570875e-02   2.0649311e-03   5.8864212e-03   6.8239926e-04   2.2410332e-03   6.3589808e-04   2.8599215e-03   4.8298992e-02   8.9103955e-06   4.1127596e-03   7.9820168e-04   1.2027069e-02   3.3194580e-03   4.8754602e-06   1.2039087e-04   1.0761106e-02   8.3717508e-03   0.0000000e+00   4.1692071e-04   0.0000000e+00   2.4442099e-03   9.7529879e-04   4.6823059e-03   2.9935812e-03   6.5403094e-03   1.5903599e-03   4.0285074e-02   8.9497405e-05   6.5304623e-02   8.3191573e-01  -5.7252857e-01
   8.3121257e-01   1.0780189e-02   2.3769635e-03   5.8855393e-03   7.3408093e-04   4.8728322e-03   6.5808334e-04   2.9544754e-03   4.8356711e-02   1.6816562e-05   3.9856962e-03   1.2449566e-02   1.3134705e-02   2.3721040e-03   3.9482194e-06   1.2287673e-04   8.9030399e-03   8.2238683e-03   9.9179989e-04   3.4743148e-04   0.0000000e+00   2.4417236e-03   1.1411717e-03   4.5517340e-03   2.9699553e-03   6.5720430e-03   1.3314662e-03   4.2060210e-02   8.9660378e-05   4.6122418e-02   8.3121257e-01  -5.6211827e-01
   8.3037534e-01   1.0466807e-02   2.0345289e-03   5.8994006e-03   5.8933456e-04   3.8526774e-03   6.4234091e-04   2.6827381e-03   4.8292168e-02   8.8374216e-06   3.7951400e-03   0.0000000e+00   1.2144900e-02   3.2891127e-03   4.8991892e-06   1.2001157e-04   1.0614985e-02   8.4587289e-03   5.1499402e-04   3.6135345e-04   0.0000000e+00   2.4473481e-03   1.0415511e-03   4.8009503e-03   3.0784808e-03   6.7030782e-03   1.6093212e-03   4.0049802e-02   8.9447811e-05   6.5345379e-02   8.3037534e-01  -5.4777422e-01
   8.2974089e-01   1.0495980e-02   2.2989504e-03   5.8933839e-03   6.8150483e-04   9.5800194e-03   6.4966942e-04   3.0775019e-03   4.8328269e-02   8.1975463e-06   4.0425175e-03   3.4149864e-04   1.1826128e-02   2.8999637e-03   3.4642919e-06   1.2210571e-04   1.2814190e-02   8.3766673e-03   1.2372633e-02   2.6778505e-04   2.9714067e-06   2.4425904e-03   1.1375188e-03   4.6992213e-03   2.6359063e-03   6.4078718e-03   1.8095059e-03   4.0347006e-02   8.9182406e-05   5.3456157e-02   8.2974089e-01  -5.3577733e-01
   8.2906224e-01   1.0440569e-02   2.2306641e-03   5.9145439e-03   7.3575826e-04   5.3147074e-03   6.5191383e-04   3.1151254e-03   4.8288277e-02   6.0610579e-06   4.9318394e-03   7.4190583e-03   1.2200831e-02   2.9303249e-03   2.3839286e-06   1.2315302e-04   1.4013223e-02   8.1154542e-03   9.3229488e-03   2.8967768e-04   2.5861775e-04   2.4441142e-03   1.1002839e-03   4.5351228e-03   2.2137425e-03   6.1992149e-03   1.7189003e-03   4.0073972e-02   8.6960142e-05   5.0807212e-02   8.2906224e-01  -5.2447130e-01
   8.2857804e-01   1.0628472e-02   2.2358421e-03   5.9065305e-03   6.8526722e-04   9.2659852e-03   6.5173048e-04   3.0050148e-03   4.8310382e-02   1.0156372e-05   4.0142712e-03   0.0000000e+00   1.1128586e-02   2.9344551e-03   3.2262997e-06   1.2367333e-04   1.2798169e-02   8.4075002e-03   1.2349903e-02   2.8927254e-04   2.7789538e-06   2.4427112e-03   1.1835137e-03   3.1118174e-03   2.6305464e-03   6.5754733e-03   1.8022110e-03   4.0681021e-02   8.8823673e-05   5.3824336e-02   8.2857804e-01  -5.1609967e-01
   8.2812785e-01   1.0954446e-02   2.9402998e-03   6.1392914e-03   5.4550315e-04   2.8938656e-02   6.8762827e-04   2.1832398e-03   4.8076280e-02   0.0000000e+00   1.7585539e-03   3.5953149e-02   1.5631478e-02   2.1078946e-03   6.2734230e-06   1.3853469e-04   6.0537368e-03   9.9341513e-03   2.4738118e-02   1.5507767e-04   5.3606447e-03   2.4279504e-03   1.4426750e-03   3.7013896e-03   4.2729714e-03   4.8660097e-03   1.0945954e-03   3.7164094e-02   8.2587236e-05   3.3323587e-02   8.2812785e-01  -5.0016354e-01
   8.2726723e-01   1.0179256e-02   2.5872616e-03   6.7319952e-03   4.0968215e-04   1.2222694e-02   6.4045353e-04   2.0286517e-03   4.8224954e-02   0.0000000e+00   4.5504314e-03   6.4623800e-03   1.1280229e-02   2.1445234e-03   1.0882076e-06   1.2989424e-04   2.2342109e-02   9.3012034e-03   1.9096382e-02   2.0622349e-04   0.0000000e+00   2.4378132e-03   1.3143769e-03   5.5988988e-03   2.1793199e-03   4.3414356e-03   1.3021572e-03   4.1517046e-02   8.2955786e-05   3.0559891e-02   8.2726723e-01  -4.9206519e-01
   8.2620787e-01   1.0178998e-02   2.5872021e-03   6.7548178e-03   3.9631542e-04   1.2363648e-02   6.3885842e-04   1.9875833e-03   4.8222319e-02   0.0000000e+00   4.4865181e-03   5.8517858e-03   1.2455515e-02   2.1439337e-03   9.1893408e-07   1.2973720e-04   2.2127523e-02   9.3038205e-03   1.9492890e-02   1.9744427e-04   0.0000000e+00   2.4376899e-03   1.3203832e-03   5.5953994e-03   2.2027820e-03   4.2726711e-03   1.2837550e-03   4.1245350e-02   8.2515309e-05   4.1446948e-02   8.2620787e-01  -4.7032928e-01
   8.2550796e-01   1.0126842e-02   2.5883044e-03   6.3407210e-03   4.3563188e-04   1.0751186e-02   6.4013716e-04   2.3078455e-03   4.8204448e-02   1.1824199e-07   4.4788545e-03   4.2562427e-03   1.2419483e-02   2.2235168e-03   4.7664134e-07   1.2770693e-04   1.9993766e-02   9.4868940e-03   1.7630945e-02   1.9464975e-04   0.0000000e+00   2.4373839e-03   1.3672583e-03   5.3464740e-03   2.0051725e-03   4.1474062e-03   1.3689574e-03   4.1586842e-02   8.2752404e-05   4.5614573e-02   8.2550796e-01  -4.5746294e-01
   8.2484927e-01   1.0129295e-02   2.5837797e-03   6.5662137e-03   5.4919813e-04   1.3086758e-03   6.4498227e-04   2.3388017e-03   4.8221462e-02   0.0000000e+00   4.5033918e-03   1.1370594e-02   1.4208993e-02   2.1427682e-03   0.0000000e+00   1.3200878e-04   2.1758887e-02   9.3310703e-03   9.7584303e-03   1.7765266e-04   0.0000000e+00   2.4407053e-03   1.3629216e-03   5.1224546e-03   1.2417737e-03   3.5767328e-03   1.3773471e-03   4.0480477e-02   8.4452362e-05   5.1626628e-02   8.2484927e-01  -4.4515748e-01
   6.5091095e-01   4.9106901e-03   1.9928635e-03   7.4200943e-03   1.4933120e-03   0.0000000e+00   1.0145707e-03   2.3638983e-04   4.5580616e-02   9.1779293e-05   5.0246559e-04   2.3431412e-02   1.0705933e-02   2.9137438e-03   1.1648112e-05   2.4658660e-04   2.5798194e-02   3.3025090e-03   3.8511577e-09   1.3757010e-04   1.2479793e-02   2.3948848e-03   4.2169353e-03   3.2232071e-04   1.2891969e-03   2.1175634e-03   2.9513562e-03   2.9358071e-04   5.0062881e-05   2.7466389e-04   6.5091095e-01  -4.2828623e-01
   6.5091095e-01   4.9106901e-03   1.9928635e-03   7.4200943e-03   1.4933120e-03   0.0000000e+00   1.0145707e-03   2.3638983e-04   4.5580616e-02   9.1779293e-05   5.0246559e-04   2.3431412e-02   1.0705933e-02   2.9137438e-03   1.1648112e-05   2.4658660e-04   2.5798194e-02   3.3025090e-03   3.8511577e-09   1.3757010e-04   1.2479793e-02   2.3948848e-03   4.2169353e-03   3.2232071e-04   1.2891969e-03   2.1175634e-03   2.9513562e-03   2.9358071e-04   5.0062881e-05   2.7466389e-04   6.5091095e-01  -4.2828623e-01
   6.5091095e-01   4.9106901e-03   1.9928635e-03   7.4200943e-03   1.4933120e-03   0.0000000e+00   1.0145707e-03   2.3638983e-04   4.5580616e-02   9.1779293e-05   5.0246559e-04   2.3431412e-02   1.0705933e-02   2.9137438e-03   1.1648112e-05   2.4658660e-04   2.5798194e-02   3.3025090e-03   3.8511577e-09   1.3757010e-04   1.2479793e-02   2.3948848e-03   4.2169353e-03   3.2232071e-04   1.2891969e-03   2.1175634e-03   2.9513562e-03   2.9358071e-04   5.0062881e-05   2.7466389e-04   6.5091095e-01  -4.2828623e-01
   6.5091095e-01   4.9106901e-03   1.9928635e-03   7.4200943e-03   1.4933120e-03   0.0000000e+00   1.0145707e-03   2.3638983e-04   4.5580616e-02   9.1779293e-05   5.0246559e-04   2.3431412e-02   1.0705933e-02   2.9137438e-03   1.1648112e-05   2.4658660e-04   2.5798194e-02   3.3025090e-03   3.8511577e-09   1.3757010e-04   1.2479793e-02   2.3948848e-03   4.2169353e-03   3.2232071e-04   1.2891969e-03   2.1175634e-03   2.9513562e-03   2.9358071e-04   5.0062881e-05   2.7466389e-04   6.5091095e-01  -4.2828623e-01
   6.5091095e-01   4.9106901e-03   1.9928635e-03   7.4200943e-03   1.4933120e-03   0.0000000e+00   1.0145707e-03   2.3638983e-04   4.5580616e-02   9.1779293e-05   5.0246559e-04   2.3431412e-02   1.0705933e-02   2.9137438e-03   1.1648112e-05   2.4658660e-04   2.5798194e-02   3.3025090e-03   3.8511577e-09   1.3757010e-04   1.2479793e-02   2.3948848e-03   4.2169353e-03   3.2232071e-04   1.2891969e-03   2.1175634e-03   2.9513562e-03   2.9358071e-04   5.0062881e-05   2.7466389e-04   6.5091095e-01  -4.2828623e-01
   6.5091095e-01   4.9106901e-03   1.9928635e-03   7.4200943e-03   1.4933120e-03   0.0000000e+00   1.0145707e-03   2.3638983e-04   4.5580616e-02   9.1779293e-05   5.0246559e-04   2.3431412e-02   1.0705933e-02   2.9137438e-03   1.1648112e-05   2.4658660e-04   2.5798194e-02   3.3025090e-03   3.8511577e-09   1.3757010e-04   1.2479793e-02   2.3948848e-03   4.2169353e-03   3.2232071e-04   1.2891969e-03   2.1175634e-03   2.9513562e-03   2.9358071e-04   5.0062881e-05   2.7466389e-04   6.5091095e-01  -4.2828623e-01
   6.4776422e-01   2.8020109e-03   2.0064676e-03   6.9848363e-03   1.2250303e-03   2.9884378e-03   5.3192682e-04   2.6186915e-04   5.3005785e-02   1.2254354e-04   5.0994734e-04   2.3231871e-02   1.0456695e-02   3.0328759e-03   1.7836410e-04   2.4029915e-04   5.8883107e-02   4.0371878e-03   7.4304455e-10   1.5407924e-04   1.4293677e-02   2.4099690e-03   2.3799325e-03   0.0000000e+00   1.6183970e-03   1.7785812e-03   2.0913559e-03   3.1891260e-04   4.9121789e-05   1.2057870e-04   6.4776422e-01  -4.1434837e-01
   6.4459144e-01   8.0141000e-04   4.2114091e-04   6.9375094e-03   1.9709018e-03   6.5511187e-03   1.8040790e-03   4.0959010e-05   4.1554813e-02   2.1993894e-04   1.2539225e-04   1.7990824e-02   7.6544794e-03   3.9602330e-03   1.6687402e-05   3.4272008e-04   7.3980127e-02   4.5107557e-03   0.0000000e+00   7.2549940e-05   9.0297538e-03   2.3426512e-03   5.5371317e-04   3.7011990e-03   4.1420824e-04   2.2864059e-03   3.1170192e-03   0.0000000e+00   8.0245725e-05   5.0114830e-03   6.4459144e-01  -4.0149955e-01
   6.4156284e-01   0.0000000e+00   0.0000000e+00   7.3266153e-03   1.8736376e-03   6.8214773e-03   1.6583139e-03   0.0000000e+00   4.1698618e-02   3.0684953e-04   3.1847688e-04   1.8992630e-02   7.7137994e-03   3.8002235e-03   4.5798719e-04   4.7183571e-04   6.6629128e-02   4.4606321e-03   0.0000000e+00   8.8073969e-05   1.0478106e-02   2.2434708e-03   1.7085954e-03   2.1474924e-03   0.0000000e+00   2.2847442e-03   2.4780739e-03   4.8498828e-05   5.4549025e-05   4.0584519e-03   6.4156284e-01  -3.8480095e-01
   6.3975191e-01   0.0000000e+00   0.0000000e+00   6.7103988e-03   2.0737952e-03   7.9834044e-03   1.7702140e-03   0.0000000e+00   4.1412310e-02   2.3713536e-04   3.5847518e-04   1.9065588e-02   7.7450720e-03   3.7268487e-03   2.0535672e-05   4.4965193e-04   6.6739020e-02   4.5285445e-03   0.0000000e+00   8.4435580e-05   1.2040664e-02   2.3439943e-03   1.9047813e-03   2.5943717e-03   1.0686154e-03   2.4299852e-03   3.2329079e-03   0.0000000e+00   7.2977429e-05   5.6584569e-03   6.3975191e-01  -3.7019728e-01
   6.3765256e-01   1.7747715e-04   2.7057260e-04   8.2861885e-03   2.1727712e-03   9.6583249e-03   1.9202744e-03   0.0000000e+00   3.8186701e-02   0.0000000e+00   0.0000000e+00   1.5065004e-02   7.9445943e-03   4.2419565e-03   0.0000000e+00   3.7215706e-04   5.3254715e-02   6.0557410e-03   0.0000000e+00   9.5321159e-05   1.0428164e-02   2.0916871e-03   1.8316833e-03   3.0612643e-03   1.9971377e-04   2.3824781e-03   3.7091392e-03   0.0000000e+00   7.9445633e-05   5.7524317e-03   6.3765256e-01  -3.5547114e-01
   6.3623206e-01   3.4114366e-05   0.0000000e+00   7.2600408e-03   1.9570081e-03   7.6843594e-03   1.6394947e-03   0.0000000e+00   4.1590425e-02   3.2144016e-04   3.5362821e-04   1.9009556e-02   7.7136285e-03   3.7373699e-03   4.6493095e-04   4.7416807e-04   6.5020556e-02   4.4859432e-03   0.0000000e+00   8.8223257e-05   5.8120224e-03   2.4706823e-03   2.0062255e-03   2.2960101e-03   0.0000000e+00   2.3705477e-03   2.2572012e-03   5.0603370e-05   6.9327588e-05   4.3503410e-03   6.3623206e-01  -3.4072719e-01
   6.3503649e-01   8.8852855e-05   1.9448010e-03   6.9436402e-03   1.3103530e-03   6.3266624e-03   9.6665468e-04   2.6512479e-04   4.4201516e-02   9.1796301e-05   2.9564504e-05   3.1165368e-02   8.7283176e-03   3.6136615e-03   1.3683484e-03   2.2285772e-04   5.3889178e-02   4.7896418e-03   1.1985751e-07   1.3756656e-04   0.0000000e+00   2.1719979e-03   2.5662904e-03   4.3831358e-03   2.9805907e-03   6.6810284e-03   3.8701450e-03   5.4278406e-04   3.5206188e-05   3.5363298e-03   6.3503649e-01  -3.2669376e-01
   6.3351952e-01   1.4323310e-04   4.3767943e-05   6.9849140e-03   1.9120392e-03   7.2149405e-03   2.2214856e-03   0.0000000e+00   4.0083824e-02   3.0820880e-04   3.5742787e-04   1.9966559e-02   7.7036227e-03   3.7633886e-03   4.1936187e-04   4.9041906e-04   6.3117834e-02   4.4727668e-03   0.0000000e+00   8.8020500e-05   6.4410581e-03   2.3666356e-03   2.0149908e-03   1.6594510e-03   0.0000000e+00   2.5319405e-03   2.3026671e-03   6.4228398e-05   5.8335167e-05   3.8481181e-03   6.3351952e-01  -3.1238394e-01
   6.3226911e-01   0.0000000e+00   0.0000000e+00   6.7196874e-03   1.9807320e-03   8.6919563e-03   1.8328257e-03   0.0000000e+00   4.0995083e-02   2.4866791e-04   3.0277488e-04   2.1215989e-02   9.3982784e-03   4.0870706e-03   2.4179414e-05   3.8754311e-04   7.8161669e-02   5.0194882e-03   0.0000000e+00   1.0558492e-04   1.0207769e-02   2.3345662e-03   2.0918435e-03   2.0418622e-03   1.2073064e-03   1.7651745e-03   5.1232353e-03   3.6796511e-03   7.2913040e-05   8.6598894e-03   6.3226911e-01  -2.9095777e-01
   6.3057387e-01   0.0000000e+00   0.0000000e+00   7.3173101e-03   1.9305540e-03   7.7847223e-03   1.7955788e-03   0.0000000e+00   3.9988398e-02   2.5935871e-04   3.7260637e-04   1.7789418e-02   7.4687977e-03   3.7110155e-03   2.9606455e-04   4.7038188e-04   6.9213398e-02   4.6078885e-03   0.0000000e+00   8.1765126e-05   9.7787427e-03   2.6117516e-03   7.9831300e-04   2.8631097e-03   3.2580951e-04   2.4459700e-03   2.9920262e-03   0.0000000e+00   6.1435596e-05   5.3525958e-03   6.3057387e-01  -2.7488127e-01
   6.2944492e-01   8.1796382e-04   1.8597659e-03   6.9144874e-03   1.1358907e-03   1.0575004e-02   8.2232575e-06   1.0202587e-04   4.3759207e-02   7.3639325e-05   8.1865024e-04   3.1722291e-02   8.5219635e-03   4.0694001e-03   6.4369193e-05   2.6264856e-04   6.5578268e-02   4.8640754e-03   0.0000000e+00   1.3922394e-04   1.3208667e-02   2.4925532e-03   2.6718826e-03   2.8514249e-03   0.0000000e+00   0.0000000e+00   3.3126176e-03   2.1668235e-04   3.4431242e-05   1.9252864e-03   6.2944492e-01  -2.5673304e-01
   6.2797693e-01   1.0042300e-03   1.9795261e-03   7.3014200e-03   1.0492246e-03   9.8818537e-03   4.6803476e-04   7.6079546e-05   4.5304127e-02   5.6963282e-05   8.6186559e-04   2.8512782e-02   8.1608990e-03   4.0764624e-03   0.0000000e+00   2.5060856e-04   5.9693249e-02   4.7301104e-03   0.0000000e+00   1.3397037e-04   1.4336664e-02   2.4747847e-03   2.9700126e-03   2.8896415e-03   1.0410270e-05   0.0000000e+00   3.4221862e-03   2.1335663e-04   3.0209455e-05   2.2272181e-03   6.2797693e-01  -2.3777405e-01
   6.2662024e-01   1.0489022e-04   1.2794715e-03   6.7439293e-03   1.4281478e-03   6.3823480e-03   1.0605954e-03   2.9132173e-04   4.2879209e-02   7.7128450e-05   0.0000000e+00   3.0717795e-02   8.5199621e-03   3.7315877e-03   1.0553354e-03   1.6997724e-04   5.8283112e-02   4.7786215e-03   9.8768536e-08   1.3247695e-04   7.8345115e-04   2.1837715e-03   2.7081592e-03   4.2645788e-03   3.1519362e-03   5.2182380e-03   3.7862913e-03   2.0727175e-04   3.6744922e-05   2.7421009e-03   6.2662024e-01  -2.2017029e-01
   6.2474646e-01   6.5212280e-04   5.2965799e-04   5.7865131e-03   1.1874025e-03   5.4470707e-05   1.4693665e-04   2.8453712e-05   3.6042282e-02   0.0000000e+00   0.0000000e+00   1.4169598e-02   7.9609077e-03   4.3110421e-03   0.0000000e+00   3.1844526e-04   2.0451667e-02   5.0050300e-03   0.0000000e+00   1.0278896e-04   1.7728787e-02   3.3590187e-03   1.3640470e-03   3.5880293e-03   4.0072932e-04   1.4555866e-03   4.8511435e-03   0.0000000e+00   1.3704510e-05   1.1341401e-03   6.2474646e-01  -2.0395865e-01
   6.2366030e-01   1.2874793e-03   5.0556625e-04   6.5572054e-03   1.2654910e-03   4.7884590e-03   5.4373568e-04   8.3273339e-06   2.6800760e-02   2.9683995e-05   1.0002017e-04   2.1483405e-02   8.1947540e-03   4.7034857e-03   0.0000000e+00   2.1641211e-04   4.1874378e-02   4.6959825e-03   3.5275148e-08   1.0884548e-04   1.4622215e-02   4.1631322e-03   8.5503457e-04   3.1774529e-03   0.0000000e+00   2.1111388e-04   4.3199952e-03   0.0000000e+00   2.1624168e-05   0.0000000e+00   6.2366030e-01  -1.8328926e-01
   6.2219435e-01   6.5982018e-04   6.2924699e-04   5.9948088e-03   1.3002998e-03   4.8247301e-04   6.0227184e-04   1.7951513e-05   3.9410451e-02   1.8079160e-05   9.6674560e-08   1.4577388e-02   7.9429275e-03   4.2951053e-03   0.0000000e+00   2.7297646e-04   5.1053317e-02   4.7886596e-03   0.0000000e+00   9.8304493e-05   1.8102699e-02   3.5843940e-03   1.2550983e-03   3.5649762e-03   3.7483984e-04   8.5784473e-04   4.7542833e-03   0.0000000e+00   1.2268507e-05   7.1583165e-04   6.2219435e-01  -1.5698113e-01
   6.2091896e-01   1.2474410e-03   5.1639299e-04   6.5502363e-03   1.3206982e-03   3.6199793e-03   5.3727947e-04   0.0000000e+00   1.7500740e-02   8.0772141e-06   0.0000000e+00   1.6852379e-02   8.1772580e-03   4.6496347e-03   3.6370988e-06   3.1796570e-04   4.7166406e-02   4.7124049e-03   0.0000000e+00   1.0696540e-04   1.8055272e-02   4.1529934e-03   5.9758531e-04   3.3311179e-03   0.0000000e+00   0.0000000e+00   4.4383151e-03   2.1572037e-05   2.2818368e-05   3.4074923e-04   6.2091896e-01  -1.3997744e-01
   6.2003535e-01   6.6444661e-04   5.2233968e-04   5.8229059e-03   1.3179448e-03   0.0000000e+00   0.0000000e+00   3.0246335e-05   3.8100966e-02   2.8417066e-06   0.0000000e+00   1.2848506e-02   7.9642932e-03   4.3939890e-03   0.0000000e+00   3.2324363e-04   2.0620105e-02   5.0546631e-03   0.0000000e+00   1.0026643e-04   1.7624943e-02   3.1532006e-03   1.1996822e-03   3.5911768e-03   3.9847781e-04   1.4391523e-03   5.1441590e-03   0.0000000e+00   2.8775912e-05   1.7031336e-03   6.2003535e-01  -1.2741949e-01
   4.5454143e-01   4.8238142e-04   6.9335201e-03   2.6443580e-03   6.9274731e-04   2.6145432e-02   1.5455850e-06   1.7352005e-05   0.0000000e+00   1.0266498e-03   1.9665404e-03   0.0000000e+00   6.3617220e-03   3.2831390e-03   5.8961234e-04   9.9309487e-06   0.0000000e+00   2.0826527e-03   0.0000000e+00   8.3202508e-05   3.8698999e-03   5.7959478e-03   8.4052825e-03   4.6419536e-03   1.7613491e-03   1.3028367e-04   5.2415677e-04   1.3635821e-03   6.6409752e-06   1.6340741e-03   4.5454143e-01  -1.0751638e-01
   4.5454143e-01   4.8238142e-04   6.9335201e-03   2.6443580e-03   6.9274731e-04   2.6145432e-02   1.5455850e-06   1.7352005e-05   0.0000000e+00   1.0266498e-03   1.9665404e-03   0.0000000e+00   6.3617220e-03   3.2831390e-03   5.8961234e-04   9.9309487e-06   0.0000000e+00   2.0826527e-03   0.0000000e+00   8.3202508e-05   3.8698999e-03   5.7959478e-03   8.4052825e-03   4.6419536e-03   1.7613491e-03   1.3028367e-04   5.2415677e-04   1.3635821e-03   6.6409752e-06   1.6340741e-03   4.5454143e-01  -1.0751638e-01
   4.5454143e-01   4.8238142e-04   6.9335201e-03   2.6443580e-03   6.9274731e-04   2.6145432e-02   1.5455850e-06   1.7352005e-05   0.0000000e+00   1.0266498e-03   1.9665404e-03   0.0000000e+00   6.3617220e-03   3.2831390e-03   5.8961234e-04   9.9309487e-06   0.0000000e+00   2.0826527e-03   0.0000000e+00   8.3202508e-05   3.8698999e-03   5.7959478e-03   8.4052825e-03   4.6419536e-03   1.7613491e-03   1.3028367e-04   5.2415677e-04   1.3635821e-03   6.6409752e-06   1.6340741e-03   4.5454143e-01  -1.0751638e-01
   4.5454143e-01   4.8238142e-04   6.9335201e-03   2.6443580e-03   6.9274731e-04   2.6145432e-02   1.5455850e-06   1.7352005e-05   0.0000000e+00   1.0266498e-03   1.9665404e-03   0.0000000e+00   6.3617220e-03   3.2831390e-03   5.8961234e-04   9.9309487e-06   0.0000000e+00   2.0826527e-03   0.0000000e+00   8.3202508e-05   3.8698999e-03   5.7959478e-03   8.4052825e-03   4.6419536e-03   1.7613491e-03   1.3028367e-04   5.2415677e-04   1.3635821e-03   6.6409752e-06   1.6340741e-03   4.5454143e-01  -1.0751638e-01
   4.5454143e-01   4.8238142e-04   6.9335201e-03   2.6443580e-03   6.9274731e-04   2.6145432e-02   1.5455850e-06   1.7352005e-05   0.0000000e+00   1.0266498e-03   1.9665404e-03   0.0000000e+00   6.3617220e-03   3.2831390e-03   5.8961234e-04   9.9309487e-06   0.0000000e+00   2.0826527e-03   0.0000000e+00   8.3202508e-05   3.8698999e-03   5.7959478e-03   8.4052825e-03   4.6419536e-03   1.7613491e-03   1.3028367e-04   5.2415677e-04   1.3635821e-03   6.6409752e-06   1.6340741e-03   4.5454143e-01  -1.0751638e-01
   4.5454143e-01   4.8238142e-04   6.9335201e-03   2.6443580e-03   6.9274731e-04   2.6145432e-02   1.5455850e-06   1.7352005e-05   0.0000000e+00   1.0266498e-03   1.9665404e-03   0.0000000e+00   6.3617220e-03   3.2831390e-03   5.8961234e-04   9.9309487e-06   0.0000000e+00   2.0826527e-03   0.0000000e+00   8.3202508e-05   3.8698999e-03   5.7959478e-03   8.4052825e-03   4.6419536e-03   1.7613491e-03   1.3028367e-04   5.2415677e-04   1.3635821e-03   6.6409752e-06   1.6340741e-03   4.5454143e-01  -1.0751638e-01
   4.5454143e-01   4.8238142e-04   6.9335201e-03   2.6443580e-03   6.9274731e-04   2.6145432e-02   1.5455850e-06   1.7352005e-05   0.0000000e+00   1.0266498e-03   1.9665404e-03   0.0000000e+00   6.3617220e-03   3.2831390e-03   5.8961234e-04   9.9309487e-06   0.0000000e+00   2.0826527e-03   0.0000000e+00   8.3202508e-05   3.8698999e-03   5.7959478e-03   8.4052825e-03   4.6419536e-03   1.7613491e-03   1.3028367e-04   5.2415677e-04   1.3635821e-03   6.6409752e-06   1.6340741e-03   4.5454143e-01  -1.0751638e-01
   4.5245106e-01   4.7515786e-04   7.2288217e-03   2.5665912e-03   6.5127905e-04   2.6805701e-02   0.0000000e+00   2.4796218e-07   7.3757564e-04   1.0141510e-03   2.2051746e-03   1.9102228e-03   6.4965090e-03   3.4222010e-03   5.9383625e-04   2.2297909e-06   1.0438992e-03   2.2401815e-03   0.0000000e+00   8.1815698e-05   1.9069820e-03   8.1138943e-03   9.6420032e-03   5.3873996e-03   2.5631911e-03   1.7216206e-04   0.0000000e+00   1.7134877e-03   1.2321395e-05   2.3155451e-03   4.5245106e-01  -1.0529792e-01
   4.4540670e-01   1.2643987e-06   5.3383381e-03   1.7775372e-03   8.0247585e-04   1.9838429e-02   0.0000000e+00   6.8193539e-07   2.5807536e-05   1.0929125e-03   2.5052972e-03   1.1479472e-03   6.1808956e-03   2.8115544e-03   1.0470124e-03   1.2589335e-07   1.0536412e-03   1.7788349e-03   0.0000000e+00   7.8016692e-05   1.6830307e-03   1.0089991e-02   8.1606672e-03   7.6950300e-03   5.2122526e-04   9.9022442e-05   0.0000000e+00   4.6902839e-03   2.3466964e-04   1.4313458e-02   4.4540670e-01  -8.8872449e-02
   4.4144452e-01   9.9686113e-05   0.0000000e+00   2.6371163e-03   5.5603144e-04   1.3810484e-02   2.0036813e-07   4.8906869e-07   3.2549419e-03   1.7045487e-03   0.0000000e+00   1.4055907e-03   0.0000000e+00   4.6474039e-03   8.1925553e-03   2.7060155e-05   1.8517512e-03   3.8041537e-03   3.4498526e-07   7.9508555e-05   1.0453149e-03   5.8212538e-03   8.8326760e-03   7.7946404e-03   4.4640952e-03   1.1318347e-05   1.1513561e-04   3.4847025e-03   2.9557840e-04   1.6684379e-02   4.4144452e-01  -7.1162214e-02
   4.3761051e-01   0.0000000e+00   0.0000000e+00   2.6369065e-03   5.6208689e-04   1.4755979e-02   0.0000000e+00   0.0000000e+00   3.1807489e-03   1.5186761e-03   0.0000000e+00   2.0699760e-03   3.4702677e-04   5.1338594e-03   8.7461423e-03   3.1423960e-05   1.3305160e-03   4.2740379e-03   2.0678848e-07   7.8452728e-05   1.1149550e-03   5.8188482e-03   9.0234023e-03   7.8747446e-03   4.4658256e-03   0.0000000e+00   2.5908004e-04   4.7633423e-03   3.1861046e-04   1.6796922e-02   4.3761051e-01  -4.6576605e-02
   4.3466264e-01   3.9611219e-04   1.5275547e-03   1.9004237e-03   2.3291868e-04   1.8330882e-02   0.0000000e+00   0.0000000e+00   6.2113419e-03   8.7467357e-04   1.6168125e-03   2.5568119e-03   1.6477968e-03   3.0301716e-03   3.2924112e-03   5.6569853e-05   1.8573636e-03   3.6015065e-03   3.6292491e-05   8.5805658e-05   7.6135477e-04   6.0704072e-03   1.1708281e-02   7.2635347e-03   1.1357030e-02   1.6895730e-04   1.5800299e-03   4.2931797e-03   7.0596724e-04   2.7565100e-02   4.3466264e-01  -1.9653098e-02
   4.3121286e-01   7.1351028e-04   7.1998437e-03   2.7084130e-03   1.2618517e-03   2.6151923e-02   1.8282733e-07   0.0000000e+00   2.4898885e-03   9.6883606e-04   1.3303581e-03   2.0578876e-03   4.6403075e-03   3.0030244e-03   3.9955042e-04   0.0000000e+00   1.1171289e-03   2.1185382e-03   8.0211687e-08   7.2511535e-05   2.3110487e-03   6.6423692e-03   1.0936037e-02   5.8450706e-03   2.0083705e-03   1.6157397e-04   4.0566421e-04   2.0765149e-03   2.5161328e-05   2.2807251e-03   4.3121286e-01   3.6695435e-03
   4.2975265e-01   9.7669510e-03   2.0122088e-04   9.0326077e-04   1.0846716e-03   1.6340705e-02   6.0021943e-05   1.2914899e-03   2.5354837e-03   8.5514584e-04   1.8129156e-03   0.0000000e+00   1.7760615e-02   7.8859608e-04   0.0000000e+00   2.4907059e-04   1.9214321e-04   3.1360489e-03   1.6813038e-04   4.4095905e-05   3.0595458e-02   2.3738703e-02   1.8665804e-03   9.9705997e-03   1.1924766e-02   7.9052034e-04   8.8932921e-04   1.2316678e-03   3.0720828e-03   2.0167059e-02   4.2975265e-01   3.2620840e-02
   4.2565030e-01   1.3445951e-03   5.3860107e-04   1.5432275e-03   2.2292710e-04   1.6391195e-02   0.0000000e+00   4.8446677e-06   3.4501594e-03   0.0000000e+00   2.5851259e-04   2.3898331e-03   1.7688710e-03   2.3914728e-03   4.6930399e-03   4.3212074e-06   2.5189875e-03   4.1809204e-03   3.3173210e-05   9.5515252e-05   6.9371507e-05   7.8110566e-03   1.0049461e-02   8.0021357e-03   0.0000000e+00   3.5437161e-04   8.1346182e-04   4.7853593e-03   7.4176168e-05   2.2161636e-02   4.2565030e-01   6.0650632e-02
   4.2363157e-01   9.7360790e-04   7.7962638e-04   1.8158669e-03   0.0000000e+00   1.7068992e-02   0.0000000e+00   0.0000000e+00   3.7982640e-03   4.3337648e-06   9.3303602e-04   2.3721009e-03   3.5478497e-03   1.9530777e-03   4.1324862e-03   1.1850884e-05   1.8351760e-03   3.6924358e-03   4.4803965e-05   1.3508485e-04   0.0000000e+00   8.3148862e-03   9.1778434e-03   8.6557775e-03   3.0718284e-03   7.6609969e-05   1.2468217e-03   5.2455813e-03   0.0000000e+00   2.1583798e-02   4.2363157e-01   8.3839521e-02
   4.2078615e-01   2.0734931e-03   5.7856058e-04   1.8013548e-03   1.7749730e-04   1.7462335e-02   0.0000000e+00   0.0000000e+00   4.5034842e-03   0.0000000e+00   6.0770301e-04   2.2059763e-03   3.3309979e-03   2.5557189e-03   6.4636514e-03   9.3430368e-06   1.8468952e-03   3.7084491e-03   1.0074899e-04   8.7151094e-05   0.0000000e+00   7.2066011e-03   1.0247056e-02   8.4163407e-03   7.2804909e-03   1.8195973e-04   1.2287971e-03   5.2544631e-03   6.5596725e-05   2.0026159e-02   4.2078615e-01   1.1826990e-01
   4.1730515e-01   2.1412189e-03   9.0961090e-05   1.6478181e-03   6.1770626e-05   1.7194550e-02   0.0000000e+00   3.2016157e-04   4.5146521e-03   1.1319238e-04   5.0674450e-04   2.2250175e-03   2.0964678e-03   2.4226715e-03   4.6557346e-03   8.2219527e-08   1.7910233e-03   4.5680141e-03   4.7468895e-05   8.3433623e-05   1.2839877e-05   6.7150148e-03   1.2568003e-02   8.3783007e-03   7.5640153e-03   3.9437716e-05   2.0756338e-03   5.3342799e-03   8.5945604e-06   0.0000000e+00   4.1730515e-01   1.5652388e-01
   4.1501064e-01   7.1402737e-04   1.0361465e-04   1.5343051e-03   3.5531837e-04   1.6915172e-02   0.0000000e+00   5.8044088e-04   4.4398133e-03   4.7003722e-05   6.3405318e-04   2.1080695e-03   0.0000000e+00   1.9980019e-03   4.9748660e-03   0.0000000e+00   1.6329257e-03   4.1438228e-03   8.5133741e-05   8.2011306e-05   5.4735875e-03   8.7945807e-03   1.3262715e-02   8.4316733e-03   8.4915719e-03   9.8095182e-05   2.0935505e-03   1.2662936e-02   0.0000000e+00   3.7907467e-04   4.1501064e-01   1.8837445e-01
   4.1248677e-01   1.0976746e-03   1.5322826e-03   1.8015758e-03   8.1777169e-05   1.4620140e-02   2.3611757e-07   2.4225177e-05   5.6289565e-03   1.2787197e-03   1.6852229e-03   2.5882414e-03   1.7294947e-03   5.2151257e-03   2.1909528e-03   4.7281849e-05   2.0978097e-03   3.0924176e-03   5.0788009e-05   9.7327171e-05   7.9501508e-04   4.8319927e-03   1.0734246e-02   6.8024484e-03   1.3465891e-02   2.2954822e-04   6.3010080e-04   4.7720051e-03   7.4591318e-04   2.5457974e-02   4.1248677e-01   2.2402873e-01
   2.5653669e-01   4.4303540e-03   5.4402073e-04   0.0000000e+00   4.3127588e-03   2.3683440e-05   1.1998997e-06   2.2922096e-04   2.0580491e-04   3.3189297e-03   7.6662525e-05   2.8134932e-03   4.7408136e-04   0.0000000e+00   2.4046825e-04   3.2215189e-04   0.0000000e+00   1.5936713e-06   1.1445946e-04   6.5341761e-06   8.7479542e-05   1.3620479e-04   3.0161849e-04   3.7607894e-03   5.9046025e-04   0.0000000e+00   5.1157611e-03   0.0000000e+00   3.0576469e-04   5.4047290e-04   2.5653669e-01   2.4884214e-01
   2.5653669e-01   4.4303540e-03   5.4402073e-04   0.0000000e+00   4.3127588e-03   2.3683440e-05   1.1998997e-06   2.2922096e-04   2.0580491e-04   3.3189297e-03   7.6662525e-05   2.8134932e-03   4.7408136e-04   0.0000000e+00   2.4046825e-04   3.2215189e-04   0.0000000e+00   1.5936713e-06   1.1445946e-04   6.5341761e-06   8.7479542e-05   1.3620479e-04   3.0161849e-04   3.7607894e-03   5.9046025e-04   0.0000000e+00   5.1157611e-03   0.0000000e+00   3.0576469e-04   5.4047290e-04   2.5653669e-01   2.4884214e-01
   2.5653669e-01   4.4303540e-03   5.4402073e-04   0.0000000e+00   4.3127588e-03   2.3683440e-05   1.1998997e-06   2.2922096e-04   2.0580491e-04   3.3189297e-03   7.6662525e-05   2.8134932e-03   4.7408136e-04   0.0000000e+00   2.4046825e-04   3.2215189e-04   0.0000000e+00   1.5936713e-06   1.1445946e-04   6.5341761e-06   8.7479542e-05   1.3620479e-04   3.0161849e-04   3.7607894e-03   5.9046025e-04   0.0000000e+00   5.1157611e-03   0.0000000e+00   3.0576469e-04   5.4047290e-04   2.5653669e-01   2.4884214e-01
   2.5653669e-01   4.4303540e-03   5.4402073e-04   0.0000000e+00   4.3127588e-03   2.3683440e-05   1.1998997e-06   2.2922096e-04   2.0580491e-04   3.3189297e-03   7.6662525e-05   2.8134932e-03   4.7408136e-04   0.0000000e+00   2.4046825e-04   3.2215189e-04   0.0000000e+00   1.5936713e-06   1.1445946e-04   6.5341761e-06   8.7479542e-05   1.3620479e-04   3.0161849e-04   3.7607894e-03   5.9046025e-04   0.0000000e+00   5.1157611e-03   0.0000000e+00   3.0576469e-04   5.4047290e-04   2.5653669e-01   2.4884214e-01
   2.5653669e-01   4.4303540e-03   5.4402073e-04   0.0000000e+00   4.3127588e-03   2.3683440e-05   1.1998997e-06   2.2922096e-04   2.0580491e-04   3.3189297e-03   7.6662525e-05   2.8134932e-03   4.7408136e-04   0.0000000e+00   2.4046825e-04   3.2215189e-04   0.0000000e+00   1.5936713e-06   1.1445946e-04   6.5341761e-06   8.7479542e-05   1.3620479e-04   3.0161849e-04   3.7607894e-03   5.9046025e-04   0.0000000e+00   5.1157611e-03   0.0000000e+00   3.0576469e-04   5.4047290e-04   2.5653669e-01   2.4884214e-01
   2.5653669e-01   4.4303540e-03   5.4402073e-04   0.0000000e+00   4.3127588e-03   2.3683440e-05   1.1998997e-06   2.2922096e-04   2.0580491e-04   3.3189297e-03   7.6662525e-05   2.8134932e-03   4.7408136e-04   0.0000000e+00   2.4046825e-04   3.2215189e-04   0.0000000e+00   1.5936713e-06   1.1445946e-04   6.5341761e-06   8.7479542e-05   1.3620479e-04   3.0161849e-04   3.7607894e-03   5.9046025e-04   0.0000000e+00   5.1157611e-03   0.0000000e+00   3.0576469e-04   5.4047290e-04   2.5653669e-01   2.4884214e-01
   2.5653669e-01   4.4303540e-03   5.4402073e-04   0.0000000e+00   4.3127588e-03   2.3683440e-05   1.1998997e-06   2.2922096e-04   2.0580491e-04   3.3189297e-03   7.6662525e-05   2.8134932e-03   4.7408136e-04   0.0000000e+00   2.4046825e-04   3.2215189e-04   0.0000000e+00   1.5936713e-06   1.1445946e-04   6.5341761e-06   8.7479542e-05   1.3620479e-04   3.0161849e-04   3.7607894e-03   5.9046025e-04   0.0000000e+00   5.1157611e-03   0.0000000e+00   3.0576469e-04   5.4047290e-04   2.5653669e-01   2.4884214e-01
   2.5653669e-01   4.4303540e-03   5.4402073e-04   0.0000000e+00   4.3127588e-03   2.3683440e-05   1.1998997e-06   2.2922096e-04   2.0580491e-04   3.3189297e-03   7.6662525e-05   2.8134932e-03   4.7408136e-04   0.0000000e+00   2.4046825e-04   3.2215189e-04   0.0000000e+00   1.5936713e-06   1.1445946e-04   6.5341761e-06   8.7479542e-05   1.3620479e-04   3.0161849e-04   3.7607894e-03   5.9046025e-04   0.0000000e+00   5.1157611e-03   0.0000000e+00   3.0576469e-04   5.4047290e-04   2.5653669e-01   2.4884214e-01
   2.5653669e-01   4.4303540e-03   5.4402073e-04   0.0000000e+00   4.3127588e-03   2.3683440e-05   1.1998997e-06   2.2922096e-04   2.0580491e-04   3.3189297e-03   7.6662525e-05   2.8134932e-03   4.7408136e-04   0.0000000e+00   2.4046825e-04   3.2215189e-04   0.0000000e+00   1.5936713e-06   1.1445946e-04   6.5341761e-06   8.7479542e-05   1.3620479e-04   3.0161849e-04   3.7607894e-03   5.9046025e-04   0.0000000e+00   5.1157611e-03   0.0000000e+00   3.0576469e-04   5.4047290e-04   2.5653669e-01   2.4884214e-01
   2.4802502e-01   5.9911687e-03   6.1839750e-04   2.1731914e-03   5.6423423e-03   0.0000000e+00   9.2311477e-07   5.6076741e-05   1.6679194e-02   3.2555647e-03   8.4802665e-05   2.9897999e-03   8.3793469e-04   3.0362099e-04   1.1918155e-04   2.9703073e-04   6.9115351e-04   1.4421498e-03   1.3239151e-05   7.9685203e-06   4.1024528e-05   0.0000000e+00   2.8919946e-04   1.8575527e-03   1.3072256e-04   0.0000000e+00   3.9958265e-03   8.4781098e-04   3.5695014e-04   0.0000000e+00   2.4802502e-01   2.6580087e-01
   2.3984400e-01   5.9356944e-03   6.3307179e-04   2.4647519e-03   5.6412538e-03   0.0000000e+00   8.8868867e-07   4.9389813e-05   1.6352928e-02   2.9962885e-03   8.3962667e-05   2.8788835e-03   5.1020042e-04   2.4788504e-04   9.3942825e-04   2.2433501e-04   2.2240102e-04   1.7356266e-03   5.2024111e-05   7.9569290e-06   4.2677073e-05   0.0000000e+00   2.9352505e-04   1.8626961e-03   1.0946292e-04   0.0000000e+00   4.1929947e-03   5.5274983e-04   3.5679489e-04   1.0417529e-05   2.3984400e-01   2.9387797e-01
   2.3305510e-01   3.8236830e-03   4.7081253e-04   9.6605367e-04   4.1628977e-03   3.0267566e-04   1.0199582e-06   4.3145140e-05   7.6176851e-03   3.1326428e-03   1.0574272e-04   2.2814095e-03   1.0563837e-03   1.9398869e-04   0.0000000e+00   3.8082365e-04   5.8536054e-04   0.0000000e+00   8.7433291e-05   8.2955169e-06   8.3043594e-05   0.0000000e+00   3.6110447e-04   3.9403199e-03   4.9971815e-04   0.0000000e+00   4.8570435e-03   9.7818139e-07   5.0143800e-04   1.9152508e-04   2.3305510e-01   3.2483862e-01
   2.2661554e-01   6.2284449e-03   4.0856017e-04   1.9820266e-03   7.0656441e-03   5.1297860e-04   1.3872275e-06   3.4435216e-04   2.0414684e-02   2.6427498e-03   1.2421352e-04   2.9252313e-03   2.4308935e-05   1.1994296e-02   2.9737630e-03   9.8769519e-05   1.1463917e-03   1.0384036e-03   5.5345799e-06   1.8620758e-05   0.0000000e+00   1.5333147e-03   7.8986042e-05   3.2794266e-03   0.0000000e+00   1.7988720e-03   3.2952269e-03   9.0700693e-03   4.7427711e-04   4.0486502e-03   2.2661554e-01   3.7558625e-01
   2.1936548e-01   3.9538663e-03   4.6069215e-04   2.9033073e-03   5.9407036e-03   2.4404885e-04   1.5423250e-06   4.6411593e-05   1.7825904e-02   1.2138445e-03   7.0545705e-05   0.0000000e+00   1.1813761e-03   2.6005097e-04   2.8564810e-03   0.0000000e+00   5.7723873e-03   6.3457122e-03   6.3226053e-04   1.4484733e-05   2.6471380e-05   2.9083245e-04   2.9105173e-04   0.0000000e+00   0.0000000e+00   2.5111952e-05   4.8072336e-03   2.2743508e-03   1.3019383e-04   2.5843270e-03   2.1936548e-01   4.2057529e-01
   2.1294416e-01   3.9613552e-03   4.5560849e-04   3.7679957e-03   5.2509264e-03   2.4540657e-04   1.2896908e-06   3.4148999e-03   2.6697441e-02   1.7374313e-03   6.9664440e-05   1.7213774e-04   1.6749982e-03   8.3654335e-04   2.9901111e-03   2.2728020e-05   5.0221331e-03   6.7783010e-03   4.1660308e-04   1.2265441e-05   0.0000000e+00   5.8433889e-04   2.5859625e-04   5.3007519e-03   6.0334771e-04   2.6931046e-06   5.4366776e-03   6.2719692e-03   6.3190563e-04   4.1438496e-03   2.1294416e-01   4.7506868e-01
   2.0556177e-01   4.6105899e-03   4.3072327e-04   4.1565134e-03   5.3613545e-03   3.6266839e-04   1.4191520e-06   7.8828217e-04   3.0130693e-02   1.3321111e-03   3.1599854e-05   1.1786606e-03   1.9027615e-03   2.9527986e-04   3.0385773e-03   0.0000000e+00   4.0643836e-03   7.9062965e-03   4.2199188e-04   1.0125468e-05   0.0000000e+00   9.8466162e-05   5.3867801e-04   6.2298305e-03   4.5972714e-04   2.7232578e-05   5.3096756e-03   3.5701884e-03   5.0437510e-04   3.7652330e-03   2.0556177e-01   5.3168199e-01
   1.9713794e-01   6.2733838e-03   6.7976408e-04   1.2943625e-03   5.0513975e-03   1.1493863e-03   4.8173290e-07   4.5425414e-04   1.8033864e-02   2.2850338e-03   1.4347245e-04   2.6963885e-03   1.5931880e-04   1.3840372e-02   1.8567880e-04   1.6975034e-04   1.3875456e-03   2.1394777e-03   0.0000000e+00   4.2902448e-05   2.7493352e-05   6.9740028e-04   7.4291156e-05   1.1037526e-02   7.7532012e-05   0.0000000e+00   3.9741382e-03   3.1021609e-03   9.1058395e-04   3.8391014e-03   1.9713794e-01   5.9298293e-01
   1.8766707e-01   5.6841207e-03   4.7637486e-04   2.1818674e-03   7.2459195e-03   0.0000000e+00   1.1776344e-06   0.0000000e+00   1.4928070e-02   3.6254888e-03   8.0337037e-05   3.7577108e-03   0.0000000e+00   0.0000000e+00   2.2459258e-03   2.3689061e-04   7.6416168e-04   3.1823937e-03   1.2031627e-04   6.8099868e-06   0.0000000e+00   1.5579315e-04   3.3826857e-04   2.6745691e-03   2.6646671e-05   5.2482618e-04   4.0211994e-03   9.8622918e-05   1.3071540e-03   5.8728580e-04   1.8766707e-01   6.5091051e-01
   8.3123222e-02   4.5329038e-04   8.8269049e-05   0.0000000e+00   0.0000000e+00   2.3127623e-03   4.9785458e-06   7.9925023e-04   2.3683931e-03   1.0934850e-03   3.7195466e-05   1.3064119e-03   3.0178793e-03   1.8559024e-03   7.6077356e-03   6.7188055e-04   1.1682973e-03   3.8374742e-05   1.7983518e-08   7.4698642e-07   1.5968666e-04   2.2858551e-03   6.5337516e-05   5.3588357e-03   9.0060095e-04   3.0505570e-03   1.3504250e-03   9.3792312e-03   2.6751014e-04   0.0000000e+00   8.3123222e-02   6.8178340e-01
   8.3123222e-02   4.5329038e-04   8.8269049e-05   0.0000000e+00   0.0000000e+00   2.3127623e-03   4.9785458e-06   7.9925023e-04   2.3683931e-03   1.0934850e-03   3.7195466e-05   1.3064119e-03   3.0178793e-03   1.8559024e-03   7.6077356e-03   6.7188055e-04   1.1682973e-03   3.8374742e-05   1.7983518e-08   7.4698642e-07   1.5968666e-04   2.2858551e-03   6.5337516e-05   5.3588357e-03   9.0060095e-04   3.0505570e-03   1.3504250e-03   9.3792312e-03   2.6751014e-04   0.0000000e+00   8.3123222e-02   6.8178340e-01
   8.3123222e-02   4.5329038e-04   8.8269049e-05   0.0000000e+00   0.0000000e+00   2.3127623e-03   4.9785458e-06   7.9925023e-04   2.3683931e-03   1.0934850e-03   3.7195466e-05   1.3064119e-03   3.0178793e-03   1.8559024e-03   7.6077356e-03   6.7188055e-04   1.1682973e-03   3.8374742e-05   1.7983518e-08   7.4698642e-07   1.5968666e-04   2.2858551e-03   6.5337516e-05   5.3588357e-03   9.0060095e-04   3.0505570e-03   1.3504250e-03   9.3792312e-03   2.6751014e-04   0.0000000e+00   8.3123222e-02   6.8178340e-01
   8.3123222e-02   4.5329038e-04   8.8269049e-05   0.0000000e+00   0.0000000e+00   2.3127623e-03   4.9785458e-06   7.9925023e-04   2.3683931e-03   1.0934850e-03   3.7195466e-05   1.3064119e-03   3.0178793e-03   1.8559024e-03   7.6077356e-03   6.7188055e-04   1.1682973e-03   3.8374742e-05   1.7983518e-08   7.4698642e-07   1.5968666e-04   2.2858551e-03   6.5337516e-05   5.3588357e-03   9.0060095e-04   3.0505570e-03   1.3504250e-03   9.3792312e-03   2.6751014e-04   0.0000000e+00   8.3123222e-02   6.8178340e-01
   8.3123222e-02   4.5329038e-04   8.8269049e-05   0.0000000e+00   0.0000000e+00   2.3127623e-03   4.9785458e-06   7.9925023e-04   2.3683931e-03   1.0934850e-03   3.7195466e-05   1.3064119e-03   3.0178793e-03   1.8559024e-03   7.6077356e-03   6.7188055e-04   1.1682973e-03   3.8374742e-05   1.7983518e-08   7.4698642e-07   1.5968666e-04   2.2858551e-03   6.5337516e-05   5.3588357e-03   9.0060095e-04   3.0505570e-03   1.3504250e-03   9.3792312e-03   2.6751014e-04   0.0000000e+00   8.3123222e-02   6.8178340e-01
   8.3123222e-02   4.5329038e-04   8.8269049e-05   0.0000000e+00   0.0000000e+00   2.3127623e-03   4.9785458e-06   7.9925023e-04   2.3683931e-03   1.0934850e-03   3.7195466e-05   1.3064119e-03   3.0178793e-03   1.8559024e-03   7.6077356e-03   6.7188055e-04   1.1682973e-03   3.8374742e-05   1.7983518e-08   7.4698642e-07   1.5968666e-04   2.2858551e-03   6.5337516e-05   5.3588357e-03   9.0060095e-04   3.0505570e-03   1.3504250e-03   9.3792312e-03   2.6751014e-04   0.0000000e+00   8.3123222e-02   6.8178340e-01
   7.2758819e-02   3.9024160e-04   7.0708595e-06   5.9983487e-08   3.8337371e-04   2.5452205e-03   4.9915031e-06   8.4315880e-04   1.6327464e-03   1.4287251e-03   2.4578022e-05   1.6260565e-03   2.8185215e-03   1.3777988e-03   6.9947595e-03   1.4272098e-03   1.0911751e-03   1.0102678e-04   1.7193891e-06   1.7501916e-06   1.7458291e-04   2.2698602e-03   5.4036935e-05   1.0602603e-02   9.3259439e-04   3.3911638e-03   1.1877173e-03   5.4980115e-03   2.2988701e-03   0.0000000e+00   7.2758819e-02   6.8851453e-01
   5.9862141e-02   1.1535674e-03   2.4047834e-06   0.0000000e+00   5.8886182e-03   4.6531815e-03   9.6486701e-07   7.4560048e-04   2.1124967e-03   2.1359448e-03   1.1310393e-05   1.7165325e-03   4.8568118e-03   5.5221805e-03   3.2975071e-03   1.1938308e-03   1.2459171e-03   9.0965496e-06   3.2183336e-05   2.6776251e-06   1.4704764e-04   1.6943162e-03   6.7131228e-05   2.5982500e-02   1.7451253e-03   2.7293507e-03   1.3037168e-03   2.1427028e-02   2.3979057e-03   4.0220973e-04   5.9862141e-02   7.2353442e-01
   4.6020851e-02   0.0000000e+00   9.4692499e-05   0.0000000e+00   9.2084236e-04   2.4375628e-03   5.5828299e-06   8.5231831e-04   0.0000000e+00   1.4055193e-03   5.7208501e-06   1.6739763e-03   2.8714188e-03   3.3668917e-04   1.0597587e-02   1.9372047e-03   2.2274008e-03   4.2832819e-04   0.0000000e+00   4.4841355e-06   1.8928408e-04   2.1291722e-03   1.2002357e-04   1.9401753e-02   8.3821817e-04   3.0634667e-03   2.2330521e-03   1.2331455e-02   1.4478273e-03   5.4926497e-04   4.6020851e-02   7.5869375e-01
   3.0798504e-02   3.5808090e-04   0.0000000e+00   0.0000000e+00   0.0000000e+00   2.4031512e-03   4.6001047e-06   7.6493352e-04   3.0950830e-03   1.4233354e-03   2.8268140e-05   1.9567380e-03   2.9060822e-03   1.8348471e-03   7.6674832e-03   1.5953997e-03   5.2536342e-04   0.0000000e+00   0.0000000e+00   2.9364694e-06   1.7978091e-04   2.2551320e-03   0.0000000e+00   8.2122211e-03   1.0750936e-03   3.7323296e-03   8.1959356e-05   5.1305860e-03   2.1415955e-03   6.6384795e-04   3.0798504e-02   8.1274748e-01
   0.0000000e+00   1.4236424e-03   0.0000000e+00   0.0000000e+00   0.0000000e+00   3.1218271e-03   4.0630610e-06   6.7376702e-04   0.0000000e+00   1.4957794e-03   1.6008402e-05   1.6170420e-03   4.0050579e-03   1.9457670e-03   6.1851846e-03   1.3067876e-03   1.0908800e-03   0.0000000e+00   0.0000000e+00   1.3515568e-06   1.9049048e-04   2.2446885e-03   6.0110689e-05   1.1969475e-02   1.0880354e-03   2.6413971e-03   6.9485042e-04   3.5350604e-03   2.0868542e-03   4.0924108e-04   0.0000000e+00   1.0148368e+00
