   8.5216842e-01   1.6418589e-02   7.3986663e-03   8.3939607e-04   9.4565989e-04   0.0000000e+00   7.4626855e-03   1.0114112e-04   5.9551892e-03   1.2500452e-03   1.4636151e-03   2.3842130e-02   1.3509770e-02   2.9423232e-02   1.4256368e-02   3.0794507e-03   1.2739893e-02   7.3236513e-03   1.6972684e-02   5.3446475e-02   1.2557293e-03   1.1323999e-05   3.9268358e-02   2.2554881e-03   5.4655324e-04   4.1397265e-02   8.8209803e-03   4.7657309e-02   3.2862293e-03   4.1710437e-03   8.5216842e-01  -7.1091028e-01
   8.4781911e-01   1.6529821e-02   7.1653733e-03   7.7084395e-04   9.5360931e-04   2.8838408e-09   7.7627886e-03   6.4194376e-03   5.9661187e-03   2.3901099e-03   1.4111287e-03   2.4138507e-02   9.7756250e-03   2.9186856e-02   1.4016559e-02   3.0194752e-03   1.2508810e-02   7.8923049e-03   1.7727391e-02   5.3824304e-02   1.2595011e-03   1.0565613e-05   3.3172854e-02   1.5864506e-03   5.4165007e-04   4.1810458e-02   8.8686883e-03   4.6964562e-02   3.3162296e-03   4.0407587e-03   8.4781911e-01  -7.0442131e-01
   8.4630292e-01   1.6459214e-02   7.1047654e-03   7.5264200e-04   9.5284771e-04   7.8225816e-10   7.7299970e-03   8.6059261e-03   5.9678249e-03   2.1172349e-03   1.4114493e-03   2.4936686e-02   7.2856391e-03   2.9100943e-02   1.3839434e-02   2.8716437e-03   1.2563870e-02   8.0990624e-03   1.7653501e-02   5.3865362e-02   1.2657394e-03   1.3471467e-05   1.9169299e-02   2.1055973e-03   5.9299840e-04   4.2309651e-02   8.8872839e-03   4.6914053e-02   3.3075428e-03   4.4697695e-03   8.4630292e-01  -7.0054065e-01
   8.4385667e-01   1.6593314e-02   6.9052956e-03   7.0001206e-04   8.9364609e-04   9.8164407e-10   8.2954257e-03   0.0000000e+00   5.9882037e-03   2.1894868e-03   1.3940225e-03   2.4636987e-02   1.1002430e-02   2.9097156e-02   1.3868713e-02   2.8727798e-03   1.2719591e-02   7.8499166e-03   1.7293786e-02   5.6869696e-02   1.2612945e-03   1.4753934e-05   2.1046325e-02   2.1111285e-03   5.8811343e-04   4.2953326e-02   8.8839771e-03   4.7035241e-02   3.3715649e-03   1.8233023e-03   8.4385667e-01  -6.8709431e-01
   8.4223657e-01   1.6389355e-02   4.5594939e-03   7.2975335e-04   8.4088836e-04   5.9402886e-10   8.3946953e-03   5.7896846e-03   5.9562222e-03   0.0000000e+00   1.3399109e-03   2.4757575e-02   4.6337660e-03   2.9064356e-02   1.4120646e-02   1.2896937e-03   1.2838517e-02   7.2481159e-03   1.6575771e-02   5.7096704e-02   1.2792095e-03   1.1067875e-05   1.1662478e-03   1.7286989e-03   4.8280676e-04   4.3327352e-02   8.8631103e-03   4.5917773e-02   3.3156920e-03   0.0000000e+00   8.4223657e-01  -6.8062462e-01
   8.4201558e-01   1.6755808e-02   6.5497644e-03   6.9399823e-04   8.6989292e-04   0.0000000e+00   8.9236986e-03   1.5524567e-03   5.8437401e-03   0.0000000e+00   1.6043482e-03   2.9124499e-02   8.8500644e-03   2.9200535e-02   1.4115146e-02   1.2815105e-03   1.3352708e-02   7.8811351e-03   1.6993044e-02   5.7917743e-02   1.2613341e-03   1.5063536e-05   2.1326825e-02   1.3922261e-03   6.1336240e-04   4.0902224e-02   8.8533419e-03   4.6130923e-02   3.3771253e-03   9.3885581e-04   8.4201558e-01  -6.7385344e-01
   8.4049387e-01   1.6315295e-02   6.3971506e-03   7.9836706e-04   9.4482569e-04   0.0000000e+00   8.8467405e-03   4.2286806e-03   5.8539808e-03   3.3174557e-03   1.4850739e-03   2.2629412e-02   1.0813117e-02   2.2299435e-02   1.4348012e-02   2.7506731e-03   1.3268225e-02   7.1684423e-03   1.7373452e-02   5.3280914e-02   1.2240538e-03   2.7996776e-05   3.9569959e-02   3.2096425e-03   5.2883552e-04   3.7431347e-02   8.6861918e-03   4.7385152e-02   3.2779156e-03   3.6978912e-03   8.4049387e-01  -6.5870713e-01
   8.3930629e-01   1.6771724e-02   6.6838047e-03   7.1330923e-04   8.7715166e-04   1.4758186e-09   8.0661082e-03   0.0000000e+00   5.9812043e-03   0.0000000e+00   1.6276627e-03   2.4780523e-02   6.8664165e-03   2.9025423e-02   1.4183200e-02   1.3680072e-03   1.2776950e-02   8.0568646e-03   1.7257009e-02   5.6525399e-02   1.2616377e-03   1.5662036e-05   1.9354366e-02   1.4847951e-03   4.8953963e-04   4.8686648e-02   8.8377626e-03   4.7039412e-02   3.3683566e-03   5.9066329e-04   8.3930629e-01  -6.4965672e-01
   8.3871209e-01   1.6389397e-02   6.4283778e-03   7.9301942e-04   9.5705701e-04   0.0000000e+00   8.5784815e-03   4.0560736e-03   5.9575878e-03   3.3064413e-03   1.4599924e-03   2.3114819e-02   1.4593075e-02   2.8151985e-02   1.4257950e-02   2.9073322e-03   1.2820353e-02   7.3124058e-03   1.7514100e-02   5.3572363e-02   1.2147535e-03   1.1640198e-05   3.8592747e-02   2.0114568e-03   5.1483111e-04   3.8479227e-02   8.7049854e-03   4.6353174e-02   3.2845957e-03   4.0063405e-03   8.3871209e-01  -6.3948056e-01
   8.3738142e-01   1.5787652e-02   8.1453253e-03   6.4128907e-04   9.7170830e-04   1.1905439e-08   7.7635748e-03   2.0533693e-02   6.0385634e-03   7.6684927e-03   1.2780070e-03   2.2766486e-02   2.5507611e-04   2.8340048e-02   1.3260073e-02   3.5582879e-03   1.0857994e-02   3.7166755e-03   1.5451198e-02   5.2620495e-02   1.2588753e-03   0.0000000e+00   0.0000000e+00   5.6629746e-05   6.5527319e-04   3.5541494e-02   9.1306976e-03   4.9263892e-02   3.4034792e-03   5.5499965e-03   8.3738142e-01  -6.3178896e-01
   8.3645042e-01   1.5853977e-02   8.5900646e-03   6.3995839e-04   9.9266983e-04   1.3430909e-08   9.0309272e-03   2.0502835e-02   6.0329429e-03   9.0506736e-03   1.2690759e-03   2.2760697e-02   0.0000000e+00   2.8647159e-02   1.3203547e-02   4.0961846e-03   1.1142065e-02   4.4019700e-03   1.5493866e-02   5.2847236e-02   1.2440996e-03   0.0000000e+00   0.0000000e+00   0.0000000e+00   4.0805197e-04   3.5514022e-02   9.1236862e-03   4.9091893e-02   3.4241127e-03   5.7565772e-03   8.3645042e-01  -6.1981517e-01
   8.3556407e-01   1.5788963e-02   8.2804392e-03   6.4120471e-04   9.9550036e-04   1.3707209e-08   9.0421322e-03   2.0696993e-02   6.0396086e-03   8.3098796e-03   1.2755285e-03   2.2768362e-02   0.0000000e+00   2.8330004e-02   1.3336488e-02   3.3047090e-03   1.0916782e-02   3.6647577e-03   1.5438087e-02   5.2618709e-02   1.2583578e-03   3.4688563e-09   0.0000000e+00   5.2944594e-05   9.1826034e-04   3.5515631e-02   9.1303632e-03   4.9237331e-02   3.4089099e-03   5.6999025e-03   8.3556407e-01  -6.0902665e-01
   8.3477063e-01   1.5192558e-02   8.9726472e-03   6.0075988e-04   1.0037072e-03   1.3680551e-08   9.2482915e-03   1.9183240e-02   6.0217274e-03   6.8450717e-03   1.2878142e-03   2.2429152e-02   5.7937749e-05   2.8557056e-02   1.3150528e-02   4.6742112e-03   1.1262155e-02   4.4752032e-03   1.5418083e-02   5.2591381e-02   1.2216994e-03   2.5327356e-07   0.0000000e+00   3.3758010e-04   2.8170128e-04   3.5348982e-02   9.0811069e-03   4.8634573e-02   3.4129063e-03   5.9889903e-03   8.3477063e-01  -5.9875279e-01
   8.3407361e-01   1.5397912e-02   7.3761049e-03   6.6425954e-04   1.0015189e-03   2.2008641e-08   9.0533485e-03   1.5689282e-02   6.1284146e-03   8.8169299e-03   1.3208907e-03   2.2790810e-02   1.3393509e-03   3.3140405e-02   1.3649007e-02   3.1160253e-03   9.9595042e-03   5.3807251e-03   1.5931047e-02   5.3151266e-02   1.2561171e-03   0.0000000e+00   0.0000000e+00   1.9123857e-04   6.8290582e-04   3.5871557e-02   9.4173976e-03   4.8857141e-02   3.4193189e-03   5.5833154e-03   8.3407361e-01  -5.8846315e-01
   8.3329846e-01   1.5065357e-02   9.4379956e-03   5.9399122e-04   1.0006333e-03   1.3677323e-08   9.1201114e-03   1.9135799e-02   6.0411548e-03   6.7052997e-03   1.2966831e-03   2.2690770e-02   0.0000000e+00   2.8528435e-02   1.2864583e-02   3.6388589e-03   1.1246784e-02   4.5328160e-03   1.5657486e-02   5.2871188e-02   1.2266630e-03   0.0000000e+00   5.7764794e-03   3.7720400e-04   3.0373577e-04   3.7152348e-02   9.0581021e-03   4.8620527e-02   3.4440113e-03   5.6206101e-03   8.3329846e-01  -5.7689166e-01
   8.3255009e-01   1.5550425e-02   7.3483219e-03   6.5225538e-04   9.8379094e-04   2.0727723e-08   9.1199555e-03   1.8636927e-02   6.1388101e-03   8.7907923e-03   1.3309220e-03   2.2740112e-02   2.7665805e-03   3.2706527e-02   1.3488163e-02   3.2302672e-03   9.6608688e-03   5.1982336e-03   1.5904229e-02   5.3146187e-02   1.2590516e-03   1.7672838e-06   0.0000000e+00   3.5557111e-04   6.8715290e-04   3.5726974e-02   9.4293679e-03   4.9309329e-02   3.3702621e-03   5.0784768e-03   8.3255009e-01  -5.6570362e-01
   8.3187210e-01   1.4961903e-02   7.2874039e-03   6.4802926e-04   9.7111944e-04   2.0338284e-08   8.9838175e-03   1.6359902e-02   6.1330172e-03   1.1120841e-02   1.2951468e-03   2.2984030e-02   1.2839900e-03   2.9168630e-02   1.3434543e-02   3.3199131e-03   9.9465252e-03   3.8463586e-03   1.6366119e-02   5.3603639e-02   1.2588861e-03   0.0000000e+00   0.0000000e+00   3.0517588e-04   7.2583844e-04   3.6962108e-02   9.1431448e-03   4.9311720e-02   3.3498769e-03   4.9264009e-03   8.3187210e-01  -5.5620264e-01
   8.3124693e-01   1.5554540e-02   6.9885745e-03   6.5253953e-04   1.0128854e-03   1.4295401e-08   9.4881710e-03   1.8579202e-02   6.1188520e-03   9.0967714e-03   1.2008649e-03   2.2790606e-02   3.6909352e-03   2.8203430e-02   1.3675981e-02   3.4126683e-03   1.0426263e-02   4.4757098e-03   1.5878988e-02   5.2426894e-02   1.2655716e-03   1.1458724e-06   9.6752471e-03   4.1123073e-04   6.9446726e-04   3.4741967e-02   9.0137979e-03   4.9478968e-02   3.3353826e-03   5.0229884e-03   8.3124693e-01  -5.4468959e-01
   8.3027789e-01   1.5565297e-02   7.4160230e-03   6.6850928e-04   9.9298065e-04   1.4517081e-08   9.0492686e-03   2.0248635e-02   6.1275442e-03   9.0303675e-03   1.2952768e-03   2.2969224e-02   1.6235103e-03   2.9139785e-02   1.3327051e-02   3.3152880e-03   1.0617503e-02   3.5517641e-03   1.6332929e-02   5.3266164e-02   1.2587027e-03   0.0000000e+00   5.8918532e-04   3.1243803e-04   7.2914344e-04   3.6105781e-02   9.1658752e-03   4.9025851e-02   3.3482182e-03   5.4206574e-03   8.3027789e-01  -5.3016171e-01
   8.2978186e-01   1.5619957e-02   8.0665181e-03   6.3494155e-04   1.0174851e-03   0.0000000e+00   9.0758460e-03   2.3283891e-02   5.9383543e-03   1.6318690e-02   1.2818958e-03   2.2791554e-02   0.0000000e+00   2.9867354e-02   1.2688960e-02   3.1809915e-03   1.0471419e-02   5.1725449e-03   1.3478934e-02   5.1845272e-02   1.2449737e-03   0.0000000e+00   1.3587229e-02   2.4541353e-04   6.6901450e-04   3.5922665e-02   9.1773306e-03   4.9465614e-02   3.4672827e-03   6.4463129e-03   8.2978186e-01  -5.1828067e-01
   8.2884941e-01   1.5863526e-02   7.0880776e-03   6.6340290e-04   9.9612741e-04   1.2440043e-08   8.9803541e-03   2.0637695e-02   6.1072073e-03   8.2666366e-03   1.2924944e-03   2.3149621e-02   1.3918191e-03   2.8643911e-02   1.3410984e-02   3.2466604e-03   1.0150568e-02   3.2598902e-03   1.6274421e-02   5.3386514e-02   1.2701154e-03   4.4610170e-08   2.3596136e-03   3.1033546e-04   7.0271539e-04   3.6313035e-02   9.1504114e-03   4.9003810e-02   3.3328097e-03   5.4878564e-03   8.2884941e-01  -5.0585976e-01
   8.2814532e-01   1.5729444e-02   7.4616126e-03   6.4327104e-04   1.0059373e-03   0.0000000e+00   9.4521090e-03   2.1470596e-02   6.3462460e-03   1.0684620e-02   1.2055083e-03   2.3517718e-02   4.0587633e-03   3.5556552e-02   1.2983480e-02   4.2887441e-03   1.0600771e-02   3.6056821e-03   1.4692518e-02   4.0431321e-02   1.2972911e-03   8.0319603e-06   0.0000000e+00   0.0000000e+00   7.3593134e-04   3.6165114e-02   8.8560216e-03   4.8603954e-02   3.4102985e-03   5.7065936e-03   8.2814532e-01  -4.9383575e-01
   8.2792579e-01   1.5339113e-02   8.2132484e-03   6.3259531e-04   1.0037493e-03   2.5315534e-09   9.1670834e-03   2.1364507e-02   5.8792994e-03   1.2116062e-02   1.3142726e-03   2.2819243e-02   9.3282618e-04   3.0603261e-02   1.2680581e-02   3.2460168e-03   1.1638147e-02   5.3627722e-03   1.5140731e-02   5.2117871e-02   1.2592620e-03   1.6418446e-06   0.0000000e+00   6.2983899e-06   7.6600596e-04   4.3595852e-02   9.3656273e-03   4.9929273e-02   3.4966925e-03   6.5408853e-03   8.2792579e-01  -4.8708604e-01
   8.2682678e-01   1.6340642e-02   6.9217695e-03   7.5516625e-04   9.6847284e-04   0.0000000e+00   1.1919952e-03   6.4387001e-03   6.1224779e-03   1.8872673e-03   1.5505324e-03   2.3022911e-02   1.6657130e-02   3.0547730e-02   1.4143090e-02   3.2062995e-03   1.2624403e-02   5.4739431e-03   1.6202598e-02   5.4765048e-02   1.3296917e-03   5.3812690e-06   3.8789805e-02   9.3374015e-04   4.5877097e-04   1.9039737e-02   8.8929886e-03   5.0063603e-02   3.4987115e-03   5.3361389e-03   8.2682678e-01  -4.6651740e-01
   8.2638043e-01   1.5681797e-02   7.2630006e-03   6.5110505e-04   1.0066060e-03   1.4825500e-08   9.3366917e-03   1.8667244e-02   6.1209729e-03   8.9334833e-03   1.2017017e-03   2.2728491e-02   3.3497469e-03   2.8203912e-02   1.3479941e-02   3.3889655e-03   1.0749150e-02   4.5199389e-03   1.5200822e-02   5.2280667e-02   1.2937204e-03   1.1917626e-06   1.3285806e-02   2.7546799e-04   7.0637357e-04   3.3518457e-02   9.0108152e-03   4.9368516e-02   3.3449126e-03   5.0158954e-03   8.2638043e-01  -4.5966777e-01
   8.2571804e-01   1.5645771e-02   7.5153056e-03   6.5942370e-04   1.0066957e-03   1.3716503e-08   9.3342516e-03   1.8935238e-02   6.1867650e-03   8.9766021e-03   1.1991226e-03   2.2690070e-02   3.6620861e-03   2.8163421e-02   1.3498105e-02   3.0679961e-03   1.0708067e-02   4.5164931e-03   1.5197890e-02   5.2323426e-02   1.3138302e-03   7.3910317e-07   1.2155564e-02   2.7861648e-04   7.1561487e-04   3.2838907e-02   9.0022870e-03   5.0082550e-02   3.3468840e-03   4.8695122e-03   8.2571804e-01  -4.4717594e-01
   6.5363639e-01   1.2275121e-02   1.6350511e-04   3.7544453e-04   1.2867299e-03   1.0219609e-03   5.2060234e-05   1.5557677e-06   9.4410110e-03   2.9039228e-05   4.0806145e-04   2.8470444e-03   0.0000000e+00   2.5692674e-03   1.2827133e-02   1.1044664e-03   3.8704844e-04   2.3024852e-02   7.0412516e-03   5.3669359e-04   3.7289236e-03   8.5833269e-05   0.0000000e+00   1.6608091e-02   3.3853971e-04   1.9708621e-02   5.5078758e-03   4.9026651e-02   0.0000000e+00   6.6080297e-03   6.5363639e-01  -4.2483006e-01
   6.5363639e-01   1.2275121e-02   1.6350511e-04   3.7544453e-04   1.2867299e-03   1.0219609e-03   5.2060234e-05   1.5557677e-06   9.4410110e-03   2.9039228e-05   4.0806145e-04   2.8470444e-03   0.0000000e+00   2.5692674e-03   1.2827133e-02   1.1044664e-03   3.8704844e-04   2.3024852e-02   7.0412516e-03   5.3669359e-04   3.7289236e-03   8.5833269e-05   0.0000000e+00   1.6608091e-02   3.3853971e-04   1.9708621e-02   5.5078758e-03   4.9026651e-02   0.0000000e+00   6.6080297e-03   6.5363639e-01  -4.2483006e-01
   6.5363639e-01   1.2275121e-02   1.6350511e-04   3.7544453e-04   1.2867299e-03   1.0219609e-03   5.2060234e-05   1.5557677e-06   9.4410110e-03   2.9039228e-05   4.0806145e-04   2.8470444e-03   0.0000000e+00   2.5692674e-03   1.2827133e-02   1.1044664e-03   3.8704844e-04   2.3024852e-02   7.0412516e-03   5.3669359e-04   3.7289236e-03   8.5833269e-05   0.0000000e+00   1.6608091e-02   3.3853971e-04   1.9708621e-02   5.5078758e-03   4.9026651e-02   0.0000000e+00   6.6080297e-03   6.5363639e-01  -4.2483006e-01
   6.5363639e-01   1.2275121e-02   1.6350511e-04   3.7544453e-04   1.2867299e-03   1.0219609e-03   5.2060234e-05   1.5557677e-06   9.4410110e-03   2.9039228e-05   4.0806145e-04   2.8470444e-03   0.0000000e+00   2.5692674e-03   1.2827133e-02   1.1044664e-03   3.8704844e-04   2.3024852e-02   7.0412516e-03   5.3669359e-04   3.7289236e-03   8.5833269e-05   0.0000000e+00   1.6608091e-02   3.3853971e-04   1.9708621e-02   5.5078758e-03   4.9026651e-02   0.0000000e+00   6.6080297e-03   6.5363639e-01  -4.2483006e-01
   6.5363639e-01   1.2275121e-02   1.6350511e-04   3.7544453e-04   1.2867299e-03   1.0219609e-03   5.2060234e-05   1.5557677e-06   9.4410110e-03   2.9039228e-05   4.0806145e-04   2.8470444e-03   0.0000000e+00   2.5692674e-03   1.2827133e-02   1.1044664e-03   3.8704844e-04   2.3024852e-02   7.0412516e-03   5.3669359e-04   3.7289236e-03   8.5833269e-05   0.0000000e+00   1.6608091e-02   3.3853971e-04   1.9708621e-02   5.5078758e-03   4.9026651e-02   0.0000000e+00   6.6080297e-03   6.5363639e-01  -4.2483006e-01
   6.5277652e-01   1.2293007e-02   2.6439317e-04   3.8331032e-04   1.2829793e-03   1.0159378e-03   2.3285995e-05   2.1900235e-06   9.2530608e-03   0.0000000e+00   4.1064315e-04   2.8444083e-03   6.0120416e-04   2.7681864e-03   1.2826722e-02   1.1260192e-03   3.8725561e-04   2.2673497e-02   6.9028758e-03   0.0000000e+00   3.6744429e-03   8.3504744e-05   9.4689499e-04   1.7933096e-02   3.9860682e-04   2.8637690e-02   5.5667258e-03   4.9052230e-02   0.0000000e+00   6.6098452e-03   6.5277652e-01  -4.2313857e-01
   6.4775153e-01   1.2604028e-02   0.0000000e+00   4.2925212e-04   1.2881729e-03   9.1120745e-04   0.0000000e+00   0.0000000e+00   7.0376544e-03   1.0551498e-02   2.5889010e-04   1.3427971e-03   4.7952642e-04   2.2522773e-03   1.5230691e-02   1.1880303e-03   1.2827064e-03   2.3785419e-02   9.5552708e-03   0.0000000e+00   2.2810909e-03   1.1339465e-04   3.2663378e-03   1.8809889e-02   4.0618773e-04   3.0169502e-02   5.2615033e-03   4.6019319e-02   1.7003242e-04   1.3204619e-02   6.4775153e-01  -4.1200401e-01
   6.4474000e-01   1.2703443e-02   0.0000000e+00   3.3660436e-04   1.2076925e-03   8.6528136e-04   0.0000000e+00   0.0000000e+00   6.6006944e-03   4.0552482e-02   2.3361010e-04   5.1400216e-04   0.0000000e+00   2.5184862e-03   1.2974439e-02   1.1537465e-03   8.8426723e-04   2.3628818e-02   9.2642787e-03   0.0000000e+00   3.0863549e-03   1.1464629e-04   3.1550277e-03   2.0328694e-02   3.4794890e-04   2.9081194e-02   5.5561675e-03   4.8138303e-02   4.7349789e-04   6.4224252e-03   6.4474000e-01  -3.9567121e-01
   6.4344136e-01   1.2674935e-02   1.4326428e-03   3.6613613e-04   9.8116229e-04   6.2736248e-04   2.5904496e-04   0.0000000e+00   6.5864417e-03   4.5206113e-02   2.4483450e-04   5.9153224e-04   1.5738789e-03   2.0858524e-03   1.2565631e-02   1.1832491e-03   1.4976805e-03   2.4159317e-02   9.4418302e-03   0.0000000e+00   3.0785658e-03   1.7314998e-04   2.9592930e-03   1.9921950e-02   3.3853068e-04   2.5203832e-02   5.5496725e-03   4.3571429e-02   6.0401899e-04   6.2645815e-03   6.4344136e-01  -3.8889760e-01
   6.4344136e-01   1.2674935e-02   1.4326428e-03   3.6613613e-04   9.8116229e-04   6.2736248e-04   2.5904496e-04   0.0000000e+00   6.5864417e-03   4.5206113e-02   2.4483450e-04   5.9153224e-04   1.5738789e-03   2.0858524e-03   1.2565631e-02   1.1832491e-03   1.4976805e-03   2.4159317e-02   9.4418302e-03   0.0000000e+00   3.0785658e-03   1.7314998e-04   2.9592930e-03   1.9921950e-02   3.3853068e-04   2.5203832e-02   5.5496725e-03   4.3571429e-02   6.0401899e-04   6.2645815e-03   6.4344136e-01  -3.8889760e-01
   6.3911076e-01   1.3277569e-02   8.5052424e-04   3.2495972e-04   1.4495398e-03   1.0782635e-03   5.0928417e-04   0.0000000e+00   7.1111164e-03   6.6900227e-02   1.2053403e-04   6.6399128e-03   1.0177461e-02   1.7802116e-03   1.3680781e-02   1.1904011e-03   5.4754769e-03   2.2018459e-02   9.7970108e-03   4.5336484e-03   2.2471184e-03   7.6900917e-05   1.4223078e-02   1.1823414e-02   6.6713654e-04   1.9893669e-03   5.7918617e-03   4.5336598e-02   1.7509148e-03   7.2881709e-03   6.3911076e-01  -3.5281986e-01
   6.3740774e-01   1.3326562e-02   6.1372410e-04   3.0468459e-04   1.4798661e-03   9.7671768e-04   2.4040299e-04   0.0000000e+00   7.0227435e-03   6.6962716e-02   1.0641574e-04   6.9218037e-03   9.7019084e-03   1.9910731e-03   1.2879712e-02   1.2248367e-03   4.9172456e-03   2.5506840e-02   9.7866437e-03   4.8528779e-03   2.2547234e-03   1.1566469e-04   1.3598582e-02   1.1665708e-02   6.7862149e-04   0.0000000e+00   5.7788829e-03   4.5484379e-02   1.7755810e-03   6.6505630e-03   6.3740774e-01  -3.3806062e-01
   6.3606249e-01   1.3276957e-02   8.0120641e-04   3.0530443e-04   1.5033261e-03   9.7786808e-04   2.4834561e-04   0.0000000e+00   7.1231533e-03   6.6655130e-02   7.5010834e-05   6.9005760e-03   9.6527570e-03   2.0369393e-03   1.2833433e-02   1.1936276e-03   5.7604181e-03   2.5416480e-02   9.7514849e-03   4.4609125e-03   2.3088751e-03   1.1087174e-04   1.3468691e-02   1.1591371e-02   6.6330893e-04   0.0000000e+00   5.6641367e-03   4.5452792e-02   1.6927859e-03   6.5543302e-03   6.3606249e-01  -3.2512825e-01
   6.3490032e-01   1.3604558e-02   0.0000000e+00   6.3345573e-04   1.4573798e-03   1.0440078e-03   2.2873545e-04   7.8112936e-06   7.1155991e-03   6.4696669e-02   1.1181562e-04   6.8947853e-03   9.1452647e-03   2.0646152e-03   1.3063781e-02   1.2983764e-03   4.8524127e-03   2.5455832e-02   1.0309935e-02   7.8311120e-03   2.1094513e-03   1.0064788e-04   1.6137557e-02   1.1637574e-02   9.1927266e-04   4.7411302e-03   5.4520399e-03   4.5391018e-02   1.6586840e-03   6.7357767e-03   6.3490032e-01  -3.1153534e-01
   6.3314789e-01   1.3613085e-02   0.0000000e+00   7.4341061e-04   1.4561686e-03   1.0541626e-03   2.4220620e-04   5.6876658e-05   7.2300706e-03   6.5997486e-02   1.5018037e-05   7.1183222e-03   9.6565863e-03   2.0281928e-03   1.4597582e-02   1.1649354e-03   4.5222746e-03   2.5052460e-02   1.0251806e-02   8.7636534e-03   2.0919945e-03   1.0930229e-04   1.3925280e-02   1.1711249e-02   8.9657475e-04   7.8441915e-03   5.6743568e-03   4.4779538e-02   1.4000997e-03   6.8102305e-03   6.3314789e-01  -2.9127684e-01
   6.3139506e-01   1.2174885e-02   2.1689745e-02   0.0000000e+00   1.6588755e-03   4.4679447e-04   1.3595366e-03   1.2539580e-03   8.0050357e-03   6.4321442e-02   1.7031688e-04   6.3609377e-03   1.7304217e-03   1.4827852e-03   5.1613689e-03   2.9426623e-04   2.8740729e-03   1.2807558e-02   1.1377893e-02   5.1684392e-03   3.9340134e-03   6.4749654e-05   1.2928597e-03   1.0153703e-02   1.5431521e-04   3.9547022e-02   6.3559403e-03   2.0164719e-02   0.0000000e+00   2.0300044e-03   6.3139506e-01  -2.7537100e-01
   6.3005543e-01   1.2320490e-02   2.1687083e-02   1.3591488e-04   1.6894792e-03   5.4979751e-04   1.3594336e-03   1.2328098e-03   7.9778186e-03   6.3534831e-02   2.0845258e-04   4.8785407e-03   2.2259073e-03   1.2423346e-03   5.1678812e-03   4.0314670e-04   2.8812549e-03   1.3558115e-02   1.1589710e-02   4.8774769e-03   3.9913017e-03   6.7957475e-05   1.4236788e-03   1.0067430e-02   1.7651879e-04   3.9604556e-02   6.4463075e-03   2.1127197e-02   0.0000000e+00   2.0564439e-03   6.3005543e-01  -2.5820168e-01
   6.2851717e-01   1.2755510e-02   1.9962678e-02   1.6878840e-03   2.1038666e-03   1.0762687e-03   1.3481039e-03   3.3786172e-04   7.7325552e-03   7.0590870e-02   5.7809628e-04   3.1673572e-03   3.9807364e-03   1.5616327e-04   1.1233367e-02   4.6074816e-04   3.0075330e-03   1.9287071e-02   1.1868478e-02   0.0000000e+00   2.9832073e-03   0.0000000e+00   6.4260378e-03   1.0047821e-02   3.1622525e-04   2.7006699e-02   7.3563713e-03   0.0000000e+00   6.7877488e-04   4.2219431e-03   6.2851717e-01  -2.3987272e-01
   6.2727158e-01   1.2701108e-02   2.6614754e-02   1.6410798e-03   2.2484294e-03   1.0752673e-03   1.5306679e-03   7.5878545e-04   8.1207193e-03   7.1194565e-02   5.4750844e-04   2.9034326e-03   3.4163113e-03   3.8619808e-04   1.0955963e-02   2.1208883e-04   2.9485883e-03   2.0302457e-02   1.1865963e-02   3.1119565e-04   3.1577707e-03   1.4409423e-07   5.0940472e-03   1.0556572e-02   2.4861762e-04   2.9961047e-02   6.5454909e-03   0.0000000e+00   4.1929951e-04   4.2563678e-03   6.2727158e-01  -2.2053801e-01
   6.2592460e-01   1.2655371e-02   2.6431469e-02   1.6240551e-03   2.3503030e-03   1.1302651e-03   1.3596908e-03   6.0278978e-04   8.1381151e-03   7.0263409e-02   4.9970555e-04   3.2645243e-03   3.4755792e-03   0.0000000e+00   1.1106616e-02   4.7998296e-06   2.9352694e-03   1.9768971e-02   1.1911796e-02   0.0000000e+00   3.0437201e-03   1.1909252e-06   2.9242430e-03   9.3485773e-03   2.7618027e-04   3.7050652e-02   6.6849650e-03   0.0000000e+00   2.5256886e-04   3.8129955e-03   6.2592460e-01  -2.0069278e-01
   6.2457487e-01   1.2567483e-02   2.5398378e-02   1.2826214e-03   2.3522918e-03   1.2114066e-03   5.8294854e-04   9.8094926e-06   7.8255232e-03   4.7800386e-02   3.9143791e-04   8.0133548e-03   3.2326612e-03   6.6664647e-04   1.2755541e-02   5.5441691e-05   2.6871343e-03   1.8991340e-02   1.2463874e-02   5.3218009e-03   2.9156397e-03   0.0000000e+00   1.9614016e-03   7.6149453e-03   1.9031675e-04   4.4027556e-02   5.7904011e-03   0.0000000e+00   0.0000000e+00   4.4663382e-03   6.2457487e-01  -1.8223342e-01
   6.2347401e-01   1.2659292e-02   2.5955099e-02   1.5898557e-03   2.2832444e-03   1.0765609e-03   1.3611247e-03   4.7681580e-04   8.5055664e-03   7.0362598e-02   5.2938468e-04   3.2940353e-03   3.4274522e-03   0.0000000e+00   1.1097363e-02   0.0000000e+00   2.9495156e-03   1.9656985e-02   1.1929591e-02   0.0000000e+00   2.8954965e-03   1.1356494e-06   2.8461424e-03   1.0471732e-02   2.6086363e-04   3.9819926e-02   6.7610152e-03   0.0000000e+00   3.4953525e-04   3.6516682e-03   6.2347401e-01  -1.6241847e-01
   6.2204872e-01   1.2559975e-02   2.6821966e-02   1.2889899e-03   2.1400599e-03   1.9187419e-03   1.2965115e-03   2.1214292e-04   7.6884946e-03   7.2162728e-02   3.0135401e-04   2.8047028e-03   3.5849000e-03   7.4246610e-04   1.0524588e-02   3.0722151e-04   3.2983528e-03   2.3177921e-02   1.1668088e-02   4.2877559e-03   3.2467336e-03   0.0000000e+00   0.0000000e+00   8.0076184e-04   2.5448764e-04   3.4485864e-02   6.0254792e-03   3.2370760e-03   2.3045345e-04   3.9727946e-03   6.2204872e-01  -1.4048914e-01
   6.2069443e-01   1.2560203e-02   2.6695530e-02   1.3516388e-03   2.1557945e-03   1.3402214e-03   1.3957787e-03   2.6651991e-05   7.7372800e-03   7.0796628e-02   3.6725315e-04   3.2577293e-03   3.5705729e-03   7.6655529e-04   1.0343206e-02   3.2549741e-04   3.3036129e-03   1.9861095e-02   1.1789900e-02   3.3449197e-03   3.2542845e-03   0.0000000e+00   2.4798171e-03   2.5013339e-03   3.1805839e-04   4.3359259e-02   6.0873938e-03   0.0000000e+00   2.0197696e-04   3.9173131e-03   6.2069443e-01  -1.1727629e-01
   4.5399021e-01   4.5175897e-04   6.9056422e-04   5.8254113e-03   6.2163496e-03   6.3291870e-03   2.0491722e-06   7.4430286e-05   1.1671578e-02   0.0000000e+00   1.9966993e-05   0.0000000e+00   2.2185696e-03   0.0000000e+00   1.5450972e-04   4.8573432e-03   2.5356743e-03   0.0000000e+00   3.8215861e-03   1.4677943e-04   4.7016742e-04   1.0149331e-03   0.0000000e+00   7.0087501e-03   1.0602518e-03   2.3920568e-03   2.1723133e-03   1.1493028e-04   6.8464970e-04   1.7567076e-03   4.5399021e-01  -1.1148983e-01
   4.5399021e-01   4.5175897e-04   6.9056422e-04   5.8254113e-03   6.2163496e-03   6.3291870e-03   2.0491722e-06   7.4430286e-05   1.1671578e-02   0.0000000e+00   1.9966993e-05   0.0000000e+00   2.2185696e-03   0.0000000e+00   1.5450972e-04   4.8573432e-03   2.5356743e-03   0.0000000e+00   3.8215861e-03   1.4677943e-04   4.7016742e-04   1.0149331e-03   0.0000000e+00   7.0087501e-03   1.0602518e-03   2.3920568e-03   2.1723133e-03   1.1493028e-04   6.8464970e-04   1.7567076e-03   4.5399021e-01  -1.1148983e-01
   4.5399021e-01   4.5175897e-04   6.9056422e-04   5.8254113e-03   6.2163496e-03   6.3291870e-03   2.0491722e-06   7.4430286e-05   1.1671578e-02   0.0000000e+00   1.9966993e-05   0.0000000e+00   2.2185696e-03   0.0000000e+00   1.5450972e-04   4.8573432e-03   2.5356743e-03   0.0000000e+00   3.8215861e-03   1.4677943e-04   4.7016742e-04   1.0149331e-03   0.0000000e+00   7.0087501e-03   1.0602518e-03   2.3920568e-03   2.1723133e-03   1.1493028e-04   6.8464970e-04   1.7567076e-03   4.5399021e-01  -1.1148983e-01
   4.5399021e-01   4.5175897e-04   6.9056422e-04   5.8254113e-03   6.2163496e-03   6.3291870e-03   2.0491722e-06   7.4430286e-05   1.1671578e-02   0.0000000e+00   1.9966993e-05   0.0000000e+00   2.2185696e-03   0.0000000e+00   1.5450972e-04   4.8573432e-03   2.5356743e-03   0.0000000e+00   3.8215861e-03   1.4677943e-04   4.7016742e-04   1.0149331e-03   0.0000000e+00   7.0087501e-03   1.0602518e-03   2.3920568e-03   2.1723133e-03   1.1493028e-04   6.8464970e-04   1.7567076e-03   4.5399021e-01  -1.1148983e-01
   4.5399021e-01   4.5175897e-04   6.9056422e-04   5.8254113e-03   6.2163496e-03   6.3291870e-03   2.0491722e-06   7.4430286e-05   1.1671578e-02   0.0000000e+00   1.9966993e-05   0.0000000e+00   2.2185696e-03   0.0000000e+00   1.5450972e-04   4.8573432e-03   2.5356743e-03   0.0000000e+00   3.8215861e-03   1.4677943e-04   4.7016742e-04   1.0149331e-03   0.0000000e+00   7.0087501e-03   1.0602518e-03   2.3920568e-03   2.1723133e-03   1.1493028e-04   6.8464970e-04   1.7567076e-03   4.5399021e-01  -1.1148983e-01
   4.5399021e-01   4.5175897e-04   6.9056422e-04   5.8254113e-03   6.2163496e-03   6.3291870e-03   2.0491722e-06   7.4430286e-05   1.1671578e-02   0.0000000e+00   1.9966993e-05   0.0000000e+00   2.2185696e-03   0.0000000e+00   1.5450972e-04   4.8573432e-03   2.5356743e-03   0.0000000e+00   3.8215861e-03   1.4677943e-04   4.7016742e-04   1.0149331e-03   0.0000000e+00   7.0087501e-03   1.0602518e-03   2.3920568e-03   2.1723133e-03   1.1493028e-04   6.8464970e-04   1.7567076e-03   4.5399021e-01  -1.1148983e-01
   4.5399021e-01   4.5175897e-04   6.9056422e-04   5.8254113e-03   6.2163496e-03   6.3291870e-03   2.0491722e-06   7.4430286e-05   1.1671578e-02   0.0000000e+00   1.9966993e-05   0.0000000e+00   2.2185696e-03   0.0000000e+00   1.5450972e-04   4.8573432e-03   2.5356743e-03   0.0000000e+00   3.8215861e-03   1.4677943e-04   4.7016742e-04   1.0149331e-03   0.0000000e+00   7.0087501e-03   1.0602518e-03   2.3920568e-03   2.1723133e-03   1.1493028e-04   6.8464970e-04   1.7567076e-03   4.5399021e-01  -1.1148983e-01
   4.5370236e-01   1.6382715e-04   9.3368270e-04   5.8138619e-03   6.1559089e-03   5.1981307e-03   2.2576480e-06   8.3041955e-05   1.1283117e-02   1.0225640e-04   1.5971859e-06   1.2197534e-04   1.4630367e-03   2.2424165e-03   1.4741221e-04   4.8816671e-03   2.5149648e-03   0.0000000e+00   3.7609005e-03   3.6067672e-04   5.2111050e-04   1.0000628e-03   0.0000000e+00   7.2614656e-03   1.1035639e-03   2.3192358e-03   2.3244552e-03   2.4586453e-05   6.1077674e-04   1.5883624e-03   4.5370236e-01  -1.1142236e-01
   4.4573817e-01   1.8660788e-04   8.2261742e-04   5.7934642e-03   6.3972187e-03   5.0450297e-03   2.3683294e-06   7.3088518e-05   1.1485184e-02   1.3834337e-06   1.6018667e-06   2.7223238e-05   2.0119676e-03   1.0039472e-03   1.8783004e-04   4.8815546e-03   2.5007947e-03   4.4734421e-05   3.7720999e-03   3.9113046e-04   5.3342781e-04   1.1037372e-03   5.3892083e-04   7.1960927e-03   8.8005898e-04   2.4021643e-03   2.2979412e-03   2.4480912e-05   6.1325616e-04   1.5159031e-03   4.4573817e-01  -9.6591183e-02
   4.4240697e-01   1.3780303e-05   1.6361464e-04   5.5229042e-03   4.7444861e-03   3.5343481e-03   2.3616379e-06   1.6879377e-05   1.7676429e-02   3.0018502e-03   7.8967387e-06   7.6001589e-04   3.0050891e-03   2.0684700e-02   2.5036006e-04   4.9038908e-03   1.7205351e-03   1.2657311e-03   3.8152423e-03   1.3066781e-03   6.0066812e-04   5.4800146e-04   3.0435858e-03   5.2526669e-03   2.4528925e-03   4.4229800e-03   1.3279931e-03   0.0000000e+00   4.6065555e-04   1.2100350e-03   4.4240697e-01  -7.5952364e-02
   4.3883246e-01   1.4739271e-06   2.7459864e-04   5.4622012e-03   4.5383819e-03   3.1027815e-03   2.5682968e-06   2.7663114e-05   1.7440664e-02   1.2249720e-02   9.6094632e-06   1.0650365e-03   2.8310682e-03   1.6690325e-02   2.4677236e-04   4.9041209e-03   1.7040971e-03   1.1884995e-03   3.8069270e-03   1.1655751e-03   5.5206000e-04   5.3503146e-04   2.3319583e-03   4.2408422e-03   2.4090210e-03   3.9964840e-03   1.2157076e-03   4.8170282e-05   5.3045617e-04   1.2326278e-03   4.3883246e-01  -5.5006774e-02
   4.3485412e-01   2.6127020e-04   0.0000000e+00   5.8144134e-03   4.4660408e-03   4.8305169e-03   1.5641901e-06   6.7901384e-05   2.0522057e-02   5.1922655e-06   1.4755470e-04   0.0000000e+00   0.0000000e+00   0.0000000e+00   0.0000000e+00   5.4424863e-03   2.6129681e-03   0.0000000e+00   3.8249121e-03   6.6169514e-04   5.5804673e-04   9.3959805e-04   0.0000000e+00   7.5713762e-03   1.6369075e-03   6.7002599e-03   3.9064262e-03   3.1467935e-05   6.7094635e-04   1.9003786e-03   4.3485412e-01  -3.0845591e-02
   4.3266084e-01   0.0000000e+00   1.6763729e-06   5.5077829e-03   4.4707371e-03   3.1483849e-03   4.4264792e-06   9.5937915e-06   1.8052522e-02   5.5084288e-03   9.1741798e-06   6.2770777e-04   5.4612156e-03   2.3423231e-02   3.0321965e-04   4.8784405e-03   1.9813438e-03   5.3312413e-04   3.9657431e-03   9.4473314e-04   6.5539641e-04   7.5676570e-04   3.7255261e-03   6.0794609e-03   1.5615390e-03   4.2306821e-03   1.3100100e-03   0.0000000e+00   4.9618376e-04   1.0096535e-03   4.3266084e-01  -7.1873407e-03
   4.2967931e-01   1.4690662e-03   0.0000000e+00   5.7301506e-03   4.4701249e-03   2.7429315e-03   5.3621984e-06   2.7275970e-05   1.7970642e-02   6.2308837e-03   1.0448538e-04   5.7442873e-04   5.3802876e-03   1.6499253e-02   1.9033117e-04   4.7882579e-03   2.0142101e-03   5.0552292e-04   3.5270667e-03   9.2109235e-04   6.3915788e-04   7.7542071e-04   3.7220178e-03   6.4447792e-03   1.4487425e-03   2.7782407e-03   1.3483269e-03   6.3494396e-04   4.6842645e-04   1.0892974e-03   4.2967931e-01   1.8809914e-02
   4.2726811e-01   4.1712752e-05   0.0000000e+00   5.4755126e-03   4.8512592e-03   3.3262788e-03   4.4760443e-06   0.0000000e+00   1.7553841e-02   5.1248303e-03   1.2887819e-05   7.3651960e-04   5.2725761e-03   3.0713267e-02   3.2660223e-04   4.8788465e-03   2.0385656e-03   4.9398079e-04   3.9053547e-03   9.6726064e-04   6.4798708e-04   7.6956042e-04   3.2978028e-03   5.5664018e-03   1.6798344e-03   4.2287103e-03   1.1169042e-03   0.0000000e+00   4.9642261e-04   9.3569583e-04   4.2726811e-01   4.5383811e-02
   4.2449812e-01   0.0000000e+00   0.0000000e+00   5.7180818e-03   4.4044544e-03   3.0828780e-03   3.3586587e-06   0.0000000e+00   1.8059392e-02   3.7887048e-03   1.6987045e-04   1.7011154e-03   5.4427885e-03   1.3808757e-02   1.3003507e-03   4.7906340e-03   2.0303176e-03   5.9832549e-04   2.4878683e-03   0.0000000e+00   8.6746702e-04   9.8120230e-04   3.2058367e-03   6.0512489e-03   1.6796764e-03   4.5323488e-03   1.4095518e-03   0.0000000e+00   6.0246084e-04   1.8540970e-03   4.2449812e-01   7.1662777e-02
   4.2206783e-01   1.5739542e-03   3.4171381e-03   5.5902865e-03   4.0589495e-03   3.1298243e-03   2.7285969e-06   1.5105907e-06   1.8091665e-02   5.5694155e-03   1.4508471e-06   5.4278183e-04   6.6494626e-03   2.1514641e-02   5.4113521e-04   4.8341469e-03   2.1163908e-03   2.3101910e-04   3.6954226e-03   1.4114883e-03   1.4708343e-03   8.8667280e-04   3.7690226e-03   6.5879136e-03   1.3332632e-03   2.5699883e-03   2.1727828e-03   1.5797975e-04   5.1085976e-04   9.0599742e-04   4.2206783e-01   1.0233924e-01
   4.1665908e-01   5.6779712e-03   7.9867536e-03   7.6492388e-03   4.2419411e-03   1.8995478e-03   0.0000000e+00   8.5369786e-05   1.9187003e-02   2.3929560e-03   3.9990761e-04   0.0000000e+00   7.4399028e-03   4.4215812e-02   1.1642695e-03   4.2723624e-03   2.0706611e-03   1.1492342e-03   1.8155667e-03   2.4986099e-03   7.9303821e-04   2.0285858e-05   1.1189035e-03   8.3783820e-03   2.8423188e-03   0.0000000e+00   0.0000000e+00   3.3055042e-03   7.1356638e-04   7.0920917e-04   4.1665908e-01   1.7414792e-01
   4.1409496e-01   7.8272766e-03   1.6925360e-02   2.5065922e-03   4.8206759e-03   2.2521863e-03   1.5076004e-07   1.5076130e-05   2.0097106e-02   0.0000000e+00   3.3588729e-04   3.4592736e-05   9.8842124e-03   4.2124515e-02   4.4660610e-03   4.2942069e-03   1.9212979e-03   8.7167931e-04   3.8833774e-03   1.2853012e-03   8.7046467e-04   0.0000000e+00   0.0000000e+00   4.5675431e-03   2.8338402e-03   7.0133227e-04   1.1162255e-04   4.2514000e-03   1.1212212e-03   1.2967925e-03   4.1409496e-01   2.0853640e-01
   4.1127461e-01   8.1780294e-03   1.2083346e-02   7.4471243e-03   2.5126774e-03   2.7901953e-03   0.0000000e+00   8.9489229e-05   1.4212772e-02   1.5202386e-05   2.1792908e-03   0.0000000e+00   6.6060762e-03   4.6716847e-02   0.0000000e+00   5.1184271e-03   1.1970262e-03   1.0220041e-03   0.0000000e+00   2.3353666e-03   1.1746297e-03   0.0000000e+00   2.0902310e-02   6.7559763e-03   2.6410336e-04   0.0000000e+00   3.0859819e-04   2.5776708e-03   1.5086291e-03   4.2164280e-03   4.1127461e-01   2.4788539e-01
   2.5763049e-01   0.0000000e+00   0.0000000e+00   4.9160029e-03   1.1461538e-03   0.0000000e+00   1.8146403e-04   1.4918730e-05   0.0000000e+00   8.8646531e-05   8.3987768e-04   1.6838827e-03   5.9457778e-04   4.4228113e-02   6.7679219e-03   0.0000000e+00   1.6196305e-03   4.4077198e-04   0.0000000e+00   5.6500032e-04   8.0327220e-05   3.9144612e-03   1.5931562e-03   2.4337214e-03   2.3521321e-04   5.4187873e-04   5.0581748e-04   0.0000000e+00   0.0000000e+00   2.8989111e-06   2.5763049e-01   2.5896041e-01
   2.5763049e-01   0.0000000e+00   0.0000000e+00   4.9160029e-03   1.1461538e-03   0.0000000e+00   1.8146403e-04   1.4918730e-05   0.0000000e+00   8.8646531e-05   8.3987768e-04   1.6838827e-03   5.9457778e-04   4.4228113e-02   6.7679219e-03   0.0000000e+00   1.6196305e-03   4.4077198e-04   0.0000000e+00   5.6500032e-04   8.0327220e-05   3.9144612e-03   1.5931562e-03   2.4337214e-03   2.3521321e-04   5.4187873e-04   5.0581748e-04   0.0000000e+00   0.0000000e+00   2.8989111e-06   2.5763049e-01   2.5896041e-01
   2.5763049e-01   0.0000000e+00   0.0000000e+00   4.9160029e-03   1.1461538e-03   0.0000000e+00   1.8146403e-04   1.4918730e-05   0.0000000e+00   8.8646531e-05   8.3987768e-04   1.6838827e-03   5.9457778e-04   4.4228113e-02   6.7679219e-03   0.0000000e+00   1.6196305e-03   4.4077198e-04   0.0000000e+00   5.6500032e-04   8.0327220e-05   3.9144612e-03   1.5931562e-03   2.4337214e-03   2.3521321e-04   5.4187873e-04   5.0581748e-04   0.0000000e+00   0.0000000e+00   2.8989111e-06   2.5763049e-01   2.5896041e-01
   2.5763049e-01   0.0000000e+00   0.0000000e+00   4.9160029e-03   1.1461538e-03   0.0000000e+00   1.8146403e-04   1.4918730e-05   0.0000000e+00   8.8646531e-05   8.3987768e-04   1.6838827e-03   5.9457778e-04   4.4228113e-02   6.7679219e-03   0.0000000e+00   1.6196305e-03   4.4077198e-04   0.0000000e+00   5.6500032e-04   8.0327220e-05   3.9144612e-03   1.5931562e-03   2.4337214e-03   2.3521321e-04   5.4187873e-04   5.0581748e-04   0.0000000e+00   0.0000000e+00   2.8989111e-06   2.5763049e-01   2.5896041e-01
   2.5763049e-01   0.0000000e+00   0.0000000e+00   4.9160029e-03   1.1461538e-03   0.0000000e+00   1.8146403e-04   1.4918730e-05   0.0000000e+00   8.8646531e-05   8.3987768e-04   1.6838827e-03   5.9457778e-04   4.4228113e-02   6.7679219e-03   0.0000000e+00   1.6196305e-03   4.4077198e-04   0.0000000e+00   5.6500032e-04   8.0327220e-05   3.9144612e-03   1.5931562e-03   2.4337214e-03   2.3521321e-04   5.4187873e-04   5.0581748e-04   0.0000000e+00   0.0000000e+00   2.8989111e-06   2.5763049e-01   2.5896041e-01
   2.5763049e-01   0.0000000e+00   0.0000000e+00   4.9160029e-03   1.1461538e-03   0.0000000e+00   1.8146403e-04   1.4918730e-05   0.0000000e+00   8.8646531e-05   8.3987768e-04   1.6838827e-03   5.9457778e-04   4.4228113e-02   6.7679219e-03   0.0000000e+00   1.6196305e-03   4.4077198e-04   0.0000000e+00   5.6500032e-04   8.0327220e-05   3.9144612e-03   1.5931562e-03   2.4337214e-03   2.3521321e-04   5.4187873e-04   5.0581748e-04   0.0000000e+00   0.0000000e+00   2.8989111e-06   2.5763049e-01   2.5896041e-01
   2.5763049e-01   0.0000000e+00   0.0000000e+00   4.9160029e-03   1.1461538e-03   0.0000000e+00   1.8146403e-04   1.4918730e-05   0.0000000e+00   8.8646531e-05   8.3987768e-04   1.6838827e-03   5.9457778e-04   4.4228113e-02   6.7679219e-03   0.0000000e+00   1.6196305e-03   4.4077198e-04   0.0000000e+00   5.6500032e-04   8.0327220e-05   3.9144612e-03   1.5931562e-03   2.4337214e-03   2.3521321e-04   5.4187873e-04   5.0581748e-04   0.0000000e+00   0.0000000e+00   2.8989111e-06   2.5763049e-01   2.5896041e-01
   2.5763049e-01   0.0000000e+00   0.0000000e+00   4.9160029e-03   1.1461538e-03   0.0000000e+00   1.8146403e-04   1.4918730e-05   0.0000000e+00   8.8646531e-05   8.3987768e-04   1.6838827e-03   5.9457778e-04   4.4228113e-02   6.7679219e-03   0.0000000e+00   1.6196305e-03   4.4077198e-04   0.0000000e+00   5.6500032e-04   8.0327220e-05   3.9144612e-03   1.5931562e-03   2.4337214e-03   2.3521321e-04   5.4187873e-04   5.0581748e-04   0.0000000e+00   0.0000000e+00   2.8989111e-06   2.5763049e-01   2.5896041e-01
   2.5763049e-01   0.0000000e+00   0.0000000e+00   4.9160029e-03   1.1461538e-03   0.0000000e+00   1.8146403e-04   1.4918730e-05   0.0000000e+00   8.8646531e-05   8.3987768e-04   1.6838827e-03   5.9457778e-04   4.4228113e-02   6.7679219e-03   0.0000000e+00   1.6196305e-03   4.4077198e-04   0.0000000e+00   5.6500032e-04   8.0327220e-05   3.9144612e-03   1.5931562e-03   2.4337214e-03   2.3521321e-04   5.4187873e-04   5.0581748e-04   0.0000000e+00   0.0000000e+00   2.8989111e-06   2.5763049e-01   2.5896041e-01
   2.4703318e-01   4.3612181e-05   7.0052467e-04   1.2130792e-02   0.0000000e+00   2.8111787e-05   7.9285824e-05   0.0000000e+00   6.4837617e-03   5.4099805e-05   1.4207169e-03   7.2244277e-05   5.5913244e-05   4.4501727e-02   5.3897412e-03   9.9520085e-04   2.1355771e-03   4.9792829e-04   1.1592789e-05   2.4062053e-04   1.1502022e-04   3.4892995e-03   6.5098034e-04   2.5120449e-03   0.0000000e+00   8.8799504e-04   5.4860906e-04   2.3321798e-04   7.5811289e-06   1.5711017e-05   2.4703318e-01   2.7648342e-01
   2.3923467e-01   8.4954709e-05   1.5582479e-05   1.3208861e-02   4.6710472e-04   0.0000000e+00   3.3327636e-04   2.3544249e-05   4.1991743e-03   1.3874431e-04   1.1191360e-03   1.1819545e-03   1.4936077e-03   4.4858334e-02   5.2958199e-03   6.3222179e-03   2.1430019e-03   9.7142693e-04   4.8263151e-04   1.9444806e-03   6.4751145e-07   3.7157793e-03   5.2007337e-04   2.7078362e-03   2.1743710e-03   9.1781431e-04   5.7375012e-04   1.4221144e-05   7.1870012e-05   1.4385978e-05   2.3923467e-01   3.0752480e-01
   2.3202901e-01   2.1587300e-04   1.6472998e-04   1.4434601e-02   5.0874191e-04   2.5285433e-05   5.3162804e-04   3.7150210e-05   2.6540254e-03   4.5521376e-04   1.3727229e-03   1.2084844e-03   9.1963166e-04   4.4929010e-02   5.0360856e-03   5.3573510e-03   2.2245668e-03   9.5717365e-04   3.7385096e-04   2.8887865e-03   4.4270639e-05   3.7694142e-03   2.9274486e-04   2.9392561e-03   4.3507185e-03   8.4975837e-04   5.5728153e-04   5.8449736e-05   1.1810990e-04   1.1664909e-05   2.3202901e-01   3.4525900e-01
   2.2512532e-01   4.8861840e-04   6.6764018e-05   1.3022260e-02   0.0000000e+00   5.4336999e-05   1.2839998e-03   8.0913512e-05   1.8994063e-03   4.3333133e-04   1.6588732e-03   1.0798003e-03   1.2987155e-05   4.4482473e-02   2.4210820e-03   2.5851409e-03   1.9152115e-03   6.3925066e-04   4.2482683e-04   2.9062552e-03   7.2387095e-06   3.7118541e-03   4.9678009e-04   2.9089413e-03   7.2823945e-03   1.0009171e-03   5.5052950e-04   7.6075475e-05   1.2598255e-05   1.0256684e-05   2.2512532e-01   3.8742328e-01
   2.1813856e-01   9.5662338e-04   6.9209994e-05   1.3676772e-02   8.4077932e-04   5.3297437e-05   6.8164549e-04   2.1037442e-05   1.7851561e-03   6.3007767e-04   1.2809715e-03   1.3967798e-03   1.0734266e-04   4.4493386e-02   3.3425690e-04   6.0858069e-03   1.7289827e-03   9.2341354e-04   2.7406633e-04   2.3822224e-03   0.0000000e+00   3.5993757e-03   5.3077200e-04   2.8472533e-03   3.4061401e-03   9.6719891e-04   5.5512738e-04   1.2549711e-04   0.0000000e+00   1.3308516e-05   2.1813856e-01   4.3665940e-01
   2.1115297e-01   0.0000000e+00   4.6744910e-06   9.3883595e-03   9.8540060e-05   1.4277884e-07   0.0000000e+00   6.5719533e-06   0.0000000e+00   0.0000000e+00   7.4054853e-04   1.4743040e-03   1.1944595e-04   4.4640615e-02   5.8640924e-03   5.6698433e-04   8.2283063e-04   4.7178238e-04   1.2605808e-04   1.1905322e-04   0.0000000e+00   3.4856857e-03   1.2521576e-03   2.3519558e-03   2.0520797e-03   7.8852618e-04   5.1753795e-04   2.5803796e-05   4.6847230e-04   1.1694811e-06   2.1115297e-01   4.8605849e-01
   2.0478133e-01   4.1210960e-04   1.2910754e-03   1.5533710e-02   1.9281259e-03   1.0309910e-04   3.6998760e-03   3.4108768e-04   1.5866429e-02   0.0000000e+00   2.8117480e-03   1.4937679e-03   7.0211263e-04   4.5369128e-02   0.0000000e+00   1.0650731e-02   1.7238031e-03   2.8023412e-05   3.4903355e-05   5.4830903e-03   2.8258856e-04   4.6568255e-03   4.2175174e-04   2.8381293e-03   1.1847767e-02   5.0229643e-04   5.1910192e-04   3.2008537e-04   3.7789233e-05   1.1419223e-06   2.0478133e-01   5.4786857e-01
   1.9633152e-01   9.6689035e-04   3.6564584e-03   1.5217873e-02   3.0433983e-03   9.7558748e-05   2.4732258e-04   0.0000000e+00   0.0000000e+00   1.0548898e-03   6.3475978e-04   9.0524599e-04   0.0000000e+00   4.3246330e-02   1.1973935e-02   6.4989388e-03   2.4567609e-03   2.2521143e-04   6.8531956e-04   0.0000000e+00   6.9828916e-04   3.0420405e-03   2.2406169e-05   1.9716663e-03   1.1364581e-02   1.1271277e-03   6.2797233e-04   5.9719453e-04   0.0000000e+00   1.3853021e-06   1.9633152e-01   6.0621030e-01
   1.8759534e-01   1.1617889e-03   3.7387695e-03   1.5350767e-02   2.6037307e-03   2.8090962e-05   5.9560386e-06   0.0000000e+00   1.1115783e-03   2.6918618e-04   5.6470841e-04   4.8085591e-04   1.3995186e-03   4.3440553e-02   1.4088879e-02   6.0127703e-03   3.6672479e-03   2.7680339e-04   6.8431052e-04   7.2653805e-04   2.8451208e-04   4.5652782e-03   1.8628255e-05   1.9600791e-03   1.1223218e-02   1.1518547e-03   6.3848327e-04   6.5156076e-04   1.0076430e-04   2.8194512e-06   1.8759534e-01   6.6647124e-01
   8.6341431e-02   1.6493354e-03   2.1072055e-04   1.4022455e-02   2.4739058e-03   4.3656090e-04   8.2790605e-04   1.2048093e-04   1.5186500e-02   3.9318987e-04   9.9530078e-04   2.4575772e-04   3.4248119e-03   4.3726170e-02   9.4355555e-04   1.1523118e-02   4.6819711e-03   4.2722455e-04   1.1233139e-04   4.3609181e-03   4.4272853e-03   7.4678029e-04   9.4583403e-05   2.2674543e-03   2.3496533e-03   5.9367311e-04   5.2583937e-04   9.0258546e-05   9.5462949e-04   1.3858528e-05   8.6341431e-02   7.0148119e-01
   8.6341431e-02   1.6493354e-03   2.1072055e-04   1.4022455e-02   2.4739058e-03   4.3656090e-04   8.2790605e-04   1.2048093e-04   1.5186500e-02   3.9318987e-04   9.9530078e-04   2.4575772e-04   3.4248119e-03   4.3726170e-02   9.4355555e-04   1.1523118e-02   4.6819711e-03   4.2722455e-04   1.1233139e-04   4.3609181e-03   4.4272853e-03   7.4678029e-04   9.4583403e-05   2.2674543e-03   2.3496533e-03   5.9367311e-04   5.2583937e-04   9.0258546e-05   9.5462949e-04   1.3858528e-05   8.6341431e-02   7.0148119e-01
   8.6341431e-02   1.6493354e-03   2.1072055e-04   1.4022455e-02   2.4739058e-03   4.3656090e-04   8.2790605e-04   1.2048093e-04   1.5186500e-02   3.9318987e-04   9.9530078e-04   2.4575772e-04   3.4248119e-03   4.3726170e-02   9.4355555e-04   1.1523118e-02   4.6819711e-03   4.2722455e-04   1.1233139e-04   4.3609181e-03   4.4272853e-03   7.4678029e-04   9.4583403e-05   2.2674543e-03   2.3496533e-03   5.9367311e-04   5.2583937e-04   9.0258546e-05   9.5462949e-04   1.3858528e-05   8.6341431e-02   7.0148119e-01
   8.6341431e-02   1.6493354e-03   2.1072055e-04   1.4022455e-02   2.4739058e-03   4.3656090e-04   8.2790605e-04   1.2048093e-04   1.5186500e-02   3.9318987e-04   9.9530078e-04   2.4575772e-04   3.4248119e-03   4.3726170e-02   9.4355555e-04   1.1523118e-02   4.6819711e-03   4.2722455e-04   1.1233139e-04   4.3609181e-03   4.4272853e-03   7.4678029e-04   9.4583403e-05   2.2674543e-03   2.3496533e-03   5.9367311e-04   5.2583937e-04   9.0258546e-05   9.5462949e-04   1.3858528e-05   8.6341431e-02   7.0148119e-01
   8.6341431e-02   1.6493354e-03   2.1072055e-04   1.4022455e-02   2.4739058e-03   4.3656090e-04   8.2790605e-04   1.2048093e-04   1.5186500e-02   3.9318987e-04   9.9530078e-04   2.4575772e-04   3.4248119e-03   4.3726170e-02   9.4355555e-04   1.1523118e-02   4.6819711e-03   4.2722455e-04   1.1233139e-04   4.3609181e-03   4.4272853e-03   7.4678029e-04   9.4583403e-05   2.2674543e-03   2.3496533e-03   5.9367311e-04   5.2583937e-04   9.0258546e-05   9.5462949e-04   1.3858528e-05   8.6341431e-02   7.0148119e-01
   8.6341431e-02   1.6493354e-03   2.1072055e-04   1.4022455e-02   2.4739058e-03   4.3656090e-04   8.2790605e-04   1.2048093e-04   1.5186500e-02   3.9318987e-04   9.9530078e-04   2.4575772e-04   3.4248119e-03   4.3726170e-02   9.4355555e-04   1.1523118e-02   4.6819711e-03   4.2722455e-04   1.1233139e-04   4.3609181e-03   4.4272853e-03   7.4678029e-04   9.4583403e-05   2.2674543e-03   2.3496533e-03   5.9367311e-04   5.2583937e-04   9.0258546e-05   9.5462949e-04   1.3858528e-05   8.6341431e-02   7.0148119e-01
   7.4446358e-02   1.5590984e-03   2.0675850e-04   1.3996440e-02   2.1019921e-03   4.4967180e-04   8.3173317e-04   9.4502962e-05   2.5789832e-02   3.9594867e-04   8.1425000e-04   0.0000000e+00   3.1066184e-03   4.3334947e-02   1.0434968e-04   1.1414499e-02   5.7250528e-03   4.0223864e-04   5.1443458e-04   5.9941870e-03   3.6893127e-03   1.0107843e-03   9.4717797e-05   2.3822916e-03   8.0631490e-04   6.2586202e-04   5.3045217e-04   8.7005321e-05   8.4535386e-04   1.3824069e-05   7.4446358e-02   7.0767020e-01
   5.8423054e-02   1.5735376e-03   2.1100645e-04   1.3463159e-02   2.7520312e-03   3.8619961e-04   8.3249652e-04   1.0629895e-04   1.4351054e-02   3.5883106e-04   1.0787761e-03   2.2266325e-04   4.6490849e-03   4.3809287e-02   1.2847157e-03   1.4716490e-02   4.1427016e-03   4.2933234e-04   1.1718420e-04   3.4768353e-03   4.5429756e-03   7.9688703e-04   1.5854627e-04   2.2573705e-03   1.9868292e-03   5.1673256e-04   5.2818473e-04   7.1869623e-05   1.2094108e-03   1.4150142e-05   5.8423054e-02   7.3469584e-01
   4.4712975e-02   1.2657332e-03   1.3595864e-04   1.3752345e-02   2.8341461e-03   2.7992446e-04   6.9655102e-04   0.0000000e+00   1.4721897e-02   3.7172354e-04   1.2658798e-04   4.5407797e-04   4.0532396e-03   4.4259002e-02   2.4059816e-03   1.4793167e-02   5.0452073e-03   4.7245632e-04   1.0218414e-04   3.5471026e-03   5.3302981e-03   4.5096685e-04   0.0000000e+00   2.5562137e-03   1.7913322e-04   5.1779022e-04   5.2637029e-04   0.0000000e+00   1.1592659e-03   2.1859576e-05   4.4712975e-02   7.7780436e-01
   2.7634778e-02   1.4705815e-03   1.0201117e-04   1.3502188e-02   2.8374561e-03   3.1295791e-04   8.7732516e-04   1.0267632e-04   1.4690704e-02   3.5233161e-04   7.8427086e-04   4.7851746e-04   4.1521611e-03   4.4150504e-02   1.5372875e-03   1.4102721e-02   4.7956530e-03   4.6575827e-04   1.2776944e-04   3.2473997e-03   5.8677079e-03   0.0000000e+00   1.4867444e-04   2.4546845e-03   2.4683540e-03   5.1643893e-04   5.2748905e-04   8.2103066e-05   1.1948775e-03   2.1598924e-05   2.7634778e-02   8.4723876e-01
   1.6143224e-02   1.5428870e-03   2.9793734e-04   1.3408127e-02   2.2508803e-03   4.0236139e-04   6.8606435e-04   4.6942010e-05   8.5072083e-03   2.2282603e-03   3.3337320e-04   3.1495116e-04   6.7425023e-03   4.5326465e-02   9.7489313e-03   1.4160981e-02   8.7683938e-03   1.5749059e-04   1.3514844e-03   2.3458603e-03   5.2113926e-03   4.3403518e-04   9.0550276e-05   2.4975190e-03   8.6942962e-03   6.9016663e-04   5.3177007e-04   1.3123547e-04   2.1186259e-03   1.6398510e-05   1.6143224e-02   9.0554057e-01
   0.0000000e+00   1.4021241e-03   1.0041019e-04   1.3500763e-02   2.7210267e-03   3.3692280e-04   9.8257285e-04   1.0062430e-04   1.2882536e-02   3.5528972e-04   6.6145768e-04   3.7908231e-04   4.4369859e-03   4.4187307e-02   1.3713274e-03   1.3538510e-02   4.2086404e-03   4.5925649e-04   1.9474888e-04   3.1239307e-03   5.7706674e-03   3.6430155e-04   1.3753288e-04   2.4182429e-03   0.0000000e+00   0.0000000e+00   5.1923129e-04   8.2282225e-05   1.9987978e-03   3.5560632e-05   0.0000000e+00   1.0360838e+00
