   0.0000000e+00   1.1107256e-04   1.8357069e-04   1.0398502e-06   1.9846817e-05   1.1367363e-05   1.1867170e-04   3.2347040e-05   1.6690495e-04   7.5937943e-06   4.7902837e-05   0.0000000e+00   0.0000000e+00   0.0000000e+00   5.4282071e-07   1.6270404e-05   5.2354324e-07   1.2377442e-04   7.3621880e-05   0.0000000e+00   0.0000000e+00   1.1024133e-05   2.2906044e-05   1.0629056e-05   3.2978316e-05   0.0000000e+00   8.7492053e-06   3.9763175e-08   2.6302741e-07   0.0000000e+00   0.0000000e+00   1.0003109e+00   1.0000000e+00             Inf
   1.0000000e+00   4.8214207e-06   3.8770688e-05   3.1179113e-07   1.0363316e-05   5.4503775e-06   0.0000000e+00   4.6775040e-05   9.7614658e-06   0.0000000e+00   0.0000000e+00   0.0000000e+00   5.5937383e-05   1.3376020e-04   1.8659000e-05   2.8945681e-06   0.0000000e+00   5.1118681e-05   0.0000000e+00   6.9709755e-05   8.6115709e-06   1.0160744e-04   2.2152546e-05   1.3075931e-05   1.4177579e-05   1.1740926e-04   3.5804645e-08   2.2316416e-07   0.0000000e+00   0.0000000e+00   1.0000000e+00   4.5033846e-04   1.0000000e+00             Inf
   2.8163346e-01   7.5505607e-06   4.0210454e-04   2.7725596e-06   0.0000000e+00   5.6282246e-04   1.0611723e-04   1.8259345e-05   2.6845843e-05   6.4168783e-05   0.0000000e+00   1.7322322e-04   7.1700762e-05   0.0000000e+00   3.4142726e-04   6.0267986e-05   0.0000000e+00   1.0868208e-03   0.0000000e+00   2.6386019e-05   1.1900305e-04   1.6351563e-04   5.7936735e-05   1.2233702e-05   1.3414965e-04   0.0000000e+00   5.8292416e-05   0.0000000e+00   1.0295444e-03   1.2892575e-03   2.8163346e-01   9.2262993e-01   1.0000000e+00   5.5453749e-02
   2.0017792e-01   3.3381090e-08   3.7802574e-04   2.5687463e-06   0.0000000e+00   5.7162449e-04   1.1726506e-04   1.5031790e-05   1.4414026e-04   7.8579239e-05   0.0000000e+00   2.4273353e-04   7.2590943e-05   0.0000000e+00   3.1067201e-04   7.7353632e-05   0.0000000e+00   1.1541507e-03   0.0000000e+00   0.0000000e+00   1.2132528e-04   1.7639713e-04   6.2670016e-05   8.0739057e-06   1.3998469e-04   5.2947350e-06   4.5703647e-05   5.7975186e-07   8.8658692e-04   8.8935343e-04   2.0017792e-01   9.6170422e-01   1.0000000e+00   5.1499996e-02
   2.3099115e-01   7.6143378e-05   2.1109662e-04   5.2546348e-07   4.8462567e-05   1.6853263e-04   1.9589837e-04   2.6099082e-05   2.2003727e-04   9.7021294e-06   6.2331119e-05   4.0468866e-04   0.0000000e+00   2.9011549e-05   0.0000000e+00   1.7878453e-05   2.2186854e-06   0.0000000e+00   8.7551426e-05   5.4992266e-05   1.3976991e-05   0.0000000e+00   1.2053627e-05   8.2153340e-06   3.8546258e-05   1.7673743e-05   8.0486243e-05   4.2638373e-07   1.9569249e-05   1.6715488e-04   2.3099115e-01   9.4728814e-01   1.0000000e+00   4.6586177e-02
   9.5328540e-01   1.0490018e-05   8.3275761e-05   5.4065973e-07   9.0026648e-06   4.8718013e-05   8.2349679e-06   4.6936577e-05   1.9718973e-06   2.0644903e-07   5.3310078e-05   0.0000000e+00   4.8790814e-05   1.1580488e-04   2.7174407e-05   9.1412962e-06   0.0000000e+00   1.4818323e-04   8.0709887e-06   1.4357176e-04   1.5091228e-05   1.0639928e-04   0.0000000e+00   1.4683433e-05   2.4876288e-05   1.5445736e-04   1.2171805e-04   5.3435912e-07   4.5488716e-05   5.2336528e-05   9.5328540e-01   9.2016296e-02   1.0000000e+00   4.5623180e-02
   5.4787255e-01   7.6769381e-05   6.4775632e-04   3.1739102e-06   1.7378682e-04   1.0801131e-03   4.2411593e-05   9.1393392e-06   4.9727561e-04   3.4085682e-04   4.6599266e-05   1.4189641e-05   3.2988183e-05   1.3737083e-04   1.6388799e-04   6.0979221e-07   3.3858118e-04   3.6314304e-04   2.0463288e-05   2.0858317e-03   8.8621427e-05   1.5920117e-05   3.5295162e-04   2.1731109e-05   0.0000000e+00   3.0886122e-04   1.0307846e-04   2.9206999e-08   1.8465721e-03   8.8342021e-04   5.4787255e-01   7.0374534e-01   1.0000000e+00   4.3927577e-02
   9.4068321e-01   7.3960237e-05   5.7816544e-04   3.0717636e-06   0.0000000e+00   1.6180002e-03   8.1702197e-06   0.0000000e+00   1.5447943e-04   1.5288586e-04   0.0000000e+00   0.0000000e+00   5.3327587e-05   5.2742744e-05   2.0291433e-04   1.5385222e-05   1.4733747e-04   3.9544834e-04   3.0868959e-05   1.5876568e-04   1.2439689e-04   1.2014681e-04   1.5004119e-04   2.3798885e-07   8.5088712e-05   1.2384923e-04   4.8969207e-05   0.0000000e+00   1.8606163e-03   4.2310275e-04   9.4068321e-01   1.1896163e-01   1.0000000e+00   4.2495587e-02
   5.1830377e-01   1.0117789e-04   3.8170603e-04   3.0477210e-06   2.0205637e-04   9.7387384e-04   0.0000000e+00   2.4392718e-06   5.1003954e-04   2.7054409e-04   4.7804830e-05   5.2244249e-05   2.4364474e-05   1.4384700e-04   1.6802393e-04   0.0000000e+00   4.6740130e-04   4.0331981e-04   2.4292909e-05   8.3233713e-04   9.3293174e-05   1.1244073e-05   3.5936706e-04   1.3899945e-05   0.0000000e+00   3.9196836e-04   1.1512827e-04   0.0000000e+00   2.0439820e-03   1.1600115e-03   5.1830377e-01   7.3482288e-01   1.0000000e+00   4.2026825e-02
   2.5899470e-01   8.3191844e-05   2.2115085e-04   9.9924029e-07   5.1616785e-05   5.9652737e-05   2.8527546e-04   2.4896349e-05   3.1840153e-04   0.0000000e+00   0.0000000e+00   0.0000000e+00   1.2602555e-04   5.8640758e-05   5.2199671e-05   2.0697490e-05   3.3256231e-04   3.1980026e-04   8.0131976e-05   1.0283438e-04   1.3354897e-05   5.0209640e-05   4.5744569e-05   7.1518227e-06   4.5675054e-05   5.1841295e-05   1.8676154e-05   5.5564567e-06   0.0000000e+00   9.0101878e-05   2.5899470e-01   9.3373848e-01   1.0000000e+00   3.8969739e-02
   5.3026619e-01   7.8706946e-06   7.6401777e-05   1.7453233e-06   2.5171655e-05   1.9024867e-05   3.2996582e-05   8.4766499e-05   9.0697062e-05   2.2196539e-05   7.1844112e-05   1.2023541e-03   2.4060769e-05   1.0518401e-04   7.3121746e-05   0.0000000e+00   1.8249311e-05   2.6939957e-04   2.0808107e-05   3.3930165e-05   1.0386020e-04   1.9218490e-06   6.6710238e-05   1.0634075e-05   0.0000000e+00   1.7639180e-04   4.4610687e-04   1.4013861e-06   4.4221890e-04   4.6591113e-04   5.3026619e-01   7.2036603e-01   1.0000000e+00   3.8947062e-02
   7.2082174e-01   1.5416103e-05   3.4114249e-04   4.0810577e-06   7.7084674e-05   2.5916532e-05   1.9060106e-05   3.0197112e-05   5.0704282e-05   4.3138811e-08   3.4275061e-05   2.5886064e-04   0.0000000e+00   4.5770819e-05   1.1639630e-05   0.0000000e+00   8.6788793e-05   4.7656039e-05   0.0000000e+00   4.8713233e-04   6.3328011e-05   1.3552408e-04   0.0000000e+00   2.4102572e-05   2.7705564e-05   4.7935841e-05   8.1493853e-05   0.0000000e+00   4.0935120e-04   4.6040500e-04   7.2082174e-01   4.8172932e-01   1.0000000e+00   3.5735889e-02
   7.0970919e-01   7.7730890e-05   3.4435657e-04   5.0037543e-06   4.9185995e-05   3.2737879e-07   6.5961532e-06   3.1875153e-05   0.0000000e+00   7.3689480e-05   8.7957172e-06   2.3014301e-04   3.3276682e-05   5.6135695e-04   2.7391560e-06   5.1348032e-07   0.0000000e+00   2.5278999e-04   1.5828625e-07   3.0309254e-04   4.8197217e-05   1.1991019e-04   0.0000000e+00   2.5293538e-05   9.6915580e-05   1.5022786e-04   1.0844572e-04   4.0317648e-06   5.9179893e-04   0.0000000e+00   7.0970919e-01   4.9777139e-01   1.0000000e+00   3.5134302e-02
   6.5756778e-01   6.7867794e-06   2.2253312e-04   1.8989803e-06   9.4923722e-05   5.2932866e-04   4.9013882e-05   1.2028277e-04   4.8716358e-05   5.5153653e-06   1.3530666e-04   2.6187906e-04   3.3681325e-06   3.0667412e-04   5.3571387e-05   2.0546652e-05   6.7517478e-09   1.3372704e-04   3.0579997e-05   1.6675307e-04   3.2783696e-05   0.0000000e+00   5.8604786e-05   3.1853209e-06   4.5460460e-06   1.5264878e-04   5.5842961e-04   2.0140113e-06   6.0091327e-04   3.5199754e-04   6.5756778e-01   5.6936279e-01   1.0000000e+00   3.4848086e-02
   5.9511103e-01   3.9168668e-06   1.5716164e-04   3.1612846e-06   1.8236436e-05   3.4504668e-04   8.8449632e-07   2.8970226e-05   3.5528266e-05   1.5583521e-06   7.8042951e-05   9.0394946e-04   2.6389984e-07   1.1761173e-04   1.3404354e-04   3.4051749e-06   1.4913387e-05   3.6799323e-04   2.3842402e-05   7.8471411e-05   8.1893050e-05   0.0000000e+00   9.3850886e-05   5.4967111e-06   1.0821126e-05   1.3526151e-04   6.0310842e-04   3.0953089e-06   6.7517852e-04   4.1143554e-04   5.9511103e-01   6.4766493e-01   1.0000000e+00   3.4847185e-02
   7.2432697e-01   1.1876888e-05   3.0638720e-04   5.0376020e-06   1.0967757e-05   2.3591903e-06   9.9404314e-07   0.0000000e+00   0.0000000e+00   4.0548947e-05   0.0000000e+00   3.1239758e-04   4.5755003e-05   2.7638688e-04   2.1916027e-05   1.9690412e-06   1.3608818e-04   0.0000000e+00   1.5014658e-06   3.0365163e-04   5.4211258e-05   2.9150284e-04   1.7593924e-06   2.5514558e-05   7.7010986e-05   1.6323059e-04   0.0000000e+00   2.2253017e-07   6.6920583e-04   0.0000000e+00   7.2432697e-01   4.7665623e-01   1.0000000e+00   3.4284282e-02
   5.3671839e-01   3.7975835e-04   7.7484722e-05   0.0000000e+00   2.1373015e-04   2.0643073e-04   5.6215108e-04   5.5072512e-05   5.8612310e-04   3.0834052e-05   3.5895212e-05   6.1801194e-05   1.6130319e-04   4.5186240e-04   1.4708689e-04   1.7101112e-06   1.1329553e-03   4.7536610e-04   8.6171536e-06   2.2706689e-05   2.4106067e-04   3.5795075e-05   3.0359523e-05   1.8320575e-05   1.4552755e-04   5.7057955e-05   9.2571715e-05   6.1848816e-06   6.6882453e-05   6.0139609e-04   5.3671839e-01   7.1429331e-01   1.0000000e+00   3.4229363e-02
   8.0926950e-01   1.3972041e-06   2.8783360e-04   4.8366126e-06   7.0614196e-05   3.0180264e-05   0.0000000e+00   2.2194110e-05   0.0000000e+00   2.8787350e-05   1.5824676e-05   4.2988248e-04   0.0000000e+00   7.9899017e-05   8.6202655e-06   2.1314004e-06   0.0000000e+00   0.0000000e+00   0.0000000e+00   2.6320654e-04   4.1853668e-05   1.4001785e-04   2.1803541e-05   2.9912377e-05   4.3157598e-05   7.6326316e-05   7.4715720e-05   0.0000000e+00   5.6388702e-04   0.0000000e+00   8.0926950e-01   3.4623151e-01   1.0000000e+00   3.3307651e-02
   7.3490204e-01   1.4974765e-06   3.4391364e-04   3.6034689e-06   3.9425424e-05   0.0000000e+00   1.3958560e-05   1.9199151e-05   5.9951067e-05   4.7556913e-05   2.1934740e-05   2.8901477e-04   2.6920285e-05   9.4157705e-05   0.0000000e+00   0.0000000e+00   0.0000000e+00   1.0160252e-03   6.9792949e-07   3.5956252e-04   2.8107592e-05   1.6777964e-04   4.0713538e-06   2.2639026e-05   4.1985015e-05   4.5714071e-05   4.9089688e-05   2.2001062e-08   6.7115861e-04   0.0000000e+00   7.3490204e-01   4.6152815e-01   1.0000000e+00   3.2635478e-02
   4.8170739e-01   4.2316935e-04   8.2663870e-05   6.8768531e-08   1.2872160e-04   2.0318103e-04   4.9132033e-04   6.1711423e-05   6.4616506e-04   2.2774618e-05   2.1777690e-05   0.0000000e+00   1.2013832e-04   4.6621974e-04   6.2742521e-05   8.5023871e-06   6.9233562e-04   2.4636336e-04   1.0134996e-05   5.3554303e-06   3.3957132e-04   3.7731977e-05   3.2040401e-05   1.5645522e-05   1.5930031e-04   6.6396467e-05   1.0628979e-04   5.7726700e-06   8.5798673e-05   3.1593700e-04   4.8170739e-01   7.6981490e-01   1.0000000e+00   3.2123692e-02
   3.5866098e-01   6.8346739e-05   5.8819994e-05   4.8000309e-07   5.4191510e-05   1.8763440e-05   2.8116813e-04   2.7676355e-05   3.7074779e-04   0.0000000e+00   0.0000000e+00   8.5442752e-06   1.2748854e-04   5.6816576e-05   0.0000000e+00   2.4763822e-05   2.9102583e-04   2.0186793e-04   7.8170062e-05   1.1043213e-04   5.6339732e-05   7.0114866e-05   4.5968498e-05   5.2999869e-06   0.0000000e+00   5.4278394e-05   1.7790598e-05   4.5843794e-06   6.7436323e-05   0.0000000e+00   3.5866098e-01   8.7209820e-01   1.0000000e+00   3.2001777e-02
   1.8753535e-01   0.0000000e+00   4.5433072e-04   3.3384773e-06   1.1682773e-06   1.5027755e-03   1.9897462e-04   3.4879295e-05   6.8891849e-05   6.7054830e-05   5.6915356e-05   1.3595600e-04   8.1336007e-05   8.7369241e-05   3.2329158e-04   4.2277851e-05   7.2934419e-06   1.0513572e-03   0.0000000e+00   0.0000000e+00   1.8849459e-04   1.6410626e-04   5.4882674e-05   1.3717425e-05   2.7174912e-04   0.0000000e+00   0.0000000e+00   0.0000000e+00   4.2941300e-04   9.2042552e-04   1.8753535e-01   9.6680932e-01   1.0000000e+00   3.1919427e-02
   8.4358122e-01   5.3597435e-06   2.4062169e-04   1.6048578e-06   4.3445245e-05   4.9604474e-04   1.2127055e-04   9.2513416e-06   4.1981231e-05   0.0000000e+00   7.7046547e-06   1.7205435e-05   0.0000000e+00   9.3320464e-05   1.1269367e-04   1.0193170e-04   9.6957074e-04   2.0594155e-04   2.6166911e-05   3.2375805e-04   0.0000000e+00   9.5946371e-05   1.9467622e-04   1.6767129e-05   5.2499924e-05   1.7788035e-04   1.8440513e-05   2.9280957e-08   3.5200861e-04   0.0000000e+00   8.4358122e-01   2.9034907e-01   1.0000000e+00   3.0513251e-02
   7.4166135e-01   6.4401079e-05   3.4980733e-04   6.0760243e-06   3.6571551e-05   0.0000000e+00   1.2103684e-05   4.1365026e-05   0.0000000e+00   3.5421500e-05   5.2679892e-09   2.5126513e-04   4.8379838e-05   8.0345114e-04   0.0000000e+00   0.0000000e+00   8.5995102e-06   1.2791867e-04   0.0000000e+00   3.0530564e-04   4.6512193e-05   1.1664099e-04   1.5615928e-05   4.9384680e-05   8.5426600e-05   1.4280375e-04   1.2781382e-04   2.8783305e-06   5.3727676e-04   2.9198094e-05   7.4166135e-01   4.5149852e-01   1.0000000e+00   2.9987480e-02
   6.9865792e-01   6.7682557e-05   3.2957841e-04   5.1605633e-06   1.6571251e-05   0.0000000e+00   8.0960718e-06   3.8116857e-05   4.4205793e-07   1.2524104e-05   0.0000000e+00   2.2489529e-04   3.6524233e-05   2.8624941e-04   6.8207467e-06   6.3372814e-07   0.0000000e+00   5.2796771e-05   2.9114919e-06   3.3333879e-04   2.2908240e-05   1.8225739e-04   3.7802928e-05   2.2240405e-05   1.0813233e-04   1.2297644e-04   1.1615343e-04   2.6884802e-06   9.1678799e-04   7.4990785e-05   6.9865792e-01   5.1327570e-01   1.0000000e+00   2.9859262e-02
   8.3437621e-01   1.1131226e-05   5.8109411e-05   9.0964714e-07   3.0440765e-05   1.1333127e-06   0.0000000e+00   3.8063240e-05   5.8997361e-05   2.1589377e-05   0.0000000e+00   6.2886359e-05   9.2150121e-05   1.7210213e-07   5.9201436e-06   1.0394961e-05   1.8208239e-05   0.0000000e+00   8.5154437e-06   4.3124204e-04   0.0000000e+00   7.7783109e-05   0.0000000e+00   1.3768784e-05   1.9030217e-05   2.2152273e-04   1.0721901e-07   1.9359896e-07   7.7912238e-05   1.8578450e-05   8.3437621e-01   3.0448938e-01   1.0000000e+00   2.9596547e-02
   6.9149657e-01   5.9075550e-05   3.3994167e-04   5.6940704e-06   2.8842223e-05   0.0000000e+00   1.1822982e-05   3.8295117e-05   3.8843653e-05   1.1433354e-04   0.0000000e+00   2.2845564e-04   4.3132996e-05   2.8331219e-04   2.3580440e-06   8.8053248e-07   1.0729714e-05   7.1935220e-04   3.0700791e-06   3.3732902e-04   4.9972850e-05   1.4723273e-04   5.6873782e-05   2.2152710e-05   8.6385548e-05   1.3898024e-04   7.4398491e-05   2.6740634e-06   7.5034841e-04   0.0000000e+00   6.9149657e-01   5.2348084e-01   1.0000000e+00   2.9517467e-02
   4.2829639e-01   8.3198342e-05   6.4849747e-04   3.1479829e-06   1.2569412e-04   1.0739925e-03   3.9095199e-05   9.6522392e-07   4.9883720e-04   3.2289580e-04   4.7048392e-05   3.3179246e-05   3.2857237e-05   1.4185523e-04   1.8028048e-04   8.4839278e-07   3.9945353e-04   4.2670616e-04   1.8437457e-05   1.4056980e-03   8.5754244e-05   4.3086582e-06   3.0169660e-04   2.0116402e-05   2.8614376e-07   3.6597075e-04   1.1214782e-04   0.0000000e+00   1.9638922e-03   1.1593303e-03   4.2829639e-01   8.2004832e-01   1.0000000e+00   2.9500124e-02
   7.9092971e-01   1.1854587e-05   9.3436857e-05   5.1879921e-07   3.1738823e-06   3.0469178e-05   2.6974357e-05   4.7549657e-05   0.0000000e+00   0.0000000e+00   5.8777032e-05   6.1153899e-05   3.8441882e-05   1.0768499e-04   1.5278144e-05   1.2286197e-05   3.6425430e-06   8.4378263e-05   0.0000000e+00   1.1271585e-04   1.1717783e-05   1.2455439e-04   0.0000000e+00   1.4083666e-05   0.0000000e+00   1.4222578e-04   0.0000000e+00   2.2125260e-07   8.4245081e-07   5.2001284e-05   7.9092971e-01   3.7496185e-01   1.0000000e+00   2.9306476e-02
   3.8197061e-01   3.1703461e-04   0.0000000e+00   6.2563493e-07   1.4942816e-04   3.8368946e-04   4.1747653e-04   8.5080591e-05   1.3798425e-03   3.0535562e-05   6.1735635e-06   0.0000000e+00   1.0924788e-04   4.3988617e-04   1.0511238e-04   0.0000000e+00   3.2173391e-04   2.3461668e-05   0.0000000e+00   7.0940652e-05   2.5080308e-04   0.0000000e+00   3.3283576e-05   2.0282371e-06   1.3495274e-04   5.0470236e-05   1.1305825e-04   1.1131778e-05   4.7202530e-04   0.0000000e+00   3.8197061e-01   8.5584353e-01   1.0000000e+00   2.8714476e-02
   7.8144574e-01   1.2912714e-06   2.7434358e-04   7.8163862e-07   3.1867088e-05   4.8438335e-04   1.2682680e-04   4.7178143e-06   0.0000000e+00   0.0000000e+00   1.1651024e-05   0.0000000e+00   2.9648850e-05   9.9692847e-05   1.1630589e-04   2.9925971e-05   6.9710845e-04   1.4405913e-04   3.7770040e-05   2.9338232e-04   2.7563102e-05   1.1172552e-04   1.6473054e-04   1.5012426e-05   7.6302378e-05   1.8803840e-04   1.8112565e-05   0.0000000e+00   3.5728838e-04   5.2396444e-05   7.8144574e-01   3.9103886e-01   1.0000000e+00   2.8223399e-02
   1.7130270e-01   1.4792747e-04   1.9496731e-04   1.1338244e-06   2.1038613e-05   0.0000000e+00   1.1494492e-04   3.0078144e-05   1.8822451e-04   1.5133902e-05   6.4094290e-05   1.1670719e-04   0.0000000e+00   2.6103322e-05   1.1333917e-05   1.7029554e-05   0.0000000e+00   0.0000000e+00   5.6414973e-05   0.0000000e+00   0.0000000e+00   1.5830833e-05   1.8270245e-05   1.0707852e-05   3.5223009e-05   1.5005180e-05   0.0000000e+00   1.1409718e-07   0.0000000e+00   2.7966333e-05   1.7130270e-01   9.7101580e-01   1.0000000e+00   2.7451184e-02
   9.2886205e-01   0.0000000e+00   0.0000000e+00   1.1974288e-06   8.2596986e-06   3.7963019e-05   0.0000000e+00   3.9894976e-05   7.3417688e-04   2.1996047e-05   3.0521088e-08   6.1349851e-05   3.5630995e-05   0.0000000e+00   0.0000000e+00   1.2505866e-05   0.0000000e+00   9.4051778e-05   3.1677654e-06   2.6867079e-04   0.0000000e+00   5.9402027e-05   2.2908085e-06   1.4144028e-05   3.2085186e-05   1.5044622e-04   2.2731891e-05   0.0000000e+00   1.3946017e-05   0.0000000e+00   9.2886205e-01   1.3814811e-01   1.0000000e+00   2.7051263e-02
   8.2816708e-01   1.0744317e-07   3.1329030e-04   4.6171356e-06   8.9577497e-06   1.0732619e-04   0.0000000e+00   2.3897101e-05   2.8993092e-04   3.5928250e-05   0.0000000e+00   3.7139365e-04   1.9079108e-04   4.7605667e-04   0.0000000e+00   2.1906209e-06   8.9942034e-05   4.2448053e-06   3.7486280e-06   3.4346796e-04   6.6995307e-05   1.2980772e-04   2.1848752e-05   2.8934762e-05   8.3328444e-05   1.7870834e-04   7.6623234e-05   4.1321621e-07   8.3082050e-04   9.6559130e-05   8.2816708e-01   3.1611599e-01   1.0000000e+00   2.6836711e-02
   9.6897636e-01   0.0000000e+00   5.9273072e-04   1.7534252e-06   7.2630172e-06   3.4916413e-04   1.8868381e-05   4.7040332e-05   6.7995074e-05   7.7623206e-06   2.4219384e-05   5.4305309e-04   1.9543483e-05   1.1075648e-04   1.1436182e-04   1.3358494e-05   4.2433739e-05   2.4472090e-05   1.0639112e-05   1.3893551e-04   7.3512027e-07   6.0567803e-05   0.0000000e+00   2.9540835e-05   3.6258595e-05   1.7039187e-04   2.8342313e-06   5.9148413e-07   7.7414118e-04   1.2768642e-04   9.6897636e-01   6.3091854e-02   1.0000000e+00   2.6798734e-02
   1.5552408e-01   6.2973648e-05   0.0000000e+00   6.6304519e-07   4.2102678e-05   2.2090878e-04   2.4893101e-04   1.5619974e-05   2.3003411e-04   3.9544145e-05   4.4222425e-05   1.7028318e-05   0.0000000e+00   6.7233676e-05   6.2133205e-05   1.6153422e-05   3.3776142e-05   2.5472797e-05   6.3373536e-05   0.0000000e+00   3.0096318e-05   1.4775069e-05   3.1937156e-05   1.5597430e-05   2.7258712e-05   7.2791723e-05   8.1780340e-05   7.0528681e-07   0.0000000e+00   1.4650454e-04   1.5552408e-01   9.7632451e-01   1.0000000e+00   2.6740877e-02
   4.9206260e-01   8.8501274e-07   3.9529119e-04   2.4304501e-06   1.6803859e-04   8.4213846e-04   1.5841699e-04   1.1760437e-05   4.2083193e-04   1.5998555e-04   4.1063626e-05   0.0000000e+00   4.9454152e-05   5.5414598e-05   0.0000000e+00   0.0000000e+00   1.2860941e-04   3.4610556e-03   0.0000000e+00   6.3736431e-04   1.9279005e-04   0.0000000e+00   1.7752060e-04   1.4061184e-05   0.0000000e+00   2.2003362e-04   7.1144508e-06   5.6235680e-07   1.5322165e-03   1.0945781e-03   4.9206260e-01   7.6163901e-01   1.0000000e+00   2.6627942e-02
   5.5728300e-01   9.1734356e-06   1.0554933e-04   1.5295862e-06   3.6572842e-05   2.1627780e-05   2.8785880e-06   8.1470240e-05   0.0000000e+00   2.1158336e-05   8.1717812e-05   1.0942814e-03   6.8597903e-06   1.0199569e-04   7.2155410e-05   2.6665167e-06   2.3692534e-05   2.5878347e-04   3.2664639e-05   6.9695249e-05   1.0835665e-04   0.0000000e+00   7.2825617e-05   1.1023827e-05   1.9725490e-05   1.1349496e-04   3.9873043e-04   0.0000000e+00   3.6517906e-04   5.7012367e-04   5.5728300e-01   6.9093360e-01   1.0000000e+00   2.5788501e-02
   9.7527355e-01   2.0231144e-05   1.1691246e-04   5.9150823e-07   0.0000000e+00   0.0000000e+00   2.4160472e-05   5.4723144e-05   7.6808370e-06   1.4892450e-06   9.9556057e-05   0.0000000e+00   5.8408769e-05   1.2819242e-04   2.3015183e-05   1.2592570e-05   1.9071519e-06   1.1487990e-04   4.1368742e-05   1.0233389e-04   1.1965346e-05   1.0480541e-04   0.0000000e+00   1.1441109e-05   4.7854832e-06   1.5889447e-04   8.6330134e-05   5.0987258e-07   4.5389579e-05   3.3155178e-05   9.7527355e-01   4.9607545e-02   1.0000000e+00   2.5106967e-02
   4.6487313e-01   0.0000000e+00   3.7397754e-04   2.6280565e-06   0.0000000e+00   5.2467937e-04   1.0229907e-04   1.3036495e-05   1.4528535e-04   7.9325188e-05   0.0000000e+00   2.3554955e-04   9.0872982e-05   0.0000000e+00   2.9770006e-04   1.1949918e-04   1.3320092e-05   1.1008036e-03   0.0000000e+00   0.0000000e+00   1.0766520e-04   1.7241808e-04   6.4973919e-05   1.2517639e-05   1.7164070e-04   7.7135325e-06   3.7105823e-05   2.2950836e-07   7.4252380e-04   1.0281320e-03   4.6487313e-01   7.8594695e-01   1.0000000e+00   2.4986458e-02
   4.1928406e-01   1.0907228e-04   2.1102167e-04   9.9317163e-07   3.0639288e-05   5.8626513e-06   9.0373860e-05   3.1448635e-05   3.2191073e-04   8.1929092e-06   5.0253054e-05   3.2126540e-05   0.0000000e+00   5.0548070e-05   1.1320882e-06   1.2322482e-05   2.6450897e-06   1.4927962e-04   8.0236621e-05   2.1645345e-05   2.5037540e-05   0.0000000e+00   2.6948097e-05   8.8776995e-06   4.0037781e-05   0.0000000e+00   9.1249177e-06   3.3515860e-07   7.6818719e-05   1.4547867e-04   4.1928406e-01   8.2476365e-01   1.0000000e+00   2.4915193e-02
   2.9530577e-01   1.0952741e-05   3.9588693e-04   2.9067376e-06   8.6167185e-07   5.5371632e-04   1.0896309e-04   1.7385780e-05   4.1892455e-05   1.0726532e-04   0.0000000e+00   2.1794133e-04   8.0241025e-05   1.5620234e-05   3.8902122e-04   8.6751538e-05   0.0000000e+00   1.1633177e-03   0.0000000e+00   2.2804947e-05   9.6369471e-05   1.3930518e-04   5.9686094e-05   7.6969849e-06   1.5115854e-04   0.0000000e+00   5.9172404e-05   5.8189309e-07   7.0017206e-04   9.1758451e-04   2.9530577e-01   9.1459847e-01   1.0000000e+00   2.4754293e-02
   9.0919995e-01   2.9979585e-05   4.4727171e-05   9.1121942e-07   3.0758202e-05   2.0729377e-06   0.0000000e+00   3.8382986e-05   2.8270227e-05   2.0721068e-05   0.0000000e+00   7.2193649e-05   1.3241434e-04   2.1567242e-07   7.0266448e-06   1.1329092e-05   1.7328198e-05   0.0000000e+00   2.8846090e-05   8.5870156e-04   0.0000000e+00   1.1457833e-04   0.0000000e+00   1.3611312e-05   1.6733903e-05   2.8178528e-04   5.3501834e-07   2.1186996e-07   8.0631021e-05   1.8494284e-05   9.0919995e-01   1.7440419e-01   1.0000000e+00   2.4468481e-02
   6.3138326e-02   9.2039862e-05   2.4815549e-04   1.4279777e-06   5.5714574e-05   1.0865626e-04   1.7741509e-04   2.2859071e-05   1.9653026e-04   8.0054566e-05   6.5554591e-05   1.2103527e-04   7.6073172e-06   5.3701130e-05   1.0373050e-05   1.4385069e-05   0.0000000e+00   7.1103587e-06   7.9838211e-05   1.2194381e-04   0.0000000e+00   0.0000000e+00   2.5674791e-05   5.8495177e-06   9.5546146e-05   3.1371050e-05   1.0268387e-06   0.0000000e+00   0.0000000e+00   0.0000000e+00   6.3138326e-02   9.9651952e-01   1.0000000e+00   2.4344336e-02
   8.7913793e-01   1.1852191e-05   3.3501937e-04   4.7283958e-06   5.2151772e-05   1.0085715e-05   3.1957438e-06   3.4247743e-05   5.5514858e-05   0.0000000e+00   2.5367927e-05   3.0463808e-04   6.4320324e-06   7.2941486e-05   1.7393150e-06   0.0000000e+00   1.0951520e-04   1.4078802e-04   0.0000000e+00   4.3555127e-04   4.3659605e-05   1.3758942e-04   4.9525313e-06   3.1024031e-05   4.3803866e-05   5.6543045e-05   1.1640522e-04   2.7523297e-08   2.4835125e-04   3.6294804e-04   8.7913793e-01   2.2857351e-01   1.0000000e+00   2.4247275e-02
   2.4454530e-01   1.5886647e-08   3.5804258e-04   2.3422263e-06   0.0000000e+00   1.2515264e-03   2.0950450e-04   1.2932059e-05   9.5026877e-05   7.9447553e-05   4.0546947e-05   1.5937463e-04   8.5323176e-05   1.6828299e-05   3.3147369e-04   6.2460556e-05   8.7444641e-06   7.8773057e-04   2.4684472e-07   0.0000000e+00   1.2628134e-04   2.0222584e-04   4.3867572e-05   7.7713908e-06   1.6769565e-04   0.0000000e+00   3.7951476e-05   0.0000000e+00   3.5928058e-04   1.0407112e-03   2.4454530e-01   9.4200224e-01   1.0000000e+00   2.4123836e-02
   6.0484756e-01   4.1187901e-06   7.5196626e-05   2.9718921e-06   1.7632615e-05   5.8530027e-04   1.4732952e-05   2.8860632e-05   3.8728494e-05   0.0000000e+00   8.6922046e-05   8.9371042e-04   3.5963608e-07   1.8467144e-04   1.5361115e-04   2.8754223e-06   2.2991788e-05   6.4314198e-04   2.4580232e-05   5.8469641e-05   8.6367849e-05   1.7074880e-05   1.1550071e-04   5.2328170e-06   1.4942207e-05   1.4527377e-04   5.0363441e-04   3.0269315e-06   6.8656251e-04   5.2241567e-04   6.0484756e-01   6.3625208e-01   1.0000000e+00   2.4083818e-02
   9.0257346e-01   7.8460052e-07   1.8157153e-04   1.8730021e-06   2.5634218e-05   1.8969631e-04   8.0026273e-05   6.3505038e-06   1.7233454e-05   0.0000000e+00   1.6803169e-05   0.0000000e+00   1.3303071e-05   9.0289654e-05   1.3751595e-04   3.4456010e-05   8.8594129e-04   0.0000000e+00   1.1711430e-04   3.1002539e-04   2.6217697e-05   1.0674627e-04   1.7651270e-04   1.5731051e-05   4.5050290e-05   1.4309696e-04   1.8601552e-05   1.8716236e-10   5.8120085e-05   0.0000000e+00   9.0257346e-01   1.8688038e-01   1.0000000e+00   2.3915574e-02
   5.8603923e-01   4.6313631e-07   4.3184684e-04   3.4555532e-06   3.9473523e-05   0.0000000e+00   6.5167639e-05   1.9066753e-05   7.7129958e-05   4.7704632e-05   2.3740828e-05   3.2130337e-04   2.0298360e-05   9.1601403e-05   1.8025792e-06   3.5343158e-07   0.0000000e+00   1.3015406e-03   9.6405820e-06   3.5248957e-04   1.9716034e-05   1.2926340e-04   6.8009862e-06   1.6557929e-05   4.3200247e-05   4.9889773e-05   7.1968689e-05   1.9610797e-08   6.3603543e-04   0.0000000e+00   5.8603923e-01   6.5813376e-01   1.0000000e+00   2.3899523e-02
   3.7467073e-01   8.0327007e-05   2.7549661e-04   6.7819849e-07   6.3977438e-05   9.9142922e-05   0.0000000e+00   2.3807043e-05   1.9725769e-04   1.0708267e-05   2.6391314e-06   2.6459752e-05   6.2389664e-05   9.8446850e-05   8.7581951e-05   2.4746663e-05   0.0000000e+00   4.7754631e-04   9.5570753e-05   4.4124269e-05   0.0000000e+00   5.4618286e-05   2.0336007e-05   1.0527256e-05   0.0000000e+00   1.5687002e-04   1.8274167e-05   5.0002840e-06   1.1708222e-04   4.1428672e-05   3.7467073e-01   8.6036324e-01   1.0000000e+00   2.3714048e-02
   3.1668515e-01   7.5900313e-05   2.5946595e-04   1.1244313e-06   4.0286234e-05   5.2892248e-05   7.7880642e-05   2.4601861e-05   2.5128035e-04   1.3022013e-05   0.0000000e+00   3.0159308e-05   6.2644479e-05   5.2909225e-05   8.0946247e-05   2.7862918e-05   1.2632804e-04   5.6652675e-04   9.6042418e-05   1.1662010e-04   0.0000000e+00   6.1171884e-05   0.0000000e+00   5.7825871e-06   4.3265301e-05   1.6035999e-04   1.7426118e-05   6.2041160e-06   6.8989110e-05   5.1264865e-05   3.1668515e-01   9.0052007e-01   1.0000000e+00   2.3646018e-02
   8.3991745e-01   7.5168679e-05   5.5625195e-04   3.1796292e-06   2.9434028e-06   1.4927752e-03   3.8556437e-06   2.5635563e-06   1.7334285e-04   1.8433712e-04   0.0000000e+00   3.0291118e-06   5.5194666e-05   5.2660676e-05   3.0953408e-04   1.8131525e-05   1.6969286e-04   4.0065215e-04   3.2923221e-05   1.3147520e-04   1.3297554e-04   1.5540026e-04   1.5149614e-04   4.9619301e-07   8.2690536e-05   1.1209084e-04   5.1184374e-05   5.9288384e-07   2.3841033e-03   3.2179441e-04   8.3991745e-01   2.9827230e-01   1.0000000e+00   2.3347294e-02
   7.4961352e-01   7.9090108e-06   2.8878813e-04   7.7480317e-06   8.3901422e-06   1.7981581e-06   1.8026198e-06   3.0690614e-05   0.0000000e+00   3.3864321e-05   0.0000000e+00   2.3048978e-04   3.1938878e-05   4.5039464e-04   0.0000000e+00   1.2124714e-06   7.9652213e-05   3.1711829e-05   1.3135225e-05   1.7662470e-04   4.9033845e-05   8.3504350e-05   1.0427695e-05   2.4655870e-05   8.3104629e-05   1.3250067e-04   1.5254853e-04   9.6019733e-09   5.7363003e-04   6.4543806e-05   7.4961352e-01   4.3932503e-01   1.0000000e+00   2.3292145e-02
   6.4114137e-01   5.9253004e-06   2.4157766e-04   1.8709628e-06   9.0974906e-05   5.3447821e-04   5.3936922e-05   1.1925231e-04   5.3262511e-05   0.0000000e+00   1.3388625e-04   2.2237479e-04   1.2744612e-05   2.2040505e-04   0.0000000e+00   2.8056617e-05   8.6465374e-07   1.9752377e-04   3.2357155e-05   1.4031104e-04   5.7015118e-05   0.0000000e+00   5.8233549e-05   1.5851076e-06   4.0107736e-05   1.5983619e-04   5.8029212e-04   1.8405804e-06   6.8726296e-04   4.3224499e-04   6.4114137e-01   5.9073613e-01   1.0000000e+00   2.3192072e-02
   1.6064333e-02   8.2789685e-05   2.4138445e-04   1.4976466e-06   5.5018740e-05   9.6738238e-05   2.1894919e-04   2.9812426e-05   1.9833743e-04   8.6938012e-05   6.4455437e-05   1.2710082e-04   0.0000000e+00   2.4146481e-05   1.0402500e-05   1.5476437e-05   0.0000000e+00   0.0000000e+00   6.8464855e-05   1.1800296e-04   0.0000000e+00   0.0000000e+00   2.4236445e-05   7.1549570e-06   3.7772217e-05   3.2082083e-05   4.0530861e-07   3.1580694e-07   0.0000000e+00   0.0000000e+00   1.6064333e-02   1.0002205e+00   1.0000000e+00   2.3125238e-02
   3.2398593e-01   8.4079548e-05   2.0851597e-04   9.7818309e-07   5.2392369e-05   5.9802213e-05   2.7943033e-04   2.8626289e-05   2.9235611e-04   2.4744841e-06   0.0000000e+00   1.6353403e-06   1.3125819e-04   5.7896404e-05   5.4399670e-05   2.0766939e-05   2.8798661e-04   3.1500238e-04   8.6244640e-05   1.2004691e-04   0.0000000e+00   4.3740704e-05   4.6055891e-05   6.0446763e-06   4.5407319e-05   6.0690652e-05   1.8778881e-05   5.0120133e-06   0.0000000e+00   8.8922455e-05   3.2398593e-01   8.9585557e-01   1.0000000e+00   2.3100954e-02
   4.7897164e-02   1.1237777e-04   1.9620711e-04   9.6210810e-07   2.1197801e-05   1.1388851e-05   1.1209723e-04   3.0068331e-05   2.3447555e-04   7.7922758e-06   6.4958068e-05   0.0000000e+00   0.0000000e+00   1.9742539e-05   0.0000000e+00   1.6084155e-05   5.6976258e-07   1.3387911e-04   7.0252787e-05   1.8154777e-05   0.0000000e+00   1.4982232e-05   2.2890063e-05   1.0033825e-05   3.4482268e-05   0.0000000e+00   1.0091466e-05   2.2868714e-08   2.7291929e-07   0.0000000e+00   4.7897164e-02   9.9806139e-01   1.0000000e+00   2.2424364e-02
   6.6560228e-01   2.0648163e-05   4.4317686e-05   6.8606108e-07   1.4323501e-06   0.0000000e+00   0.0000000e+00   4.0963432e-05   2.5558621e-05   1.3935785e-05   0.0000000e+00   2.1156946e-04   2.8340745e-05   1.1827974e-04   0.0000000e+00   1.3212019e-05   6.0440425e-06   1.0619339e-04   7.4109956e-06   2.7545157e-04   0.0000000e+00   8.8229300e-05   0.0000000e+00   1.4907090e-05   1.6980772e-05   1.8870817e-04   0.0000000e+00   2.0985834e-07   0.0000000e+00   0.0000000e+00   6.6560228e-01   5.5752128e-01   1.0000000e+00   2.2134377e-02
   7.5528879e-01   1.6542081e-05   3.4070894e-06   5.2963242e-07   0.0000000e+00   4.3945827e-05   2.1004970e-05   3.8874898e-05   9.9713230e-07   0.0000000e+00   5.2757421e-05   8.5416674e-05   4.4372531e-05   1.1171141e-04   3.1211175e-05   1.1181022e-05   6.7648100e-05   1.2124949e-04   0.0000000e+00   0.0000000e+00   7.7523459e-06   1.1989795e-04   0.0000000e+00   1.2588620e-05   1.2699141e-05   2.0069768e-04   8.3300761e-06   2.3587692e-07   6.4955345e-05   2.9985183e-04   7.5528879e-01   4.3021029e-01   1.0000000e+00   2.1978486e-02
   9.9022866e-01   3.2150085e-06   2.9333485e-04   8.7300096e-07   3.3852196e-05   1.5140150e-04   1.3891154e-04   2.4237225e-05   2.4384159e-05   3.0539220e-06   5.8665998e-05   2.5238410e-05   3.8073672e-06   4.7211072e-05   3.1365229e-05   0.0000000e+00   7.5351410e-05   9.9041891e-05   6.9840697e-06   3.6465485e-04   9.5288098e-06   1.0477543e-04   5.0437495e-05   0.0000000e+00   4.8293195e-05   1.9529874e-04   7.3220641e-05   3.0868593e-06   5.1587952e-05   2.4750899e-04   9.9022866e-01   2.0780148e-02   1.0000000e+00   2.1723962e-02
   3.4695601e-01   1.0752724e-04   2.0666358e-04   9.6169376e-07   5.5681207e-05   1.6871601e-04   3.6723323e-04   3.8698874e-05   5.3484527e-04   2.5743906e-06   3.4027815e-06   0.0000000e+00   1.3467420e-04   6.0473482e-05   3.7023319e-05   2.0773767e-05   3.6881914e-04   5.3489384e-04   8.6808520e-05   1.3592131e-04   2.5735931e-06   4.0491058e-05   5.0034761e-05   6.3726399e-06   5.0494275e-05   5.1330421e-05   1.6377675e-05   5.4665026e-06   0.0000000e+00   9.0965065e-05   3.4695601e-01   8.8072704e-01   1.0000000e+00   2.1579355e-02
   8.7243078e-01   1.1780209e-07   2.4026874e-04   8.9792995e-07   3.8124221e-05   1.9798042e-04   1.0270378e-04   9.1298450e-07   1.0333568e-04   0.0000000e+00   1.6822697e-05   0.0000000e+00   0.0000000e+00   1.3011379e-04   3.4299516e-05   8.4492983e-06   0.0000000e+00   5.3640433e-04   1.3899900e-05   2.9629775e-04   2.6355723e-06   1.0370315e-04   7.1528326e-05   1.0567435e-05   3.5599363e-05   1.6977411e-04   2.6920556e-04   6.7735065e-07   4.5509895e-04   0.0000000e+00   8.7243078e-01   2.4041586e-01   1.0000000e+00   2.1452565e-02
   1.1726618e-01   7.8121427e-05   4.2831253e-04   1.2495842e-06   3.7812670e-05   8.5513272e-05   9.4638841e-05   2.3139623e-05   2.7599486e-04   9.2013673e-06   0.0000000e+00   2.5481052e-05   6.4692791e-05   5.4576033e-05   2.5937300e-05   2.7171573e-05   1.7158509e-05   5.2772639e-04   9.3605427e-05   5.8752781e-05   1.1835554e-06   5.9375372e-05   2.1928922e-05   7.3601389e-06   4.1062364e-05   1.6125915e-04   1.4065453e-05   5.9670583e-06   0.0000000e+00   5.0218840e-05   1.1726618e-01   9.8696957e-01   1.0000000e+00   2.1246893e-02
   1.0734843e-01   1.3825223e-06   3.8788894e-04   2.4330359e-06   6.5214555e-07   1.1044331e-03   2.0969108e-04   3.7736612e-05   7.8837320e-05   6.9257881e-05   4.8446308e-05   1.4451809e-04   8.6523554e-05   7.4192507e-05   3.9001594e-04   6.3771189e-05   8.8976341e-06   9.2578859e-04   0.0000000e+00   0.0000000e+00   1.4759879e-04   1.6465526e-04   4.9399076e-05   1.3654824e-05   2.2107686e-04   1.6139186e-05   0.0000000e+00   0.0000000e+00   4.4935845e-04   9.6458464e-04   1.0734843e-01   9.9025337e-01   1.0000000e+00   2.1218481e-02
   6.3401648e-01   3.3430886e-06   2.1587641e-04   2.1223797e-06   1.3918752e-04   3.0935387e-04   8.8170061e-05   1.0811033e-04   3.8139954e-05   8.1431192e-06   1.7759729e-04   3.4533440e-04   8.2351508e-06   4.1334627e-04   6.3935891e-05   1.8906962e-05   6.6172173e-09   1.3799374e-04   5.8044451e-05   1.2355001e-04   3.4751208e-05   0.0000000e+00   5.5694564e-05   2.3425215e-06   6.1507834e-06   1.6722868e-04   8.1144578e-04   2.7657128e-06   6.7227060e-04   3.8329572e-04   6.3401648e-01   5.9993476e-01   1.0000000e+00   2.1169371e-02
   5.7910662e-01   9.5836921e-05   4.4405856e-04   3.1156195e-06   2.0279837e-04   9.9271048e-04   0.0000000e+00   8.7888792e-06   4.1572616e-04   1.9356811e-04   4.7544933e-05   3.5221988e-05   3.1303793e-05   1.5374931e-04   1.5870994e-04   8.1265935e-07   5.5709346e-04   4.1257807e-04   2.4727935e-05   9.9203698e-04   2.5817310e-04   1.8917230e-05   4.2940562e-04   1.3851615e-05   3.2255839e-07   3.9525873e-04   1.2307295e-04   0.0000000e+00   3.9491293e-03   1.1936663e-03   5.7910662e-01   6.6925325e-01   1.0000000e+00   2.0585116e-02
   1.2354972e-01   1.1143292e-04   1.0334696e-04   1.0576825e-06   2.1897316e-05   0.0000000e+00   1.1429992e-04   2.8001065e-05   2.1249825e-04   5.4592980e-05   4.7770338e-05   0.0000000e+00   7.0060055e-06   0.0000000e+00   1.2479772e-05   1.4219126e-05   0.0000000e+00   1.4191508e-04   1.1004338e-04   2.8979167e-04   0.0000000e+00   1.6926340e-05   2.9797515e-05   1.0225274e-05   3.0735272e-05   0.0000000e+00   6.0333660e-06   5.6476188e-08   0.0000000e+00   1.3709866e-04   1.2354972e-01   9.8520847e-01   1.0000000e+00   2.0391704e-02
   6.7079790e-01   8.8711190e-05   3.7740393e-04   3.0637303e-06   6.0889903e-05   1.0092535e-03   0.0000000e+00   0.0000000e+00   5.3931897e-04   2.0847157e-04   5.6106742e-05   6.5487782e-05   4.2444422e-05   1.5413225e-04   1.9859295e-04   5.4385530e-06   4.4949980e-04   4.4355586e-04   1.5804168e-05   6.7727082e-04   8.1976382e-05   4.9562250e-05   2.9082926e-04   1.6505637e-05   6.6166677e-06   3.1889221e-04   1.2258123e-04   5.7054996e-09   1.8867550e-03   1.1712819e-03   6.7079790e-01   5.5378030e-01   1.0000000e+00   2.0172617e-02
   8.1573629e-01   2.1716336e-05   1.2122607e-04   5.6401948e-07   1.0010135e-05   4.0573632e-05   5.1062661e-06   4.7038662e-05   8.1239931e-06   0.0000000e+00   6.5592338e-05   0.0000000e+00   6.8067928e-05   1.0365124e-04   1.8843478e-05   1.2178860e-05   1.0253525e-07   1.1033839e-04   1.8329231e-05   4.6766613e-05   1.7943960e-05   1.0674437e-04   7.6688848e-06   1.1634298e-05   0.0000000e+00   1.0975938e-04   6.1337271e-05   5.3734537e-07   4.4740614e-05   2.8800344e-05   8.1573629e-01   3.3513626e-01   1.0000000e+00   2.0082396e-02
   7.9236405e-01   1.2072345e-05   5.9091584e-05   5.5173255e-07   7.0808376e-06   4.8538892e-05   2.5116203e-05   4.6908924e-05   0.0000000e+00   0.0000000e+00   5.2382558e-05   6.6607433e-05   4.8386489e-05   1.0686775e-04   1.3535747e-05   1.0844478e-05   0.0000000e+00   6.1566788e-05   1.0712298e-06   7.6463897e-05   1.0525410e-05   1.3148052e-04   0.0000000e+00   1.4033029e-05   1.2004234e-05   1.4267468e-04   0.0000000e+00   2.6508392e-07   0.0000000e+00   3.0000219e-05   7.9236405e-01   3.7265326e-01   1.0000000e+00   1.9965802e-02
   9.1366904e-01   1.6822708e-06   2.9850199e-04   1.5991869e-06   3.0194016e-05   9.9214590e-05   2.1583071e-04   2.0706487e-05   3.1458467e-05   1.3872907e-06   4.3046209e-06   2.5829572e-05   3.3413185e-06   7.1102988e-05   5.5926745e-05   6.3460372e-06   1.5988568e-05   4.7933492e-05   3.7383396e-06   2.7168911e-04   1.6025560e-06   1.1032286e-04   6.1896865e-05   1.1498517e-05   4.4376729e-05   2.2279058e-04   7.0871025e-05   9.9989275e-07   0.0000000e+00   2.1984023e-04   9.1366904e-01   1.6631950e-01   1.0000000e+00   1.9960288e-02
   5.6791369e-01   6.2420931e-05   1.9403976e-04   1.1182308e-06   5.3432015e-05   7.4321650e-05   2.2074282e-04   2.6362311e-05   2.9511370e-04   2.9150254e-09   0.0000000e+00   2.2911261e-06   1.7573861e-04   5.6650509e-05   0.0000000e+00   1.7707599e-05   4.3347480e-04   4.8337572e-04   7.5721364e-05   7.5998460e-05   1.4606651e-06   5.3993148e-05   9.2661442e-07   7.1623136e-06   3.9687185e-05   1.1703776e-04   1.4511473e-05   6.0609891e-06   0.0000000e+00   9.0417667e-05   5.6791369e-01   6.7853267e-01   1.0000000e+00   1.9945795e-02
   8.9530864e-01   6.0276478e-05   2.8296569e-04   1.2176790e-06   5.9074728e-05   0.0000000e+00   1.9526653e-04   1.0452832e-05   8.5191229e-05   1.0762706e-04   0.0000000e+00   2.4723091e-05   0.0000000e+00   0.0000000e+00   6.2769631e-05   1.4576167e-05   8.6774319e-05   0.0000000e+00   1.4518672e-05   3.8557622e-04   9.7883653e-05   1.6611771e-04   5.5581445e-06   1.1678079e-05   5.1810557e-05   2.0882325e-04   1.7308417e-05   5.1854516e-07   0.0000000e+00   0.0000000e+00   8.9530864e-01   1.9951280e-01   1.0000000e+00   1.9762163e-02
   5.8882817e-01   2.1984250e-05   2.1024210e-04   2.5165387e-06   1.2113358e-04   5.0885926e-04   7.9044962e-05   1.7953168e-04   5.8447535e-05   5.2598804e-06   1.6106198e-04   3.8834024e-04   5.2072171e-06   3.0463298e-04   5.7460565e-05   1.9296347e-05   2.9742159e-07   1.4534859e-04   3.1641517e-05   1.5067058e-04   4.1552265e-05   0.0000000e+00   6.8865939e-05   4.7808581e-06   4.9120028e-06   8.0368241e-05   8.3062405e-04   2.8351945e-06   4.6109166e-04   3.5233464e-04   5.8882817e-01   6.5507725e-01   1.0000000e+00   1.9542081e-02
   4.7361661e-01   2.2765586e-05   9.3292362e-05   1.7403347e-06   2.5218960e-05   1.8980530e-05   4.3878092e-06   8.6796022e-05   5.6117799e-05   2.0899835e-05   7.2309848e-05   1.4883149e-03   2.2519178e-05   1.1632109e-04   8.1113337e-05   6.0993906e-07   1.8566428e-05   2.5335674e-04   2.5515923e-05   5.2694443e-05   1.0403403e-04   0.0000000e+00   7.0634972e-05   1.0689965e-05   1.1783842e-05   1.4697248e-04   5.0708495e-04   1.3797588e-06   5.0847306e-04   5.8085898e-04   4.7361661e-01   7.7736001e-01   1.0000000e+00   1.9377110e-02
   6.8623202e-01   1.3314293e-05   3.4366858e-04   4.6068291e-06   3.0136640e-06   0.0000000e+00   1.6596564e-05   3.4770508e-05   9.6632510e-05   6.6687054e-05   0.0000000e+00   2.9159823e-04   4.4469010e-05   4.0424148e-04   5.9956224e-07   0.0000000e+00   7.6316983e-05   0.0000000e+00   2.2636286e-06   2.3125652e-04   6.3094894e-05   7.7765617e-05   1.6980632e-05   2.5302868e-05   9.6402402e-05   1.4527253e-04   1.0446609e-04   2.0357085e-09   6.4384872e-04   0.0000000e+00   6.8623202e-01   5.3036488e-01   1.0000000e+00   1.9371337e-02
   9.7700774e-01   1.1020098e-05   7.6808121e-05   2.6317495e-07   9.1291401e-06   0.0000000e+00   1.4237228e-05   4.4344110e-05   0.0000000e+00   7.5069092e-08   0.0000000e+00   9.6742338e-07   6.9929859e-05   1.2395602e-04   9.1857640e-06   6.7914472e-06   7.5136063e-05   8.7112590e-05   2.8250045e-06   9.9321434e-05   8.1688730e-06   9.1408854e-05   3.3557934e-05   1.3406368e-05   0.0000000e+00   1.5003338e-04   0.0000000e+00   2.1446160e-07   0.0000000e+00   0.0000000e+00   9.7700774e-01   4.6018648e-02   1.0000000e+00   1.9323573e-02
   9.2468518e-01   0.0000000e+00   2.7511306e-04   1.0881021e-06   4.4544384e-05   2.6796839e-04   1.2572045e-04   1.9144540e-05   3.4098728e-05   1.3206398e-06   0.0000000e+00   1.3768382e-05   4.6903935e-06   6.2689407e-05   4.7410411e-05   5.9362495e-06   1.7490758e-05   4.2585921e-05   0.0000000e+00   2.7340839e-04   6.8729452e-06   1.0719247e-04   7.8101641e-05   1.0580311e-05   4.5238216e-05   2.1199401e-04   7.0949228e-05   6.2672770e-07   7.3231860e-06   1.9259375e-04   9.2468518e-01   1.4609024e-01   1.0000000e+00   1.9140429e-02
   8.5008299e-01   0.0000000e+00   5.3724032e-05   5.2472722e-07   1.4835597e-05   4.7697722e-05   1.5758794e-05   4.8928039e-05   0.0000000e+00   1.9671383e-06   5.6862886e-05   8.4479364e-05   6.4078419e-05   2.0507665e-04   1.4647121e-05   1.0406702e-05   0.0000000e+00   6.4936696e-05   5.8780065e-06   9.7564615e-05   0.0000000e+00   6.8795121e-05   9.7483431e-06   1.3497112e-05   8.2586621e-06   1.6014555e-04   1.4202279e-05   1.5462721e-06   0.0000000e+00   0.0000000e+00   8.5008299e-01   2.7792743e-01   1.0000000e+00   1.8991586e-02
   2.3183616e-01   7.6070511e-05   2.2770192e-04   1.3540482e-06   5.2584249e-05   1.2759557e-04   1.4319382e-04   3.6510147e-05   2.6705170e-04   9.5801399e-05   6.1923342e-05   9.4010222e-05   0.0000000e+00   0.0000000e+00   8.8114581e-06   1.5700483e-05   0.0000000e+00   3.3799152e-05   7.9761165e-05   1.2985523e-04   1.0346691e-06   4.4356968e-06   3.1061525e-05   7.4219967e-06   3.4664845e-05   4.7430988e-05   1.3669062e-05   2.9387840e-07   1.7878907e-05   0.0000000e+00   2.3183616e-01   9.4677836e-01   1.0000000e+00   1.8840787e-02
   8.0300900e-01   0.0000000e+00   4.6952997e-05   5.9439607e-07   1.4139763e-05   3.5779695e-05   5.7292893e-05   5.5881394e-05   1.8071695e-06   8.8505843e-06   5.5763732e-05   9.0544921e-05   5.6471102e-05   1.7552200e-04   1.4676572e-05   1.1498069e-05   0.0000000e+00   5.7826337e-05   0.0000000e+00   9.3623762e-05   0.0000000e+00   7.5088944e-05   8.3099979e-06   1.4802552e-05   0.0000000e+00   1.6085659e-04   1.3580749e-05   2.6343202e-06   0.0000000e+00   0.0000000e+00   8.0300900e-01   3.5571374e-01   1.0000000e+00   1.8782078e-02
   7.0380625e-01   0.0000000e+00   3.4851900e-04   5.8784685e-06   1.5459309e-05   0.0000000e+00   3.6284414e-05   3.1380307e-05   0.0000000e+00   3.1969953e-05   0.0000000e+00   1.9905132e-04   2.8749873e-05   3.0122955e-04   0.0000000e+00   0.0000000e+00   1.7094900e-04   0.0000000e+00   7.0539364e-07   3.9748922e-04   3.8611230e-06   1.4750968e-04   8.3869520e-06   2.8901681e-05   7.8471502e-05   1.7231029e-04   1.0300615e-04   0.0000000e+00   6.2090533e-04   2.1348617e-05   7.0380625e-01   5.0593370e-01   1.0000000e+00   1.8580302e-02
   5.6493296e-01   1.0222154e-04   3.7738797e-04   3.0624092e-06   1.1022021e-04   1.0203495e-03   2.1192140e-05   0.0000000e+00   4.9095463e-04   2.9185300e-04   4.6261655e-05   4.2782640e-05   4.3355803e-05   1.4323065e-04   1.7282177e-04   0.0000000e+00   4.5477419e-04   4.3502761e-04   1.8139616e-05   8.2630927e-04   8.4344939e-05   4.3883222e-06   2.9434817e-04   1.6325848e-05   0.0000000e+00   3.2499810e-04   1.2196114e-04   0.0000000e+00   1.6998050e-03   1.1703795e-03   5.6493296e-01   6.8425333e-01   1.0000000e+00   1.8496461e-02
   7.8041004e-01   0.0000000e+00   2.6875356e-04   1.3620428e-06   2.9103206e-05   4.3900744e-04   1.0793693e-04   6.1479321e-06   0.0000000e+00   3.3083518e-06   1.1704042e-05   1.8613713e-05   2.6060888e-05   9.3603365e-05   1.2087643e-04   2.4512785e-05   7.7319777e-04   1.4187628e-04   2.8099409e-05   3.0178731e-04   8.9459857e-06   1.1026116e-04   1.6979384e-04   1.5217322e-05   8.1276850e-05   1.8625075e-04   1.6574018e-05   0.0000000e+00   3.7555122e-04   5.1788381e-05   7.8041004e-01   3.9266311e-01   1.0000000e+00   1.8158244e-02
   7.9913902e-01   0.0000000e+00   2.7590967e-04   1.4052019e-06   2.5695982e-05   4.2499999e-04   1.0413225e-04   9.0682534e-06   5.7999171e-05   2.3056118e-06   1.3906288e-05   1.6828191e-05   0.0000000e+00   9.6747027e-05   2.3140298e-04   2.7079542e-05   7.1983197e-04   9.7136364e-05   2.9985506e-05   3.3801726e-04   7.4944557e-06   1.0371319e-04   2.3030619e-04   1.6445697e-05   7.4886304e-05   1.8139831e-04   1.6013863e-05   0.0000000e+00   4.2720216e-04   7.0539141e-05   7.9913902e-01   3.6320700e-01   1.0000000e+00   1.8038866e-02
   5.7343168e-01   5.8100437e-06   2.1504492e-04   1.7995715e-06   7.3758265e-05   3.6578815e-04   5.7377047e-05   1.2291412e-04   8.8178645e-06   5.4185884e-06   1.7483521e-04   3.8280488e-04   2.8050058e-06   2.5056448e-04   5.1829594e-05   1.9679375e-05   7.7234852e-08   1.4042668e-04   4.0146616e-05   1.0303652e-04   3.3725880e-05   0.0000000e+00   5.5761651e-05   4.7770502e-06   6.1718896e-06   1.5566793e-04   5.2554429e-04   2.5615730e-06   8.3517369e-04   3.1564878e-04   5.7343168e-01   6.7280785e-01   1.0000000e+00   1.7942181e-02
   9.1816670e-01   0.0000000e+00   3.0108120e-04   1.1010443e-06   2.9352728e-05   1.2364907e-04   1.3308514e-04   2.2355572e-05   3.1317221e-05   1.3149042e-06   8.7524688e-06   7.0828136e-06   2.5596299e-06   7.2077223e-05   5.0201774e-05   5.7804864e-06   1.9397910e-05   4.8563991e-05   3.9353494e-06   3.0549012e-04   7.1430330e-06   1.0736817e-04   6.1216286e-05   1.0523987e-05   4.4884786e-05   2.1506524e-04   7.2035593e-05   8.7407200e-07   8.1320000e-06   1.9254183e-04   9.1816670e-01   1.5804887e-01   1.0000000e+00   1.7935163e-02
   1.9466532e-01   1.0105165e-04   1.2626445e-04   7.5230495e-07   1.8191514e-05   1.7033061e-04   1.1594141e-04   2.3290922e-05   2.3155133e-04   0.0000000e+00   4.7350756e-05   3.1527039e-06   4.1229816e-06   0.0000000e+00   0.0000000e+00   1.6291113e-05   0.0000000e+00   0.0000000e+00   7.5394897e-05   2.5404164e-05   7.1858190e-06   2.6004299e-05   1.0330200e-05   1.0519498e-05   2.3056076e-05   1.8553621e-05   2.4853368e-05   2.2339668e-07   0.0000000e+00   2.1631300e-05   1.9466532e-01   9.6246019e-01   1.0000000e+00   1.7748387e-02
   9.3420689e-01   0.0000000e+00   2.5681224e-04   7.9808697e-07   3.2762140e-05   1.0890260e-04   1.2296759e-04   9.0411351e-06   5.3361492e-05   1.9229251e-06   2.2830272e-05   0.0000000e+00   1.3701027e-05   1.3220650e-04   3.9452477e-05   0.0000000e+00   0.0000000e+00   1.0366792e-04   0.0000000e+00   3.1783568e-04   7.3146606e-06   1.0577217e-04   5.6604489e-05   1.1708774e-05   3.6984262e-05   1.7355037e-04   1.5927926e-04   1.3250656e-06   2.8251057e-04   1.9588881e-04   9.3420689e-01   1.2856313e-01   1.0000000e+00   1.7649724e-02
   9.8243625e-01   1.0531868e-05   7.0667364e-05   2.5446082e-07   1.1388719e-05   0.0000000e+00   9.6048274e-06   4.6370762e-05   0.0000000e+00   0.0000000e+00   1.7303785e-06   0.0000000e+00   5.6073750e-05   1.3378837e-04   3.1732007e-05   6.8023388e-06   0.0000000e+00   7.7973326e-05   0.0000000e+00   0.0000000e+00   9.5772407e-06   7.8901920e-05   2.3959434e-05   1.5601817e-05   2.2990156e-05   1.6203524e-04   0.0000000e+00   2.4325176e-07   0.0000000e+00   5.3253671e-05   9.8243625e-01   3.5321172e-02   1.0000000e+00   1.7589208e-02
   9.9539503e-01   0.0000000e+00   2.9202091e-04   1.1232174e-06   2.9214005e-05   1.8263006e-04   1.3440215e-04   2.2368429e-05   2.7035720e-05   6.6153499e-06   3.0066271e-05   4.9342692e-06   1.9037749e-06   6.6369066e-05   4.6147638e-05   0.0000000e+00   7.5465886e-05   9.9390147e-05   6.9724149e-06   3.4911370e-04   1.5578724e-05   1.0628871e-04   6.0085300e-05   9.8666565e-06   4.4831215e-05   2.0090863e-04   7.7439393e-05   3.1452068e-06   7.9677947e-06   1.9521216e-04   9.9539503e-01   1.0483980e-02   1.0000000e+00   1.7423913e-02
   2.9381890e-02   1.0750221e-04   1.9704038e-04   1.0247631e-06   1.9320872e-05   1.1020724e-05   1.2102486e-04   3.0574382e-05   1.8147712e-04   8.6044003e-06   6.5438436e-05   0.0000000e+00   7.3027023e-06   6.8974035e-06   3.5670060e-07   1.3165998e-05   1.3529207e-06   1.7304785e-04   6.8182586e-05   0.0000000e+00   1.4771180e-06   2.5485911e-06   2.4829504e-05   6.6440703e-06   3.4853263e-05   3.2094869e-06   9.1578092e-06   1.7565499e-07   4.3894146e-07   3.0444552e-04   2.9381890e-02   9.9957191e-01   1.0000000e+00   1.7397901e-02
   5.1079728e-01   8.1239116e-05   5.9207182e-04   3.1518101e-06   1.2541774e-04   1.0755200e-03   3.8300361e-05   1.1053136e-06   4.9827274e-04   3.3977919e-04   4.6974129e-05   3.2998882e-05   2.8974226e-05   1.4221449e-04   1.8156342e-04   9.4633637e-07   4.0622928e-04   4.2282574e-04   1.8438027e-05   1.8101631e-03   8.5848363e-05   4.3375531e-06   3.0543005e-04   2.0286701e-05   3.3142844e-07   3.6688421e-04   1.1140854e-04   0.0000000e+00   1.9115274e-03   1.1532718e-03   5.1079728e-01   7.4292080e-01   1.0000000e+00   1.7268913e-02
   1.3438532e-01   1.6100467e-05   3.7983649e-04   2.5323800e-06   2.2001448e-05   1.1033720e-03   2.3288880e-04   3.2288722e-05   0.0000000e+00   4.7457682e-05   4.9130224e-05   1.7404976e-04   1.0929431e-04   7.9764530e-05   3.8843823e-04   5.9653942e-05   1.1414178e-04   8.6073844e-04   0.0000000e+00   0.0000000e+00   1.6346349e-04   1.4786687e-04   0.0000000e+00   1.3982724e-05   2.5231522e-04   3.0186419e-05   0.0000000e+00   0.0000000e+00   3.2854089e-04   9.5275990e-04   1.3438532e-01   9.8369747e-01   1.0000000e+00   1.7178761e-02
   9.5527941e-01   6.9497042e-06   7.0883689e-05   3.2714033e-07   3.3632439e-06   1.0300201e-04   0.0000000e+00   5.0894402e-05   0.0000000e+00   0.0000000e+00   1.7680416e-07   0.0000000e+00   4.7767364e-05   1.2413508e-04   1.3903205e-05   7.3676620e-06   0.0000000e+00   0.0000000e+00   1.7211306e-06   9.2711984e-05   0.0000000e+00   1.3796212e-04   1.7861102e-05   1.2979750e-05   1.2405734e-05   1.3402063e-04   0.0000000e+00   2.1617942e-07   0.0000000e+00   0.0000000e+00   9.5527941e-01   8.7938971e-02   1.0000000e+00   1.7169150e-02
   3.9097182e-01   7.8043074e-05   2.7382208e-04   1.1263669e-06   3.7114711e-05   5.8351602e-05   7.3792230e-05   2.6250286e-05   2.7522841e-04   1.3178645e-05   0.0000000e+00   3.4411983e-05   5.3829473e-05   6.1008066e-05   8.6747817e-05   2.3479419e-05   1.1313801e-04   4.4618432e-04   1.0302220e-04   1.0965896e-04   0.0000000e+00   5.6523829e-05   1.2320614e-06   5.4800531e-06   3.9957232e-05   1.6296994e-04   1.7771980e-05   5.3712704e-06   5.5931290e-05   5.2053770e-05   3.9097182e-01   8.4795158e-01   1.0000000e+00   1.7104610e-02
   4.9494959e-01   7.2063923e-04   2.6352502e-04   8.4792295e-07   1.7137748e-05   1.4675964e-04   2.5495505e-04   3.7712444e-05   1.7472735e-04   0.0000000e+00   8.4553535e-05   0.0000000e+00   1.1050069e-04   2.8673385e-04   3.8609871e-04   4.2999007e-06   7.4372128e-06   1.5998529e-04   1.3574919e-05   6.0335821e-05   1.7550044e-04   3.4742908e-05   0.0000000e+00   4.5228926e-06   1.8536144e-05   4.1827660e-05   0.0000000e+00   3.0708180e-06   1.0685482e-04   5.2521545e-04   4.9494959e-01   7.5643102e-01   1.0000000e+00   1.7104171e-02
   7.3753835e-01   8.8742900e-06   3.5165915e-04   4.2433001e-06   6.8175571e-05   0.0000000e+00   0.0000000e+00   2.6424742e-05   7.0228102e-05   1.1074162e-06   2.5309951e-05   2.5816441e-04   6.9336827e-06   4.5157972e-05   3.2947303e-08   7.2402003e-07   1.0514161e-04   1.4961720e-04   0.0000000e+00   4.2692106e-04   4.3039084e-05   1.0125561e-04   0.0000000e+00   2.9104003e-05   4.3180342e-05   5.4731021e-05   6.3698031e-05   7.5065127e-09   2.3742617e-04   3.7899072e-04   7.3753835e-01   4.5723483e-01   1.0000000e+00   1.6790346e-02
   6.7547572e-01   1.9042328e-05   3.5940200e-04   4.7916995e-06   1.1432255e-06   4.1697124e-06   0.0000000e+00   2.8296890e-05   3.4729117e-05   3.8117659e-05   3.3964280e-07   2.5461179e-04   4.0017404e-05   3.2134783e-04   0.0000000e+00   0.0000000e+00   8.0592818e-05   0.0000000e+00   3.6703407e-07   2.5685360e-04   6.0852254e-05   8.6885048e-05   5.0088282e-06   2.4526885e-05   8.2319592e-05   1.5118081e-04   1.1233992e-04   0.0000000e+00   7.2052928e-04   4.5003400e-05   6.7547572e-01   5.4496715e-01   1.0000000e+00   1.6777836e-02
   7.6602020e-01   2.5680317e-05   1.0462686e-04   7.2216447e-07   1.1397098e-05   7.7884861e-06   9.2551161e-05   4.4814391e-05   0.0000000e+00   0.0000000e+00   7.4639983e-05   3.3090600e-05   8.1241792e-05   1.4959754e-04   2.1814862e-05   1.2524286e-05   0.0000000e+00   7.5102674e-05   1.2574837e-05   5.8399887e-05   1.0660589e-05   1.0019401e-04   0.0000000e+00   1.1230393e-05   8.2462851e-06   1.4047434e-04   7.1980015e-05   2.8445682e-07   2.6701859e-05   3.9364620e-05   7.6602020e-01   4.1381164e-01   1.0000000e+00   1.6646379e-02
