   1.0000000e+00   1.0138053e-04   7.6874899e-06   0.0000000e+00   2.4465784e-04   0.0000000e+00   7.4853998e-07   4.3222781e-05   0.0000000e+00   1.2894304e-04   4.0814270e-06   0.0000000e+00   7.3518083e-05   0.0000000e+00   1.0744881e-04   1.4297491e-05   2.6002887e-05   4.2051250e-06   0.0000000e+00   0.0000000e+00   0.0000000e+00   2.7446165e-05   1.0450532e-06   0.0000000e+00   3.3652566e-05   2.1132165e-04   2.8102684e-05   2.1199597e-06   1.5294857e-07   4.2696952e-06   1.0000000e+00   6.6049390e-04   1.0000000e+00             Inf
   0.0000000e+00   9.2989073e-05   0.0000000e+00   1.4301587e-05   3.1755980e-05   4.9179718e-05   0.0000000e+00   1.0250574e-05   8.0748160e-06   7.6483152e-06   0.0000000e+00   1.1453146e-04   0.0000000e+00   5.7902056e-06   2.0791448e-04   1.1504683e-04   3.2033651e-05   9.4506761e-05   3.8302550e-05   2.4295555e-05   0.0000000e+00   6.0122510e-05   2.3440940e-05   1.4773068e-05   3.4073943e-05   0.0000000e+00   0.0000000e+00   4.9486764e-06   3.3681217e-06   3.3349421e-05   0.0000000e+00   1.0003168e+00   1.0000000e+00             Inf
   2.2225709e-01   8.1629233e-05   6.1151306e-05   5.6252594e-05   7.8784160e-05   8.5552681e-05   0.0000000e+00   2.9558563e-05   1.1290628e-04   3.6999965e-05   2.8755333e-05   7.5307232e-05   1.6625948e-05   1.0575479e-04   2.5944721e-04   1.0941412e-04   1.0105539e-05   2.4645302e-06   5.9084226e-05   5.5931283e-04   3.1575681e-05   2.3530225e-05   4.6917689e-05   1.9346249e-05   1.5418342e-05   0.0000000e+00   2.2227063e-06   2.0444462e-04   1.4576383e-06   3.3992179e-05   2.2225709e-01   9.5130132e-01   1.0000000e+00   7.0945195e-02
   1.2691246e-01   7.6926669e-05   3.0287283e-05   9.8531237e-05   5.7027732e-05   6.7996727e-06   9.5030355e-05   2.9446215e-06   1.2351528e-04   9.8998050e-07   1.6481652e-05   4.0087828e-04   0.0000000e+00   1.6737679e-04   2.3620313e-04   1.4538841e-04   1.9124557e-05   7.3584399e-05   4.4070268e-05   6.3869323e-04   6.5881506e-05   1.8188041e-05   2.1968657e-05   3.7103354e-05   8.4129016e-06   5.1264818e-05   1.5189843e-05   3.9165104e-04   2.6288583e-06   3.8587039e-05   1.2691246e-01   9.8480290e-01   1.0000000e+00   6.0367455e-02
   1.8615376e-01   1.0267379e-04   4.2005195e-04   2.3835608e-05   2.8425722e-04   0.0000000e+00   1.7253972e-03   1.2395393e-04   8.7430416e-05   7.8439204e-05   8.1864826e-04   8.9024659e-06   1.1952836e-05   1.1729151e-04   2.0452214e-06   3.6728909e-05   4.8016008e-05   3.9646649e-05   3.5483005e-05   2.1721190e-06   0.0000000e+00   0.0000000e+00   8.4612715e-07   2.6888415e-05   5.5349214e-05   8.3632083e-05   1.7473477e-04   7.0068526e-04   0.0000000e+00   1.5477664e-06   1.8615376e-01   9.6695560e-01   1.0000000e+00   6.0295756e-02
   1.6363437e-01   3.2400660e-05   2.0592670e-05   8.8396537e-06   2.3078680e-06   2.5019455e-05   0.0000000e+00   3.2322662e-06   6.5173770e-06   1.5312160e-04   4.3075667e-06   7.4071392e-05   8.2677690e-05   5.7507248e-06   2.4698633e-04   1.7520492e-04   2.6607518e-05   1.5102972e-04   4.6414931e-05   1.6912166e-04   2.0203592e-05   6.2449411e-05   4.3627902e-05   1.1553365e-05   3.9055832e-06   7.0721467e-05   6.4154639e-08   3.7082890e-05   4.1138469e-06   2.8713629e-05   1.6363437e-01   9.7370707e-01   1.0000000e+00   5.6099738e-02
   3.0963901e-01   8.5641113e-05   4.6474931e-04   1.4513839e-05   2.7785061e-04   5.7007200e-05   1.8217545e-03   1.6179259e-04   8.2217162e-05   7.9559320e-05   6.4524022e-04   5.2366188e-07   6.8395264e-06   1.6804688e-04   0.0000000e+00   3.7539841e-05   4.7010631e-05   4.2290202e-05   3.7865480e-05   0.0000000e+00   0.0000000e+00   1.0027936e-05   1.1569837e-06   2.7899524e-05   6.9480940e-05   7.7690768e-05   2.2060349e-04   5.5574673e-04   0.0000000e+00   2.1186355e-06   3.0963901e-01   9.0582230e-01   1.0000000e+00   5.2992009e-02
   4.8103804e-01   3.8131234e-04   5.3284543e-05   2.7761762e-05   2.9107763e-04   5.8286802e-04   2.9959122e-05   1.6735527e-04   3.1624832e-05   5.3908158e-05   1.7591199e-04   7.1937115e-05   1.1114214e-05   2.3618905e-05   1.4847265e-04   9.7041671e-05   2.4745169e-05   3.3303199e-05   6.5430566e-05   0.0000000e+00   0.0000000e+00   0.0000000e+00   0.0000000e+00   6.4600773e-06   5.1903280e-06   7.6652601e-04   1.6577005e-04   0.0000000e+00   1.7933777e-07   1.0517509e-05   4.8103804e-01   7.6983477e-01   1.0000000e+00   5.0875447e-02
   9.8714729e-01   7.0088790e-05   5.4384041e-06   6.1972751e-05   1.7112456e-04   2.4474094e-04   0.0000000e+00   1.0395773e-04   2.3090968e-05   3.3528272e-04   9.3732601e-07   0.0000000e+00   1.7021137e-04   4.3629541e-05   3.8095811e-05   1.1117179e-05   1.0990495e-05   4.9308022e-05   7.6416357e-07   1.3749182e-04   1.3054553e-07   6.7479678e-05   3.9318934e-07   9.5843502e-06   7.5702726e-05   1.1143017e-05   0.0000000e+00   2.1857760e-05   4.3394990e-08   5.5951278e-08   9.8714729e-01   2.6560003e-02   1.0000000e+00   4.7403703e-02
   4.6789719e-01   4.4965917e-05   2.8334423e-05   3.0989468e-04   0.0000000e+00   0.0000000e+00   1.0213084e-03   5.1178319e-06   1.7543216e-04   3.6678413e-05   5.8624352e-05   1.4679062e-04   5.1831408e-08   1.5565378e-04   2.3638544e-04   1.4869947e-04   2.2542090e-05   6.7617523e-05   2.0946493e-05   1.0490390e-03   1.7642480e-06   0.0000000e+00   1.7746552e-05   8.1317937e-05   0.0000000e+00   5.8035603e-05   4.4115665e-05   1.8895984e-04   2.4381180e-06   1.2603390e-05   4.6789719e-01   7.8256048e-01   1.0000000e+00   4.7220789e-02
   3.9030575e-01   1.2989734e-03   0.0000000e+00   1.0432453e-05   1.3788565e-04   5.0716233e-04   2.9427952e-06   1.3406101e-04   4.3849614e-05   5.6809845e-05   1.0733357e-04   9.7100284e-05   2.3592908e-04   0.0000000e+00   1.5499337e-04   8.2227565e-05   3.9819858e-05   1.9503474e-05   5.8521173e-05   1.5352210e-04   3.2348649e-05   3.8117312e-05   1.0172157e-05   2.0167630e-06   0.0000000e+00   1.5283547e-03   1.0910420e-04   0.0000000e+00   0.0000000e+00   5.9921375e-06   3.9030575e-01   8.4940169e-01   1.0000000e+00   4.3592370e-02
   4.1294216e-01   1.0753537e-03   0.0000000e+00   1.1117686e-05   1.2005929e-04   4.6876298e-04   3.4803088e-06   9.7732043e-05   4.5079526e-05   4.4986067e-05   2.3687245e-04   9.7583231e-05   2.6308405e-04   0.0000000e+00   1.5252415e-04   6.6657902e-05   4.6297085e-05   2.0268974e-05   5.7303278e-05   1.1627410e-04   2.7046835e-05   0.0000000e+00   1.0051401e-05   2.0850542e-06   5.6492200e-07   1.2787122e-03   1.0404619e-04   0.0000000e+00   0.0000000e+00   5.3972113e-06   4.1294216e-01   8.3105915e-01   1.0000000e+00   4.3431753e-02
   2.8485744e-01   0.0000000e+00   3.0492970e-04   8.3637928e-04   1.9635155e-05   0.0000000e+00   4.3625338e-04   2.6328373e-05   4.3066672e-05   5.6468215e-05   2.4258549e-05   7.0486534e-05   2.2879124e-07   1.2170265e-04   2.9343652e-04   1.4395554e-04   1.0151902e-05   1.2797973e-05   6.9583173e-05   1.3282055e-06   0.0000000e+00   8.1179957e-05   2.3984559e-05   5.7632687e-06   6.2486624e-05   3.7225748e-04   2.9006875e-04   2.6542453e-04   4.9740564e-07   3.9617014e-05   2.8485744e-01   9.2006815e-01   1.0000000e+00   4.3250287e-02
   3.3201919e-01   8.7804954e-05   4.7361353e-04   7.3113442e-05   3.7184790e-04   4.6590582e-05   2.0442276e-03   1.6748844e-04   7.8554605e-05   8.0952881e-05   4.2868890e-04   0.0000000e+00   7.2410209e-06   1.6938290e-04   0.0000000e+00   2.8928709e-05   4.5968632e-05   0.0000000e+00   5.7290002e-05   0.0000000e+00   1.2225552e-07   1.0594888e-05   6.9475559e-07   0.0000000e+00   7.5131667e-05   7.7653905e-05   2.4002065e-04   5.8920570e-04   0.0000000e+00   1.4954122e-06   3.3201919e-01   8.9153972e-01   1.0000000e+00   4.1212361e-02
   9.5490136e-01   1.3479331e-04   1.0956287e-05   3.0396342e-05   3.3889943e-04   2.4296366e-04   0.0000000e+00   4.8029314e-05   1.8267186e-06   1.5085472e-04   0.0000000e+00   6.3802644e-07   1.0194355e-04   3.6044068e-06   1.3299869e-04   4.0554604e-05   3.5994749e-05   0.0000000e+00   2.5345379e-05   0.0000000e+00   5.8606385e-06   2.3050161e-05   1.6958826e-06   1.0759631e-05   6.1549223e-05   1.9034001e-04   4.4651905e-06   1.2026301e-06   1.3318226e-07   0.0000000e+00   9.5490136e-01   8.9111820e-02   1.0000000e+00   4.0076800e-02
   9.2481007e-01   1.3394418e-04   1.3846493e-05   1.2176596e-04   3.0949461e-04   2.5718940e-04   0.0000000e+00   4.3220173e-05   0.0000000e+00   1.7083237e-04   1.5829258e-05   2.0202362e-05   1.3921505e-04   5.9159992e-07   1.2976552e-04   0.0000000e+00   3.0060882e-05   1.2371363e-05   2.5478240e-05   0.0000000e+00   5.4314316e-06   1.9924556e-05   5.0878682e-06   0.0000000e+00   6.2571711e-05   1.8868822e-04   0.0000000e+00   1.0479199e-06   0.0000000e+00   1.5006624e-06   9.2481007e-01   1.4570955e-01   1.0000000e+00   3.8884125e-02
   9.9199234e-01   3.4616675e-05   5.5892307e-06   5.0679768e-05   1.6683332e-04   2.8141103e-04   0.0000000e+00   8.6477592e-05   2.4577140e-05   2.4071997e-04   0.0000000e+00   0.0000000e+00   1.7617435e-04   6.5285797e-05   2.5144554e-05   0.0000000e+00   1.6432201e-05   4.5767423e-05   0.0000000e+00   1.3246986e-04   0.0000000e+00   5.9942188e-05   1.5159381e-06   8.3430522e-06   8.9602944e-05   8.0121987e-05   3.4046277e-06   2.5028340e-05   2.9430236e-07   0.0000000e+00   9.9199234e-01   1.6948706e-02   1.0000000e+00   3.8761129e-02
   7.2934249e-01   6.3200649e-05   9.8287842e-05   1.6296026e-05   4.4861594e-04   3.2243829e-04   0.0000000e+00   1.1317630e-04   2.5524749e-05   1.3488083e-04   2.6907844e-05   0.0000000e+00   1.5997231e-04   1.9482405e-06   1.4808042e-04   3.3785044e-05   5.0605904e-05   0.0000000e+00   1.5002393e-05   0.0000000e+00   0.0000000e+00   0.0000000e+00   3.2107287e-06   1.7752848e-05   3.3521242e-05   1.0514866e-04   2.7502726e-04   9.8207690e-07   3.2392247e-07   2.8832616e-06   7.2934249e-01   4.6905656e-01   1.0000000e+00   3.7110982e-02
   3.1782629e-01   2.0806520e-05   4.6555780e-05   8.8446308e-05   0.0000000e+00   4.1081030e-05   9.1924156e-04   4.2130219e-05   1.6834093e-04   2.1650459e-05   1.9113915e-04   1.5541314e-04   0.0000000e+00   0.0000000e+00   2.6353515e-04   8.7065031e-05   5.9245432e-06   8.4515672e-05   4.6966889e-05   6.4668245e-04   8.5618062e-06   1.7950743e-05   2.1751181e-05   3.5711844e-05   0.0000000e+00   6.3288065e-06   6.0948778e-06   1.5870668e-04   1.9088646e-06   3.1861291e-05   3.1782629e-01   9.0005188e-01   1.0000000e+00   3.6667671e-02
   7.3738186e-01   4.9306683e-05   9.6979303e-06   0.0000000e+00   9.1480713e-06   6.5461045e-05   0.0000000e+00   1.1107624e-04   0.0000000e+00   1.2308247e-04   0.0000000e+00   0.0000000e+00   2.3350025e-05   5.3185930e-05   1.0634173e-04   5.1349478e-05   5.7766100e-05   1.1676193e-05   2.1558325e-05   1.1177454e-04   5.7481631e-05   3.5850238e-05   9.0349670e-07   0.0000000e+00   1.9155688e-05   9.2637308e-05   9.5215366e-05   2.5174770e-05   2.8233924e-08   3.4905078e-06   7.3738186e-01   4.5681155e-01   1.0000000e+00   3.6465413e-02
   4.5699229e-01   1.1019345e-04   4.8271142e-04   1.0859399e-05   2.5464035e-04   2.3756209e-05   1.8537129e-03   1.1787300e-04   8.8015947e-05   6.6967584e-05   6.5403537e-04   1.0497383e-05   2.9874740e-06   1.0983784e-04   0.0000000e+00   3.7176292e-05   4.4562338e-05   4.2772642e-05   5.8479636e-05   1.4153387e-06   0.0000000e+00   8.6314408e-06   8.1619286e-07   2.2492958e-05   6.4742396e-05   8.7010369e-05   2.1223249e-04   5.4792910e-04   0.0000000e+00   1.6600894e-06   4.5699229e-01   7.9300184e-01   1.0000000e+00   3.5940854e-02
   9.3689769e-01   0.0000000e+00   1.5813409e-04   4.6511375e-05   2.3855826e-04   9.0293512e-05   6.5349012e-05   2.1018489e-04   3.7163744e-05   1.3658580e-04   0.0000000e+00   4.0941158e-06   1.7569335e-04   0.0000000e+00   9.1190052e-05   3.0579700e-05   3.8283379e-05   3.1051079e-06   7.3329531e-06   1.6991347e-05   1.0466154e-04   3.3891613e-05   2.6086636e-06   1.2461405e-05   3.7404753e-05   1.9724240e-04   5.0340548e-05   1.6752470e-05   1.7237864e-07   0.0000000e+00   9.3689769e-01   1.2327467e-01   1.0000000e+00   3.5506311e-02
   4.9375400e-01   3.7447784e-05   1.8597658e-05   2.4484270e-04   9.2675326e-05   1.2417637e-05   4.0546653e-04   0.0000000e+00   1.9682353e-04   8.4618216e-05   6.4914823e-05   1.9894475e-04   0.0000000e+00   4.1155228e-04   2.3899987e-04   1.4082143e-04   1.0184333e-05   7.2952309e-05   1.9485331e-05   9.8466159e-04   4.0643000e-06   0.0000000e+00   2.1218065e-05   5.4052208e-05   0.0000000e+00   1.1224601e-04   4.4682396e-05   2.6612893e-07   2.0752015e-06   7.0978679e-06   4.9375400e-01   7.5755043e-01   1.0000000e+00   3.4701474e-02
   2.3547521e-01   7.9830535e-05   4.6210941e-05   7.5072362e-05   3.6645465e-05   3.9212508e-05   1.3855934e-04   4.1421318e-06   9.4276042e-05   0.0000000e+00   2.9044832e-05   2.5474919e-04   1.9291828e-05   1.2044851e-04   2.6372333e-04   1.2944723e-04   1.7572990e-05   0.0000000e+00   4.0449649e-05   1.6501456e-04   1.3802547e-04   0.0000000e+00   2.3903169e-05   3.8654281e-05   1.1448986e-05   6.7352311e-06   2.5969204e-05   5.6789316e-04   3.1883852e-06   3.5899603e-05   2.3547521e-01   9.4533929e-01   1.0000000e+00   3.4493077e-02
   9.4657912e-01   9.0196270e-05   9.9112322e-05   0.0000000e+00   0.0000000e+00   9.5852126e-05   5.2793883e-04   1.4857045e-04   2.1634571e-06   1.2405095e-04   4.5041058e-05   1.5393441e-05   2.6553220e-04   0.0000000e+00   1.5130035e-04   3.6367072e-05   6.5947091e-05   1.3856439e-05   4.1371943e-05   7.4604853e-06   1.8813131e-05   3.3266258e-05   3.1414715e-06   0.0000000e+00   3.4093816e-05   8.7957394e-05   3.5176472e-07   0.0000000e+00   5.1391787e-08   1.3046679e-06   9.4657912e-01   1.0511103e-01   1.0000000e+00   3.4473627e-02
   9.7612847e-01   1.9310265e-04   0.0000000e+00   5.8855191e-05   1.1678230e-04   2.1300930e-04   2.6302357e-04   8.3605638e-05   5.3398011e-06   4.2139882e-04   8.2841552e-05   2.2894489e-06   1.4415089e-04   9.5085320e-06   1.7937182e-05   4.0077765e-05   7.1198837e-06   5.0980304e-05   4.0769237e-06   2.1277897e-04   6.7635929e-06   1.0105070e-04   1.6605385e-07   9.6975722e-06   5.4468817e-05   1.7090691e-05   3.4215965e-06   3.3504815e-05   8.4160494e-08   0.0000000e+00   9.7612847e-01   4.8477692e-02   1.0000000e+00   3.4094548e-02
   9.0341270e-01   8.1159081e-05   0.0000000e+00   0.0000000e+00   2.7667593e-06   1.1380361e-04   1.1859767e-04   2.4647797e-04   7.1236868e-05   1.1304412e-04   2.8995885e-05   2.4480394e-06   1.7167175e-04   4.2401229e-05   8.5537966e-05   5.5057010e-05   9.2563752e-05   0.0000000e+00   1.0395418e-05   0.0000000e+00   0.0000000e+00   0.0000000e+00   0.0000000e+00   0.0000000e+00   3.9516911e-05   1.0479966e-04   3.4355858e-05   7.9472907e-05   8.1979194e-07   1.1503928e-05   9.0341270e-01   1.8469451e-01   1.0000000e+00   3.3115000e-02
   7.5460777e-01   5.5166109e-04   2.6360452e-05   3.3540791e-06   1.3275253e-04   6.9308111e-04   0.0000000e+00   1.1197038e-04   2.4873512e-05   5.3525537e-05   1.5332063e-04   1.9169784e-04   2.1945099e-05   3.4256046e-05   1.7051957e-04   4.5567109e-05   8.9060127e-05   0.0000000e+00   5.3586397e-05   0.0000000e+00   4.5768766e-05   9.2718329e-05   1.0402948e-05   1.0944911e-06   5.7771464e-06   4.5753583e-04   2.0867382e-04   4.1785825e-05   1.6574793e-07   0.0000000e+00   7.5460777e-01   4.3213561e-01   1.0000000e+00   3.2277557e-02
   9.1123923e-01   0.0000000e+00   1.2690192e-04   4.9926374e-05   2.2968814e-04   2.9543357e-04   4.3978290e-05   2.1500484e-04   3.9553931e-05   1.4957128e-04   0.0000000e+00   9.5091204e-06   1.7374455e-04   0.0000000e+00   1.0940100e-04   2.5315860e-05   4.3125325e-05   8.1938002e-06   4.4086660e-06   1.6206525e-05   1.0310601e-04   3.7200636e-05   2.6074394e-06   8.1208941e-06   3.7226472e-05   1.9766232e-04   0.0000000e+00   1.8331797e-05   1.4239598e-07   0.0000000e+00   9.1123923e-01   1.7074724e-01   1.0000000e+00   3.2012695e-02
   5.2917288e-01   1.1452014e-04   5.7844335e-04   1.2587770e-05   1.8724241e-04   1.6667782e-05   1.5739925e-03   1.2859247e-04   7.6541922e-05   5.2260174e-05   5.8419578e-04   8.2639191e-06   2.7981998e-05   9.6136502e-05   1.8866248e-05   4.9788292e-05   4.8932388e-05   4.0683583e-05   4.2684844e-05   7.7706457e-06   0.0000000e+00   8.4320788e-06   0.0000000e+00   2.6956138e-05   5.9415009e-05   8.1856799e-05   1.4633294e-04   4.7460551e-04   4.9308277e-08   4.0727935e-06   5.2917288e-01   7.2175039e-01   1.0000000e+00   3.1724027e-02
   4.6891221e-02   6.2984493e-05   0.0000000e+00   1.5847943e-05   8.6261066e-05   0.0000000e+00   1.9779943e-05   2.9205880e-05   0.0000000e+00   4.6235190e-07   0.0000000e+00   6.9033794e-05   0.0000000e+00   0.0000000e+00   1.9131298e-04   1.3078905e-04   2.9497452e-05   1.1047868e-04   4.2630459e-05   0.0000000e+00   9.7077139e-06   5.6861258e-05   3.0238723e-05   5.6976224e-06   3.7834407e-05   1.9667893e-04   8.3558760e-05   0.0000000e+00   3.7704814e-06   4.0745439e-05   4.6891221e-02   9.9819105e-01   1.0000000e+00   3.0816464e-02
   2.5561105e-02   5.6707506e-05   1.9303472e-05   7.9113359e-06   2.9097413e-05   1.4506526e-05   6.4394577e-06   1.7513155e-05   6.2820004e-06   1.6822851e-05   0.0000000e+00   6.9131516e-05   2.9686928e-05   0.0000000e+00   2.2804005e-04   2.5955601e-04   3.0111947e-05   1.1721484e-04   7.2810228e-05   0.0000000e+00   0.0000000e+00   5.7981042e-05   3.1249115e-05   1.5264558e-05   2.8476419e-05   4.0776456e-05   0.0000000e+00   5.9434643e-05   3.9194348e-06   3.0136265e-05   2.5561105e-02   9.9973431e-01   1.0000000e+00   3.0110157e-02
   2.5840269e-01   1.3213326e-04   1.5172918e-06   2.3051892e-05   4.7084795e-06   2.0946099e-04   2.1829706e-04   7.6868292e-05   1.8126133e-04   1.5453270e-04   2.7380078e-08   2.6804481e-05   5.9483421e-05   0.0000000e+00   2.6555129e-04   1.7454529e-04   2.2548075e-05   8.2479557e-05   2.1865492e-05   1.1774458e-03   3.0412600e-04   3.1703929e-05   1.7044149e-05   2.4043906e-05   2.0471365e-05   5.1123243e-05   5.2719025e-05   2.5037480e-04   0.0000000e+00   5.5383182e-05   2.5840269e-01   9.3443291e-01   1.0000000e+00   2.9195836e-02
   3.6072054e-01   1.0351968e-05   3.5709490e-04   8.2984607e-04   1.4914779e-05   0.0000000e+00   4.2607243e-04   3.0654571e-05   6.3871251e-05   4.2274455e-05   2.7492062e-05   7.4231048e-05   2.1331193e-05   1.0929063e-04   3.1251829e-04   1.6747328e-04   1.3974602e-05   2.5607230e-05   7.1662774e-05   1.7536013e-06   1.4273370e-06   1.0541987e-04   1.6242396e-05   5.6342647e-06   6.2318879e-05   2.8931702e-04   2.2625568e-04   2.7686672e-04   5.6327373e-07   3.7770831e-05   3.6072054e-01   8.7115094e-01   1.0000000e+00   2.8422513e-02
   7.7992770e-01   4.8964860e-04   9.2465676e-08   0.0000000e+00   1.2333369e-04   8.4033458e-04   0.0000000e+00   8.3980518e-05   2.3945523e-05   5.5380391e-05   1.3318528e-04   2.2947207e-04   0.0000000e+00   5.2192679e-05   1.6261970e-04   6.2864340e-05   3.8376484e-05   4.2254457e-06   5.2019211e-05   0.0000000e+00   5.9446797e-05   4.7711626e-05   1.6844692e-05   0.0000000e+00   0.0000000e+00   4.0072622e-04   2.2271959e-04   5.4918942e-05   0.0000000e+00   3.2170619e-06   7.7992770e-01   3.9328806e-01   1.0000000e+00   2.7658568e-02
   8.2573253e-01   5.8370105e-05   1.1400468e-04   9.4589933e-05   7.5114267e-04   4.4822205e-04   1.2315664e-04   1.6412972e-04   3.1967200e-05   1.1980964e-04   0.0000000e+00   0.0000000e+00   1.9551441e-04   0.0000000e+00   1.3677294e-04   5.8552677e-06   5.8548552e-05   3.8347414e-05   1.1143398e-05   1.9827276e-04   6.8082214e-05   0.0000000e+00   3.3623379e-06   1.0528711e-05   9.9688262e-06   1.0451217e-04   1.2293698e-04   0.0000000e+00   5.7526971e-08   1.4692947e-05   8.2573253e-01   3.1967054e-01   1.0000000e+00   2.6901778e-02
   4.3265788e-01   4.1601789e-04   0.0000000e+00   2.3531326e-06   1.4906356e-04   5.9186818e-04   2.3736080e-07   1.3128805e-04   3.9117373e-05   5.7730813e-05   1.3812058e-04   1.1316068e-04   0.0000000e+00   0.0000000e+00   1.5722249e-04   7.8358295e-05   3.8221752e-05   1.9147771e-05   5.8689353e-05   7.1383847e-05   3.0699578e-05   4.0934834e-05   9.3538431e-06   2.4174123e-06   0.0000000e+00   6.2666504e-04   1.4269220e-04   3.9070149e-05   0.0000000e+00   0.0000000e+00   4.3265788e-01   8.1389530e-01   1.0000000e+00   2.6629887e-02
   7.8590036e-01   6.2996817e-05   9.8388756e-05   1.0591031e-05   4.4622606e-04   3.2086844e-04   0.0000000e+00   1.1111312e-04   2.5672963e-05   1.3680260e-04   2.3294558e-05   0.0000000e+00   1.5993892e-04   1.5705693e-07   1.4640835e-04   3.2887161e-05   5.0583711e-05   7.9906626e-07   1.4866287e-05   0.0000000e+00   1.2511885e-05   0.0000000e+00   3.2164892e-06   1.9954663e-05   3.3826157e-05   1.0806911e-04   4.2140499e-04   1.4330784e-06   3.1713148e-07   2.5138764e-06   7.8590036e-01   3.8348729e-01   1.0000000e+00   2.5785517e-02
   5.1998945e-01   6.9074228e-04   3.0620398e-05   9.7926020e-05   1.1424438e-04   5.1067057e-04   0.0000000e+00   1.8108372e-04   5.3148653e-05   5.7763752e-05   9.9141277e-05   1.0457855e-04   9.4437278e-05   7.4510008e-06   1.2692513e-04   8.1667987e-05   6.2234588e-05   2.5983485e-05   5.9904108e-05   8.7250912e-05   3.9538627e-05   3.1407986e-05   3.8161405e-06   3.3814792e-06   1.1281310e-05   6.3521732e-04   1.6256542e-04   7.1680692e-05   0.0000000e+00   1.0436793e-07   5.1998945e-01   7.3096879e-01   1.0000000e+00   2.5444296e-02
   7.4394286e-01   1.2556559e-04   7.4927574e-06   0.0000000e+00   3.2759431e-04   1.5346374e-06   0.0000000e+00   4.8857976e-05   1.2633536e-06   1.1925483e-04   4.5940056e-06   3.5611407e-06   8.8717962e-05   0.0000000e+00   1.1185799e-04   3.9419904e-05   2.6664448e-05   4.1331791e-05   2.4602805e-05   0.0000000e+00   0.0000000e+00   2.8921389e-05   0.0000000e+00   0.0000000e+00   3.4695634e-05   2.6603779e-04   2.7473827e-05   1.1545286e-05   1.3758826e-07   7.3631497e-06   7.4394286e-01   4.4719904e-01   1.0000000e+00   2.5116120e-02
   8.3457883e-01   6.1002923e-05   3.5849445e-05   2.9663917e-07   7.6408305e-04   2.4896071e-04   0.0000000e+00   9.9494771e-05   2.1472039e-05   8.7653995e-05   0.0000000e+00   3.3816413e-06   1.9201219e-04   2.2628163e-05   1.2926282e-04   4.3143891e-06   6.0931817e-05   4.2305334e-05   2.0996533e-05   3.7761989e-04   1.2078916e-04   0.0000000e+00   9.2544713e-06   3.1440706e-08   0.0000000e+00   1.9021175e-04   4.3904245e-05   0.0000000e+00   2.7734236e-07   1.8627543e-05   8.3457883e-01   3.0482315e-01   1.0000000e+00   2.4696692e-02
   5.6806727e-01   3.2925576e-04   7.3360963e-07   1.3759546e-05   4.0756361e-04   6.5147449e-04   5.8490930e-04   9.3570794e-05   5.4869347e-05   7.6470509e-05   2.9503681e-04   8.3489111e-06   2.2025602e-04   6.0015057e-05   1.7733771e-04   1.6162220e-04   1.7726403e-05   7.5116781e-05   2.0006699e-06   7.6814857e-05   6.6508241e-05   3.7653726e-05   4.3447827e-06   2.2444518e-05   8.8910688e-05   5.4836382e-04   2.3726924e-04   5.0470041e-05   6.3258979e-07   8.1807106e-06   5.6806727e-01   6.7909352e-01   1.0000000e+00   2.4687450e-02
   8.0662388e-01   7.3547784e-05   3.0504739e-05   2.4778384e-05   5.3667470e-04   2.6843124e-04   0.0000000e+00   1.2786360e-04   2.5564229e-05   1.3055104e-04   0.0000000e+00   1.7730470e-07   2.1146748e-04   3.4151016e-06   1.3015987e-04   3.4008076e-05   4.6855009e-05   0.0000000e+00   2.1309640e-05   0.0000000e+00   1.5085397e-05   0.0000000e+00   3.9634777e-06   1.9930803e-05   3.3800730e-05   1.1812362e-04   5.2603924e-04   3.1635480e-05   3.6578049e-07   5.0761632e-08   8.0662388e-01   3.5059432e-01   1.0000000e+00   2.4273152e-02
   9.1909496e-01   5.9317298e-06   5.4462512e-04   7.6918745e-05   0.0000000e+00   9.9751006e-05   2.0776269e-03   6.5431612e-05   6.2815759e-05   2.0509912e-05   2.5595242e-04   2.5517842e-05   0.0000000e+00   3.6910580e-04   7.9963962e-05   5.3020963e-05   5.9594830e-05   3.7337004e-05   4.7079053e-05   0.0000000e+00   2.2875101e-05   0.0000000e+00   1.2266567e-06   1.1712260e-05   3.3480433e-05   1.7860853e-05   9.1716457e-07   2.0184107e-04   6.1284483e-07   3.0636757e-05   9.1909496e-01   1.5766888e-01   1.0000000e+00   2.4029124e-02
   1.1643129e-01   5.1000276e-05   1.2656168e-05   7.8265487e-06   4.0619017e-05   9.3801580e-06   0.0000000e+00   2.0415210e-05   1.2981614e-05   2.8894823e-05   8.1112872e-05   7.2276630e-05   3.0469644e-05   0.0000000e+00   2.7369238e-04   2.1080170e-04   2.8871106e-05   1.1718710e-04   6.4114337e-05   8.0746237e-07   3.8335203e-06   4.6686125e-05   2.4601158e-05   1.2480170e-05   4.8015443e-06   4.1259227e-05   0.0000000e+00   1.1225338e-04   3.9786168e-06   3.2305383e-05   1.1643129e-01   9.8686692e-01   1.0000000e+00   2.3826842e-02
   6.5350311e-01   4.8806306e-04   2.6088042e-05   2.6239734e-06   1.9350160e-04   6.7470034e-04   4.8736717e-06   1.3164583e-04   2.6646278e-05   4.4549102e-05   2.1887314e-04   1.2228922e-04   0.0000000e+00   2.6132761e-05   1.4984777e-04   6.2217184e-05   3.4859218e-05   2.1562006e-05   5.9886320e-05   0.0000000e+00   7.8789985e-05   4.1742426e-05   1.2338283e-05   2.6021444e-06   7.5801214e-06   6.2952723e-04   5.1234697e-04   4.2439835e-05   5.8653884e-07   0.0000000e+00   6.5350311e-01   5.7453475e-01   1.0000000e+00   2.3792518e-02
   3.4301941e-01   1.1586750e-03   1.7880941e-07   1.3483338e-05   1.7251811e-04   5.3168687e-04   3.0496518e-06   1.1364663e-04   3.6047597e-05   6.3627174e-05   8.4964545e-05   1.0867520e-04   2.3959041e-04   0.0000000e+00   1.6013432e-04   8.3701898e-05   3.9008071e-05   1.8298380e-05   6.0477191e-05   1.7057238e-04   3.2283205e-05   3.3762355e-05   8.9438270e-06   2.7845497e-06   6.3041686e-06   1.6017668e-03   1.5307303e-04   1.1302822e-07   4.3525431e-08   5.7968773e-06   3.4301941e-01   8.8403814e-01   1.0000000e+00   2.3714283e-02
   2.6777730e-01   8.2140567e-05   2.0351910e-04   1.7100567e-04   1.8041576e-05   3.0606229e-04   3.1154824e-04   1.2520785e-05   4.6357023e-05   1.1122554e-04   9.2648098e-05   9.6782729e-05   1.4864168e-04   4.7093388e-05   5.5027075e-05   6.0431079e-05   0.0000000e+00   4.0093387e-04   2.3472330e-05   1.3221250e-03   8.4207298e-04   2.6368100e-04   7.3365961e-06   5.6907081e-07   9.8867490e-06   1.6050129e-04   5.4132869e-04   3.3340653e-05   3.6128068e-07   2.6090752e-05   2.6777730e-01   9.3008940e-01   1.0000000e+00   2.3070152e-02
   2.9346752e-02   5.8313833e-05   6.9159570e-05   0.0000000e+00   2.9057311e-05   0.0000000e+00   6.4282673e-05   2.5851062e-05   0.0000000e+00   1.6806659e-05   0.0000000e+00   6.5892380e-05   3.8643137e-05   2.1322110e-05   1.9099635e-04   2.6491719e-04   3.5074615e-05   1.2685569e-04   7.2640794e-05   0.0000000e+00   0.0000000e+00   6.2717846e-05   3.3286831e-05   1.4682774e-05   2.8655740e-05   5.9879036e-05   0.0000000e+00   2.1763007e-05   4.5145336e-06   3.0297996e-05   2.9346752e-02   9.9955363e-01   1.0000000e+00   2.2873908e-02
   6.8772878e-01   1.8835552e-04   6.7331577e-05   0.0000000e+00   3.6840434e-04   4.0087703e-04   5.2244976e-05   1.2518062e-04   1.4902125e-05   1.1404637e-04   5.3264830e-05   5.8193231e-06   2.9934765e-04   1.0883725e-05   1.3815822e-04   7.4596395e-05   2.8546455e-05   0.0000000e+00   2.6286473e-05   0.0000000e+00   1.6135234e-05   3.8560338e-05   6.9609186e-06   1.5997346e-05   3.4654618e-05   2.3080518e-04   5.6938963e-05   0.0000000e+00   2.3901901e-07   5.4556171e-06   6.8772878e-01   5.2811409e-01   1.0000000e+00   2.2852308e-02
   5.7702430e-01   3.3027058e-04   4.5889072e-07   1.2109306e-06   4.3286735e-04   7.2082352e-04   5.9611504e-04   2.9110245e-05   7.0830645e-05   7.8292285e-05   2.1916707e-04   4.0270991e-05   2.3223519e-04   7.8876107e-05   1.4954992e-04   1.2367754e-04   1.0224660e-05   4.7345847e-05   1.2384490e-05   1.8763729e-04   6.7030305e-05   2.1947875e-05   0.0000000e+00   4.5632632e-05   7.3605837e-05   3.0217543e-04   3.1468229e-04   5.2290052e-05   4.0853825e-07   0.0000000e+00   5.7702430e-01   6.6879601e-01   1.0000000e+00   2.2824260e-02
   5.4272263e-01   7.0420856e-04   2.3087442e-08   6.6627099e-06   1.2186119e-04   5.3878936e-04   0.0000000e+00   1.8749475e-04   4.7879236e-05   5.6984568e-05   9.3952119e-05   1.0674180e-04   1.1787695e-04   5.7717903e-06   1.5311149e-04   8.2989035e-05   3.8689671e-05   2.1473612e-05   5.8027910e-05   8.3140664e-05   1.3677642e-05   4.3319299e-05   3.8587852e-06   4.2480852e-06   0.0000000e+00   7.1293115e-04   1.0271896e-04   3.3820428e-05   0.0000000e+00   0.0000000e+00   5.4272263e-01   7.0679380e-01   1.0000000e+00   2.2715393e-02
   9.2425301e-02   1.3400731e-04   1.8790619e-05   6.9840298e-06   3.8166043e-05   1.2506062e-05   0.0000000e+00   1.8216366e-05   1.8746131e-06   3.6817320e-05   0.0000000e+00   6.6129322e-05   4.5955665e-05   3.1811866e-06   2.4621587e-04   2.5715797e-04   4.2510195e-05   9.7629418e-05   7.7191818e-05   7.9481694e-07   9.0289635e-07   6.4939564e-05   2.4706490e-05   1.4178452e-05   2.7378012e-05   0.0000000e+00   7.5850460e-06   6.4292552e-05   2.8913738e-06   3.4917303e-05   9.2425301e-02   9.9187883e-01   1.0000000e+00   2.1592180e-02
   7.1301915e-01   0.0000000e+00   1.3496049e-05   2.2963403e-05   1.2549234e-04   5.9649669e-05   1.9358352e-04   1.3188671e-04   1.0194803e-06   1.3998857e-04   0.0000000e+00   2.3143374e-05   2.2241666e-04   9.1241522e-06   9.6785003e-05   6.1484073e-05   7.3954387e-05   0.0000000e+00   1.3361366e-05   1.7528410e-04   0.0000000e+00   4.0032707e-05   1.4973430e-06   0.0000000e+00   3.8336564e-05   2.2635027e-04   2.9918696e-05   3.1865997e-07   1.9645098e-08   1.8522819e-05   7.1301915e-01   4.9240807e-01   1.0000000e+00   2.1564116e-02
   7.6079612e-02   0.0000000e+00   2.2818921e-05   1.0721028e-06   2.5167287e-05   1.3383568e-04   5.0550291e-05   0.0000000e+00   0.0000000e+00   5.8791924e-05   4.5795016e-05   8.0859757e-05   3.5392770e-09   1.5691454e-05   2.5629568e-04   1.8799009e-04   3.1747675e-05   1.0709696e-04   7.1074144e-05   0.0000000e+00   1.9033364e-05   4.3132678e-05   4.4527563e-05   2.8348343e-05   4.0862817e-05   8.6703765e-05   0.0000000e+00   3.9754591e-05   5.0461571e-06   3.1126699e-05   7.6079612e-02   9.9465742e-01   1.0000000e+00   2.1210991e-02
   9.6946266e-01   1.2691881e-04   5.4711945e-06   5.6513814e-05   1.5052389e-04   2.2761965e-04   0.0000000e+00   8.2881306e-05   2.2939944e-05   3.3393643e-04   0.0000000e+00   2.4300846e-06   1.6634040e-04   4.4027242e-05   2.5329334e-05   3.7865390e-05   1.3161880e-05   5.0944509e-05   3.6164541e-06   2.0167992e-04   1.6880318e-07   9.2069715e-05   2.1218574e-07   1.0195559e-05   6.5927348e-05   2.1222864e-05   0.0000000e+00   2.0381116e-05   3.4192861e-08   0.0000000e+00   9.6946266e-01   6.1202885e-02   1.0000000e+00   2.1112230e-02
   6.6525034e-01   1.5379346e-04   3.3172578e-05   3.6755446e-05   3.3062259e-04   3.0529895e-04   4.1154923e-04   1.4771300e-04   1.3625390e-05   1.2762333e-04   2.0694883e-04   0.0000000e+00   2.8168528e-04   3.0285778e-05   1.1158182e-04   7.8296359e-05   4.5720206e-05   0.0000000e+00   2.0257994e-05   1.8684552e-04   1.9158788e-05   2.7337999e-05   0.0000000e+00   1.6978026e-05   4.1054281e-05   1.8688161e-04   4.5894596e-05   6.3202036e-05   5.6324392e-07   4.2604743e-06   6.6525034e-01   5.5875206e-01   1.0000000e+00   2.1111739e-02
   1.7960290e-01   1.4210074e-04   0.0000000e+00   2.0990690e-05   2.1968506e-06   2.1295119e-04   1.7974357e-04   6.5702194e-05   3.3110783e-04   1.5041327e-04   0.0000000e+00   2.4250931e-05   3.7165725e-05   4.7549188e-07   2.7374939e-04   1.6696978e-04   4.7557590e-06   7.4919002e-05   2.4031766e-05   1.1499335e-03   3.2963955e-04   3.4988421e-05   1.6875019e-05   2.4030424e-05   2.4443281e-05   2.0815828e-05   6.6352368e-05   3.0040708e-04   0.0000000e+00   4.8320780e-05   1.7960290e-01   9.6893683e-01   1.0000000e+00   2.0994998e-02
   9.1530931e-01   4.3254022e-06   4.9476903e-04   1.0232356e-04   4.0101923e-08   1.1451825e-04   2.0197837e-03   5.7093705e-05   7.3870358e-05   2.0526104e-05   2.6737229e-04   2.8756978e-05   0.0000000e+00   3.4778369e-04   1.1700766e-04   4.7659782e-05   5.4632162e-05   2.7696158e-05   4.7248487e-05   0.0000000e+00   2.7054500e-05   0.0000000e+00   0.0000000e+00   1.2294045e-05   3.3301113e-05   0.0000000e+00   1.0963173e-06   2.3951270e-04   1.7745951e-08   3.0475027e-05   9.1530931e-01   1.6458534e-01   1.0000000e+00   2.0938580e-02
   5.8586472e-02   4.5164940e-05   1.4947785e-05   8.0082737e-06   2.9606457e-06   6.7721296e-06   0.0000000e+00   3.0768711e-05   2.2829334e-05   2.5750183e-05   4.3441621e-05   6.7743862e-05   2.8108995e-05   1.6200880e-06   1.4665550e-04   3.5518687e-04   2.8148304e-05   1.0889831e-04   7.2376701e-05   2.2397429e-06   1.1622549e-06   4.8017124e-05   2.2770820e-05   1.0677054e-05   3.0605374e-05   3.9571117e-05   0.0000000e+00   2.2096496e-05   3.1118532e-06   2.3312737e-05   5.8586472e-02   9.9694535e-01   1.0000000e+00   2.0814286e-02
   1.7030444e-01   7.8264072e-05   5.0566392e-05   9.6143145e-05   6.8170312e-05   0.0000000e+00   2.9663858e-04   7.5434974e-06   1.2406697e-04   0.0000000e+00   4.9019060e-05   3.2542633e-04   5.6470065e-06   2.2139059e-04   4.4965709e-04   1.2985091e-04   3.7185511e-05   1.1916127e-04   4.1117781e-05   6.0488767e-04   1.2397596e-04   3.8409691e-05   2.1853874e-05   3.7141814e-05   0.0000000e+00   2.7053253e-05   9.8177838e-06   4.5157444e-04   3.3183657e-06   3.6502106e-05   1.7030444e-01   9.7209951e-01   1.0000000e+00   2.0740419e-02
   4.3820211e-01   2.3393406e-05   4.2613011e-05   0.0000000e+00   0.0000000e+00   3.3386328e-05   3.1521281e-04   6.0119474e-05   1.8742734e-04   3.1207509e-05   5.4298620e-06   0.0000000e+00   0.0000000e+00   1.7842737e-04   2.1466145e-04   1.0469479e-04   2.6358825e-05   8.4848401e-05   3.3853797e-05   1.9296184e-03   1.2129312e-05   7.1464766e-06   3.5887784e-06   6.7742446e-05   1.0542758e-05   1.4380448e-04   0.0000000e+00   2.7147908e-04   1.6671365e-06   3.6113976e-05   4.3820211e-01   8.0939382e-01   1.0000000e+00   1.9847340e-02
   1.0776156e-01   8.1850833e-05   5.2743469e-05   1.2967591e-04   6.3054382e-05   0.0000000e+00   2.7434335e-04   9.6862982e-06   1.2829513e-04   0.0000000e+00   4.4743852e-05   3.4108842e-04   5.7617823e-06   2.7791370e-04   3.4596060e-04   1.2912985e-04   3.7597081e-05   1.2616602e-04   4.0846021e-05   6.8226163e-04   1.1570757e-04   3.9950087e-05   2.1981445e-05   3.5329158e-05   9.6850121e-06   2.6359007e-05   0.0000000e+00   4.0915648e-04   3.3756557e-06   3.8607075e-05   1.0776156e-01   9.8947723e-01   1.0000000e+00   1.9807763e-02
   6.6048736e-01   5.6862597e-04   1.4970718e-05   0.0000000e+00   1.6027969e-04   6.7537722e-04   0.0000000e+00   1.1187142e-04   2.4715546e-05   6.7224911e-05   1.6881995e-04   1.8310519e-04   2.1797937e-05   3.4850792e-05   1.5870734e-04   3.4696747e-05   3.3639336e-05   5.2652878e-06   3.6343601e-05   0.0000000e+00   3.6957687e-05   4.8605440e-05   1.3078547e-05   2.6195634e-06   6.8600322e-06   4.5735559e-04   2.0763801e-04   4.1345529e-05   1.8411589e-07   2.2923197e-07   6.6048736e-01   5.6514456e-01   1.0000000e+00   1.9713769e-02
   6.3297386e-01   1.3183648e-04   4.4362544e-04   7.5432705e-06   1.7700289e-04   8.9527828e-05   2.0359735e-03   1.0029492e-04   1.0127272e-04   7.4027221e-05   8.9525341e-04   1.1443721e-05   3.1688597e-05   6.3496647e-05   2.4175898e-06   4.5392320e-05   5.6628517e-05   3.6072070e-05   7.4582919e-07   2.1132177e-05   1.7013860e-05   1.0852961e-05   1.2953882e-06   3.5771636e-05   5.0114145e-05   5.9175361e-05   1.5048208e-04   3.3116168e-04   5.4630083e-07   0.0000000e+00   6.3297386e-01   6.0150865e-01   1.0000000e+00   1.9359408e-02
   4.4907807e-01   6.6225323e-05   4.1198129e-05   0.0000000e+00   0.0000000e+00   0.0000000e+00   3.8310912e-04   2.2232756e-05   1.2088634e-04   5.1494732e-05   6.4237144e-07   4.7784999e-05   4.7659320e-06   1.5837148e-04   2.4537398e-04   1.3922611e-04   3.7799137e-05   8.4278035e-05   6.6070980e-05   1.6250139e-03   3.6413705e-08   1.9720001e-05   2.7624078e-06   8.6226092e-05   4.7307799e-06   1.0832755e-04   6.1745820e-06   2.5063150e-04   1.4306004e-06   3.9255086e-05   4.4907807e-01   7.9967632e-01   1.0000000e+00   1.8988912e-02
   9.6038536e-01   5.5020006e-07   9.2085272e-05   3.9234903e-05   3.5120737e-04   2.0078472e-04   1.0684134e-04   1.2460036e-04   4.0177182e-05   1.2599846e-04   4.9051105e-06   3.0751632e-05   1.9404501e-04   1.7573865e-05   1.1027324e-04   4.3789409e-05   4.1240470e-05   0.0000000e+00   1.9907389e-05   2.7972017e-05   9.1444324e-05   3.4911433e-05   2.6137219e-06   1.2326220e-05   1.3225293e-04   1.3811880e-04   0.0000000e+00   1.0896235e-05   1.7210045e-08   0.0000000e+00   9.6038536e-01   7.8849509e-02   1.0000000e+00   1.8781233e-02
   7.2260431e-01   8.5047122e-05   1.0406967e-04   2.0386152e-04   4.9721610e-04   3.4138627e-04   2.1086043e-04   1.1079933e-04   2.4767501e-05   1.4771605e-04   0.0000000e+00   3.1890255e-05   2.5007522e-04   6.8570965e-07   1.3012436e-04   1.5132780e-05   1.7158752e-05   1.7320219e-05   0.0000000e+00   5.8762145e-05   1.9242539e-04   1.8916463e-05   6.3855794e-06   1.2616438e-05   3.2312687e-05   1.5996454e-04   0.0000000e+00   6.7904711e-05   1.3031234e-08   3.2415049e-06   7.2260431e-01   4.7913730e-01   1.0000000e+00   1.8638847e-02
   8.1256932e-01   4.9757314e-05   1.2154720e-04   9.3222604e-05   6.2731547e-04   5.0798207e-04   1.0719551e-04   1.7381840e-04   3.7912769e-05   1.1763479e-04   4.0437336e-06   0.0000000e+00   2.1242252e-04   0.0000000e+00   1.4004704e-04   6.9074574e-07   5.0654683e-05   4.7854340e-05   1.1776649e-05   1.5291488e-04   4.0034533e-05   7.6942059e-07   4.0246677e-06   8.8342703e-06   1.0142481e-05   1.0125189e-04   1.2327532e-04   8.7158478e-08   8.0326425e-08   1.2091294e-05   8.1256932e-01   3.4115137e-01   1.0000000e+00   1.8568531e-02
   7.6166849e-01   7.2932850e-05   1.7625418e-05   2.3039460e-05   0.0000000e+00   9.9732681e-05   2.4471970e-04   1.1919386e-04   0.0000000e+00   1.3132079e-04   4.2257059e-06   2.7738615e-05   4.0612778e-04   8.2330296e-06   7.9359791e-05   8.7276416e-05   6.9505230e-05   5.5945266e-07   1.3242001e-05   1.5225497e-04   0.0000000e+00   3.1197364e-05   1.5096103e-06   0.0000000e+00   4.3388271e-05   2.0426070e-04   3.4456645e-05   1.9777877e-07   3.3054988e-08   1.5491560e-05   7.6166849e-01   4.2078658e-01   1.0000000e+00   1.8546887e-02
   3.7834826e-01   6.6927215e-05   3.6097799e-05   0.0000000e+00   1.9452642e-05   5.8909476e-05   4.0709457e-04   3.1292017e-05   1.4779501e-04   2.5674498e-05   6.8265267e-06   4.8032972e-05   1.1905711e-04   1.4293902e-04   2.7285035e-04   1.1428744e-04   2.8688752e-05   8.2894508e-05   4.4095414e-05   1.5722158e-03   5.4336079e-06   3.3054462e-05   4.0787419e-06   1.0296978e-04   8.8310598e-06   1.0643104e-04   0.0000000e+00   4.0191555e-05   1.1321575e-06   3.9757722e-05   3.7834826e-01   8.5811789e-01   1.0000000e+00   1.8528858e-02
   2.4856344e-01   1.4015397e-04   5.8998938e-04   1.3704188e-05   2.9585516e-04   1.5780201e-04   1.9399919e-03   1.4850834e-04   8.4131954e-05   7.9425992e-05   6.4507975e-04   2.5215028e-06   5.2103345e-05   2.2685093e-04   0.0000000e+00   5.8789313e-05   3.9413966e-05   4.0542694e-05   4.3102145e-05   0.0000000e+00   9.8945633e-06   9.7117994e-06   1.3347541e-06   2.8513904e-05   6.9180795e-05   1.2684121e-04   2.1824227e-04   5.9834996e-04   0.0000000e+00   0.0000000e+00   2.4856344e-01   9.4006794e-01   1.0000000e+00   1.8526740e-02
   2.4655483e-01   7.8981183e-05   1.3867450e-04   2.1267170e-04   1.8126207e-06   1.9001045e-04   2.8878164e-04   1.4522538e-05   1.1386598e-04   1.1436452e-04   1.1874455e-04   2.4352173e-05   1.2517718e-04   1.2412898e-05   1.2861186e-04   4.2897352e-05   9.1602058e-06   3.9780382e-04   2.2203229e-05   1.6028748e-03   1.0855701e-03   2.5929336e-04   1.0076330e-05   1.9365543e-07   8.8967755e-06   2.1755970e-04   5.3506594e-04   0.0000000e+00   0.0000000e+00   1.3671873e-05   2.4655483e-01   9.4110949e-01   1.0000000e+00   1.8361385e-02
   9.7441892e-01   1.4268522e-04   0.0000000e+00   7.6417758e-05   1.3641828e-04   2.2838523e-04   2.1502537e-07   8.1557012e-05   2.2652739e-05   3.2479697e-04   1.5349361e-07   2.4073133e-06   1.6481953e-04   4.2372376e-05   2.6257656e-05   2.3904074e-05   2.3117105e-05   4.9841390e-05   4.4183288e-06   2.0940901e-04   0.0000000e+00   1.0433134e-04   2.1165053e-06   1.0265326e-05   5.4206948e-05   2.1113352e-05   0.0000000e+00   1.9311368e-05   1.2062810e-07   3.5307944e-06   9.7441892e-01   5.1581277e-02   1.0000000e+00   1.8244870e-02
   7.1980839e-01   6.4450025e-05   2.1682702e-05   3.7901556e-05   1.9744418e-04   3.9455879e-04   1.6033271e-04   1.4058586e-04   2.9167564e-05   1.1900222e-04   9.5061501e-06   2.0183481e-05   2.1349511e-04   0.0000000e+00   1.1728384e-04   5.6018657e-05   6.2696287e-05   0.0000000e+00   0.0000000e+00   0.0000000e+00   7.3889034e-07   2.8322330e-05   9.4350217e-07   3.1843220e-06   4.6682783e-05   2.2001660e-04   2.5552199e-05   0.0000000e+00   0.0000000e+00   1.1485944e-05   7.1980839e-01   4.8280913e-01   1.0000000e+00   1.8168447e-02
   8.4255636e-01   6.7814945e-06   5.3074339e-04   1.1046382e-04   1.8592412e-06   1.2604278e-04   2.3240078e-03   7.7576242e-05   6.2520351e-05   8.3275125e-06   2.9242563e-04   2.5464646e-05   0.0000000e+00   3.4565212e-04   9.2008764e-05   6.6090730e-05   6.5162350e-05   4.3311572e-05   4.4057518e-05   0.0000000e+00   2.4491584e-05   9.3104986e-06   0.0000000e+00   1.0966271e-05   1.4014990e-05   0.0000000e+00   5.0714230e-05   1.9847943e-04   6.6768104e-07   3.2347848e-05   8.4255636e-01   2.9251902e-01   1.0000000e+00   1.8052541e-02
   6.9419321e-01   5.5585735e-05   1.6494933e-05   1.9040234e-05   1.4220877e-05   6.3626153e-05   2.1070983e-04   9.1056725e-05   0.0000000e+00   1.3060261e-04   4.2262032e-06   2.6027514e-05   3.7004853e-04   9.6468302e-06   8.3628231e-05   5.8546612e-05   6.6342883e-05   1.4888180e-06   1.2421742e-05   1.6552521e-04   0.0000000e+00   3.1113038e-05   1.4611805e-06   0.0000000e+00   4.1910943e-05   2.0404060e-04   3.3867644e-05   3.8260178e-07   1.9216304e-09   1.5821674e-05   6.9419321e-01   5.1889029e-01   1.0000000e+00   1.7947117e-02
   1.0046784e-01   6.0045893e-05   2.4096484e-05   8.4986432e-05   1.0636766e-04   5.7483280e-05   2.8593635e-04   0.0000000e+00   1.0749033e-04   3.3180383e-06   3.0545653e-05   4.9293138e-04   0.0000000e+00   1.6423537e-04   2.0039350e-04   1.4394211e-04   1.8066145e-05   7.4079075e-05   5.2053160e-05   1.9334214e-05   5.6196090e-05   1.7364021e-05   1.8419511e-05   3.2785635e-05   2.0716903e-05   5.4220134e-05   1.1891277e-04   2.5879952e-04   3.7452171e-06   5.7386805e-05   1.0046784e-01   9.9070992e-01   1.0000000e+00   1.7738681e-02
   4.2398565e-01   7.1363765e-06   4.2508749e-04   7.7982594e-04   0.0000000e+00   0.0000000e+00   4.6400099e-04   2.9356657e-05   7.5306645e-05   5.7693150e-05   1.4494094e-05   8.1234018e-05   5.2339632e-05   1.2189603e-04   3.8844501e-04   1.4281394e-04   0.0000000e+00   1.9911795e-05   7.3061205e-05   2.6427072e-04   4.2158010e-07   9.3843191e-05   1.5206518e-05   0.0000000e+00   6.8742273e-05   4.4380900e-04   3.3258077e-04   2.8989610e-04   6.6879100e-07   3.8206261e-05   4.2398565e-01   8.2180299e-01   1.0000000e+00   1.7736241e-02
   7.9497286e-01   6.4494572e-05   0.0000000e+00   5.1291950e-05   1.4073942e-04   1.5524622e-04   1.7526945e-04   1.3356599e-04   8.8073908e-07   1.3011438e-04   4.7274621e-06   2.8145772e-05   3.1426636e-04   8.2306831e-06   6.1485477e-05   6.6433135e-05   6.2872592e-05   1.1275456e-06   1.1223241e-05   2.4305587e-04   4.2196093e-06   5.1021474e-05   2.0271001e-06   1.7816795e-06   3.8058603e-05   2.0103846e-04   4.7938372e-05   3.9319070e-06   6.7883263e-09   1.2401953e-05   7.9497286e-01   3.6903876e-01   1.0000000e+00   1.7701418e-02
   9.2338939e-01   6.8041741e-05   9.8954137e-05   3.2042238e-05   5.1199613e-04   3.3483879e-04   1.0289531e-04   1.2798756e-04   3.8246733e-05   1.6665589e-04   1.4768035e-05   0.0000000e+00   1.7085553e-04   2.0080766e-05   1.0747568e-04   2.7008035e-05   5.2608779e-05   9.4741393e-06   7.2780818e-06   2.7774787e-05   9.4044235e-05   5.7464131e-05   2.2643493e-06   7.9801131e-06   4.0170923e-05   1.1965791e-04   0.0000000e+00   3.3282262e-06   0.0000000e+00   0.0000000e+00   9.2338939e-01   1.4864177e-01   1.0000000e+00   1.7678559e-02
   6.7634211e-01   6.3600436e-05   1.6579906e-04   1.8713800e-04   4.6772279e-04   2.3110420e-04   8.9026316e-05   1.0754836e-04   2.4021084e-05   1.4295743e-04   1.0542469e-05   2.7677626e-05   2.9073868e-04   3.8430971e-06   1.4600165e-04   2.5507000e-05   2.6484850e-05   0.0000000e+00   9.0442401e-06   0.0000000e+00   1.3041039e-04   0.0000000e+00   6.1286238e-06   9.0351333e-06   4.8822194e-05   1.6622158e-04   0.0000000e+00   5.3287451e-05   4.0462599e-08   4.1298526e-06   6.7634211e-01   5.4366329e-01   1.0000000e+00   1.7637126e-02
   7.0346715e-01   1.0447137e-04   1.0639208e-04   2.9245497e-04   4.7135862e-04   2.3023610e-04   1.2195574e-04   1.1698567e-04   2.3812959e-05   1.4556008e-04   0.0000000e+00   3.6251442e-05   2.7526921e-04   1.0112946e-05   1.6533770e-04   3.6896261e-05   2.6871571e-05   0.0000000e+00   4.3050054e-06   4.1320419e-07   1.0509017e-04   2.7074954e-05   6.9082732e-06   1.4111143e-05   3.5048390e-05   1.1963324e-04   6.7226572e-05   1.0619534e-04   1.5135374e-08   0.0000000e+00   7.0346715e-01   5.0636302e-01   1.0000000e+00   1.7393848e-02
   5.9539337e-01   4.2677363e-04   1.1251292e-07   2.3846169e-05   2.4462923e-04   7.0088457e-04   3.4785464e-05   1.1495195e-04   1.8522664e-05   6.0929228e-05   1.1188632e-04   1.1690737e-04   3.4396373e-05   3.5618905e-05   1.4531640e-04   0.0000000e+00   4.1622080e-05   2.6252370e-05   8.0697206e-05   3.4648195e-05   0.0000000e+00   6.6727832e-05   9.3339125e-06   9.1190986e-06   0.0000000e+00   5.5544600e-04   1.6923217e-04   4.6757576e-05   7.6809092e-08   6.5608071e-07   5.9539337e-01   6.4681378e-01   1.0000000e+00   1.7307272e-02
   7.6712131e-01   1.0477131e-04   0.0000000e+00   2.0179279e-04   4.9435680e-04   2.4093948e-04   3.6500235e-04   1.1883893e-04   2.4600480e-05   1.1838200e-04   0.0000000e+00   4.2124776e-05   3.1145482e-04   0.0000000e+00   1.2921579e-04   1.3608049e-05   1.5835640e-05   0.0000000e+00   0.0000000e+00   4.4351069e-06   7.4335125e-05   1.5213499e-05   5.7583221e-06   1.4932864e-05   1.1933556e-05   1.9757709e-04   0.0000000e+00   1.0668652e-04   2.4261419e-08   2.4632086e-06   7.6712131e-01   4.1281329e-01   1.0000000e+00   1.7277414e-02
   5.3535588e-01   6.8351472e-05   2.2288621e-05   2.9741453e-04   3.3470231e-05   1.1717613e-05   2.7168341e-04   1.6243616e-05   1.7965400e-04   6.0904312e-05   6.0828852e-05   1.5208258e-04   1.3466154e-05   1.1334965e-04   2.9254168e-04   1.1198393e-04   2.0312238e-05   6.9016235e-05   1.4580626e-05   1.0230693e-03   4.5301696e-06   0.0000000e+00   2.5918808e-05   7.7048048e-05   2.4490120e-05   5.0581709e-05   3.9819976e-05   0.0000000e+00   2.6020817e-06   4.9683560e-06   5.3535588e-01   7.1461682e-01   1.0000000e+00   1.7247575e-02
   8.1874589e-01   1.3508377e-04   1.0824879e-05   2.6874752e-05   0.0000000e+00   1.8950224e-04   0.0000000e+00   6.5283940e-05   0.0000000e+00   1.3749916e-04   2.5915913e-06   0.0000000e+00   6.6304837e-05   4.2386668e-05   1.7144707e-04   6.6511825e-05   3.0433277e-05   2.8661183e-05   6.7672860e-06   3.8752914e-04   2.8197857e-05   2.2732027e-05   0.0000000e+00   0.0000000e+00   9.8844583e-05   9.5579347e-05   1.2994850e-05   0.0000000e+00   6.6552641e-07   6.7145442e-06   8.1874589e-01   3.3050173e-01   1.0000000e+00   1.6985382e-02
   8.6069561e-01   1.0480228e-04   0.0000000e+00   3.2029698e-05   2.4251443e-04   1.5226060e-04   9.6567896e-05   1.6352233e-04   4.2309580e-05   1.6692655e-04   0.0000000e+00   0.0000000e+00   2.8952601e-04   1.6568288e-06   1.0630792e-04   5.9889833e-05   7.4694012e-05   7.3352620e-06   1.2662489e-05   1.2800707e-05   8.8131237e-06   3.1100445e-05   2.5683210e-06   1.6046092e-05   3.9687015e-05   2.5392543e-04   3.9023081e-05   3.8972523e-06   0.0000000e+00   6.5892767e-06   8.6069561e-01   2.6026571e-01   1.0000000e+00   1.6815005e-02
   9.4126048e-01   1.0259823e-04   6.1212062e-06   3.6849531e-05   1.1705366e-04   2.1590204e-04   1.3278729e-04   6.6637689e-05   1.6523117e-05   3.4924345e-04   5.2030926e-06   0.0000000e+00   1.5294006e-04   4.9218597e-05   0.0000000e+00   4.2404418e-05   1.4471488e-05   4.8883706e-05   9.8323154e-06   1.4472134e-04   0.0000000e+00   1.1380707e-04   0.0000000e+00   6.1228895e-06   4.1443757e-05   2.7095174e-05   5.9779260e-06   2.1943616e-05   0.0000000e+00   2.0596854e-06   9.4126048e-01   1.1504093e-01   1.0000000e+00   1.6728539e-02
   8.1864429e-02   5.5795325e-05   0.0000000e+00   7.9051073e-06   4.3092414e-05   1.8805247e-05   5.9778623e-05   1.7008066e-05   4.1194380e-06   0.0000000e+00   1.5426494e-04   5.5985763e-05   2.9806462e-05   0.0000000e+00   2.3031278e-04   1.9437315e-04   2.4345195e-05   1.1440514e-04   6.7532037e-05   1.3945001e-06   0.0000000e+00   5.3868681e-05   2.3673336e-05   1.8527295e-05   2.5089862e-05   4.4117921e-05   0.0000000e+00   0.0000000e+00   4.3937072e-06   2.9938696e-05   8.1864429e-02   9.9369766e-01   1.0000000e+00   1.6472025e-02
   7.8968463e-01   6.2307934e-05   2.4880830e-05   1.2161201e-05   2.1745402e-05   7.1817558e-05   1.7715742e-04   1.3432347e-04   6.6778375e-06   1.2941964e-04   4.3343014e-06   4.3150271e-05   3.3413759e-04   1.5391259e-05   8.4182554e-05   6.7432577e-05   6.5925844e-05   1.2671498e-05   1.3428248e-05   1.0237335e-04   0.0000000e+00   3.5132212e-05   1.8387473e-06   0.0000000e+00   4.2225636e-05   2.0654537e-04   3.6409855e-05   3.6142348e-07   8.6565496e-09   1.4586584e-05   7.8968463e-01   3.7726499e-01   1.0000000e+00   1.6336074e-02
   5.4847802e-01   1.3181230e-04   4.4266564e-04   9.3923961e-06   1.6963967e-04   9.4761317e-05   2.0772972e-03   7.2827393e-05   9.5928312e-05   6.2189073e-05   6.7895405e-04   8.7497557e-06   1.7515140e-05   7.5217561e-05   0.0000000e+00   9.3310008e-05   6.2511592e-05   4.4166037e-05   8.6958910e-06   1.3651696e-05   1.2725826e-05   2.5140141e-05   7.9112924e-06   4.0745394e-05   7.2309591e-05   3.0723281e-05   1.7870660e-04   2.4890103e-04   4.6557451e-07   0.0000000e+00   5.4847802e-01   7.0109966e-01   1.0000000e+00   1.6272690e-02
   8.8163947e-01   1.0348152e-04   8.6992999e-05   2.4394861e-04   5.0041477e-04   2.4282573e-04   1.7609142e-04   1.2031613e-04   2.6862887e-05   1.3403663e-04   9.5176812e-06   4.3163459e-05   3.0688967e-04   0.0000000e+00   1.3059701e-04   1.3398490e-05   2.6977472e-05   6.0222048e-06   1.0344943e-06   3.5521833e-05   6.5891075e-05   1.5399156e-05   6.8969180e-06   1.4374163e-05   3.1380054e-05   1.9248678e-04   0.0000000e+00   5.7834906e-05   4.4441783e-08   1.1131433e-06   8.8163947e-01   2.2414186e-01   1.0000000e+00   1.6060170e-02
   3.6992832e-01   6.6314276e-05   3.6841537e-05   1.8712421e-06   9.5251034e-06   6.4323037e-05   4.7187464e-04   2.8312968e-05   1.5005390e-04   2.2530414e-05   0.0000000e+00   4.9429725e-05   1.0967406e-05   1.5740720e-04   2.6925404e-04   1.1726944e-04   2.8715309e-05   8.2206176e-05   4.3071008e-05   1.4908975e-03   0.0000000e+00   2.0135301e-05   2.9473042e-06   8.9410414e-05   7.6106246e-06   1.1048077e-04   9.7773048e-07   2.0806452e-04   1.2224835e-06   3.9335323e-05   3.6992832e-01   8.6441631e-01   1.0000000e+00   1.6012536e-02
   8.6958534e-01   6.6724162e-05   9.6335596e-05   4.4936661e-05   3.5442530e-04   2.8934923e-04   1.2489161e-04   1.3227515e-04   3.9868268e-05   1.5713931e-04   1.2482654e-05   0.0000000e+00   1.7087536e-04   1.9399252e-05   1.0921857e-04   2.7007654e-05   4.2890248e-05   6.1240853e-06   7.9696174e-06   2.3573570e-05   8.6998575e-05   4.1955951e-05   2.6293999e-06   7.6803090e-06   3.9824258e-05   1.1514511e-04   0.0000000e+00   9.0623719e-06   6.7909860e-09   3.6938519e-07   8.6958534e-01   2.4492697e-01   1.0000000e+00   1.5540499e-02
   8.9944811e-01   1.0451393e-04   3.7775998e-08   2.5771465e-05   2.4231847e-04   9.3650139e-05   9.4831964e-05   1.5434125e-04   4.8437753e-05   1.5421083e-04   0.0000000e+00   0.0000000e+00   2.9228817e-04   1.4939307e-06   1.0635541e-04   6.5228343e-05   7.5031342e-05   7.4344969e-06   1.2509739e-05   1.4788578e-05   5.6675085e-06   3.2185723e-05   2.2738375e-06   1.7889682e-05   3.8683642e-05   2.6915856e-04   3.7822036e-05   4.2604726e-06   8.6672496e-09   6.4160201e-06   8.9944811e-01   1.9206379e-01   1.0000000e+00   1.5354776e-02
   9.4304667e-01   1.2733121e-04   8.0817868e-06   5.7679298e-05   1.9103924e-04   2.3011833e-04   0.0000000e+00   9.5895590e-05   2.4146536e-05   3.2521327e-04   2.0045128e-07   2.2850742e-06   1.6591120e-04   4.4913865e-05   0.0000000e+00   3.9296910e-05   1.0350983e-05   5.7451558e-05   3.8313537e-06   2.2174375e-04   6.7766368e-06   9.6407552e-05   8.5406340e-08   1.0432599e-05   5.8079359e-05   1.0219101e-05   0.0000000e+00   2.0749171e-05   3.6612809e-08   0.0000000e+00   9.4304667e-01   1.1172298e-01   1.0000000e+00   1.5251949e-02
   8.7606809e-01   1.3827759e-04   3.7733993e-06   0.0000000e+00   8.0842825e-06   1.1093455e-04   1.1258540e-04   2.2609853e-04   6.0594734e-05   1.4161282e-04   0.0000000e+00   0.0000000e+00   1.7182391e-04   4.7098619e-05   8.3086140e-05   5.0560533e-05   9.8514933e-05   1.1461278e-07   9.5754682e-06   0.0000000e+00   1.4276896e-05   0.0000000e+00   0.0000000e+00   0.0000000e+00   3.9072401e-05   9.4650543e-05   9.1132557e-06   7.6717380e-05   5.7065443e-07   1.5147330e-05   8.7606809e-01   2.3333408e-01   1.0000000e+00   1.5211794e-02
   5.3724499e-01   4.4880009e-05   2.0048426e-05   1.8638063e-04   2.9404828e-05   0.0000000e+00   4.4282815e-04   4.8091412e-06   2.1834948e-04   5.6233680e-05   5.0202686e-05   1.2379746e-04   0.0000000e+00   1.2155382e-04   2.3805070e-04   1.6222283e-04   2.7555713e-05   5.4584069e-05   2.0663626e-05   9.8322910e-04   4.7300370e-06   3.1256053e-06   1.7666942e-05   9.1342899e-05   0.0000000e+00   5.8105807e-05   5.8576869e-05   1.5471013e-07   2.8596059e-06   5.5273790e-06   5.3724499e-01   7.1257808e-01   1.0000000e+00   1.5192443e-02
   6.7097255e-01   5.4660937e-04   3.7701570e-06   3.5377685e-06   1.3523034e-04   7.2005852e-04   5.6913975e-06   1.1730037e-04   2.4350496e-05   5.4529978e-05   1.5058615e-04   9.7233610e-05   6.6317736e-05   3.1885679e-05   1.5413018e-04   4.3029321e-05   3.5505480e-05   2.8644638e-06   5.9874067e-05   0.0000000e+00   4.9842193e-05   5.1204832e-05   1.3031447e-05   0.0000000e+00   5.7810475e-06   5.0219697e-04   1.7213229e-04   4.4436155e-05   1.9063875e-07   0.0000000e+00   6.7097255e-01   5.5118671e-01   1.0000000e+00   1.5167286e-02
