   0.0000000e+00   2.9665147e-07   3.4068734e-05   4.7939842e-06   5.4742223e-06   9.5177445e-06   0.0000000e+00   2.9637719e-08   1.8672049e-04   0.0000000e+00   1.0549172e-05   8.5857288e-05   0.0000000e+00   1.8677746e-05   0.0000000e+00   0.0000000e+00   2.8784831e-07   1.4969946e-04   1.3768464e-05   6.2976770e-06   0.0000000e+00   0.0000000e+00   6.9113153e-06   9.2212901e-06   0.0000000e+00   1.1382161e-04   1.1329693e-04   0.0000000e+00   5.9488114e-06   0.0000000e+00   0.0000000e+00   1.0002406e+00   1.0000000e+00             Inf
   1.0000000e+00   2.4063696e-06   7.9296894e-08   1.5033678e-04   1.3589594e-04   3.3862901e-08   1.5920670e-06   3.8868096e-08   3.0614474e-05   0.0000000e+00   7.7663554e-05   2.5058351e-04   0.0000000e+00   7.1262802e-05   0.0000000e+00   0.0000000e+00   2.8741379e-05   1.3173236e-04   1.6829220e-05   1.0341195e-05   1.0843762e-04   0.0000000e+00   2.2250995e-05   5.7674517e-05   6.3392323e-05   7.6355207e-05   1.6641862e-04   1.3480472e-04   5.9846258e-06   0.0000000e+00   1.0000000e+00   9.5778672e-04   1.0000000e+00             Inf
   6.7565182e-01   2.4961978e-07   1.7306610e-06   1.1144887e-05   7.3756546e-05   3.1672209e-07   5.9048442e-05   4.9979202e-08   5.4779650e-05   1.4986354e-04   2.0081192e-05   2.6600795e-04   2.8733227e-04   3.5158030e-06   8.5751990e-04   2.6330790e-04   9.4957656e-06   4.0176749e-05   3.4671603e-05   7.5504285e-06   3.8893195e-04   7.8846584e-04   7.9297255e-05   1.6279472e-04   2.6353380e-03   2.7256441e-05   1.8405490e-04   3.0419869e-04   2.6629885e-04   0.0000000e+00   6.7565182e-01   5.4664632e-01   1.0000000e+00   1.2494509e-01
   6.3810501e-01   0.0000000e+00   4.8102667e-06   1.7067893e-05   1.0740947e-05   2.8061929e-06   4.1673542e-05   3.1658512e-08   5.2633814e-06   2.5807108e-04   1.2704029e-05   8.0415439e-05   2.7755348e-04   8.4067868e-06   3.3587296e-04   7.7987980e-05   0.0000000e+00   2.4132621e-05   1.5157984e-04   6.9259402e-05   4.8929626e-04   3.3963156e-04   1.4455012e-06   1.0866034e-04   4.1372408e-04   1.9898806e-04   1.1138541e-04   3.0985437e-04   4.0013024e-04   0.0000000e+00   6.3810501e-01   5.9445976e-01   1.0000000e+00   9.0932913e-02
   7.3976809e-01   9.7350143e-08   2.0901309e-06   1.1315651e-04   5.9377599e-05   2.0169355e-08   1.1557343e-04   0.0000000e+00   6.2066862e-05   1.2617263e-04   1.6823525e-06   0.0000000e+00   4.7500384e-05   0.0000000e+00   8.9644571e-06   2.1518041e-05   2.1877877e-05   1.0752282e-04   6.9345724e-05   1.4498506e-06   1.0006407e-04   1.7983254e-05   1.6477040e-04   4.1964506e-07   1.0727189e-03   2.3040240e-04   3.4778506e-04   0.0000000e+00   7.4709709e-05   0.0000000e+00   7.3976809e-01   4.5407156e-01   1.0000000e+00   5.6062565e-02
   7.6143417e-01   6.3634855e-08   0.0000000e+00   1.8390579e-04   6.2931740e-05   1.0152489e-08   9.6275477e-05   4.3086981e-08   9.0849839e-05   1.4496385e-04   0.0000000e+00   1.3681267e-04   3.6214159e-05   6.2299745e-06   0.0000000e+00   2.2351444e-05   9.9491855e-06   8.3157068e-05   5.5936531e-05   0.0000000e+00   7.0878465e-05   1.1008304e-05   7.0286081e-05   8.7986603e-06   3.8425050e-04   2.6097170e-04   3.1796061e-04   8.5539774e-04   1.2179740e-04   0.0000000e+00   7.6143417e-01   4.2170355e-01   1.0000000e+00   5.4593174e-02
   6.9157741e-01   4.1815337e-08   1.8495943e-07   1.1677519e-04   6.7288279e-05   1.3328304e-07   1.3265254e-04   3.3663207e-08   1.0674491e-04   2.3506754e-04   4.1951754e-06   1.3792213e-04   0.0000000e+00   0.0000000e+00   0.0000000e+00   2.5512188e-05   7.8270769e-06   1.0472049e-04   9.0985857e-05   0.0000000e+00   6.2605642e-05   0.0000000e+00   6.5049077e-05   4.4940763e-06   4.3035040e-04   1.8904585e-04   3.0287865e-04   6.7124061e-04   1.1715774e-04   0.0000000e+00   6.9157741e-01   5.2303833e-01   1.0000000e+00   5.0935891e-02
   7.1085974e-01   1.2198094e-07   4.7912259e-06   1.3193934e-04   1.0061838e-04   1.4409021e-07   1.2829329e-04   1.9706306e-08   1.3283543e-04   1.7272227e-04   2.5240126e-05   1.7998559e-05   4.7505652e-05   9.5011263e-06   2.4752717e-05   2.0560709e-05   1.6705087e-05   9.7416604e-05   6.9624986e-05   0.0000000e+00   9.0130589e-05   8.4121631e-05   8.1694467e-05   1.4141898e-05   5.2352694e-04   2.3599400e-04   3.1576160e-04   2.6897407e-04   8.7410371e-05   0.0000000e+00   7.1085974e-01   4.9594062e-01   1.0000000e+00   5.0684724e-02
   5.2956715e-01   2.0312545e-06   0.0000000e+00   8.3511591e-05   8.9855905e-05   7.5708770e-07   3.0644956e-05   7.2620791e-08   2.4560752e-04   0.0000000e+00   1.1832137e-04   4.4098272e-05   2.0212385e-05   2.1001311e-05   6.7266249e-05   0.0000000e+00   8.5516014e-05   1.4748327e-04   0.0000000e+00   3.0461774e-04   1.0127149e-04   5.9149073e-04   4.4986535e-04   2.3372154e-06   1.9628275e-04   0.0000000e+00   2.8552020e-04   1.4498401e-04   6.7644613e-05   0.0000000e+00   5.2956715e-01   7.2079041e-01   1.0000000e+00   4.8070770e-02
   6.9620123e-01   8.6976668e-08   9.4726142e-06   0.0000000e+00   5.5792291e-05   1.4241361e-05   4.8553979e-05   9.0877092e-08   9.2883324e-05   1.2003530e-04   2.7672135e-06   9.9267641e-06   1.7617699e-04   0.0000000e+00   2.0233409e-06   1.1596525e-04   3.6429503e-05   0.0000000e+00   0.0000000e+00   0.0000000e+00   2.5547113e-04   3.4486190e-06   3.5658039e-05   8.8189310e-06   3.1194896e-04   3.9834029e-05   5.5355384e-04   1.6109080e-04   6.8272858e-05   0.0000000e+00   6.9620123e-01   5.1628163e-01   1.0000000e+00   4.6399478e-02
   6.6150456e-02   0.0000000e+00   2.5860752e-06   3.5752745e-05   1.6308426e-04   6.3844154e-09   1.8837570e-05   2.8113046e-08   1.7805314e-04   4.4524999e-05   4.4295968e-07   1.3392880e-04   1.1649339e-04   7.3526568e-06   8.4333397e-05   2.0489840e-05   6.5402437e-06   1.4380795e-04   5.7149428e-06   1.1488444e-04   8.8436479e-05   7.0463262e-06   0.0000000e+00   3.2815799e-06   9.4637731e-05   5.3240092e-06   0.0000000e+00   0.0000000e+00   8.3142999e-05   0.0000000e+00   6.6150456e-02   9.9604764e-01   1.0000000e+00   4.5986231e-02
   5.9408096e-01   6.3483590e-06   2.8438652e-05   1.2706025e-05   8.0434766e-05   1.3333133e-05   5.9026425e-07   1.9026938e-07   3.4913123e-05   2.6742305e-04   1.7133472e-04   6.1354166e-04   1.2067392e-05   2.2151106e-05   1.4771710e-04   0.0000000e+00   5.9745296e-06   0.0000000e+00   0.0000000e+00   9.6712766e-04   1.7798663e-05   0.0000000e+00   4.2576674e-04   1.8429462e-05   3.8690602e-04   2.1382466e-05   2.7134754e-04   0.0000000e+00   7.7714449e-06   0.0000000e+00   5.9408096e-01   6.4855110e-01   1.0000000e+00   4.3001055e-02
   9.6325508e-02   4.2877506e-13   2.1565980e-06   3.5746413e-05   1.5203047e-04   0.0000000e+00   2.2440012e-05   2.8980278e-08   1.7026261e-04   3.2773127e-05   0.0000000e+00   1.3501696e-04   1.2148521e-04   9.6049735e-06   9.0841370e-05   2.3974635e-05   6.3931440e-06   1.4555987e-04   5.3662945e-06   1.3187670e-04   8.7740994e-05   2.5319156e-05   0.0000000e+00   2.9814340e-06   1.1774108e-04   9.5839976e-06   0.0000000e+00   0.0000000e+00   8.3832754e-05   0.0000000e+00   9.6325508e-02   9.9116390e-01   1.0000000e+00   3.8677432e-02
   5.4587404e-01   9.5875326e-08   4.6299136e-07   1.6184420e-04   6.2537053e-05   0.0000000e+00   1.1080171e-04   3.4895904e-08   1.0137573e-04   1.7685734e-04   4.4799451e-06   1.4976243e-04   0.0000000e+00   1.4236101e-06   1.6769801e-05   1.2083235e-05   1.2986732e-05   9.6958891e-05   9.6049988e-05   0.0000000e+00   7.8333156e-05   1.6170515e-05   4.8477379e-05   1.3627533e-05   5.3685485e-04   2.2909635e-04   2.4727968e-04   6.7115758e-04   1.3273345e-04   0.0000000e+00   5.4587404e-01   7.0322099e-01   1.0000000e+00   3.6039899e-02
   6.2210028e-01   4.5918250e-06   2.7255826e-05   6.6331811e-05   7.8709227e-05   1.4596080e-05   2.2060148e-05   2.0102081e-07   0.0000000e+00   2.5734279e-04   3.0207110e-04   3.8874527e-04   7.5028348e-06   1.1855112e-05   1.8194331e-04   8.9774450e-06   5.6078968e-06   1.2795883e-04   3.8202019e-05   6.2642530e-04   0.0000000e+00   9.1992155e-05   3.9271767e-04   6.5494542e-05   4.1566133e-04   9.5146095e-05   3.1134203e-04   0.0000000e+00   3.5040785e-05   0.0000000e+00   6.2210028e-01   6.1453082e-01   1.0000000e+00   3.4473384e-02
   2.9473744e-01   2.5894770e-06   4.0671726e-06   8.2695706e-05   8.3779624e-05   4.1213459e-07   2.2156939e-05   7.0755934e-08   2.4835837e-04   4.8650976e-06   9.3218762e-05   5.4509302e-05   2.0558134e-05   2.0830641e-05   0.0000000e+00   2.5117297e-05   8.3788404e-05   1.6564088e-04   3.0612232e-06   2.8016534e-04   1.3165595e-04   5.9385030e-04   8.3928723e-04   0.0000000e+00   2.2916482e-04   0.0000000e+00   2.3725043e-04   1.4185844e-04   8.1384634e-05   0.0000000e+00   2.9473744e-01   9.1429355e-01   1.0000000e+00   3.4413085e-02
   6.0203162e-01   3.7982020e-06   2.2266343e-05   1.3650257e-04   8.0964118e-05   1.8383690e-05   3.3116325e-05   2.1497378e-07   2.8249969e-05   9.3938620e-05   2.7226103e-04   6.3487642e-04   7.5660807e-06   1.4085211e-05   1.9430566e-04   2.8197987e-06   0.0000000e+00   2.0416115e-04   2.9754274e-05   5.4545276e-04   8.3285970e-07   3.3342621e-04   5.3685832e-04   4.3500962e-05   3.1575582e-04   3.7557290e-05   3.0615951e-04   1.9051165e-05   1.6669596e-05   0.0000000e+00   6.0203162e-01   6.3922016e-01   1.0000000e+00   3.4374228e-02
   8.4233096e-01   1.3617979e-08   8.3721168e-06   1.0265141e-04   3.9291368e-05   3.7490648e-07   4.8480062e-05   8.5165749e-10   1.5199936e-04   8.9618263e-05   1.1518616e-05   8.6145727e-05   2.3484141e-04   1.8144305e-06   3.3078049e-05   6.1071041e-06   1.7810577e-05   1.7782223e-05   2.7854270e-05   2.9772140e-05   1.2279109e-04   0.0000000e+00   1.4480073e-04   2.7827982e-05   4.3259103e-04   3.2506753e-06   2.6099610e-04   7.3583255e-04   2.4030809e-05   0.0000000e+00   8.4233096e-01   2.9188912e-01   1.0000000e+00   3.4298768e-02
   7.1735454e-01   2.2110979e-07   5.8871403e-06   6.4475744e-05   5.6452487e-05   0.0000000e+00   1.3593977e-04   0.0000000e+00   4.4455263e-05   1.1914683e-04   0.0000000e+00   2.4251883e-07   4.8597347e-05   0.0000000e+00   0.0000000e+00   1.8697323e-05   2.2234100e-05   1.8513983e-04   6.4773904e-05   1.5703636e-06   1.0000568e-04   3.2878518e-05   9.0546094e-05   2.8197861e-06   1.1903268e-03   2.2635633e-04   2.8334385e-04   1.5305097e-04   6.6081927e-05   0.0000000e+00   7.1735454e-01   4.8677140e-01   1.0000000e+00   3.3753948e-02
   9.0631748e-01   4.2150726e-06   1.8272337e-05   0.0000000e+00   0.0000000e+00   4.5634981e-06   5.1812866e-05   1.6953839e-08   9.1201383e-05   1.7605086e-04   2.8272988e-05   1.0874427e-04   5.7892047e-05   6.1658955e-06   0.0000000e+00   6.6120757e-05   1.8763796e-05   1.2104483e-04   6.8870839e-04   0.0000000e+00   3.1695867e-04   0.0000000e+00   1.1433300e-04   0.0000000e+00   1.0235753e-03   8.4074174e-06   5.0467066e-04   1.6978428e-04   1.0322597e-04   0.0000000e+00   9.0631748e-01   1.8066932e-01   1.0000000e+00   3.1316767e-02
   6.0976898e-01   1.0994559e-07   4.3976571e-06   9.0667000e-05   1.8525715e-05   1.4490535e-08   3.2165520e-05   2.5939816e-08   5.4736922e-05   5.8603382e-04   5.9785284e-06   2.0099127e-04   3.1202382e-04   8.1011814e-06   3.2923908e-04   7.4444684e-05   4.9159156e-06   5.3572797e-05   1.0272741e-04   1.5337007e-04   2.7829010e-04   2.9381627e-04   1.1434336e-06   1.2628067e-04   5.5005390e-04   1.1259874e-04   1.0776583e-04   3.9034707e-04   9.3894942e-05   0.0000000e+00   6.0976898e-01   6.2987830e-01   1.0000000e+00   3.0982241e-02
   9.7402115e-01   2.0186420e-06   0.0000000e+00   1.7883612e-06   6.8267227e-05   4.2009155e-05   1.0289769e-04   9.4725968e-08   1.5132043e-04   2.0385017e-04   1.0864101e-07   1.0145844e-04   2.0039514e-04   4.6956188e-07   2.9970690e-04   2.2195129e-05   2.5124749e-05   1.1510921e-04   4.0466706e-06   2.5163629e-05   1.2884131e-04   1.2960895e-05   8.6333024e-05   7.6261374e-06   6.0724980e-04   0.0000000e+00   3.0943011e-04   6.2895220e-04   7.9608768e-05   0.0000000e+00   9.7402115e-01   5.3233465e-02   1.0000000e+00   3.0849489e-02
   2.8517206e-01   0.0000000e+00   4.3713044e-05   2.1298549e-07   3.7367524e-05   1.4903389e-05   0.0000000e+00   5.1922519e-08   1.5356998e-04   2.1558693e-05   2.7534865e-06   0.0000000e+00   0.0000000e+00   1.8875439e-05   2.4800032e-05   4.9339013e-07   0.0000000e+00   1.4127088e-04   5.4029621e-06   1.9474965e-07   7.1172919e-08   1.5678464e-06   2.0210980e-04   0.0000000e+00   0.0000000e+00   1.4074087e-04   8.2797984e-05   7.6344252e-08   9.9580454e-06   0.0000000e+00   2.8517206e-01   9.1897975e-01   1.0000000e+00   3.0093283e-02
   7.2479936e-01   7.1772652e-08   0.0000000e+00   1.8800565e-04   6.3221108e-05   9.7920787e-09   9.6455935e-05   4.2209612e-08   9.0019298e-05   1.3321082e-04   0.0000000e+00   1.3681762e-04   3.6905747e-05   1.1821997e-05   0.0000000e+00   2.2894040e-05   1.0814086e-05   7.7948107e-05   5.0285381e-05   0.0000000e+00   7.1130009e-05   1.1023632e-05   6.8046144e-05   8.8645156e-06   3.9611345e-04   2.4383326e-04   3.0993940e-04   9.6241950e-04   1.2626173e-04   0.0000000e+00   7.2479936e-01   4.7614051e-01   1.0000000e+00   2.9820891e-02
   7.8714222e-01   1.3056709e-07   4.2605030e-06   1.7659658e-04   8.8378235e-05   0.0000000e+00   1.2302261e-04   1.9405361e-08   1.0968575e-04   1.7536116e-04   2.6110473e-05   3.3845775e-05   4.7294909e-05   1.0424268e-05   6.2522931e-05   2.0550558e-05   1.5115127e-05   9.5816001e-05   7.5972376e-05   1.4856236e-05   0.0000000e+00   9.0778124e-05   6.5308072e-05   0.0000000e+00   5.1330321e-04   2.4199886e-04   4.1692840e-04   2.1221600e-04   1.2071642e-05   0.0000000e+00   7.8714222e-01   3.8172992e-01   1.0000000e+00   2.9730212e-02
   3.0690650e-01   0.0000000e+00   1.3501394e-06   3.9374720e-05   1.5132121e-04   8.5732496e-09   2.2666649e-05   2.5143877e-08   2.2299231e-04   8.4573846e-05   0.0000000e+00   1.2207571e-04   3.8550036e-06   6.5202359e-06   1.3838517e-04   0.0000000e+00   1.1326890e-05   1.3243060e-04   3.8287538e-05   1.6631410e-05   1.7128798e-04   0.0000000e+00   2.1319142e-05   2.4807788e-05   0.0000000e+00   0.0000000e+00   1.6181352e-04   1.3444686e-05   9.3281257e-05   0.0000000e+00   3.0690650e-01   9.0631020e-01   1.0000000e+00   2.9492530e-02
   4.2184395e-01   1.0422801e-06   1.3911278e-05   0.0000000e+00   1.5772885e-04   3.2510686e-06   1.1445796e-05   3.8901430e-09   1.8895098e-05   3.5554438e-05   1.6716482e-04   2.2662067e-04   7.0632029e-05   1.4060985e-05   0.0000000e+00   4.6358569e-05   4.0761460e-05   9.5787027e-05   0.0000000e+00   3.7613081e-04   7.6310885e-05   4.0253792e-04   4.6992698e-04   0.0000000e+00   1.8526930e-04   1.6540075e-04   1.9576870e-04   2.6197891e-04   4.1437563e-05   0.0000000e+00   4.2184395e-01   8.2317274e-01   1.0000000e+00   2.8881175e-02
   5.5574829e-01   4.2667840e-06   2.2581294e-05   8.8392470e-05   1.1796119e-04   1.0235194e-05   1.3865702e-05   1.7835929e-07   3.0944367e-05   2.2195488e-04   2.2597700e-04   4.8154728e-04   0.0000000e+00   1.6025044e-05   2.1166473e-04   3.2692192e-05   2.5768393e-07   1.2662534e-04   4.5540922e-06   6.0730256e-04   0.0000000e+00   1.7860185e-04   3.4478894e-04   1.3869559e-05   2.3637309e-04   4.2324442e-05   3.8794555e-04   5.2881006e-05   4.8738475e-05   0.0000000e+00   5.5574829e-01   6.9257432e-01   1.0000000e+00   2.8793622e-02
   3.4028505e-01   0.0000000e+00   1.6514645e-06   3.5814392e-05   1.8024714e-04   0.0000000e+00   2.3315110e-05   3.1232270e-08   2.2792761e-04   4.9481095e-05   1.1959111e-05   9.7646171e-05   1.5886152e-04   5.7790048e-06   0.0000000e+00   0.0000000e+00   9.2622503e-06   1.6852816e-04   4.1756320e-05   5.9566085e-05   7.1411156e-05   0.0000000e+00   2.6036104e-05   0.0000000e+00   0.0000000e+00   1.9184199e-06   3.2715513e-05   1.8918252e-05   8.0390112e-05   0.0000000e+00   3.4028505e-01   8.8465735e-01   1.0000000e+00   2.8742128e-02
   7.7712480e-01   4.2387622e-07   1.5531425e-06   9.6480996e-05   0.0000000e+00   8.7249779e-08   2.1544760e-04   3.8830184e-12   3.7811915e-05   0.0000000e+00   3.5705880e-05   1.6028971e-04   2.9670228e-04   3.4466349e-06   2.9545131e-04   1.5450307e-04   7.5111129e-06   8.4895819e-05   0.0000000e+00   3.6069089e-04   4.2210832e-04   3.9747127e-04   1.1656864e-04   9.4357570e-05   5.2041715e-04   9.8315374e-05   3.6049803e-04   6.9877213e-05   1.0017014e-04   0.0000000e+00   7.7712480e-01   3.9803277e-01   1.0000000e+00   2.7982504e-02
   5.8236309e-01   1.3492565e-06   0.0000000e+00   1.0895921e-04   3.3091968e-05   0.0000000e+00   8.4357857e-05   0.0000000e+00   6.5104989e-05   2.3524258e-04   1.2391199e-06   0.0000000e+00   4.3482121e-05   0.0000000e+00   5.3980270e-05   0.0000000e+00   2.1980149e-05   1.0322681e-04   2.4744157e-04   0.0000000e+00   1.0975734e-04   1.1961900e-04   2.1338556e-04   0.0000000e+00   2.0158415e-03   1.8447832e-04   3.1046268e-04   0.0000000e+00   9.7183058e-05   0.0000000e+00   5.8236309e-01   6.6253594e-01   1.0000000e+00   2.7965706e-02
   6.3117680e-01   1.0241053e-08   3.5322897e-08   1.1140344e-04   1.0453507e-04   3.1762857e-07   1.7394598e-04   7.3950171e-09   7.8965759e-05   1.5617952e-04   6.8592813e-07   0.0000000e+00   0.0000000e+00   4.2954874e-06   1.1859007e-04   0.0000000e+00   1.5081166e-05   7.7234012e-05   8.0976446e-05   0.0000000e+00   1.0981879e-04   1.0666521e-05   3.8683834e-05   2.4492143e-05   9.0835343e-04   3.5909545e-04   3.7712392e-04   2.3026979e-04   6.1461617e-05   0.0000000e+00   6.3117680e-01   6.0293576e-01   1.0000000e+00   2.7921144e-02
   6.1603094e-01   5.7240771e-07   3.2584890e-06   1.8970040e-05   4.2517535e-05   0.0000000e+00   4.3392728e-05   3.2892262e-08   6.6022061e-05   5.2136594e-04   1.1565946e-06   8.1825119e-05   2.7589633e-04   2.0280063e-06   3.4264763e-04   6.8359917e-05   1.7259427e-07   6.5806160e-05   9.6814434e-05   1.1868446e-04   3.5456859e-04   3.2791840e-04   1.4272335e-05   1.0544117e-04   6.9364302e-04   1.3752514e-04   1.4906928e-04   4.6334526e-04   7.8675100e-05   0.0000000e+00   6.1603094e-01   6.2224942e-01   1.0000000e+00   2.7689796e-02
   8.5161426e-01   6.2607815e-07   2.5336994e-06   7.6981201e-06   1.0265217e-04   4.7265805e-07   6.4194954e-05   4.7729727e-08   6.0580946e-05   1.6201136e-04   4.1846194e-05   2.7297717e-04   3.5032548e-04   4.8729899e-06   7.4305992e-04   2.4930193e-04   1.0863680e-05   8.9813886e-06   3.8573038e-05   1.2287418e-05   3.2718343e-04   7.8873119e-04   7.9021116e-05   2.0957954e-04   1.3357918e-03   3.1655478e-05   2.4545092e-04   2.3445446e-04   1.7439930e-04   0.0000000e+00   8.5161426e-01   2.7772802e-01   1.0000000e+00   2.6891323e-02
   4.5469755e-01   5.4112295e-07   5.6226534e-06   1.1465184e-05   1.3920011e-06   3.0075052e-06   4.1386593e-05   2.8749728e-08   0.0000000e+00   2.4220216e-04   1.5323894e-08   8.1048115e-05   3.1990608e-04   0.0000000e+00   3.9293398e-04   8.5497273e-05   1.4053015e-07   4.6887890e-05   1.3033455e-04   9.9956092e-05   5.2221444e-04   2.6955840e-04   0.0000000e+00   1.0723633e-04   4.0649510e-04   1.8817366e-04   1.3545604e-04   3.4323102e-04   4.0018575e-04   0.0000000e+00   4.5469755e-01   7.9468605e-01   1.0000000e+00   2.6732704e-02
   9.0183260e-01   5.2014110e-07   3.5060591e-06   5.8723971e-06   6.3358354e-05   3.0376767e-05   7.6251575e-05   1.0601214e-07   1.2033528e-04   1.7307957e-04   0.0000000e+00   7.5696696e-06   1.7261714e-04   0.0000000e+00   1.2720786e-04   4.8804105e-07   1.7609863e-05   8.7186037e-05   0.0000000e+00   0.0000000e+00   1.4554768e-04   0.0000000e+00   1.4919929e-04   1.1656231e-05   4.9804352e-04   0.0000000e+00   3.3922431e-04   6.1834074e-04   5.3228578e-05   0.0000000e+00   9.0183260e-01   1.8821756e-01   1.0000000e+00   2.6317164e-02
   2.0554790e-01   7.0016901e-08   0.0000000e+00   4.0048137e-05   1.9019959e-04   0.0000000e+00   2.6842851e-06   3.4892004e-08   1.4141986e-04   8.4630887e-06   1.3472358e-05   8.6949318e-05   9.8464249e-05   2.6091341e-05   0.0000000e+00   3.9314509e-05   1.3527989e-07   1.6430733e-04   2.6975575e-05   5.1999605e-05   5.1707505e-05   0.0000000e+00   1.1867590e-06   1.5607042e-06   2.1420934e-04   0.0000000e+00   4.3624553e-06   1.5342348e-04   1.0337627e-04   0.0000000e+00   2.0554790e-01   9.5820951e-01   1.0000000e+00   2.5706617e-02
   2.2051692e-01   2.5891443e-07   2.6144670e-06   1.0725910e-04   2.0151032e-04   9.1630878e-07   8.1873867e-07   8.3265596e-08   1.2606431e-04   0.0000000e+00   2.3845844e-05   9.9500698e-05   1.3480331e-04   2.2590741e-05   1.8239746e-04   0.0000000e+00   3.3398465e-06   1.4421902e-04   2.4376450e-06   1.5615738e-04   8.2909880e-05   1.0636370e-04   3.8120646e-05   0.0000000e+00   0.0000000e+00   1.2614891e-05   0.0000000e+00   1.6387571e-04   6.4285920e-07   0.0000000e+00   2.2051692e-01   9.5189732e-01   1.0000000e+00   2.5576738e-02
   4.4464320e-02   3.1345370e-07   3.7595559e-05   0.0000000e+00   5.4755291e-06   7.5793614e-06   1.3886498e-06   3.3019692e-08   1.8758346e-04   0.0000000e+00   7.5986705e-06   1.1084399e-04   0.0000000e+00   4.0605428e-05   0.0000000e+00   3.8110322e-05   3.5423753e-07   1.7931569e-04   1.8736177e-05   0.0000000e+00   1.0987451e-04   4.2557410e-06   6.8350990e-06   9.1799602e-06   3.0295327e-05   1.1182214e-04   1.2868275e-04   0.0000000e+00   3.5860842e-06   0.0000000e+00   4.4464320e-02   9.9834634e-01   1.0000000e+00   2.5185318e-02
   4.9069630e-01   2.2937926e-07   1.0498311e-05   6.4489424e-04   7.6830656e-05   8.1930245e-06   6.2646815e-06   1.8181509e-07   4.3464287e-05   6.6717816e-04   1.2005433e-04   8.0040057e-05   4.4293187e-05   2.9834832e-06   5.2563966e-04   5.4786750e-05   3.8767024e-05   5.4409246e-04   1.3866023e-04   5.9797338e-04   5.4145876e-06   3.1308789e-03   1.8916864e-04   2.0745023e-04   0.0000000e+00   1.3862749e-04   5.4427971e-05   1.0074145e-04   7.4919952e-05   0.0000000e+00   4.9069630e-01   7.6210642e-01   1.0000000e+00   2.5178955e-02
   1.3164799e-01   2.2853386e-08   3.6343808e-09   0.0000000e+00   1.4888847e-04   0.0000000e+00   0.0000000e+00   3.7654846e-08   1.5868956e-04   9.7059183e-06   1.3734768e-05   6.7484990e-05   1.6097310e-04   1.9873645e-05   5.6457739e-05   2.1114452e-05   8.9076060e-08   1.9400266e-04   2.3338386e-05   1.9226124e-04   1.2064932e-04   0.0000000e+00   0.0000000e+00   2.5279963e-06   0.0000000e+00   1.5987450e-05   0.0000000e+00   1.2217726e-04   4.7679791e-05   0.0000000e+00   1.3164799e-01   9.8310315e-01   1.0000000e+00   2.4911035e-02
   1.1777786e-01   1.8523966e-07   5.2913973e-06   3.3963474e-05   1.6316700e-04   2.3651125e-07   2.0117256e-05   2.9379998e-08   1.5956366e-04   4.6991743e-05   1.9488364e-06   1.4066863e-04   1.2019769e-04   7.2139240e-06   9.6391503e-05   2.2895774e-05   7.1102407e-06   1.4940667e-04   1.2860358e-04   1.3919817e-04   8.7011359e-05   5.8803596e-06   1.0715539e-05   0.0000000e+00   8.3768302e-05   0.0000000e+00   3.7928442e-05   3.3148505e-05   8.1207323e-05   0.0000000e+00   1.1777786e-01   9.8662641e-01   1.0000000e+00   2.4682051e-02
   1.6848596e-01   2.9212090e-09   0.0000000e+00   3.6209715e-05   1.5831703e-04   0.0000000e+00   6.7963040e-07   3.7110938e-08   1.3851936e-04   7.9511854e-06   1.2167260e-05   8.7488951e-05   1.4895572e-04   2.9728847e-05   0.0000000e+00   4.0801158e-05   1.7212297e-06   1.8228046e-04   2.4496801e-05   1.5678529e-04   6.6572135e-05   0.0000000e+00   0.0000000e+00   2.6771586e-06   2.4132098e-04   3.5952811e-06   2.3566883e-05   2.5818676e-04   5.5575847e-05   0.0000000e+00   1.6848596e-01   9.7214790e-01   1.0000000e+00   2.4216264e-02
   5.6338181e-02   3.0288245e-07   3.0585931e-05   5.3101057e-06   4.6193334e-06   8.8430185e-06   1.3729442e-05   3.1345856e-08   1.6417101e-04   0.0000000e+00   7.3739670e-06   3.3657249e-05   0.0000000e+00   2.0141810e-05   0.0000000e+00   0.0000000e+00   0.0000000e+00   1.6832265e-04   2.2680513e-06   5.0789395e-06   0.0000000e+00   0.0000000e+00   1.7031376e-05   1.8843387e-05   1.8903740e-04   1.0146481e-04   1.1180097e-04   1.2470483e-04   4.0671370e-05   0.0000000e+00   5.6338181e-02   9.9715851e-01   1.0000000e+00   2.3986490e-02
   9.6895203e-01   1.0897476e-06   1.2742486e-06   1.9899074e-06   9.5385810e-06   8.9968877e-06   8.9631942e-05   0.0000000e+00   1.0465088e-04   1.2122959e-04   2.6988697e-05   1.3243150e-04   1.7448198e-04   1.3336484e-06   6.3010942e-06   1.1045367e-04   2.7230524e-05   2.0640501e-04   4.8297868e-05   0.0000000e+00   6.1335328e-05   1.8448862e-04   9.4224060e-05   1.3438014e-04   8.3258663e-04   0.0000000e+00   7.2635128e-05   3.9374499e-04   1.1476279e-05   0.0000000e+00   9.6895203e-01   6.2850446e-02   1.0000000e+00   2.3442021e-02
   4.1142385e-01   3.4164498e-06   2.5491215e-05   4.7688514e-06   7.6279698e-05   1.1160299e-05   4.4804522e-05   5.9615244e-08   0.0000000e+00   2.9490606e-05   3.4329694e-04   6.6418557e-04   3.3820569e-05   2.1690582e-05   1.5561504e-04   3.9776363e-06   1.2748296e-05   0.0000000e+00   4.2694595e-04   4.2034174e-04   0.0000000e+00   1.5419749e-05   6.3033737e-04   2.9055755e-06   7.6106740e-05   1.3326258e-04   2.8962287e-04   2.0057314e-04   0.0000000e+00   0.0000000e+00   4.1142385e-01   8.3204611e-01   1.0000000e+00   2.3356864e-02
   3.2738200e-01   0.0000000e+00   1.5610340e-06   3.3735636e-05   1.6028874e-04   3.7198233e-09   4.7939371e-05   2.4134895e-08   1.9998058e-04   4.4969028e-05   8.7764433e-06   1.2067028e-04   1.6972413e-04   5.9649386e-06   1.5204974e-04   0.0000000e+00   9.5056187e-06   1.3122529e-04   3.9431009e-05   1.3832479e-04   0.0000000e+00   0.0000000e+00   3.4382822e-06   0.0000000e+00   0.0000000e+00   0.0000000e+00   0.0000000e+00   0.0000000e+00   8.9500334e-05   0.0000000e+00   3.2738200e-01   8.9328732e-01   1.0000000e+00   2.3215803e-02
   5.1523170e-01   4.9060282e-07   3.3557175e-06   0.0000000e+00   3.2469098e-05   0.0000000e+00   2.5587283e-05   2.5592722e-08   4.8817096e-05   5.8852523e-04   0.0000000e+00   6.3390174e-05   2.9919997e-04   6.7563811e-06   2.6977666e-04   8.1910162e-05   0.0000000e+00   6.3509782e-05   1.3864219e-04   1.2614133e-04   3.9106703e-04   2.2626260e-04   1.2261887e-05   1.7297985e-04   5.3970456e-04   1.0341765e-04   9.1108757e-05   5.4497931e-04   5.7516610e-05   0.0000000e+00   5.1523170e-01   7.3606280e-01   1.0000000e+00   2.3118828e-02
   8.0308165e-01   3.4347718e-07   5.0855813e-07   8.3479872e-05   4.2653385e-06   0.0000000e+00   8.1650918e-05   5.8272939e-09   5.8309269e-05   0.0000000e+00   2.4355745e-05   1.8014676e-04   2.7659284e-04   4.6546435e-06   4.0490854e-04   1.7070592e-04   0.0000000e+00   8.4424854e-05   1.2949036e-05   4.2151475e-04   5.2202121e-04   4.1897401e-04   3.2378263e-05   1.2886114e-04   5.3187310e-04   1.1719581e-04   3.7761115e-04   4.9107969e-05   7.6585545e-05   0.0000000e+00   8.0308165e-01   3.5713321e-01   1.0000000e+00   2.2925869e-02
   1.5167689e-01   0.0000000e+00   3.0043618e-06   0.0000000e+00   1.5165018e-04   4.5210462e-07   0.0000000e+00   2.8778960e-08   2.5203261e-04   7.0086782e-06   2.9446992e-05   0.0000000e+00   1.4460266e-04   1.8620547e-05   4.7141339e-05   1.7856794e-05   0.0000000e+00   1.9858025e-04   1.8934439e-05   2.1316323e-04   1.3139896e-04   0.0000000e+00   0.0000000e+00   3.8209759e-06   1.2012638e-07   1.8795203e-05   0.0000000e+00   1.1356178e-04   5.0200081e-05   0.0000000e+00   1.5167689e-01   9.7744508e-01   1.0000000e+00   2.2714620e-02
   3.6972948e-01   0.0000000e+00   3.6619618e-05   0.0000000e+00   2.6930892e-05   1.4959435e-05   6.6792334e-06   5.2069862e-08   1.5801362e-04   1.9887877e-05   8.7481792e-06   2.8911745e-05   1.2088075e-05   1.6171588e-05   2.2656767e-05   1.1895683e-05   1.8401664e-06   1.5550222e-04   3.7921309e-06   0.0000000e+00   0.0000000e+00   3.9368029e-06   1.0212272e-04   1.2892982e-05   2.4440962e-06   1.3714965e-04   1.4097382e-04   0.0000000e+00   9.1508213e-06   0.0000000e+00   3.6972948e-01   8.6362938e-01   1.0000000e+00   2.2477535e-02
   1.1196452e-01   0.0000000e+00   9.1681813e-07   2.7673962e-05   3.8066831e-04   0.0000000e+00   0.0000000e+00   3.7862389e-08   1.4546830e-04   9.1607331e-06   1.9779027e-05   1.2270747e-04   1.9371392e-04   2.5942842e-05   5.9823030e-05   1.3621033e-06   0.0000000e+00   1.5289095e-04   4.0277658e-05   1.0247669e-04   8.5475002e-05   1.5163157e-04   1.5762670e-05   0.0000000e+00   2.3455369e-04   4.2669324e-05   0.0000000e+00   1.4991950e-04   5.5331240e-05   0.0000000e+00   1.1196452e-01   9.8809814e-01   1.0000000e+00   2.2377953e-02
   7.2953334e-01   0.0000000e+00   0.0000000e+00   1.4984192e-04   6.1453766e-05   1.7024884e-07   1.2652819e-04   4.1942193e-08   9.0541396e-05   1.9324576e-04   4.7555591e-06   1.0594233e-04   0.0000000e+00   0.0000000e+00   0.0000000e+00   2.5443817e-05   1.1546295e-05   9.4918095e-05   7.8154001e-05   3.4459217e-07   2.5988810e-05   5.8561939e-05   6.6567574e-05   0.0000000e+00   5.0503492e-04   1.5489005e-04   2.8365976e-04   7.1202458e-04   1.1304683e-04   0.0000000e+00   7.2953334e-01   4.6914195e-01   1.0000000e+00   2.2253560e-02
   2.7125289e-01   8.0382922e-08   1.8612444e-06   3.5873141e-05   1.3673379e-04   0.0000000e+00   2.2472226e-05   2.6862583e-08   2.1170521e-04   4.7926093e-05   0.0000000e+00   1.1519799e-04   1.2395799e-04   1.2052588e-05   7.2622003e-05   0.0000000e+00   8.2535289e-06   1.1785085e-04   5.8735074e-05   7.0293591e-05   0.0000000e+00   2.0565275e-05   2.0835024e-05   0.0000000e+00   8.6694847e-06   2.2614043e-05   2.3821066e-06   8.9599366e-05   1.9358743e-04   0.0000000e+00   2.7125289e-01   9.2688627e-01   1.0000000e+00   2.2103129e-02
   2.3411522e-01   2.1045155e-07   6.5995790e-06   7.6642754e-05   1.2119806e-04   0.0000000e+00   1.6969883e-05   1.0065617e-07   1.2291632e-04   0.0000000e+00   1.3919584e-04   1.1590098e-04   1.4860960e-04   2.0815205e-05   1.5282825e-04   0.0000000e+00   4.8489654e-06   1.6648732e-04   2.5350334e-05   8.5225122e-05   0.0000000e+00   1.3105996e-04   4.2795885e-05   0.0000000e+00   0.0000000e+00   9.6716164e-06   0.0000000e+00   1.0052390e-04   1.3126319e-06   0.0000000e+00   2.3411522e-01   9.4567757e-01   1.0000000e+00   2.1993158e-02
   2.7512014e-01   1.1348956e-08   8.9290463e-07   3.4063846e-05   1.6846796e-04   0.0000000e+00   3.0900511e-05   2.6891706e-08   2.2340184e-04   0.0000000e+00   0.0000000e+00   1.5226874e-04   9.9122059e-05   6.5293543e-06   1.2813432e-04   8.5043981e-06   9.5376308e-06   1.2642102e-04   6.1252547e-05   7.1880512e-05   7.4885533e-05   0.0000000e+00   2.1945928e-05   1.1990457e-05   3.6409955e-05   0.0000000e+00   0.0000000e+00   0.0000000e+00   9.0691188e-05   0.0000000e+00   2.7512014e-01   9.2476202e-01   1.0000000e+00   2.1831370e-02
   4.4438294e-01   0.0000000e+00   5.2646449e-06   1.0295084e-04   1.9591160e-04   7.9316389e-07   1.0035298e-05   1.4060270e-07   1.1041807e-04   0.0000000e+00   8.4607932e-05   1.0707753e-04   1.4119493e-04   1.9859459e-05   2.2147213e-04   9.8463156e-06   9.2429760e-06   1.8100887e-04   7.9878242e-05   1.5725747e-04   1.2109282e-04   8.3637976e-05   6.5377275e-05   0.0000000e+00   0.0000000e+00   1.3230228e-07   3.2755370e-05   6.0136604e-05   1.8747570e-07   0.0000000e+00   4.4438294e-01   8.0319278e-01   1.0000000e+00   2.1828239e-02
   9.6248225e-01   1.2102600e-06   1.7827025e-06   1.6258092e-06   0.0000000e+00   9.6800002e-06   1.5315235e-04   1.8550245e-08   1.0116220e-04   1.4539937e-04   2.1277867e-05   9.5221958e-05   1.9722718e-04   7.9940693e-06   1.2977115e-04   8.5803094e-05   2.9716640e-05   2.4044308e-04   4.3397259e-05   0.0000000e+00   9.6562657e-05   2.1523540e-04   1.0297892e-04   1.4486702e-04   1.0095269e-03   0.0000000e+00   0.0000000e+00   4.1763701e-04   1.0480833e-04   0.0000000e+00   9.6248225e-01   7.5633568e-02   1.0000000e+00   2.1469923e-02
   9.1285605e-01   2.8400952e-06   3.5292635e-07   1.3669132e-04   1.3232278e-04   0.0000000e+00   0.0000000e+00   3.4644357e-09   3.0184966e-05   0.0000000e+00   6.9786024e-05   2.7047091e-04   5.2640769e-06   7.6068353e-05   0.0000000e+00   0.0000000e+00   2.9083607e-05   1.6085812e-04   4.7473641e-05   0.0000000e+00   1.1442676e-04   6.4158013e-04   0.0000000e+00   6.9985833e-05   6.3394795e-05   7.8391804e-05   1.5773656e-04   1.0192211e-04   0.0000000e+00   0.0000000e+00   9.1285605e-01   1.6793880e-01   1.0000000e+00   2.1455015e-02
   9.8086575e-01   1.4251319e-06   1.9670746e-06   0.0000000e+00   9.9695281e-06   1.0755422e-05   1.3510806e-04   0.0000000e+00   1.2327989e-04   1.5116776e-04   2.4300870e-05   9.6368076e-05   2.3269776e-04   5.6501701e-06   0.0000000e+00   7.0567441e-05   3.3996743e-05   1.8996353e-04   4.2562789e-05   0.0000000e+00   1.1532654e-04   2.6263065e-04   9.2377759e-05   1.3303126e-04   8.6881141e-04   0.0000000e+00   0.0000000e+00   4.2386404e-04   1.1968502e-05   0.0000000e+00   9.8086575e-01   3.9751315e-02   1.0000000e+00   2.1324676e-02
   2.1647395e-01   3.0838468e-09   0.0000000e+00   3.9653457e-05   1.8406259e-04   0.0000000e+00   3.8921927e-06   3.6179272e-08   1.3609221e-04   8.4234975e-06   1.3479823e-05   8.7397480e-05   1.3221783e-04   2.4530337e-05   0.0000000e+00   3.6558381e-05   1.0606298e-07   1.6882187e-04   2.7569923e-05   5.9770308e-05   5.0823397e-05   0.0000000e+00   0.0000000e+00   0.0000000e+00   2.4927822e-04   9.5279731e-06   0.0000000e+00   1.5745495e-04   5.1789984e-05   0.0000000e+00   2.1647395e-01   9.5360734e-01   1.0000000e+00   2.1285737e-02
   3.3355175e-02   0.0000000e+00   2.0212927e-06   3.8167487e-05   2.3693090e-04   0.0000000e+00   1.3373557e-05   2.0843804e-08   1.5954519e-04   3.8556744e-05   5.7066075e-06   1.3202376e-04   1.4269959e-04   8.0549465e-06   1.6146057e-04   1.4861751e-05   6.1825744e-06   1.4449402e-04   3.2790587e-06   1.2083072e-04   3.6713706e-05   0.0000000e+00   5.6525337e-07   0.0000000e+00   1.6705931e-04   1.9620634e-06   0.0000000e+00   0.0000000e+00   8.4068399e-05   0.0000000e+00   3.3355175e-02   9.9935924e-01   1.0000000e+00   2.0635394e-02
   5.4725748e-01   5.7788030e-07   3.7839796e-06   1.5874558e-05   8.1662552e-05   0.0000000e+00   3.2912805e-05   2.8798380e-08   5.7511161e-05   1.3133919e-03   0.0000000e+00   5.4310167e-05   3.2738357e-04   5.5469942e-06   3.3001362e-04   7.0858289e-05   1.5625185e-08   7.2360649e-05   1.0622592e-04   1.0904184e-04   3.8034132e-04   3.4302172e-04   1.2556548e-05   1.1326711e-04   5.0545518e-04   1.2912839e-04   1.7681637e-04   5.1038382e-04   7.1385126e-05   0.0000000e+00   5.4725748e-01   7.0245400e-01   1.0000000e+00   2.0528556e-02
   5.0985596e-01   5.2349038e-07   5.7538964e-06   8.9383600e-06   0.0000000e+00   3.0294100e-06   4.3551481e-05   2.8886505e-08   0.0000000e+00   2.4227599e-04   0.0000000e+00   7.3732314e-05   2.9109370e-04   0.0000000e+00   3.2637352e-04   8.5960030e-05   1.4871315e-07   4.5841406e-05   1.2649365e-04   9.6077615e-05   5.1164945e-04   2.5645002e-04   0.0000000e+00   1.0692621e-04   3.9498196e-04   1.8306212e-04   1.1890379e-04   3.5404461e-04   4.1125941e-04   0.0000000e+00   5.0985596e-01   7.4148829e-01   1.0000000e+00   2.0404209e-02
   4.6494242e-01   1.7849518e-06   4.2959348e-06   8.1265791e-05   1.0999433e-04   0.0000000e+00   2.8184298e-05   7.7943190e-08   1.6122653e-04   1.1206221e-05   7.4475169e-05   5.1410257e-05   2.4975446e-05   2.0766598e-05   7.7607486e-05   1.5964618e-05   8.8740068e-05   1.4375769e-04   3.7265471e-06   4.2001807e-04   1.0811512e-04   5.2393507e-04   7.3839403e-04   0.0000000e+00   1.8430724e-04   4.0524908e-05   2.3110721e-04   1.6710102e-04   6.1460438e-05   0.0000000e+00   4.6494242e-01   7.8510193e-01   1.0000000e+00   1.9623395e-02
   2.5361623e-01   6.2821380e-08   0.0000000e+00   4.2220172e-05   4.0031333e-04   0.0000000e+00   2.1556075e-05   2.7522963e-08   2.7237375e-04   3.5533874e-05   0.0000000e+00   1.1483046e-04   1.5019263e-04   8.1254579e-06   1.3262905e-04   0.0000000e+00   9.9208920e-06   1.3785476e-04   3.5968353e-05   5.8226098e-05   9.1136601e-05   0.0000000e+00   2.3049063e-05   0.0000000e+00   0.0000000e+00   0.0000000e+00   1.3487654e-05   2.1996136e-05   9.4651467e-05   0.0000000e+00   2.5361623e-01   9.3622847e-01   1.0000000e+00   1.9475976e-02
   5.7502188e-01   1.1413461e-07   2.2059370e-06   1.1902674e-04   2.7650333e-05   0.0000000e+00   1.0895433e-04   0.0000000e+00   6.3485171e-05   1.2296100e-04   0.0000000e+00   0.0000000e+00   4.6232266e-05   0.0000000e+00   3.3513770e-05   1.9107426e-05   2.2174091e-05   9.7345854e-05   6.9754408e-05   1.7127613e-06   1.0924097e-04   1.8377671e-05   1.7822914e-04   0.0000000e+00   1.7701698e-03   1.9249215e-04   3.2751589e-04   0.0000000e+00   1.2502802e-04   0.0000000e+00   5.7502188e-01   6.7077636e-01   1.0000000e+00   1.9242884e-02
   8.3059528e-01   2.5928143e-07   2.6081372e-06   9.3239293e-06   6.8972656e-05   2.8704840e-07   6.1179601e-05   5.1402245e-08   4.2887771e-05   1.5982126e-04   3.5399257e-05   2.7126077e-04   3.1726733e-04   5.4872989e-06   8.7283107e-04   2.5273746e-04   8.8506037e-06   2.6029681e-05   3.8502392e-05   1.1040460e-05   3.5765302e-04   7.6839227e-04   7.6702553e-05   2.2459228e-04   1.4660790e-03   2.7946841e-05   1.8884441e-04   2.4150215e-04   2.6842065e-04   0.0000000e+00   8.3059528e-01   3.1315362e-01   1.0000000e+00   1.9204563e-02
   4.8224065e-01   7.1398361e-06   1.7405041e-06   3.1926531e-05   7.1392526e-05   0.0000000e+00   0.0000000e+00   0.0000000e+00   1.1106570e-04   6.0931270e-05   8.4854552e-05   1.9344253e-04   8.6036669e-05   2.0789979e-05   8.0639580e-04   1.1037752e-05   3.2620122e-05   1.0362511e-04   3.6315001e-07   2.4418485e-04   0.0000000e+00   4.5549457e-04   1.7984870e-04   1.8987494e-06   0.0000000e+00   1.4373738e-04   5.8527276e-05   1.7535260e-04   1.1300670e-05   0.0000000e+00   4.8224065e-01   7.6855066e-01   1.0000000e+00   1.8887457e-02
   3.7986329e-01   1.8672009e-06   4.4445180e-06   8.0513378e-05   8.0444764e-05   3.7236200e-07   2.6665229e-05   7.8709358e-08   1.5832887e-04   7.6396490e-06   1.0340928e-04   5.0499721e-05   1.7765283e-05   2.1007418e-05   6.8138585e-05   1.2415812e-05   8.9047765e-05   1.4431979e-04   3.7456781e-06   2.8752510e-04   1.2277001e-04   5.4617836e-04   5.9441238e-04   0.0000000e+00   2.0710532e-04   0.0000000e+00   2.3712697e-04   1.4450671e-04   6.9882582e-05   0.0000000e+00   3.7986329e-01   8.5679762e-01   1.0000000e+00   1.8732627e-02
   9.9329402e-02   0.0000000e+00   2.3934586e-06   3.5757024e-05   1.6501293e-04   0.0000000e+00   1.5718130e-05   2.8482202e-08   1.6644603e-04   4.5293258e-05   0.0000000e+00   1.3330912e-04   1.1708575e-04   7.4076533e-06   8.8240431e-05   2.2120174e-05   6.1507268e-06   1.4822074e-04   3.5267899e-06   1.1951728e-04   8.6803693e-05   7.6987313e-06   0.0000000e+00   3.0569541e-06   8.1757220e-05   0.0000000e+00   0.0000000e+00   0.0000000e+00   8.2734680e-05   0.0000000e+00   9.9329402e-02   9.9055309e-01   1.0000000e+00   1.8706971e-02
   8.1372809e-01   7.7307817e-08   6.0554260e-07   6.9177419e-05   0.0000000e+00   8.7434264e-06   8.3623363e-05   5.1868274e-09   4.5341546e-05   7.2908354e-06   2.7907308e-05   1.7467873e-04   2.7633901e-04   6.5471650e-06   3.7564264e-04   1.4462261e-04   1.4211991e-06   8.4595867e-05   0.0000000e+00   3.8641104e-04   5.2661189e-04   3.9714047e-04   4.7585048e-05   2.2021565e-04   5.2868256e-04   1.4406489e-04   3.9831961e-04   5.4674007e-05   7.3265298e-05   0.0000000e+00   8.1372809e-01   3.3995201e-01   1.0000000e+00   1.8626360e-02
   8.9735923e-01   4.4113179e-07   5.5454316e-06   1.6206628e-05   0.0000000e+00   3.4321625e-07   9.0244770e-05   5.4654384e-08   6.0951355e-05   2.5241381e-04   2.5020361e-05   2.3886216e-04   3.6781930e-04   9.9122113e-06   7.0102975e-04   3.0956900e-04   8.8292785e-06   6.3908862e-05   7.0957162e-05   1.8520375e-05   6.9772001e-04   7.0188085e-04   8.3673666e-05   1.6995499e-04   1.2404646e-03   4.3962301e-05   2.3304807e-04   2.0578500e-04   2.2311854e-04   0.0000000e+00   8.9735923e-01   1.9801578e-01   1.0000000e+00   1.8439029e-02
   2.6078576e-01   0.0000000e+00   8.9713821e-07   3.3822753e-05   1.8376317e-04   0.0000000e+00   4.1666843e-05   2.6340057e-08   2.3554274e-04   4.7882291e-05   0.0000000e+00   1.3231369e-04   2.6112497e-04   9.2035261e-06   2.0803732e-04   0.0000000e+00   8.2762978e-06   1.3548845e-04   3.0100324e-05   7.2412292e-05   7.7506164e-05   0.0000000e+00   3.4145706e-05   0.0000000e+00   0.0000000e+00   0.0000000e+00   1.3713985e-06   1.7209092e-05   8.1588874e-05   0.0000000e+00   2.6078576e-01   9.3252520e-01   1.0000000e+00   1.8358429e-02
   1.8102289e-01   2.6792409e-07   3.6726975e-05   3.1960224e-06   3.4626340e-05   1.4622803e-05   0.0000000e+00   4.2336718e-08   1.4806854e-04   3.4675304e-05   1.1208446e-05   1.2053955e-04   0.0000000e+00   2.2487297e-05   1.4081600e-05   3.3046703e-06   0.0000000e+00   1.4077777e-04   1.3660312e-06   2.1563889e-05   0.0000000e+00   1.3361380e-05   9.5704317e-06   7.5709977e-06   0.0000000e+00   1.5346284e-04   0.0000000e+00   0.0000000e+00   6.8078543e-06   0.0000000e+00   1.8102289e-01   9.6748659e-01   1.0000000e+00   1.8181540e-02
   4.4148191e-01   9.3273228e-06   7.8970547e-05   0.0000000e+00   0.0000000e+00   1.9939060e-05   0.0000000e+00   2.0923132e-07   1.8837023e-04   4.1675878e-04   1.3621956e-04   1.0933923e-04   1.2402784e-04   9.8032492e-06   4.6236857e-04   2.4269510e-04   0.0000000e+00   0.0000000e+00   5.9887436e-03   1.9918725e-03   0.0000000e+00   4.3027924e-04   6.5852503e-05   3.5934167e-05   5.5417843e-04   2.5985689e-05   8.4981810e-05   1.0226635e-04   7.0332247e-06   0.0000000e+00   4.4148191e-01   8.0920217e-01   1.0000000e+00   1.8040399e-02
   9.9457485e-01   2.1570995e-06   0.0000000e+00   1.3500208e-04   1.1726331e-04   5.4002046e-08   5.3403501e-07   4.0438769e-08   2.9601353e-05   1.5038003e-06   7.2035394e-05   2.5585596e-04   3.9320951e-05   1.2204035e-04   0.0000000e+00   5.8260444e-05   5.5603933e-05   1.0532419e-04   8.1771209e-08   1.0375984e-05   1.1155113e-04   0.0000000e+00   3.5994052e-05   0.0000000e+00   2.9999724e-04   7.6997029e-05   1.6668266e-04   1.5107207e-04   0.0000000e+00   0.0000000e+00   9.9457485e-01   1.1960967e-02   1.0000000e+00   1.7946715e-02
   5.2426476e-01   8.1068145e-06   6.2634157e-05   1.5636695e-06   1.6961889e-05   1.1477361e-05   0.0000000e+00   1.7461755e-07   1.8791096e-04   3.9494029e-04   1.2125797e-04   1.6779343e-04   9.5797049e-05   1.1578611e-05   3.5909237e-04   2.3022997e-04   1.4764326e-05   0.0000000e+00   6.0318001e-03   2.4582694e-03   1.4530919e-05   3.7960162e-04   6.8176377e-05   4.0119321e-05   6.2412483e-04   4.2791943e-05   5.9031108e-05   0.0000000e+00   2.2918929e-05   0.0000000e+00   5.2426476e-01   7.2966351e-01   1.0000000e+00   1.7305103e-02
   8.0831335e-01   0.0000000e+00   6.8895955e-08   7.3967398e-05   1.0806373e-06   1.2353422e-07   7.1041177e-05   0.0000000e+00   6.5371769e-05   0.0000000e+00   2.5230443e-05   1.8301955e-04   2.7621466e-04   5.1693897e-06   3.7701614e-04   1.6967100e-04   0.0000000e+00   8.4705168e-05   0.0000000e+00   3.9764382e-04   4.7988069e-04   4.8026849e-04   4.2986379e-05   9.8527690e-05   5.1644809e-04   1.3454702e-04   3.7099238e-04   6.3739419e-05   6.3531030e-05   0.0000000e+00   8.0831335e-01   3.4867137e-01   1.0000000e+00   1.7135564e-02
   9.5066574e-01   2.0633581e-06   3.1853298e-07   6.6669468e-06   6.5811134e-05   3.6058380e-05   1.0809903e-04   1.0070920e-07   1.4158813e-04   2.1843228e-04   9.4942463e-08   9.8333110e-05   1.5299681e-04   6.3083599e-07   3.0047004e-04   3.4693758e-05   2.8284272e-05   1.0692195e-04   2.8728496e-05   4.4828641e-05   2.3674421e-04   4.5938350e-05   1.1041609e-04   6.2003468e-07   5.8021720e-04   0.0000000e+00   2.9488424e-04   6.4971000e-04   4.4324931e-05   0.0000000e+00   9.5066574e-01   9.8205842e-02   1.0000000e+00   1.7114318e-02
   4.7194297e-01   2.7455186e-06   1.4681489e-05   1.7354763e-05   7.1604927e-05   1.2524134e-05   4.1423320e-05   1.1229096e-07   2.9551367e-05   2.7363924e-05   2.2195389e-04   5.2669017e-04   6.4219418e-05   2.5507032e-05   1.7000286e-04   4.0310983e-06   8.7543851e-06   0.0000000e+00   9.9935086e-05   4.7408291e-04   0.0000000e+00   1.3704339e-05   7.6182803e-04   2.3413156e-06   6.3696357e-05   1.7377917e-04   2.6347703e-04   7.9196890e-05   4.8232911e-06   0.0000000e+00   4.7194297e-01   7.7847457e-01   1.0000000e+00   1.7098710e-02
   5.6743699e-01   0.0000000e+00   2.2709587e-06   9.1019269e-05   0.0000000e+00   5.2948033e-08   1.3947777e-04   0.0000000e+00   6.2869239e-05   1.3528915e-04   0.0000000e+00   0.0000000e+00   4.7279587e-05   0.0000000e+00   2.6798658e-05   9.8021774e-06   2.4926819e-05   9.7829981e-05   7.6628822e-05   0.0000000e+00   1.1110368e-04   0.0000000e+00   1.5450856e-04   0.0000000e+00   1.8718405e-03   1.9528968e-04   3.3953276e-04   0.0000000e+00   1.3653928e-04   0.0000000e+00   5.6743699e-01   6.7946028e-01   1.0000000e+00   1.6865906e-02
   3.8093417e-01   1.9445341e-06   4.6336541e-06   8.1667171e-05   7.9101246e-05   3.6371920e-07   2.0900839e-05   7.9657662e-08   1.6818570e-04   1.5318036e-05   8.2003313e-05   5.1975174e-05   1.9603440e-05   1.8128186e-05   6.6650825e-05   1.0440371e-05   1.0272169e-04   1.4496925e-04   1.0216244e-05   2.8841364e-04   1.0983954e-04   5.1518359e-04   5.9054567e-04   0.0000000e+00   1.3039507e-04   9.3720356e-07   6.8759225e-04   1.5501257e-04   7.0080393e-05   0.0000000e+00   3.8093417e-01   8.5610685e-01   1.0000000e+00   1.6819156e-02
   7.7215298e-01   3.5404830e-07   4.8173427e-07   7.1913030e-05   5.7940191e-05   8.4031913e-08   7.9799961e-05   1.7984717e-09   4.8511931e-05   0.0000000e+00   2.5519114e-05   1.7899494e-04   4.1229225e-04   5.2697406e-06   3.9642884e-04   2.6876816e-04   0.0000000e+00   8.8292540e-05   3.8705600e-06   4.3747629e-04   4.2115613e-04   3.8806773e-04   3.4491934e-05   1.0536909e-04   5.4515975e-04   1.3145268e-04   2.1939192e-04   5.9432548e-05   6.9163199e-05   0.0000000e+00   7.7215298e-01   4.0578497e-01   1.0000000e+00   1.6732338e-02
   4.3357347e-01   5.1490423e-07   6.2846193e-06   0.0000000e+00   1.2240149e-05   3.2116237e-06   4.8822161e-05   2.9187450e-08   2.3149679e-05   2.3963710e-04   0.0000000e+00   5.7885098e-05   2.9130444e-04   0.0000000e+00   2.8860330e-04   8.5970181e-05   1.7386733e-06   4.7442009e-05   1.2014626e-04   8.1221379e-05   6.1360487e-04   2.4979353e-04   1.6386395e-05   1.2107614e-04   4.0520569e-04   1.7705727e-04   1.7736986e-05   4.1080268e-04   4.8659814e-04   0.0000000e+00   4.3357347e-01   8.1341717e-01   1.0000000e+00   1.6727611e-02
   3.8905868e-01   2.2011320e-07   7.4770552e-06   7.4821796e-05   1.1641417e-04   0.0000000e+00   1.9101042e-05   1.0207921e-07   1.1102444e-04   9.9577199e-06   1.5451391e-04   1.2115379e-04   1.7854466e-04   2.2786701e-05   1.6813942e-04   0.0000000e+00   4.2038035e-06   1.5234025e-04   2.9181123e-05   8.8715154e-05   0.0000000e+00   1.1098640e-04   4.0201183e-05   6.1797556e-05   0.0000000e+00   1.0362017e-05   4.7895121e-06   3.7827358e-05   3.4344283e-06   0.0000000e+00   3.8905868e-01   8.4917933e-01   1.0000000e+00   1.6503344e-02
   7.9287037e-01   3.4340280e-07   2.0311310e-06   7.8437332e-05   2.8714737e-07   3.0947656e-06   8.0770396e-05   4.3822729e-08   5.3793359e-05   0.0000000e+00   3.0110851e-05   1.3723089e-04   2.4693947e-04   1.6029798e-05   2.8600147e-04   2.1334068e-04   0.0000000e+00   7.3327017e-05   3.3434983e-05   5.5824530e-04   5.6728488e-04   2.7477851e-04   2.4272774e-05   1.0298386e-04   5.7240023e-04   7.0791826e-05   3.5845712e-04   1.3219768e-05   1.2071667e-04   0.0000000e+00   7.9287037e-01   3.7333615e-01   1.0000000e+00   1.6086061e-02
   3.5742202e-01   1.0242177e-07   0.0000000e+00   1.6064590e-04   5.8514426e-05   0.0000000e+00   9.4944311e-05   3.4870193e-08   1.0785716e-04   1.6511633e-04   5.3569907e-06   1.4788570e-04   1.3235139e-05   5.5920226e-06   0.0000000e+00   1.8732935e-05   1.4121662e-05   9.3753217e-05   9.0585448e-05   0.0000000e+00   8.1184482e-05   1.2524450e-05   5.1217388e-05   8.5511152e-06   5.7158816e-04   1.8842991e-04   2.3944887e-04   7.6777717e-04   1.4030514e-04   0.0000000e+00   3.5742202e-01   8.7331249e-01   1.0000000e+00   1.5970359e-02
   9.4035044e-01   2.0424967e-06   1.5112942e-05   2.0568646e-05   7.5367355e-06   5.2219368e-06   3.9712355e-05   0.0000000e+00   8.5369700e-05   9.2095858e-05   2.5448570e-05   1.7162843e-04   7.7761367e-05   6.2472672e-06   0.0000000e+00   6.1297862e-05   3.0774072e-05   1.2152129e-04   7.5554944e-04   8.3428865e-06   3.7709312e-04   1.8183716e-06   8.0026364e-05   1.1562658e-04   6.0779026e-04   0.0000000e+00   3.4987448e-04   1.3277286e-04   5.9013314e-05   0.0000000e+00   9.4035044e-01   1.1764079e-01   1.0000000e+00   1.5907501e-02
   5.6142112e-01   5.8426012e-07   1.2192858e-05   7.4609616e-04   7.3503717e-05   3.1664915e-06   8.7975346e-06   1.7857562e-07   1.6917894e-05   1.0685466e-03   5.2644199e-05   2.6967873e-06   5.1242025e-05   4.5065316e-06   4.1328078e-04   5.6107997e-05   7.4401043e-05   4.7646854e-04   1.2769996e-04   6.6399372e-04   2.3769121e-05   2.9718728e-03   9.5606527e-05   1.7962344e-04   4.1761552e-05   1.5006228e-04   3.9789380e-05   0.0000000e+00   6.7617364e-05   0.0000000e+00   5.6142112e-01   6.8783451e-01   1.0000000e+00   1.5659642e-02
   7.9989353e-01   6.1480636e-07   6.9892552e-06   2.3872431e-05   1.6891245e-05   2.7872133e-07   1.0171386e-04   4.9351108e-08   6.2353565e-05   2.9260963e-04   3.0135361e-05   2.7263717e-04   4.1414286e-04   1.1589833e-05   7.3665423e-04   2.6023147e-04   9.9991401e-06   6.3459401e-05   7.2495449e-05   1.1421589e-06   4.7220470e-04   7.1318292e-04   7.0959654e-05   2.2022224e-04   1.1966436e-03   8.2106887e-05   2.3816528e-04   2.3065093e-04   2.9059401e-04   0.0000000e+00   7.9989353e-01   3.6316701e-01   1.0000000e+00   1.5649523e-02
   5.2140489e-01   1.9279649e-06   6.8776526e-06   5.8783205e-05   2.0267558e-04   5.5095407e-06   9.6857087e-05   3.6593355e-07   0.0000000e+00   1.9266985e-05   1.0617174e-04   2.1676839e-04   4.9361222e-05   2.6423154e-05   7.5180658e-06   1.9839824e-05   2.7827134e-05   4.5211254e-05   2.5254307e-04   8.1032963e-04   4.6739455e-06   5.8558148e-04   6.3970922e-04   6.2885801e-05   2.9297195e-04   8.8736492e-04   1.0794970e-04   2.3278774e-07   0.0000000e+00   0.0000000e+00   5.2140489e-01   7.2992669e-01   1.0000000e+00   1.5436948e-02
   9.4793331e-01   2.5558174e-06   8.5675180e-07   7.5186903e-06   6.1015096e-05   3.4634763e-05   9.8624772e-05   1.0505997e-07   1.3980342e-04   2.0669350e-04   0.0000000e+00   9.9979308e-05   1.8467868e-04   5.0196661e-07   2.7024821e-04   3.7712171e-05   2.5113126e-05   1.0215748e-04   6.5954064e-06   1.0844815e-05   1.5550090e-04   1.3268093e-05   1.4173945e-04   1.2371062e-05   5.8813499e-04   2.8163560e-06   2.9876553e-04   7.9877018e-04   6.9723897e-05   0.0000000e+00   9.4793331e-01   1.0340754e-01   1.0000000e+00   1.5230236e-02
   1.7574141e-01   0.0000000e+00   4.4361417e-05   0.0000000e+00   4.3731961e-05   1.1676643e-05   7.9975523e-06   4.9356098e-08   1.6281908e-04   2.4158395e-05   0.0000000e+00   2.2354602e-05   5.6311518e-05   2.0613567e-05   7.8731529e-05   0.0000000e+00   0.0000000e+00   1.3515013e-04   4.8580072e-06   0.0000000e+00   0.0000000e+00   5.1136235e-05   1.1540981e-04   0.0000000e+00   3.0124713e-06   1.3925374e-04   0.0000000e+00   1.7273037e-05   0.0000000e+00   0.0000000e+00   1.7574141e-01   9.6941533e-01   1.0000000e+00   1.5095370e-02
   9.8685888e-01   2.1966713e-06   7.0880928e-07   1.3434568e-04   1.2732364e-04   0.0000000e+00   4.5330869e-06   5.0540620e-08   0.0000000e+00   4.4776479e-06   7.2354938e-05   2.4610820e-04   7.2428703e-05   5.3232289e-05   1.1552224e-05   3.7132363e-06   2.8920258e-05   1.3620717e-04   1.3347006e-07   1.7214346e-05   1.0068956e-04   0.0000000e+00   1.1011747e-04   5.8415472e-05   5.3663068e-05   1.2411887e-04   1.8832695e-04   1.5501500e-04   0.0000000e+00   0.0000000e+00   9.8685888e-01   2.7154265e-02   1.0000000e+00   1.5032536e-02
   2.4502968e-01   0.0000000e+00   4.3856829e-05   0.0000000e+00   3.3341335e-05   1.4903354e-05   0.0000000e+00   4.7540355e-08   1.5775357e-04   2.1108883e-05   0.0000000e+00   0.0000000e+00   7.4633636e-08   1.8968003e-05   2.1235249e-05   4.8295218e-07   0.0000000e+00   1.4104746e-04   4.9656154e-06   0.0000000e+00   0.0000000e+00   9.6920675e-07   1.0199357e-04   0.0000000e+00   0.0000000e+00   1.4040028e-04   7.7863202e-05   9.2194660e-08   9.1986161e-06   0.0000000e+00   2.4502968e-01   9.4021979e-01   1.0000000e+00   1.4815964e-02
   3.4904008e-01   2.5335702e-07   4.1181593e-05   1.3665602e-05   8.9029921e-06   1.8902136e-05   3.8661002e-05   3.3114311e-08   1.8412832e-04   6.6725189e-06   1.2350533e-05   7.3999641e-05   4.0176218e-06   2.0044433e-05   0.0000000e+00   1.8233154e-07   0.0000000e+00   1.4696079e-04   0.0000000e+00   2.2702218e-05   0.0000000e+00   0.0000000e+00   1.8885232e-05   8.7081736e-06   0.0000000e+00   1.3755903e-04   1.6346801e-04   6.4753351e-05   1.1684500e-05   0.0000000e+00   3.4904008e-01   8.7851837e-01   1.0000000e+00   1.4807848e-02
   9.1572113e-01   0.0000000e+00   2.9854827e-06   7.1416012e-06   6.5637796e-05   2.4727581e-07   6.5687891e-05   5.9355668e-08   0.0000000e+00   1.6259582e-04   4.5589775e-05   2.6725118e-04   3.1447448e-04   5.6640763e-06   1.2891492e-03   2.4003597e-04   1.4109965e-05   4.7085901e-06   3.9186847e-05   1.8400222e-05   3.4876707e-04   7.2072034e-04   0.0000000e+00   2.9488874e-04   1.4440195e-03   3.3700036e-05   1.8872096e-04   2.4415042e-04   2.5691860e-04   0.0000000e+00   9.1572113e-01   1.6491803e-01   1.0000000e+00   1.4704778e-02
   9.7042083e-01   2.5762978e-06   7.9672593e-07   0.0000000e+00   7.3683302e-05   5.2488091e-05   1.0381850e-04   9.6872856e-08   1.3332150e-04   1.7788678e-04   9.6247416e-08   9.5406917e-05   1.9211706e-04   4.7804449e-07   2.6737206e-04   2.2097998e-05   2.6532042e-05   1.2307155e-04   7.1408076e-06   3.4212642e-05   1.1712856e-04   1.2892758e-05   9.5957861e-05   7.6139187e-06   5.6045205e-04   0.0000000e+00   3.1609730e-04   5.8186932e-04   7.9248858e-05   0.0000000e+00   9.7042083e-01   6.0141248e-02   1.0000000e+00   1.4693005e-02
   8.9242962e-01   0.0000000e+00   0.0000000e+00   9.7992573e-06   4.5557752e-05   5.9383157e-06   5.8320348e-05   1.1292010e-07   1.1694483e-04   1.5443554e-04   3.4385165e-05   2.2948469e-04   4.4854104e-04   2.8798078e-06   7.9969845e-04   1.7622209e-04   8.5661842e-06   5.8789101e-05   3.8108427e-05   1.2153776e-05   3.1969041e-04   9.3189837e-04   8.9091248e-05   1.6662706e-04   1.3727511e-03   2.8296316e-05   2.1490793e-04   2.3921611e-04   2.5444359e-04   0.0000000e+00   8.9242962e-01   2.0680976e-01   1.0000000e+00   1.4677890e-02
