   0.0000000e+00   0.0000000e+00   0.0000000e+00   0.0000000e+00   0.0000000e+00   0.0000000e+00   0.0000000e+00   0.0000000e+00   0.0000000e+00   0.0000000e+00   1.0000000e+00   0.0000000e+00   1.0000000e+00             Inf
   8.1457797e-02   0.0000000e+00   0.0000000e+00   1.2920365e-05   0.0000000e+00   0.0000000e+00   4.8904378e-08   0.0000000e+00   0.0000000e+00   1.0940950e-05   2.8077532e-01   1.3055280e+00   1.0000000e+00             Inf
   0.0000000e+00   0.0000000e+00   0.0000000e+00   0.0000000e+00   0.0000000e+00   0.0000000e+00   0.0000000e+00   0.0000000e+00   0.0000000e+00   0.0000000e+00   1.0000000e+00   0.0000000e+00   1.0000000e+00             Inf
   1.1858815e-01   0.0000000e+00   0.0000000e+00   0.0000000e+00   0.0000000e+00   0.0000000e+00   0.0000000e+00   0.0000000e+00   0.0000000e+00   0.0000000e+00   8.5191593e-01   2.7423925e-01   1.0000000e+00   8.5528623e-02
   8.1457796e-02   0.0000000e+00   0.0000000e+00   4.4184713e-06   0.0000000e+00   0.0000000e+00   3.3520769e-06   0.0000000e+00   0.0000000e+00   0.0000000e+00   2.8077532e-01   1.2124805e+00   1.0000000e+00   7.2411156e-02
   8.1457797e-02   0.0000000e+00   0.0000000e+00   1.1444810e-05   0.0000000e+00   0.0000000e+00   8.8205102e-07   0.0000000e+00   0.0000000e+00   7.6144609e-06   2.8077532e-01   1.2887164e+00   1.0000000e+00   7.1271880e-02
   1.1713989e-01   0.0000000e+00   0.0000000e+00   0.0000000e+00   0.0000000e+00   0.0000000e+00   0.0000000e+00   0.0000000e+00   0.0000000e+00   0.0000000e+00   8.3126441e-01   3.0899949e-01   1.0000000e+00   7.0553681e-02
   8.1457853e-02   0.0000000e+00   7.8780661e-13   0.0000000e+00   4.8037943e-07   1.1157401e-07   0.0000000e+00   0.0000000e+00   0.0000000e+00   0.0000000e+00   2.8077532e-01   1.0752261e+00   1.0000000e+00   5.3670731e-02
   4.2036282e-02   0.0000000e+00   0.0000000e+00   0.0000000e+00   0.0000000e+00   0.0000000e+00   0.0000000e+00   0.0000000e+00   0.0000000e+00   0.0000000e+00   8.8986782e-01   2.0813526e-01   1.0000000e+00   4.9749721e-02
   8.1456811e-02   0.0000000e+00   7.5126528e-11   0.0000000e+00   0.0000000e+00   6.2377043e-09   0.0000000e+00   0.0000000e+00   0.0000000e+00   2.2905779e-09   2.8077532e-01   9.7496610e-01   1.0000000e+00   4.7876576e-02
   6.4343231e-02   0.0000000e+00   0.0000000e+00   0.0000000e+00   0.0000000e+00   0.0000000e+00   0.0000000e+00   0.0000000e+00   0.0000000e+00   0.0000000e+00   4.7809463e-01   7.7142553e-01   1.0000000e+00   4.3190902e-02
   4.2946157e-02   0.0000000e+00   0.0000000e+00   0.0000000e+00   0.0000000e+00   0.0000000e+00   0.0000000e+00   0.0000000e+00   0.0000000e+00   0.0000000e+00   8.7875651e-01   2.2778699e-01   1.0000000e+00   4.3118875e-02
   4.1434825e-02   0.0000000e+00   0.0000000e+00   0.0000000e+00   0.0000000e+00   0.0000000e+00   0.0000000e+00   0.0000000e+00   0.0000000e+00   0.0000000e+00   8.9684436e-01   1.9567019e-01   1.0000000e+00   4.3066429e-02
   8.1457795e-02   0.0000000e+00   3.0292969e-15   0.0000000e+00   0.0000000e+00   0.0000000e+00   2.3391039e-06   0.0000000e+00   0.0000000e+00   4.2694755e-07   2.8077532e-01   1.1468577e+00   1.0000000e+00   4.2432870e-02
   4.7211404e-02   0.0000000e+00   0.0000000e+00   0.0000000e+00   0.0000000e+00   0.0000000e+00   0.0000000e+00   0.0000000e+00   0.0000000e+00   0.0000000e+00   8.1779068e-01   3.3121841e-01   1.0000000e+00   4.1812679e-02
   8.1455890e-02   0.0000000e+00   4.6475618e-11   0.0000000e+00   0.0000000e+00   0.0000000e+00   0.0000000e+00   0.0000000e+00   0.0000000e+00   0.0000000e+00   2.8077532e-01   9.3578760e-01   1.0000000e+00   4.1291292e-02
   1.0167959e-01   0.0000000e+00   0.0000000e+00   0.0000000e+00   0.0000000e+00   0.0000000e+00   0.0000000e+00   0.0000000e+00   0.0000000e+00   0.0000000e+00   5.3831750e-01   7.1021426e-01   1.0000000e+00   4.0988340e-02
   6.8798405e-02   0.0000000e+00   0.0000000e+00   0.0000000e+00   0.0000000e+00   0.0000000e+00   0.0000000e+00   0.0000000e+00   0.0000000e+00   0.0000000e+00   3.9544262e-01   8.4362514e-01   1.0000000e+00   4.0960855e-02
   6.0607396e-02   0.0000000e+00   0.0000000e+00   0.0000000e+00   0.0000000e+00   0.0000000e+00   0.0000000e+00   0.0000000e+00   0.0000000e+00   0.0000000e+00   5.5543170e-01   6.9149563e-01   1.0000000e+00   3.9915732e-02
   8.1457954e-02   0.0000000e+00   2.0559008e-11   3.7685083e-08   0.0000000e+00   6.1714919e-08   2.0060831e-08   0.0000000e+00   0.0000000e+00   1.2229555e-08   2.8077532e-01   1.0272552e+00   1.0000000e+00   3.8526065e-02
   8.1456891e-02   0.0000000e+00   6.1107364e-11   0.0000000e+00   3.3849435e-08   0.0000000e+00   0.0000000e+00   0.0000000e+00   0.0000000e+00   2.6319891e-09   2.8077532e-01   9.9829181e-01   1.0000000e+00   3.8270489e-02
   6.6762885e-02   0.0000000e+00   0.0000000e+00   0.0000000e+00   0.0000000e+00   0.0000000e+00   0.0000000e+00   0.0000000e+00   0.0000000e+00   0.0000000e+00   4.3142236e-01   8.1387475e-01   1.0000000e+00   3.8218391e-02
   8.1457842e-02   0.0000000e+00   8.5900376e-13   1.7475240e-07   6.7607542e-07   3.0375645e-07   3.1580790e-07   0.0000000e+00   0.0000000e+00   5.3227176e-08   2.8077532e-01   1.1158935e+00   1.0000000e+00   3.7941606e-02
   1.1942165e-01   0.0000000e+00   0.0000000e+00   0.0000000e+00   0.0000000e+00   0.0000000e+00   0.0000000e+00   0.0000000e+00   0.0000000e+00   0.0000000e+00   8.6308061e-01   2.5509186e-01   1.0000000e+00   3.7619209e-02
   9.4894305e-02   0.0000000e+00   0.0000000e+00   0.0000000e+00   0.0000000e+00   0.0000000e+00   0.0000000e+00   0.0000000e+00   0.0000000e+00   0.0000000e+00   4.0737035e-01   8.3404939e-01   1.0000000e+00   3.7006174e-02
   8.1457795e-02   0.0000000e+00   0.0000000e+00   7.3739622e-07   7.5101559e-07   2.5427572e-09   2.5173208e-06   0.0000000e+00   0.0000000e+00   1.8370722e-07   2.8077532e-01   1.1712908e+00   1.0000000e+00   3.6248912e-02
   4.6720070e-02   0.0000000e+00   0.0000000e+00   0.0000000e+00   0.0000000e+00   0.0000000e+00   0.0000000e+00   0.0000000e+00   0.0000000e+00   0.0000000e+00   8.2554344e-01   3.1847803e-01   1.0000000e+00   3.5752796e-02
   1.1265850e-01   0.0000000e+00   0.0000000e+00   0.0000000e+00   0.0000000e+00   0.0000000e+00   0.0000000e+00   0.0000000e+00   0.0000000e+00   0.0000000e+00   7.5784120e-01   4.2567671e-01   1.0000000e+00   3.5657446e-02
   1.0357448e-01   0.0000000e+00   0.0000000e+00   0.0000000e+00   0.0000000e+00   0.0000000e+00   0.0000000e+00   0.0000000e+00   0.0000000e+00   0.0000000e+00   5.7769795e-01   6.6626508e-01   1.0000000e+00   3.5447302e-02
   5.0238318e-02   0.0000000e+00   0.0000000e+00   0.0000000e+00   0.0000000e+00   0.0000000e+00   0.0000000e+00   0.0000000e+00   0.0000000e+00   0.0000000e+00   7.6614993e-01   4.1301429e-01   1.0000000e+00   3.5122646e-02
   3.8625905e-02   0.0000000e+00   0.0000000e+00   0.0000000e+00   0.0000000e+00   0.0000000e+00   0.0000000e+00   0.0000000e+00   0.0000000e+00   0.0000000e+00   9.2560434e-01   1.4325661e-01   1.0000000e+00   3.5111118e-02
   7.5447131e-02   0.0000000e+00   0.0000000e+00   0.0000000e+00   0.0000000e+00   0.0000000e+00   0.0000000e+00   0.0000000e+00   0.0000000e+00   0.0000000e+00   3.0810830e-01   9.0506927e-01   1.0000000e+00   3.4803538e-02
   3.7918948e-02   0.0000000e+00   0.0000000e+00   0.0000000e+00   0.0000000e+00   0.0000000e+00   0.0000000e+00   0.0000000e+00   0.0000000e+00   0.0000000e+00   9.3187657e-01   1.3160605e-01   1.0000000e+00   3.4785386e-02
   6.0181232e-02   0.0000000e+00   0.0000000e+00   0.0000000e+00   0.0000000e+00   0.0000000e+00   0.0000000e+00   0.0000000e+00   0.0000000e+00   0.0000000e+00   5.6446987e-01   6.8137377e-01   1.0000000e+00   3.3642903e-02
   7.4529457e-02   0.0000000e+00   0.0000000e+00   0.0000000e+00   0.0000000e+00   0.0000000e+00   0.0000000e+00   0.0000000e+00   0.0000000e+00   0.0000000e+00   3.1690218e-01   8.9957301e-01   1.0000000e+00   3.3048758e-02
   1.2446969e-01   0.0000000e+00   0.0000000e+00   0.0000000e+00   0.0000000e+00   0.0000000e+00   0.0000000e+00   0.0000000e+00   0.0000000e+00   0.0000000e+00   9.1937438e-01   1.5475076e-01   1.0000000e+00   3.2660264e-02
   1.1088509e-01   0.0000000e+00   0.0000000e+00   0.0000000e+00   0.0000000e+00   0.0000000e+00   0.0000000e+00   0.0000000e+00   0.0000000e+00   0.0000000e+00   7.2525196e-01   4.7400959e-01   1.0000000e+00   3.2452384e-02
   9.9982381e-02   0.0000000e+00   0.0000000e+00   0.0000000e+00   0.0000000e+00   0.0000000e+00   0.0000000e+00   0.0000000e+00   0.0000000e+00   0.0000000e+00   5.0359998e-01   7.4638706e-01   1.0000000e+00   3.2395079e-02
   6.2754336e-02   0.0000000e+00   0.0000000e+00   0.0000000e+00   0.0000000e+00   0.0000000e+00   0.0000000e+00   0.0000000e+00   0.0000000e+00   0.0000000e+00   5.1042854e-01   7.3946271e-01   1.0000000e+00   3.2145935e-02
   8.1457795e-02   0.0000000e+00   0.0000000e+00   1.4896543e-06   0.0000000e+00   0.0000000e+00   4.4855072e-06   0.0000000e+00   0.0000000e+00   0.0000000e+00   2.8077532e-01   1.1941816e+00   1.0000000e+00   3.1550272e-02
   8.1457851e-02   0.0000000e+00   5.7988538e-13   0.0000000e+00   6.1115408e-07   1.1843271e-07   2.8698958e-07   0.0000000e+00   0.0000000e+00   0.0000000e+00   2.8077532e-01   1.0973238e+00   1.0000000e+00   3.1150098e-02
   1.1573351e-01   0.0000000e+00   0.0000000e+00   0.0000000e+00   0.0000000e+00   0.0000000e+00   0.0000000e+00   0.0000000e+00   0.0000000e+00   0.0000000e+00   8.0972303e-01   3.4434862e-01   1.0000000e+00   3.0376686e-02
   6.4980055e-02   0.0000000e+00   0.0000000e+00   0.0000000e+00   0.0000000e+00   0.0000000e+00   0.0000000e+00   0.0000000e+00   0.0000000e+00   0.0000000e+00   4.6546920e-01   7.8333843e-01   1.0000000e+00   3.0041799e-02
   3.0521792e-02   0.0000000e+00   0.0000000e+00   0.0000000e+00   0.0000000e+00   0.0000000e+00   0.0000000e+00   0.0000000e+00   0.0000000e+00   0.0000000e+00   9.7703453e-01   4.5403531e-02   1.0000000e+00   2.9555158e-02
   5.7505554e-02   0.0000000e+00   0.0000000e+00   0.0000000e+00   0.0000000e+00   0.0000000e+00   0.0000000e+00   0.0000000e+00   0.0000000e+00   0.0000000e+00   6.2132234e-01   6.1395855e-01   1.0000000e+00   2.9297683e-02
   4.0656449e-02   0.0000000e+00   0.0000000e+00   0.0000000e+00   0.0000000e+00   0.0000000e+00   0.0000000e+00   0.0000000e+00   0.0000000e+00   0.0000000e+00   9.0544032e-01   1.8017783e-01   1.0000000e+00   2.9283238e-02
   5.6098903e-02   0.0000000e+00   0.0000000e+00   0.0000000e+00   0.0000000e+00   0.0000000e+00   0.0000000e+00   0.0000000e+00   0.0000000e+00   0.0000000e+00   6.5089444e-01   5.7633642e-01   1.0000000e+00   2.8496033e-02
   1.1234356e-01   0.0000000e+00   0.0000000e+00   0.0000000e+00   0.0000000e+00   0.0000000e+00   0.0000000e+00   0.0000000e+00   0.0000000e+00   0.0000000e+00   7.5218519e-01   4.3421745e-01   1.0000000e+00   2.7769638e-02
   5.1281864e-02   0.0000000e+00   0.0000000e+00   0.0000000e+00   0.0000000e+00   0.0000000e+00   0.0000000e+00   0.0000000e+00   0.0000000e+00   0.0000000e+00   7.4692115e-01   4.4210880e-01   1.0000000e+00   2.7727627e-02
   1.1174331e-01   0.0000000e+00   0.0000000e+00   0.0000000e+00   0.0000000e+00   0.0000000e+00   0.0000000e+00   0.0000000e+00   0.0000000e+00   0.0000000e+00   7.4124430e-01   4.5055688e-01   1.0000000e+00   2.7288554e-02
   5.7046382e-02   0.0000000e+00   0.0000000e+00   0.0000000e+00   0.0000000e+00   0.0000000e+00   0.0000000e+00   0.0000000e+00   0.0000000e+00   0.0000000e+00   6.3101931e-01   6.0181463e-01   1.0000000e+00   2.6877773e-02
   5.3876740e-02   0.0000000e+00   0.0000000e+00   0.0000000e+00   0.0000000e+00   0.0000000e+00   0.0000000e+00   0.0000000e+00   0.0000000e+00   0.0000000e+00   6.9645644e-01   5.1494843e-01   1.0000000e+00   2.6770423e-02
   6.1809186e-02   0.0000000e+00   0.0000000e+00   0.0000000e+00   0.0000000e+00   0.0000000e+00   0.0000000e+00   0.0000000e+00   0.0000000e+00   0.0000000e+00   5.3010153e-01   7.1899237e-01   1.0000000e+00   2.6444012e-02
   5.6492560e-02   0.0000000e+00   0.0000000e+00   0.0000000e+00   0.0000000e+00   0.0000000e+00   0.0000000e+00   0.0000000e+00   0.0000000e+00   0.0000000e+00   6.4266177e-01   5.8698585e-01   1.0000000e+00   2.6042680e-02
   4.8913017e-02   0.0000000e+00   0.0000000e+00   0.0000000e+00   0.0000000e+00   0.0000000e+00   0.0000000e+00   0.0000000e+00   0.0000000e+00   0.0000000e+00   7.8955382e-01   3.7660477e-01   1.0000000e+00   2.5698029e-02
   4.9205645e-02   0.0000000e+00   0.0000000e+00   0.0000000e+00   0.0000000e+00   0.0000000e+00   0.0000000e+00   0.0000000e+00   0.0000000e+00   0.0000000e+00   7.8448872e-01   3.8457744e-01   1.0000000e+00   2.5644002e-02
   6.7732686e-02   0.0000000e+00   0.0000000e+00   0.0000000e+00   0.0000000e+00   0.0000000e+00   0.0000000e+00   0.0000000e+00   0.0000000e+00   0.0000000e+00   4.1385105e-01   8.2872731e-01   1.0000000e+00   2.5643716e-02
   6.2370187e-02   0.0000000e+00   0.0000000e+00   0.0000000e+00   0.0000000e+00   0.0000000e+00   0.0000000e+00   0.0000000e+00   0.0000000e+00   0.0000000e+00   5.1839193e-01   7.3126980e-01   1.0000000e+00   2.5343101e-02
   5.8449799e-02   0.0000000e+00   0.0000000e+00   0.0000000e+00   0.0000000e+00   0.0000000e+00   0.0000000e+00   0.0000000e+00   0.0000000e+00   0.0000000e+00   6.0129246e-01   6.3844738e-01   1.0000000e+00   2.5185440e-02
   5.4354730e-02   0.0000000e+00   0.0000000e+00   0.0000000e+00   0.0000000e+00   0.0000000e+00   0.0000000e+00   0.0000000e+00   0.0000000e+00   0.0000000e+00   6.8680922e-01   5.2829310e-01   1.0000000e+00   2.5139700e-02
   4.3942557e-02   0.0000000e+00   0.0000000e+00   0.0000000e+00   0.0000000e+00   0.0000000e+00   0.0000000e+00   0.0000000e+00   0.0000000e+00   0.0000000e+00   8.6581744e-01   2.5036017e-01   1.0000000e+00   2.4673012e-02
   1.3100943e-01   0.0000000e+00   0.0000000e+00   0.0000000e+00   0.0000000e+00   0.0000000e+00   0.0000000e+00   0.0000000e+00   0.0000000e+00   0.0000000e+00   9.6549581e-01   6.7817846e-02   1.0000000e+00   2.3889091e-02
   5.2877639e-02   0.0000000e+00   0.0000000e+00   0.0000000e+00   0.0000000e+00   0.0000000e+00   0.0000000e+00   0.0000000e+00   0.0000000e+00   0.0000000e+00   7.1629350e-01   4.8692362e-01   1.0000000e+00   2.3743492e-02
   5.4730407e-02   0.0000000e+00   0.0000000e+00   0.0000000e+00   0.0000000e+00   0.0000000e+00   0.0000000e+00   0.0000000e+00   0.0000000e+00   0.0000000e+00   6.7916264e-01   5.3873811e-01   1.0000000e+00   2.3472375e-02
   6.7353427e-02   0.0000000e+00   0.0000000e+00   0.0000000e+00   0.0000000e+00   0.0000000e+00   0.0000000e+00   0.0000000e+00   0.0000000e+00   0.0000000e+00   4.2063462e-01   8.2306652e-01   1.0000000e+00   2.3251102e-02
   1.4024134e-01   0.0000000e+00   0.0000000e+00   0.0000000e+00   0.0000000e+00   0.0000000e+00   0.0000000e+00   0.0000000e+00   0.0000000e+00   0.0000000e+00   9.9321348e-01   1.3526977e-02   1.0000000e+00   2.2938262e-02
   9.1573823e-02   0.0000000e+00   0.0000000e+00   0.0000000e+00   0.0000000e+00   0.0000000e+00   0.0000000e+00   0.0000000e+00   0.0000000e+00   0.0000000e+00   3.5529993e-01   8.7376196e-01   1.0000000e+00   2.2835939e-02
   1.2013018e-01   0.0000000e+00   0.0000000e+00   0.0000000e+00   0.0000000e+00   0.0000000e+00   0.0000000e+00   0.0000000e+00   0.0000000e+00   0.0000000e+00   8.7215314e-01   2.3934890e-01   1.0000000e+00   2.2663617e-02
   6.3957080e-02   0.0000000e+00   0.0000000e+00   0.0000000e+00   0.0000000e+00   0.0000000e+00   0.0000000e+00   0.0000000e+00   0.0000000e+00   0.0000000e+00   4.8585118e-01   7.6394863e-01   1.0000000e+00   2.2475299e-02
   7.6671573e-02   0.0000000e+00   0.0000000e+00   0.0000000e+00   0.0000000e+00   0.0000000e+00   0.0000000e+00   0.0000000e+00   0.0000000e+00   0.0000000e+00   2.9820611e-01   9.1107311e-01   1.0000000e+00   2.2469517e-02
   3.2146833e-02   0.0000000e+00   0.0000000e+00   0.0000000e+00   0.0000000e+00   0.0000000e+00   0.0000000e+00   0.0000000e+00   0.0000000e+00   0.0000000e+00   9.6998568e-01   5.9127776e-02   1.0000000e+00   2.2259524e-02
   1.2808348e-01   0.0000000e+00   0.0000000e+00   0.0000000e+00   0.0000000e+00   0.0000000e+00   0.0000000e+00   0.0000000e+00   0.0000000e+00   0.0000000e+00   9.4826452e-01   1.0079439e-01   1.0000000e+00   2.2186535e-02
   8.1458062e-02   0.0000000e+00   1.7643752e-11   0.0000000e+00   0.0000000e+00   6.0026406e-08   4.8250601e-08   0.0000000e+00   0.0000000e+00   1.2175963e-08   2.8077532e-01   1.0249293e+00   1.0000000e+00   2.2185189e-02
   5.8808599e-02   0.0000000e+00   0.0000000e+00   0.0000000e+00   0.0000000e+00   0.0000000e+00   0.0000000e+00   0.0000000e+00   0.0000000e+00   0.0000000e+00   5.9366214e-01   6.4756526e-01   1.0000000e+00   2.2084777e-02
   6.9985326e-02   0.0000000e+00   0.0000000e+00   0.0000000e+00   0.0000000e+00   0.0000000e+00   0.0000000e+00   0.0000000e+00   0.0000000e+00   0.0000000e+00   3.7617991e-01   8.5848868e-01   1.0000000e+00   2.1780890e-02
   5.5128708e-02   0.0000000e+00   0.0000000e+00   0.0000000e+00   0.0000000e+00   0.0000000e+00   0.0000000e+00   0.0000000e+00   0.0000000e+00   0.0000000e+00   6.7099838e-01   5.4976118e-01   1.0000000e+00   2.1443586e-02
   7.1254308e-02   0.0000000e+00   0.0000000e+00   0.0000000e+00   0.0000000e+00   0.0000000e+00   0.0000000e+00   0.0000000e+00   0.0000000e+00   0.0000000e+00   3.5718620e-01   8.7241802e-01   1.0000000e+00   2.1438393e-02
   7.2796487e-02   0.0000000e+00   0.0000000e+00   0.0000000e+00   0.0000000e+00   0.0000000e+00   0.0000000e+00   0.0000000e+00   0.0000000e+00   0.0000000e+00   3.3655936e-01   8.8672779e-01   1.0000000e+00   2.1387792e-02
   3.7053866e-02   0.0000000e+00   0.0000000e+00   0.0000000e+00   0.0000000e+00   0.0000000e+00   0.0000000e+00   0.0000000e+00   0.0000000e+00   0.0000000e+00   9.3904342e-01   1.1819745e-01   1.0000000e+00   2.1033811e-02
   7.2113608e-02   0.0000000e+00   0.0000000e+00   0.0000000e+00   0.0000000e+00   0.0000000e+00   0.0000000e+00   0.0000000e+00   0.0000000e+00   0.0000000e+00   3.4534495e-01   8.8073687e-01   1.0000000e+00   2.0586049e-02
   7.3578382e-02   0.0000000e+00   0.0000000e+00   0.0000000e+00   0.0000000e+00   0.0000000e+00   0.0000000e+00   0.0000000e+00   0.0000000e+00   0.0000000e+00   3.2720998e-01   8.9293363e-01   1.0000000e+00   2.0558293e-02
   6.3484536e-02   0.0000000e+00   0.0000000e+00   0.0000000e+00   0.0000000e+00   0.0000000e+00   0.0000000e+00   0.0000000e+00   0.0000000e+00   0.0000000e+00   4.9543673e-01   7.5454245e-01   1.0000000e+00   2.0536957e-02
   5.8115987e-02   0.0000000e+00   0.0000000e+00   0.0000000e+00   0.0000000e+00   0.0000000e+00   0.0000000e+00   0.0000000e+00   0.0000000e+00   0.0000000e+00   6.0838396e-01   6.2986895e-01   1.0000000e+00   2.0493667e-02
   4.9938288e-02   0.0000000e+00   0.0000000e+00   0.0000000e+00   0.0000000e+00   0.0000000e+00   0.0000000e+00   0.0000000e+00   0.0000000e+00   0.0000000e+00   7.7155103e-01   4.0470902e-01   1.0000000e+00   2.0328453e-02
   1.2665981e-01   0.0000000e+00   0.0000000e+00   0.0000000e+00   0.0000000e+00   0.0000000e+00   0.0000000e+00   0.0000000e+00   0.0000000e+00   0.0000000e+00   9.3794913e-01   1.2025143e-01   1.0000000e+00   2.0235315e-02
   9.7121102e-02   0.0000000e+00   0.0000000e+00   0.0000000e+00   0.0000000e+00   0.0000000e+00   0.0000000e+00   0.0000000e+00   0.0000000e+00   0.0000000e+00   4.4757694e-01   7.9967488e-01   1.0000000e+00   2.0061356e-02
   6.6341077e-02   0.0000000e+00   0.0000000e+00   0.0000000e+00   0.0000000e+00   0.0000000e+00   0.0000000e+00   0.0000000e+00   0.0000000e+00   0.0000000e+00   4.3928626e-01   8.0702758e-01   1.0000000e+00   1.9839362e-02
   5.4922416e-02   0.0000000e+00   0.0000000e+00   0.0000000e+00   0.0000000e+00   0.0000000e+00   0.0000000e+00   0.0000000e+00   0.0000000e+00   0.0000000e+00   6.7523396e-01   5.4405910e-01   1.0000000e+00   1.9794862e-02
   5.5920389e-02   0.0000000e+00   0.0000000e+00   0.0000000e+00   0.0000000e+00   0.0000000e+00   0.0000000e+00   0.0000000e+00   0.0000000e+00   0.0000000e+00   6.5461447e-01   5.7147989e-01   1.0000000e+00   1.9617615e-02
   5.3588006e-02   0.0000000e+00   0.0000000e+00   0.0000000e+00   0.0000000e+00   0.0000000e+00   0.0000000e+00   0.0000000e+00   0.0000000e+00   0.0000000e+00   7.0223655e-01   5.0686383e-01   1.0000000e+00   1.9454045e-02
   7.3708836e-02   0.0000000e+00   0.0000000e+00   0.0000000e+00   0.0000000e+00   0.0000000e+00   0.0000000e+00   0.0000000e+00   0.0000000e+00   0.0000000e+00   3.2572598e-01   8.9390259e-01   1.0000000e+00   1.9417408e-02
   3.9839938e-02   0.0000000e+00   0.0000000e+00   0.0000000e+00   0.0000000e+00   0.0000000e+00   0.0000000e+00   0.0000000e+00   0.0000000e+00   0.0000000e+00   9.1393757e-01   1.6471812e-01   1.0000000e+00   1.9098484e-02
   7.0394179e-02   0.0000000e+00   0.0000000e+00   0.0000000e+00   0.0000000e+00   0.0000000e+00   0.0000000e+00   0.0000000e+00   0.0000000e+00   0.0000000e+00   3.6987198e-01   8.6319472e-01   1.0000000e+00   1.8821811e-02
   3.6228523e-02   0.0000000e+00   0.0000000e+00   0.0000000e+00   0.0000000e+00   0.0000000e+00   0.0000000e+00   0.0000000e+00   0.0000000e+00   0.0000000e+00   9.4537380e-01   1.0626838e-01   1.0000000e+00   1.8597665e-02
   6.5285595e-02   0.0000000e+00   0.0000000e+00   0.0000000e+00   0.0000000e+00   0.0000000e+00   0.0000000e+00   0.0000000e+00   0.0000000e+00   0.0000000e+00   4.5949146e-01   7.8886759e-01   1.0000000e+00   1.8459836e-02
   5.1853054e-02   0.0000000e+00   0.0000000e+00   0.0000000e+00   0.0000000e+00   0.0000000e+00   0.0000000e+00   0.0000000e+00   0.0000000e+00   0.0000000e+00   7.3611960e-01   4.5812793e-01   1.0000000e+00   1.8354366e-02
   6.5514197e-02   0.0000000e+00   0.0000000e+00   0.0000000e+00   0.0000000e+00   0.0000000e+00   0.0000000e+00   0.0000000e+00   0.0000000e+00   0.0000000e+00   4.5505516e-01   7.9292480e-01   1.0000000e+00   1.8280999e-02
   9.2339382e-02   0.0000000e+00   0.0000000e+00   0.0000000e+00   0.0000000e+00   0.0000000e+00   0.0000000e+00   0.0000000e+00   0.0000000e+00   0.0000000e+00   3.6633280e-01   8.6580028e-01   1.0000000e+00   1.8256280e-02
   7.8193739e-02   0.0000000e+00   0.0000000e+00   0.0000000e+00   0.0000000e+00   0.0000000e+00   0.0000000e+00   0.0000000e+00   0.0000000e+00   0.0000000e+00   2.8892387e-01   9.1652300e-01   1.0000000e+00   1.8182640e-02
   1.0161716e-01   0.0000000e+00   0.0000000e+00   0.0000000e+00   0.0000000e+00   0.0000000e+00   0.0000000e+00   0.0000000e+00   0.0000000e+00   0.0000000e+00   5.3702802e-01   7.1160091e-01   1.0000000e+00   1.8147182e-02
