   0.0000000e+00   0.0000000e+00   0.0000000e+00   0.0000000e+00   0.0000000e+00   0.0000000e+00   0.0000000e+00   0.0000000e+00   0.0000000e+00   0.0000000e+00   1.0000000e+00   0.0000000e+00   1.0000000e+00             Inf
   8.1457797e-02   1.1150642e-09   2.4033505e-03   1.3004609e-04   1.2074192e-03   5.4330460e-10   0.0000000e+00   5.3311782e-09   3.8411768e-04   4.0420265e-05   2.8077532e-01   2.2860846e+00   1.0000000e+00             Inf
   0.0000000e+00   0.0000000e+00   0.0000000e+00   0.0000000e+00   0.0000000e+00   0.0000000e+00   0.0000000e+00   0.0000000e+00   0.0000000e+00   0.0000000e+00   1.0000000e+00   0.0000000e+00   1.0000000e+00             Inf
   8.1457797e-02   2.0960863e-10   0.0000000e+00   0.0000000e+00   1.6185460e-05   2.6618184e-12   0.0000000e+00   8.3785427e-08   1.3780971e-04   2.6301854e-04   2.8077532e-01   1.6973364e+00   1.0000000e+00   4.7187817e-01
   8.1457797e-02   7.1951031e-10   3.8927244e-09   0.0000000e+00   7.1094722e-06   1.8160101e-10   0.0000000e+00   1.1474569e-07   0.0000000e+00   0.0000000e+00   2.8077532e-01   1.2073312e+00   1.0000000e+00   2.2691534e-01
   3.7306703e-02   3.2283925e-17   0.0000000e+00   0.0000000e+00   0.0000000e+00   2.9966784e-16   0.0000000e+00   6.2286224e-18   0.0000000e+00   0.0000000e+00   9.3700579e-01   1.2334302e-01   1.0000000e+00   7.8948835e-02
   3.2222687e-02   0.0000000e+00   0.0000000e+00   0.0000000e+00   0.0000000e+00   0.0000000e+00   0.0000000e+00   0.0000000e+00   0.0000000e+00   0.0000000e+00   9.6962156e-01   5.9834035e-02   1.0000000e+00   7.7520814e-02
   1.2166038e-01   1.8176663e-17   0.0000000e+00   0.0000000e+00   0.0000000e+00   0.0000000e+00   0.0000000e+00   5.8992859e-18   0.0000000e+00   0.0000000e+00   8.9043300e-01   2.0778155e-01   1.0000000e+00   4.7137063e-02
   1.1184000e-01   7.1718070e-17   0.0000000e+00   0.0000000e+00   0.0000000e+00   0.0000000e+00   0.0000000e+00   1.6115146e-18   0.0000000e+00   0.0000000e+00   7.4302055e-01   4.4866664e-01   1.0000000e+00   4.5964758e-02
   8.1457792e-02   4.0501260e-10   1.1797881e-06   0.0000000e+00   0.0000000e+00   4.4903298e-13   0.0000000e+00   4.2815476e-08   3.0155089e-07   0.0000000e+00   2.8077532e-01   1.1159232e+00   1.0000000e+00   4.4231123e-02
   1.1291318e-01   7.9529011e-17   0.0000000e+00   0.0000000e+00   0.0000000e+00   4.4483897e-15   0.0000000e+00   7.7881610e-20   0.0000000e+00   0.0000000e+00   7.6237121e-01   4.2092040e-01   1.0000000e+00   4.3570386e-02
   8.1441590e-02   8.1425592e-11   1.7715181e-10   3.6111541e-09   4.0569293e-08   7.9544738e-13   0.0000000e+00   6.7238333e-09   0.0000000e+00   0.0000000e+00   2.8077552e-01   1.0050282e+00   1.0000000e+00   4.1200507e-02
   1.0317094e-01   0.0000000e+00   0.0000000e+00   0.0000000e+00   0.0000000e+00   0.0000000e+00   0.0000000e+00   4.2614187e-18   0.0000000e+00   0.0000000e+00   5.6928587e-01   6.7622618e-01   1.0000000e+00   3.9548844e-02
   6.0457251e-02   3.7654096e-17   0.0000000e+00   0.0000000e+00   0.0000000e+00   2.3513867e-16   0.0000000e+00   5.2649544e-18   0.0000000e+00   0.0000000e+00   5.5861356e-01   6.8883112e-01   1.0000000e+00   3.8506595e-02
   9.8448807e-02   0.0000000e+00   0.0000000e+00   0.0000000e+00   0.0000000e+00   5.9060567e-17   0.0000000e+00   4.2484152e-18   0.0000000e+00   0.0000000e+00   4.7307738e-01   7.7676497e-01   1.0000000e+00   3.8120087e-02
   1.2318520e-01   4.0372641e-17   0.0000000e+00   0.0000000e+00   0.0000000e+00   3.8962170e-16   0.0000000e+00   3.3114499e-18   0.0000000e+00   0.0000000e+00   9.0687383e-01   1.7894564e-01   1.0000000e+00   3.7096074e-02
   8.1478616e-02   9.7678350e-17   0.0000000e+00   0.0000000e+00   0.0000000e+00   3.7814749e-17   0.0000000e+00   7.5567870e-18   0.0000000e+00   0.0000000e+00   2.8077565e-01   9.2177808e-01   1.0000000e+00   3.6465288e-02
   1.0095102e-01   8.6452596e-18   0.0000000e+00   0.0000000e+00   0.0000000e+00   1.1852697e-16   0.0000000e+00   7.6769356e-18   0.0000000e+00   0.0000000e+00   5.2332117e-01   7.2684815e-01   1.0000000e+00   3.6274230e-02
   1.2488011e-01   4.6893860e-17   0.0000000e+00   0.0000000e+00   0.0000000e+00   4.0755288e-16   0.0000000e+00   3.3474169e-18   0.0000000e+00   0.0000000e+00   9.2311414e-01   1.4926753e-01   1.0000000e+00   3.5020727e-02
   1.2008425e-01   8.2831402e-17   0.0000000e+00   0.0000000e+00   0.0000000e+00   0.0000000e+00   0.0000000e+00   1.6297434e-20   0.0000000e+00   0.0000000e+00   8.7157661e-01   2.4122635e-01   1.0000000e+00   3.3697261e-02
   9.7648176e-02   0.0000000e+00   0.0000000e+00   0.0000000e+00   0.0000000e+00   1.8002600e-16   0.0000000e+00   2.6175849e-18   0.0000000e+00   0.0000000e+00   4.5758177e-01   7.9134939e-01   1.0000000e+00   3.1380149e-02
   8.1457788e-02   3.8625325e-10   2.3280848e-09   0.0000000e+00   0.0000000e+00   0.0000000e+00   0.0000000e+00   1.0731617e-07   3.4249547e-07   0.0000000e+00   2.8077532e-01   1.0652978e+00   1.0000000e+00   3.1169477e-02
   1.0016026e-01   8.3251960e-17   0.0000000e+00   0.0000000e+00   0.0000000e+00   1.1027463e-16   0.0000000e+00   8.3423656e-18   0.0000000e+00   0.0000000e+00   5.0719962e-01   7.4352715e-01   1.0000000e+00   3.1006853e-02
   3.7626122e-02   3.1425042e-17   0.0000000e+00   0.0000000e+00   0.0000000e+00   2.7043405e-16   0.0000000e+00   5.8656411e-18   0.0000000e+00   0.0000000e+00   9.3436447e-01   1.2825167e-01   1.0000000e+00   3.0654886e-02
   1.3501480e-01   2.4293471e-18   0.0000000e+00   0.0000000e+00   0.0000000e+00   0.0000000e+00   0.0000000e+00   6.1116775e-18   0.0000000e+00   0.0000000e+00   9.8166884e-01   3.6877816e-02   1.0000000e+00   3.0456392e-02
   1.1936560e-01   7.8467951e-17   0.0000000e+00   0.0000000e+00   0.0000000e+00   0.0000000e+00   0.0000000e+00   3.6633582e-19   0.0000000e+00   0.0000000e+00   8.6234646e-01   2.5721213e-01   1.0000000e+00   3.0331240e-02
   7.8218733e-02   2.3870021e-17   0.0000000e+00   0.0000000e+00   0.0000000e+00   1.7912788e-16   0.0000000e+00   9.9765961e-18   0.0000000e+00   0.0000000e+00   2.8880008e-01   9.1727455e-01   1.0000000e+00   3.0093803e-02
   1.3880889e-01   0.0000000e+00   0.0000000e+00   0.0000000e+00   0.0000000e+00   5.6124811e-17   0.0000000e+00   9.9151525e-18   0.0000000e+00   0.0000000e+00   9.9089084e-01   1.9063477e-02   1.0000000e+00   2.9706577e-02
   1.0780908e-01   0.0000000e+00   0.0000000e+00   0.0000000e+00   0.0000000e+00   9.1787028e-17   0.0000000e+00   1.0099837e-17   0.0000000e+00   0.0000000e+00   6.6506358e-01   5.5844326e-01   1.0000000e+00   2.8613108e-02
   9.5342395e-02   8.7699557e-17   0.0000000e+00   0.0000000e+00   0.0000000e+00   2.7580161e-17   0.0000000e+00   8.6669541e-18   0.0000000e+00   0.0000000e+00   4.1516448e-01   8.2828117e-01   1.0000000e+00   2.8403225e-02
   8.1457792e-02   7.9323382e-10   0.0000000e+00   0.0000000e+00   3.7511732e-06   2.1426955e-10   0.0000000e+00   1.1880275e-07   0.0000000e+00   0.0000000e+00   2.8077532e-01   1.1664139e+00   1.0000000e+00   2.7411728e-02
   1.0426172e-01   1.0417784e-18   0.0000000e+00   0.0000000e+00   0.0000000e+00   0.0000000e+00   0.0000000e+00   1.2099994e-18   0.0000000e+00   0.0000000e+00   5.9202643e-01   6.4977653e-01   1.0000000e+00   2.7349012e-02
   6.6094438e-02   0.0000000e+00   0.0000000e+00   0.0000000e+00   0.0000000e+00   0.0000000e+00   0.0000000e+00   9.8137148e-18   0.0000000e+00   0.0000000e+00   4.4394233e-01   8.0326334e-01   1.0000000e+00   2.7242507e-02
   8.7127337e-02   7.8665901e-18   0.0000000e+00   0.0000000e+00   0.0000000e+00   1.7438856e-16   0.0000000e+00   7.8296902e-18   0.0000000e+00   0.0000000e+00   3.0501551e-01   9.0763239e-01   1.0000000e+00   2.7194589e-02
   1.0366020e-01   5.2175615e-19   0.0000000e+00   0.0000000e+00   0.0000000e+00   3.4066567e-17   0.0000000e+00   8.8941704e-18   0.0000000e+00   0.0000000e+00   5.7948520e-01   6.6476048e-01   1.0000000e+00   2.7160345e-02
   1.0596254e-01   0.0000000e+00   0.0000000e+00   0.0000000e+00   0.0000000e+00   0.0000000e+00   0.0000000e+00   0.0000000e+00   0.0000000e+00   0.0000000e+00   6.2733994e-01   6.0644460e-01   1.0000000e+00   2.6776348e-02
   7.6452723e-02   8.0403495e-17   0.0000000e+00   0.0000000e+00   0.0000000e+00   1.6993135e-19   0.0000000e+00   0.0000000e+00   0.0000000e+00   0.0000000e+00   2.9981907e-01   9.1064506e-01   1.0000000e+00   2.6763470e-02
   1.0630825e-01   2.9847611e-18   0.0000000e+00   0.0000000e+00   0.0000000e+00   2.4624186e-17   0.0000000e+00   5.0295604e-18   0.0000000e+00   0.0000000e+00   6.3446527e-01   5.9800461e-01   1.0000000e+00   2.6009627e-02
   1.2060524e-01   2.0579871e-18   0.0000000e+00   0.0000000e+00   0.0000000e+00   8.7968921e-17   0.0000000e+00   8.7462600e-18   0.0000000e+00   0.0000000e+00   8.7802035e-01   2.2999742e-01   1.0000000e+00   2.5023619e-02
   1.0218498e-01   1.5739634e-18   0.0000000e+00   0.0000000e+00   0.0000000e+00   0.0000000e+00   0.0000000e+00   0.0000000e+00   0.0000000e+00   0.0000000e+00   5.4878074e-01   6.9907916e-01   1.0000000e+00   2.4929584e-02
   5.5982615e-02   1.0420682e-17   0.0000000e+00   0.0000000e+00   0.0000000e+00   1.8923713e-16   0.0000000e+00   5.6497416e-18   0.0000000e+00   0.0000000e+00   6.5331874e-01   5.7406193e-01   1.0000000e+00   2.4689072e-02
   7.0960388e-02   4.3881649e-17   0.0000000e+00   0.0000000e+00   0.0000000e+00   1.0635680e-15   0.0000000e+00   0.0000000e+00   0.0000000e+00   0.0000000e+00   3.6142985e-01   8.7044007e-01   1.0000000e+00   2.4575067e-02
   9.9726357e-02   7.3354986e-17   0.0000000e+00   0.0000000e+00   0.0000000e+00   0.0000000e+00   0.0000000e+00   1.9783447e-17   0.0000000e+00   0.0000000e+00   4.9843828e-01   7.5219650e-01   1.0000000e+00   2.4249651e-02
   9.2561656e-02   2.1504613e-18   0.0000000e+00   0.0000000e+00   0.0000000e+00   1.3522175e-16   0.0000000e+00   7.4293333e-18   0.0000000e+00   0.0000000e+00   3.6965230e-01   8.6400502e-01   1.0000000e+00   2.4198300e-02
   1.1633109e-01   9.4017313e-17   0.0000000e+00   0.0000000e+00   0.0000000e+00   4.4365033e-16   0.0000000e+00   1.5594423e-18   0.0000000e+00   0.0000000e+00   8.1905187e-01   3.3047663e-01   1.0000000e+00   2.4154142e-02
   1.0386234e-01   2.6250030e-19   0.0000000e+00   0.0000000e+00   0.0000000e+00   7.5596620e-17   0.0000000e+00   3.9152540e-18   0.0000000e+00   0.0000000e+00   5.8370032e-01   6.5995225e-01   1.0000000e+00   2.3991565e-02
   6.6905703e-02   3.0832471e-19   0.0000000e+00   0.0000000e+00   0.0000000e+00   0.0000000e+00   0.0000000e+00   6.3004526e-18   0.0000000e+00   0.0000000e+00   4.2878911e-01   8.1645178e-01   1.0000000e+00   2.3182657e-02
   5.5709799e-02   0.0000000e+00   0.0000000e+00   0.0000000e+00   0.0000000e+00   1.5017053e-16   0.0000000e+00   4.1145556e-18   0.0000000e+00   0.0000000e+00   6.5899139e-01   5.6656080e-01   1.0000000e+00   2.3161934e-02
   7.4563157e-02   2.9939588e-16   0.0000000e+00   0.0000000e+00   0.0000000e+00   1.1740648e-14   0.0000000e+00   1.1877419e-17   0.0000000e+00   0.0000000e+00   3.1655895e-01   9.0168431e-01   1.0000000e+00   2.3021467e-02
   9.3115660e-02   1.5341885e-16   0.0000000e+00   0.0000000e+00   0.0000000e+00   0.0000000e+00   0.0000000e+00   1.1866794e-17   0.0000000e+00   0.0000000e+00   3.7814463e-01   8.5768000e-01   1.0000000e+00   2.2986636e-02
   6.3588610e-02   4.2909105e-17   0.0000000e+00   0.0000000e+00   0.0000000e+00   1.0043156e-15   0.0000000e+00   1.1133416e-18   0.0000000e+00   0.0000000e+00   4.9331722e-01   7.5780043e-01   1.0000000e+00   2.2594358e-02
   1.3375502e-01   8.7028245e-18   0.0000000e+00   0.0000000e+00   0.0000000e+00   1.1634348e-16   0.0000000e+00   8.7353472e-18   0.0000000e+00   0.0000000e+00   9.7739482e-01   4.5791745e-02   1.0000000e+00   2.2400474e-02
   8.9650910e-02   0.0000000e+00   0.0000000e+00   0.0000000e+00   0.0000000e+00   3.2241978e-16   0.0000000e+00   8.4199500e-18   0.0000000e+00   0.0000000e+00   3.3051547e-01   8.9153681e-01   1.0000000e+00   2.2173341e-02
   9.1157599e-02   1.4818029e-17   0.0000000e+00   0.0000000e+00   0.0000000e+00   5.9298164e-17   0.0000000e+00   9.0550783e-18   0.0000000e+00   0.0000000e+00   3.4957083e-01   8.7835706e-01   1.0000000e+00   2.2116628e-02
   8.1457785e-02   3.9635806e-10   2.3323727e-09   0.0000000e+00   0.0000000e+00   1.6738449e-11   0.0000000e+00   1.0758250e-07   1.3251506e-07   0.0000000e+00   2.8077532e-01   1.0446671e+00   1.0000000e+00   2.1579669e-02
   1.1540764e-01   7.4851076e-17   0.0000000e+00   0.0000000e+00   0.0000000e+00   1.2861953e-18   0.0000000e+00   9.7898012e-19   0.0000000e+00   0.0000000e+00   8.0452855e-01   3.5353576e-01   1.0000000e+00   2.1484193e-02
   1.0977805e-01   3.0611524e-18   0.0000000e+00   0.0000000e+00   0.0000000e+00   8.2879292e-17   0.0000000e+00   5.8506428e-18   0.0000000e+00   0.0000000e+00   7.0406508e-01   5.0505296e-01   1.0000000e+00   2.1458372e-02
   1.0822420e-01   7.6127185e-18   0.0000000e+00   0.0000000e+00   0.0000000e+00   0.0000000e+00   0.0000000e+00   5.2969506e-18   0.0000000e+00   0.0000000e+00   6.7340839e-01   5.4697381e-01   1.0000000e+00   2.1442888e-02
   1.0900950e-01   0.0000000e+00   0.0000000e+00   0.0000000e+00   0.0000000e+00   6.1993529e-18   0.0000000e+00   6.5559066e-18   0.0000000e+00   0.0000000e+00   6.8902426e-01   5.2570349e-01   1.0000000e+00   2.1235156e-02
   1.1009737e-01   0.0000000e+00   0.0000000e+00   0.0000000e+00   0.0000000e+00   0.0000000e+00   0.0000000e+00   6.0706362e-18   0.0000000e+00   0.0000000e+00   7.1023695e-01   4.9595147e-01   1.0000000e+00   2.0681988e-02
   1.0688127e-01   0.0000000e+00   0.0000000e+00   0.0000000e+00   0.0000000e+00   0.0000000e+00   0.0000000e+00   0.0000000e+00   0.0000000e+00   0.0000000e+00   6.4621821e-01   5.8240203e-01   1.0000000e+00   2.0472518e-02
   6.1873276e-02   3.4486434e-17   0.0000000e+00   0.0000000e+00   0.0000000e+00   1.3532365e-16   0.0000000e+00   5.1672842e-18   0.0000000e+00   0.0000000e+00   5.2875945e-01   7.2117806e-01   1.0000000e+00   2.0296649e-02
   1.1031692e-01   1.9383784e-16   0.0000000e+00   0.0000000e+00   0.0000000e+00   4.1124270e-16   0.0000000e+00   2.2465831e-18   0.0000000e+00   0.0000000e+00   7.1445258e-01   4.9078926e-01   1.0000000e+00   1.9313177e-02
   1.1900111e-01   5.3592821e-17   0.0000000e+00   0.0000000e+00   0.0000000e+00   2.5507850e-16   0.0000000e+00   1.6698214e-18   0.0000000e+00   0.0000000e+00   8.5751372e-01   2.6586668e-01   1.0000000e+00   1.9159527e-02
   6.3946042e-02   6.8128722e-17   0.0000000e+00   0.0000000e+00   0.0000000e+00   1.8759888e-16   0.0000000e+00   5.3562152e-18   0.0000000e+00   0.0000000e+00   4.8607395e-01   7.6454858e-01   1.0000000e+00   1.8842377e-02
   6.8262201e-02   0.0000000e+00   0.0000000e+00   0.0000000e+00   0.0000000e+00   0.0000000e+00   0.0000000e+00   8.7850496e-18   0.0000000e+00   0.0000000e+00   4.0458023e-01   8.3664402e-01   1.0000000e+00   1.8835811e-02
   1.1165110e-01   0.0000000e+00   0.0000000e+00   0.0000000e+00   0.0000000e+00   0.0000000e+00   0.0000000e+00   4.6611056e-18   0.0000000e+00   0.0000000e+00   7.3954521e-01   4.5344634e-01   1.0000000e+00   1.8820595e-02
   9.4160605e-02   1.1065631e-16   0.0000000e+00   0.0000000e+00   0.0000000e+00   1.6941541e-16   0.0000000e+00   8.4180714e-18   0.0000000e+00   0.0000000e+00   3.9496981e-01   8.4478162e-01   1.0000000e+00   1.8360047e-02
   1.1405480e-01   0.0000000e+00   0.0000000e+00   0.0000000e+00   0.0000000e+00   0.0000000e+00   0.0000000e+00   1.5889588e-18   0.0000000e+00   0.0000000e+00   7.8217648e-01   3.8849728e-01   1.0000000e+00   1.8172973e-02
   5.2697705e-02   0.0000000e+00   0.0000000e+00   0.0000000e+00   0.0000000e+00   0.0000000e+00   0.0000000e+00   5.2738535e-18   0.0000000e+00   0.0000000e+00   7.1981505e-01   4.8224428e-01   1.0000000e+00   1.8034118e-02
   8.1457794e-02   7.2162788e-10   8.2805141e-11   0.0000000e+00   4.5892277e-06   2.2446414e-10   0.0000000e+00   1.1911153e-07   0.0000000e+00   0.0000000e+00   2.8077532e-01   1.1785887e+00   1.0000000e+00   1.7898412e-02
   9.8738073e-02   1.4965048e-18   0.0000000e+00   0.0000000e+00   0.0000000e+00   1.4847910e-16   0.0000000e+00   7.2307546e-18   0.0000000e+00   0.0000000e+00   4.7875624e-01   7.7150758e-01   1.0000000e+00   1.7594462e-02
   8.1457775e-02   3.0873443e-10   0.0000000e+00   0.0000000e+00   0.0000000e+00   4.7237437e-11   0.0000000e+00   8.3400852e-08   0.0000000e+00   0.0000000e+00   2.8077532e-01   1.0159649e+00   1.0000000e+00   1.7339511e-02
   1.1583687e-01   7.2793089e-17   0.0000000e+00   0.0000000e+00   0.0000000e+00   0.0000000e+00   0.0000000e+00   1.0818925e-18   0.0000000e+00   0.0000000e+00   8.1135495e-01   3.4250184e-01   1.0000000e+00   1.7337011e-02
   9.7363584e-02   0.0000000e+00   0.0000000e+00   0.0000000e+00   0.0000000e+00   1.5699085e-16   0.0000000e+00   3.6395305e-18   0.0000000e+00   0.0000000e+00   4.5215914e-01   7.9625661e-01   1.0000000e+00   1.7195840e-02
   1.0165140e-01   1.7843295e-18   0.0000000e+00   0.0000000e+00   0.0000000e+00   1.3546623e-17   0.0000000e+00   0.0000000e+00   0.0000000e+00   0.0000000e+00   5.3773522e-01   7.1125996e-01   1.0000000e+00   1.7138164e-02
   3.1752371e-02   8.7063443e-18   0.0000000e+00   0.0000000e+00   0.0000000e+00   2.2289950e-16   0.0000000e+00   5.8108552e-18   0.0000000e+00   0.0000000e+00   9.7182730e-01   5.6805469e-02   1.0000000e+00   1.6950348e-02
   1.1321229e-01   7.4751678e-17   0.0000000e+00   0.0000000e+00   0.0000000e+00   5.0086306e-17   0.0000000e+00   2.2973424e-18   0.0000000e+00   0.0000000e+00   7.6764035e-01   4.1160501e-01   1.0000000e+00   1.6911468e-02
   9.4406962e-02   6.4163304e-19   0.0000000e+00   0.0000000e+00   0.0000000e+00   8.6292325e-17   0.0000000e+00   5.3805328e-18   0.0000000e+00   0.0000000e+00   3.9908185e-01   8.4132409e-01   1.0000000e+00   1.6460355e-02
   5.3662905e-02   2.0366130e-18   0.0000000e+00   0.0000000e+00   0.0000000e+00   3.2908828e-13   0.0000000e+00   6.1187873e-18   0.0000000e+00   0.0000000e+00   7.0074073e-01   5.1482300e-01   1.0000000e+00   1.6113231e-02
   9.0754049e-02   0.0000000e+00   0.0000000e+00   0.0000000e+00   0.0000000e+00   8.9067620e-17   0.0000000e+00   7.8996465e-18   0.0000000e+00   0.0000000e+00   3.4420399e-01   8.8210030e-01   1.0000000e+00   1.6094008e-02
   1.1134037e-01   0.0000000e+00   0.0000000e+00   0.0000000e+00   0.0000000e+00   8.3544728e-17   0.0000000e+00   6.4703145e-18   0.0000000e+00   0.0000000e+00   7.3378533e-01   4.6233760e-01   1.0000000e+00   1.6074308e-02
   1.0834895e-01   1.6407564e-18   0.0000000e+00   0.0000000e+00   0.0000000e+00   7.7672817e-17   0.0000000e+00   6.3725271e-18   0.0000000e+00   0.0000000e+00   6.7590450e-01   5.4388131e-01   1.0000000e+00   1.6072954e-02
   1.0012400e-01   8.5868495e-17   0.0000000e+00   0.0000000e+00   0.0000000e+00   0.0000000e+00   0.0000000e+00   1.9249524e-17   0.0000000e+00   0.0000000e+00   5.0646496e-01   7.4415428e-01   1.0000000e+00   1.5973869e-02
   1.1592393e-01   2.9175739e-19   0.0000000e+00   0.0000000e+00   0.0000000e+00   0.0000000e+00   0.0000000e+00   8.5069149e-18   0.0000000e+00   0.0000000e+00   8.1272361e-01   3.3995020e-01   1.0000000e+00   1.5961859e-02
   9.6544000e-02   1.4677518e-17   0.0000000e+00   0.0000000e+00   0.0000000e+00   6.0322476e-17   0.0000000e+00   9.0389775e-18   0.0000000e+00   0.0000000e+00   4.3682036e-01   8.0978036e-01   1.0000000e+00   1.5944965e-02
   1.2119112e-01   1.6506777e-18   0.0000000e+00   0.0000000e+00   0.0000000e+00   0.0000000e+00   0.0000000e+00   6.2644321e-18   0.0000000e+00   0.0000000e+00   8.8501785e-01   2.1723484e-01   1.0000000e+00   1.5823773e-02
   1.1799644e-01   8.9272592e-17   0.0000000e+00   0.0000000e+00   0.0000000e+00   0.0000000e+00   0.0000000e+00   8.6553574e-18   0.0000000e+00   0.0000000e+00   8.4366913e-01   2.8910702e-01   1.0000000e+00   1.5591770e-02
   1.0661556e-01   1.7232637e-18   0.0000000e+00   0.0000000e+00   0.0000000e+00   0.0000000e+00   0.0000000e+00   8.6719765e-19   0.0000000e+00   0.0000000e+00   6.4077795e-01   5.8969765e-01   1.0000000e+00   1.5413358e-02
   9.3424731e-02   8.7988266e-17   0.0000000e+00   0.0000000e+00   0.0000000e+00   2.6293966e-17   0.0000000e+00   7.6879740e-18   0.0000000e+00   0.0000000e+00   3.8301402e-01   8.5392639e-01   1.0000000e+00   1.5312999e-02
   1.2103447e-01   0.0000000e+00   0.0000000e+00   0.0000000e+00   0.0000000e+00   7.0445309e-17   0.0000000e+00   8.8491723e-18   0.0000000e+00   0.0000000e+00   8.8317264e-01   2.2087869e-01   1.0000000e+00   1.5311949e-02
   1.0865614e-01   9.3235139e-18   0.0000000e+00   0.0000000e+00   0.0000000e+00   0.0000000e+00   0.0000000e+00   3.4754586e-20   0.0000000e+00   0.0000000e+00   6.8202666e-01   5.3526068e-01   1.0000000e+00   1.4943391e-02
   1.1441210e-01   5.0964023e-17   0.0000000e+00   0.0000000e+00   0.0000000e+00   4.5398920e-16   0.0000000e+00   2.6056478e-18   0.0000000e+00   0.0000000e+00   7.8820081e-01   3.8000356e-01   1.0000000e+00   1.4658843e-02
   1.1667201e-01   6.9144437e-17   0.0000000e+00   0.0000000e+00   0.0000000e+00   0.0000000e+00   0.0000000e+00   3.3158123e-19   0.0000000e+00   0.0000000e+00   8.2425820e-01   3.2139496e-01   1.0000000e+00   1.4594662e-02
   7.0782345e-02   9.3925500e-18   0.0000000e+00   0.0000000e+00   0.0000000e+00   2.0885561e-16   0.0000000e+00   5.4332580e-18   0.0000000e+00   0.0000000e+00   3.6404698e-01   8.6818942e-01   1.0000000e+00   1.4247267e-02
   1.1092044e-01   7.4218509e-17   0.0000000e+00   0.0000000e+00   0.0000000e+00   0.0000000e+00   0.0000000e+00   0.0000000e+00   0.0000000e+00   0.0000000e+00   7.2591840e-01   4.7377880e-01   1.0000000e+00   1.4142665e-02
   9.5721155e-02   4.1414167e-17   0.0000000e+00   0.0000000e+00   0.0000000e+00   0.0000000e+00   0.0000000e+00   2.5057557e-17   0.0000000e+00   0.0000000e+00   4.2187591e-01   8.2257337e-01   1.0000000e+00   1.4089133e-02
   9.6448071e-02   7.7404315e-17   0.0000000e+00   0.0000000e+00   0.0000000e+00   1.1362028e-16   0.0000000e+00   7.4303100e-18   0.0000000e+00   0.0000000e+00   4.3505362e-01   8.1146174e-01   1.0000000e+00   1.4084815e-02
   1.4154628e-01   0.0000000e+00   0.0000000e+00   0.0000000e+00   0.0000000e+00   2.9896970e-17   0.0000000e+00   1.0488244e-17   0.0000000e+00   0.0000000e+00   9.9489540e-01   1.1007211e-02   1.0000000e+00   1.4054464e-02
   1.1748127e-01   3.2054082e-16   0.0000000e+00   0.0000000e+00   0.0000000e+00   2.3315358e-16   0.0000000e+00   6.1903692e-18   0.0000000e+00   0.0000000e+00   8.3627414e-01   3.0200340e-01   1.0000000e+00   1.3967406e-02
