   1.0000000e+00   0.0000000e+00   0.0000000e+00   0.0000000e+00   0.0000000e+00   0.0000000e+00   0.0000000e+00   0.0000000e+00   0.0000000e+00   0.0000000e+00   1.0000000e+00   0.0000000e+00   1.0000000e+00             Inf
   8.1457797e-02   1.5818962e-03   0.0000000e+00   0.0000000e+00   0.0000000e+00   2.3144287e-03   3.9031550e-04   0.0000000e+00   4.8124515e-04   7.2749044e-10   2.8077532e-01   2.3320827e+00   1.0000000e+00             Inf
   0.0000000e+00   0.0000000e+00   0.0000000e+00   0.0000000e+00   0.0000000e+00   0.0000000e+00   0.0000000e+00   0.0000000e+00   0.0000000e+00   0.0000000e+00   1.0000000e+00   0.0000000e+00   1.0000000e+00             Inf
   8.1457797e-02   0.0000000e+00   0.0000000e+00   5.0494276e-05   3.8420960e-06   0.0000000e+00   0.0000000e+00   0.0000000e+00   0.0000000e+00   1.1000998e-05   2.8077532e-01   1.4134345e+00   1.0000000e+00   5.1005267e-01
   8.1457797e-02   0.0000000e+00   0.0000000e+00   3.1708366e-09   3.1668488e-07   0.0000000e+00   0.0000000e+00   0.0000000e+00   0.0000000e+00   2.2411021e-06   2.8077532e-01   1.1425977e+00   1.0000000e+00   1.6775058e-01
   8.1457793e-02   0.0000000e+00   0.0000000e+00   0.0000000e+00   1.0818607e-07   0.0000000e+00   0.0000000e+00   0.0000000e+00   0.0000000e+00   1.4636100e-10   2.8077532e-01   1.0222263e+00   1.0000000e+00   8.8237429e-02
   9.9278583e-02   0.0000000e+00   0.0000000e+00   0.0000000e+00   0.0000000e+00   0.0000000e+00   0.0000000e+00   0.0000000e+00   0.0000000e+00   0.0000000e+00   4.8947021e-01   7.6041891e-01   1.0000000e+00   5.2175054e-02
   9.8186862e-02   0.0000000e+00   0.0000000e+00   0.0000000e+00   0.0000000e+00   0.0000000e+00   0.0000000e+00   0.0000000e+00   0.0000000e+00   0.0000000e+00   4.6797043e-01   7.8100368e-01   1.0000000e+00   4.5648530e-02
   8.1457793e-02   0.0000000e+00   0.0000000e+00   6.1085445e-11   0.0000000e+00   0.0000000e+00   0.0000000e+00   0.0000000e+00   0.0000000e+00   0.0000000e+00   2.8077532e-01   9.3682071e-01   1.0000000e+00   4.3335107e-02
   1.1622353e-01   0.0000000e+00   0.0000000e+00   0.0000000e+00   0.0000000e+00   0.0000000e+00   0.0000000e+00   0.0000000e+00   0.0000000e+00   0.0000000e+00   8.1739171e-01   3.3187080e-01   1.0000000e+00   3.8897033e-02
   3.6465633e-02   0.0000000e+00   0.0000000e+00   0.0000000e+00   0.0000000e+00   0.0000000e+00   0.0000000e+00   0.0000000e+00   0.0000000e+00   0.0000000e+00   9.4360495e-01   1.0960971e-01   1.0000000e+00   3.2576504e-02
   1.1129077e-01   0.0000000e+00   0.0000000e+00   0.0000000e+00   0.0000000e+00   0.0000000e+00   0.0000000e+00   0.0000000e+00   0.0000000e+00   0.0000000e+00   7.3286106e-01   4.6291467e-01   1.0000000e+00   3.2375533e-02
   2.2153180e-01   0.0000000e+00   0.0000000e+00   0.0000000e+00   0.0000000e+00   0.0000000e+00   0.0000000e+00   0.0000000e+00   0.0000000e+00   0.0000000e+00   8.3386199e-01   3.0467418e-01   1.0000000e+00   3.0973986e-02
   1.2237837e-01   0.0000000e+00   0.0000000e+00   0.0000000e+00   0.0000000e+00   0.0000000e+00   0.0000000e+00   0.0000000e+00   0.0000000e+00   0.0000000e+00   8.9839354e-01   1.9288905e-01   1.0000000e+00   3.0753528e-02
   2.7253696e-01   0.0000000e+00   0.0000000e+00   0.0000000e+00   0.0000000e+00   0.0000000e+00   0.0000000e+00   0.0000000e+00   0.0000000e+00   0.0000000e+00   8.0769177e-01   3.4763401e-01   1.0000000e+00   3.0310579e-02
   1.2117045e-01   0.0000000e+00   0.0000000e+00   0.0000000e+00   0.0000000e+00   0.0000000e+00   0.0000000e+00   0.0000000e+00   0.0000000e+00   0.0000000e+00   8.8477549e-01   2.1717233e-01   1.0000000e+00   3.0163090e-02
   2.0993764e-01   0.0000000e+00   0.0000000e+00   0.0000000e+00   0.0000000e+00   0.0000000e+00   0.0000000e+00   0.0000000e+00   0.0000000e+00   0.0000000e+00   9.3563140e-01   1.2459389e-01   1.0000000e+00   2.8386679e-02
   9.3006119e-02   0.0000000e+00   0.0000000e+00   0.0000000e+00   0.0000000e+00   0.0000000e+00   0.0000000e+00   0.0000000e+00   0.0000000e+00   0.0000000e+00   3.7644118e-01   8.5829204e-01   1.0000000e+00   2.8062882e-02
   8.8644554e-02   0.0000000e+00   0.0000000e+00   0.0000000e+00   0.0000000e+00   0.0000000e+00   0.0000000e+00   0.0000000e+00   0.0000000e+00   0.0000000e+00   3.1934323e-01   8.9801990e-01   1.0000000e+00   2.6988548e-02
   6.5423448e-02   0.0000000e+00   0.0000000e+00   0.0000000e+00   0.0000000e+00   0.0000000e+00   0.0000000e+00   0.0000000e+00   0.0000000e+00   0.0000000e+00   4.5681246e-01   7.9132238e-01   1.0000000e+00   2.6907977e-02
   5.1495258e-02   0.0000000e+00   0.0000000e+00   0.0000000e+00   0.0000000e+00   0.0000000e+00   0.0000000e+00   0.0000000e+00   0.0000000e+00   0.0000000e+00   7.4290779e-01   4.4808801e-01   1.0000000e+00   2.6883566e-02
   2.6905694e-01   0.0000000e+00   0.0000000e+00   0.0000000e+00   0.0000000e+00   0.0000000e+00   0.0000000e+00   0.0000000e+00   0.0000000e+00   0.0000000e+00   7.7052405e-01   4.0629269e-01   1.0000000e+00   2.5834722e-02
   2.1341904e-01   0.0000000e+00   0.0000000e+00   0.0000000e+00   0.0000000e+00   0.0000000e+00   0.0000000e+00   0.0000000e+00   0.0000000e+00   0.0000000e+00   9.1017221e-01   1.7158656e-01   1.0000000e+00   2.4981189e-02
   7.1760547e-02   0.0000000e+00   0.0000000e+00   0.0000000e+00   0.0000000e+00   0.0000000e+00   0.0000000e+00   0.0000000e+00   0.0000000e+00   0.0000000e+00   3.5010639e-01   8.7742551e-01   1.0000000e+00   2.4968698e-02
   1.2575299e-01   0.0000000e+00   0.0000000e+00   0.0000000e+00   0.0000000e+00   0.0000000e+00   0.0000000e+00   0.0000000e+00   0.0000000e+00   0.0000000e+00   9.3066707e-01   1.3385880e-01   1.0000000e+00   2.4333406e-02
   1.1530366e-01   0.0000000e+00   0.0000000e+00   0.0000000e+00   0.0000000e+00   0.0000000e+00   0.0000000e+00   0.0000000e+00   0.0000000e+00   0.0000000e+00   8.0285531e-01   3.5542336e-01   1.0000000e+00   2.3844837e-02
   1.0054203e-01   0.0000000e+00   0.0000000e+00   0.0000000e+00   0.0000000e+00   0.0000000e+00   0.0000000e+00   0.0000000e+00   0.0000000e+00   0.0000000e+00   5.1496008e-01   7.3481612e-01   1.0000000e+00   2.3551052e-02
   4.6671904e-02   0.0000000e+00   0.0000000e+00   0.0000000e+00   0.0000000e+00   0.0000000e+00   0.0000000e+00   0.0000000e+00   0.0000000e+00   0.0000000e+00   8.2629352e-01   3.1723902e-01   1.0000000e+00   2.2956367e-02
   1.0106135e-01   0.0000000e+00   0.0000000e+00   0.0000000e+00   0.0000000e+00   0.0000000e+00   0.0000000e+00   0.0000000e+00   0.0000000e+00   0.0000000e+00   5.2558439e-01   7.2376105e-01   1.0000000e+00   2.2873015e-02
   5.9824270e-02   0.0000000e+00   0.0000000e+00   0.0000000e+00   0.0000000e+00   0.0000000e+00   0.0000000e+00   0.0000000e+00   0.0000000e+00   0.0000000e+00   5.7205404e-01   6.7275417e-01   1.0000000e+00   2.2799800e-02
   2.5682653e-01   0.0000000e+00   0.0000000e+00   0.0000000e+00   0.0000000e+00   0.0000000e+00   0.0000000e+00   0.0000000e+00   0.0000000e+00   0.0000000e+00   6.5942410e-01   5.6515986e-01   1.0000000e+00   2.2660000e-02
   6.8919412e-02   0.0000000e+00   0.0000000e+00   0.0000000e+00   0.0000000e+00   0.0000000e+00   0.0000000e+00   0.0000000e+00   0.0000000e+00   0.0000000e+00   3.9341675e-01   8.4522326e-01   1.0000000e+00   2.2471605e-02
   6.7262642e-02   0.0000000e+00   0.0000000e+00   0.0000000e+00   0.0000000e+00   0.0000000e+00   0.0000000e+00   0.0000000e+00   0.0000000e+00   0.0000000e+00   4.2227554e-01   8.2168337e-01   1.0000000e+00   2.2394959e-02
   4.1057678e-02   0.0000000e+00   0.0000000e+00   0.0000000e+00   0.0000000e+00   0.0000000e+00   0.0000000e+00   0.0000000e+00   0.0000000e+00   0.0000000e+00   9.0107012e-01   1.8807264e-01   1.0000000e+00   2.2157047e-02
   1.0301810e-01   0.0000000e+00   0.0000000e+00   0.0000000e+00   0.0000000e+00   0.0000000e+00   0.0000000e+00   0.0000000e+00   0.0000000e+00   0.0000000e+00   5.6610191e-01   6.7952862e-01   1.0000000e+00   2.1359354e-02
   1.0910409e-01   0.0000000e+00   0.0000000e+00   0.0000000e+00   0.0000000e+00   0.0000000e+00   0.0000000e+00   0.0000000e+00   0.0000000e+00   0.0000000e+00   6.9088889e-01   5.2267254e-01   1.0000000e+00   2.1263187e-02
   2.7594381e-01   0.0000000e+00   0.0000000e+00   0.0000000e+00   0.0000000e+00   0.0000000e+00   0.0000000e+00   0.0000000e+00   0.0000000e+00   0.0000000e+00   8.4304372e-01   2.8927728e-01   1.0000000e+00   2.1258733e-02
   9.9649348e-02   0.0000000e+00   0.0000000e+00   0.0000000e+00   0.0000000e+00   0.0000000e+00   0.0000000e+00   0.0000000e+00   0.0000000e+00   0.0000000e+00   4.9689038e-01   7.5309995e-01   1.0000000e+00   2.1248169e-02
   1.1929920e-01   0.0000000e+00   0.0000000e+00   0.0000000e+00   0.0000000e+00   0.0000000e+00   0.0000000e+00   0.0000000e+00   0.0000000e+00   0.0000000e+00   8.6147363e-01   2.5786318e-01   1.0000000e+00   2.1188973e-02
   9.4685768e-02   0.0000000e+00   0.0000000e+00   0.0000000e+00   0.0000000e+00   0.0000000e+00   0.0000000e+00   0.0000000e+00   0.0000000e+00   0.0000000e+00   4.0379905e-01   8.3694632e-01   1.0000000e+00   2.0718852e-02
   9.6366014e-02   0.0000000e+00   0.0000000e+00   0.0000000e+00   0.0000000e+00   0.0000000e+00   0.0000000e+00   0.0000000e+00   0.0000000e+00   0.0000000e+00   4.3354735e-01   8.1203670e-01   1.0000000e+00   2.0621618e-02
   2.4083727e-01   0.0000000e+00   0.0000000e+00   0.0000000e+00   0.0000000e+00   0.0000000e+00   0.0000000e+00   0.0000000e+00   0.0000000e+00   0.0000000e+00   6.5121074e-01   5.7592457e-01   1.0000000e+00   2.0436889e-02
   9.2567394e-02   0.0000000e+00   0.0000000e+00   0.0000000e+00   0.0000000e+00   0.0000000e+00   0.0000000e+00   0.0000000e+00   0.0000000e+00   0.0000000e+00   3.6973869e-01   8.6329330e-01   1.0000000e+00   2.0353428e-02
   2.0750461e-01   0.0000000e+00   0.0000000e+00   0.0000000e+00   0.0000000e+00   0.0000000e+00   0.0000000e+00   0.0000000e+00   0.0000000e+00   0.0000000e+00   9.5044470e-01   9.6654867e-02   1.0000000e+00   2.0326552e-02
   7.7354886e-02   0.0000000e+00   0.0000000e+00   0.0000000e+00   0.0000000e+00   0.0000000e+00   0.0000000e+00   0.0000000e+00   0.0000000e+00   0.0000000e+00   2.9361742e-01   9.1378881e-01   1.0000000e+00   1.9370208e-02
   9.3618079e-02   0.0000000e+00   0.0000000e+00   0.0000000e+00   0.0000000e+00   0.0000000e+00   0.0000000e+00   0.0000000e+00   0.0000000e+00   0.0000000e+00   3.8610672e-01   8.5092160e-01   1.0000000e+00   1.9058264e-02
   9.0300917e-02   0.0000000e+00   0.0000000e+00   0.0000000e+00   0.0000000e+00   0.0000000e+00   0.0000000e+00   0.0000000e+00   0.0000000e+00   0.0000000e+00   3.3840418e-01   8.8548261e-01   1.0000000e+00   1.8961572e-02
   1.1981536e-01   0.0000000e+00   0.0000000e+00   0.0000000e+00   0.0000000e+00   0.0000000e+00   0.0000000e+00   0.0000000e+00   0.0000000e+00   0.0000000e+00   8.6816943e-01   2.4628185e-01   1.0000000e+00   1.8869456e-02
   2.2021790e-01   0.0000000e+00   0.0000000e+00   0.0000000e+00   0.0000000e+00   0.0000000e+00   0.0000000e+00   0.0000000e+00   0.0000000e+00   0.0000000e+00   8.4749970e-01   2.8174425e-01   1.0000000e+00   1.8862091e-02
   7.0750048e-02   0.0000000e+00   0.0000000e+00   0.0000000e+00   0.0000000e+00   0.0000000e+00   0.0000000e+00   0.0000000e+00   0.0000000e+00   0.0000000e+00   3.6452544e-01   8.6712120e-01   1.0000000e+00   1.8706179e-02
   2.8027556e-01   0.0000000e+00   0.0000000e+00   0.0000000e+00   0.0000000e+00   0.0000000e+00   0.0000000e+00   0.0000000e+00   0.0000000e+00   0.0000000e+00   8.8424510e-01   2.1811060e-01   1.0000000e+00   1.8414855e-02
   2.7934042e-01   0.0000000e+00   0.0000000e+00   0.0000000e+00   0.0000000e+00   0.0000000e+00   0.0000000e+00   0.0000000e+00   0.0000000e+00   0.0000000e+00   8.7581141e-01   2.3295438e-01   1.0000000e+00   1.8361313e-02
   1.0479379e-01   0.0000000e+00   0.0000000e+00   0.0000000e+00   0.0000000e+00   0.0000000e+00   0.0000000e+00   0.0000000e+00   0.0000000e+00   0.0000000e+00   6.0310673e-01   6.3626227e-01   1.0000000e+00   1.8329537e-02
   1.0368979e-01   0.0000000e+00   0.0000000e+00   0.0000000e+00   0.0000000e+00   0.0000000e+00   0.0000000e+00   0.0000000e+00   0.0000000e+00   0.0000000e+00   5.8010220e-01   6.6348144e-01   1.0000000e+00   1.8281142e-02
   2.7145947e-01   0.0000000e+00   0.0000000e+00   0.0000000e+00   0.0000000e+00   0.0000000e+00   0.0000000e+00   0.0000000e+00   0.0000000e+00   0.0000000e+00   7.9621767e-01   3.6603743e-01   1.0000000e+00   1.8095990e-02
   6.5914836e-02   0.0000000e+00   0.0000000e+00   0.0000000e+00   0.0000000e+00   0.0000000e+00   0.0000000e+00   0.0000000e+00   0.0000000e+00   0.0000000e+00   4.4735874e-01   7.9987016e-01   1.0000000e+00   1.7660690e-02
   7.3357022e-02   0.0000000e+00   0.0000000e+00   0.0000000e+00   0.0000000e+00   0.0000000e+00   0.0000000e+00   0.0000000e+00   0.0000000e+00   0.0000000e+00   3.2977823e-01   8.9124632e-01   1.0000000e+00   1.7652936e-02
   1.0181252e-01   0.0000000e+00   0.0000000e+00   0.0000000e+00   0.0000000e+00   0.0000000e+00   0.0000000e+00   0.0000000e+00   0.0000000e+00   0.0000000e+00   5.4106540e-01   7.0724823e-01   1.0000000e+00   1.7566276e-02
   2.6829024e-01   0.0000000e+00   0.0000000e+00   0.0000000e+00   0.0000000e+00   0.0000000e+00   0.0000000e+00   0.0000000e+00   0.0000000e+00   0.0000000e+00   7.6237027e-01   4.1879157e-01   1.0000000e+00   1.7267560e-02
   1.0881908e-01   0.0000000e+00   0.0000000e+00   0.0000000e+00   0.0000000e+00   0.0000000e+00   0.0000000e+00   0.0000000e+00   0.0000000e+00   0.0000000e+00   6.8525947e-01   5.3041946e-01   1.0000000e+00   1.7219838e-02
   8.3359173e-02   0.0000000e+00   0.0000000e+00   0.0000000e+00   0.0000000e+00   0.0000000e+00   0.0000000e+00   0.0000000e+00   0.0000000e+00   0.0000000e+00   2.8354326e-01   9.1960322e-01   1.0000000e+00   1.7170719e-02
   1.0406343e-01   0.0000000e+00   0.0000000e+00   0.0000000e+00   0.0000000e+00   0.0000000e+00   0.0000000e+00   0.0000000e+00   0.0000000e+00   0.0000000e+00   5.8789297e-01   6.5438186e-01   1.0000000e+00   1.6649550e-02
   2.6345813e-01   0.0000000e+00   0.0000000e+00   0.0000000e+00   0.0000000e+00   0.0000000e+00   0.0000000e+00   0.0000000e+00   0.0000000e+00   0.0000000e+00   7.1320844e-01   4.9133372e-01   1.0000000e+00   1.6422980e-02
   1.0240883e-01   0.0000000e+00   0.0000000e+00   0.0000000e+00   0.0000000e+00   0.0000000e+00   0.0000000e+00   0.0000000e+00   0.0000000e+00   0.0000000e+00   5.5342725e-01   6.9371828e-01   1.0000000e+00   1.6270978e-02
   2.7874729e-01   0.0000000e+00   0.0000000e+00   0.0000000e+00   0.0000000e+00   0.0000000e+00   0.0000000e+00   0.0000000e+00   0.0000000e+00   0.0000000e+00   8.7032015e-01   2.4254284e-01   1.0000000e+00   1.6069945e-02
   6.6144525e-02   0.0000000e+00   0.0000000e+00   0.0000000e+00   0.0000000e+00   0.0000000e+00   0.0000000e+00   0.0000000e+00   0.0000000e+00   0.0000000e+00   4.4299343e-01   8.0375682e-01   1.0000000e+00   1.6039236e-02
   7.8442400e-01   0.0000000e+00   0.0000000e+00   0.0000000e+00   0.0000000e+00   0.0000000e+00   0.0000000e+00   0.0000000e+00   0.0000000e+00   0.0000000e+00   9.8890084e-01   2.2075138e-02   1.0000000e+00   1.5957489e-02
   1.2503683e-01   0.0000000e+00   0.0000000e+00   0.0000000e+00   0.0000000e+00   0.0000000e+00   0.0000000e+00   0.0000000e+00   0.0000000e+00   0.0000000e+00   9.2451018e-01   1.4528092e-01   1.0000000e+00   1.5952273e-02
   4.6539659e-02   0.0000000e+00   0.0000000e+00   0.0000000e+00   0.0000000e+00   0.0000000e+00   0.0000000e+00   0.0000000e+00   0.0000000e+00   0.0000000e+00   8.2834376e-01   3.1384662e-01   1.0000000e+00   1.5910911e-02
   5.3900259e-02   0.0000000e+00   0.0000000e+00   0.0000000e+00   0.0000000e+00   0.0000000e+00   0.0000000e+00   0.0000000e+00   0.0000000e+00   0.0000000e+00   6.9598402e-01   5.1560625e-01   1.0000000e+00   1.5871154e-02
   1.0769738e-01   0.0000000e+00   0.0000000e+00   0.0000000e+00   0.0000000e+00   0.0000000e+00   0.0000000e+00   0.0000000e+00   0.0000000e+00   0.0000000e+00   6.6280842e-01   5.6068500e-01   1.0000000e+00   1.5767873e-02
   1.0425896e-01   0.0000000e+00   0.0000000e+00   0.0000000e+00   0.0000000e+00   0.0000000e+00   0.0000000e+00   0.0000000e+00   0.0000000e+00   0.0000000e+00   5.9196888e-01   6.4957285e-01   1.0000000e+00   1.5711503e-02
   1.0217337e-01   0.0000000e+00   0.0000000e+00   0.0000000e+00   0.0000000e+00   0.0000000e+00   0.0000000e+00   0.0000000e+00   0.0000000e+00   0.0000000e+00   5.4853977e-01   6.9910412e-01   1.0000000e+00   1.5698117e-02
   1.0359964e-01   0.0000000e+00   0.0000000e+00   0.0000000e+00   0.0000000e+00   0.0000000e+00   0.0000000e+00   0.0000000e+00   0.0000000e+00   0.0000000e+00   5.7822254e-01   6.6565869e-01   1.0000000e+00   1.5166200e-02
   9.0524378e-02   0.0000000e+00   0.0000000e+00   0.0000000e+00   0.0000000e+00   0.0000000e+00   0.0000000e+00   0.0000000e+00   0.0000000e+00   0.0000000e+00   3.4123402e-01   8.8355934e-01   1.0000000e+00   1.4989068e-02
   1.0017115e-01   0.0000000e+00   0.0000000e+00   0.0000000e+00   0.0000000e+00   0.0000000e+00   0.0000000e+00   0.0000000e+00   0.0000000e+00   0.0000000e+00   5.0742031e-01   7.4252463e-01   1.0000000e+00   1.4825406e-02
   7.1336705e-02   0.0000000e+00   0.0000000e+00   0.0000000e+00   0.0000000e+00   0.0000000e+00   0.0000000e+00   0.0000000e+00   0.0000000e+00   0.0000000e+00   3.5601393e-01   8.7325408e-01   1.0000000e+00   1.4650197e-02
   7.3344830e-02   0.0000000e+00   0.0000000e+00   0.0000000e+00   0.0000000e+00   0.0000000e+00   0.0000000e+00   0.0000000e+00   0.0000000e+00   0.0000000e+00   3.2992150e-01   8.9115180e-01   1.0000000e+00   1.4464888e-02
   9.1818186e-02   0.0000000e+00   0.0000000e+00   0.0000000e+00   0.0000000e+00   0.0000000e+00   0.0000000e+00   0.0000000e+00   0.0000000e+00   0.0000000e+00   3.5875291e-01   8.7129635e-01   1.0000000e+00   1.4464074e-02
   1.1363408e-01   0.0000000e+00   0.0000000e+00   0.0000000e+00   0.0000000e+00   0.0000000e+00   0.0000000e+00   0.0000000e+00   0.0000000e+00   0.0000000e+00   7.7497502e-01   3.9941372e-01   1.0000000e+00   1.4387850e-02
   1.1050587e-01   0.0000000e+00   0.0000000e+00   0.0000000e+00   0.0000000e+00   0.0000000e+00   0.0000000e+00   0.0000000e+00   0.0000000e+00   0.0000000e+00   7.1806183e-01   4.8438721e-01   1.0000000e+00   1.4186479e-02
   8.7939038e-02   0.0000000e+00   0.0000000e+00   0.0000000e+00   0.0000000e+00   0.0000000e+00   0.0000000e+00   0.0000000e+00   0.0000000e+00   0.0000000e+00   3.1229506e-01   9.0247179e-01   1.0000000e+00   1.4053610e-02
   2.5875213e-01   0.0000000e+00   0.0000000e+00   0.0000000e+00   0.0000000e+00   0.0000000e+00   0.0000000e+00   0.0000000e+00   0.0000000e+00   0.0000000e+00   6.7274994e-01   5.4740752e-01   1.0000000e+00   1.3910959e-02
   1.0275714e-01   0.0000000e+00   0.0000000e+00   0.0000000e+00   0.0000000e+00   0.0000000e+00   0.0000000e+00   0.0000000e+00   0.0000000e+00   0.0000000e+00   5.6066906e-01   6.8565020e-01   1.0000000e+00   1.3845742e-02
   2.9077756e-01   0.0000000e+00   0.0000000e+00   0.0000000e+00   0.0000000e+00   0.0000000e+00   0.0000000e+00   0.0000000e+00   0.0000000e+00   0.0000000e+00   9.5687545e-01   8.4389379e-02   1.0000000e+00   1.3656875e-02
   1.1097179e-01   0.0000000e+00   0.0000000e+00   0.0000000e+00   0.0000000e+00   0.0000000e+00   0.0000000e+00   0.0000000e+00   0.0000000e+00   0.0000000e+00   7.2688534e-01   4.7163770e-01   1.0000000e+00   1.3549557e-02
   5.0728811e-02   0.0000000e+00   0.0000000e+00   0.0000000e+00   0.0000000e+00   0.0000000e+00   0.0000000e+00   0.0000000e+00   0.0000000e+00   0.0000000e+00   7.5719590e-01   4.2665437e-01   1.0000000e+00   1.3330796e-02
   1.0594781e-01   0.0000000e+00   0.0000000e+00   0.0000000e+00   0.0000000e+00   0.0000000e+00   0.0000000e+00   0.0000000e+00   0.0000000e+00   0.0000000e+00   6.2703581e-01   6.0682610e-01   1.0000000e+00   1.3293205e-02
   3.0331529e-02   0.0000000e+00   0.0000000e+00   0.0000000e+00   0.0000000e+00   0.0000000e+00   0.0000000e+00   0.0000000e+00   0.0000000e+00   0.0000000e+00   9.7777005e-01   4.3965732e-02   1.0000000e+00   1.3213957e-02
   2.9756232e-01   0.0000000e+00   0.0000000e+00   0.0000000e+00   0.0000000e+00   0.0000000e+00   0.0000000e+00   0.0000000e+00   0.0000000e+00   0.0000000e+00   9.8198859e-01   3.5698408e-02   1.0000000e+00   1.3196753e-02
   8.7136542e-02   0.0000000e+00   0.0000000e+00   0.0000000e+00   0.0000000e+00   0.0000000e+00   0.0000000e+00   0.0000000e+00   0.0000000e+00   0.0000000e+00   3.0509299e-01   9.0691827e-01   1.0000000e+00   1.3114228e-02
   2.5913262e-01   0.0000000e+00   0.0000000e+00   0.0000000e+00   0.0000000e+00   0.0000000e+00   0.0000000e+00   0.0000000e+00   0.0000000e+00   0.0000000e+00   6.7563169e-01   5.4352181e-01   1.0000000e+00   1.3036891e-02
   9.5148204e-02   0.0000000e+00   0.0000000e+00   0.0000000e+00   0.0000000e+00   0.0000000e+00   0.0000000e+00   0.0000000e+00   0.0000000e+00   0.0000000e+00   4.1176686e-01   8.3044805e-01   1.0000000e+00   1.2969568e-02
   5.7543968e-02   0.0000000e+00   0.0000000e+00   0.0000000e+00   0.0000000e+00   0.0000000e+00   0.0000000e+00   0.0000000e+00   0.0000000e+00   0.0000000e+00   6.2050956e-01   6.1496788e-01   1.0000000e+00   1.2785601e-02
   1.0567684e-01   0.0000000e+00   0.0000000e+00   0.0000000e+00   0.0000000e+00   0.0000000e+00   0.0000000e+00   0.0000000e+00   0.0000000e+00   0.0000000e+00   6.2143449e-01   6.1381917e-01   1.0000000e+00   1.2565211e-02
   1.0450896e-01   0.0000000e+00   0.0000000e+00   0.0000000e+00   0.0000000e+00   0.0000000e+00   0.0000000e+00   0.0000000e+00   0.0000000e+00   0.0000000e+00   5.9717742e-01   6.4337913e-01   1.0000000e+00   1.2494427e-02
   2.7073657e-01   0.0000000e+00   0.0000000e+00   0.0000000e+00   0.0000000e+00   0.0000000e+00   0.0000000e+00   0.0000000e+00   0.0000000e+00   0.0000000e+00   7.8848646e-01   3.7828910e-01   1.0000000e+00   1.2479438e-02
   2.6726569e-01   0.0000000e+00   0.0000000e+00   0.0000000e+00   0.0000000e+00   0.0000000e+00   0.0000000e+00   0.0000000e+00   0.0000000e+00   0.0000000e+00   7.5156902e-01   4.3514401e-01   1.0000000e+00   1.2261656e-02
   1.4032776e-01   0.0000000e+00   0.0000000e+00   0.0000000e+00   0.0000000e+00   0.0000000e+00   0.0000000e+00   0.0000000e+00   0.0000000e+00   0.0000000e+00   9.9333689e-01   1.3281815e-02   1.0000000e+00   1.2209382e-02
   6.5132949e-02   0.0000000e+00   0.0000000e+00   0.0000000e+00   0.0000000e+00   0.0000000e+00   0.0000000e+00   0.0000000e+00   0.0000000e+00   0.0000000e+00   4.6247115e-01   7.8612044e-01   1.0000000e+00   1.2060597e-02
