   0.0000000e+00   0.0000000e+00   0.0000000e+00   0.0000000e+00   0.0000000e+00   0.0000000e+00   0.0000000e+00   0.0000000e+00   0.0000000e+00   0.0000000e+00   1.0000000e+00   0.0000000e+00   1.0000000e+00             Inf
   8.1457797e-02   0.0000000e+00   0.0000000e+00   0.0000000e+00   3.9578796e-10   2.0128899e-06   1.4128095e-06   6.8231569e-06   0.0000000e+00   2.5071276e-07   2.8077532e-01   1.2349475e+00   1.0000000e+00             Inf
   0.0000000e+00   0.0000000e+00   0.0000000e+00   0.0000000e+00   0.0000000e+00   0.0000000e+00   0.0000000e+00   0.0000000e+00   0.0000000e+00   0.0000000e+00   1.0000000e+00   0.0000000e+00   1.0000000e+00             Inf
   4.2708885e-02   0.0000000e+00   0.0000000e+00   0.0000000e+00   0.0000000e+00   0.0000000e+00   0.0000000e+00   0.0000000e+00   0.0000000e+00   0.0000000e+00   8.8171886e-01   2.2257186e-01   1.0000000e+00   7.1279773e-02
   8.1457797e-02   0.0000000e+00   0.0000000e+00   0.0000000e+00   0.0000000e+00   8.8333264e-08   1.7598271e-08   3.4131040e-06   6.5468332e-08   8.3956818e-08   2.8077532e-01   1.1631777e+00   1.0000000e+00   6.9704911e-02
   8.1458207e-02   0.0000000e+00   0.0000000e+00   0.0000000e+00   0.0000000e+00   0.0000000e+00   0.0000000e+00   0.0000000e+00   6.8279672e-10   2.3869504e-08   2.8077532e-01   9.9102342e-01   1.0000000e+00   6.0094437e-02
   8.1457795e-02   0.0000000e+00   0.0000000e+00   0.0000000e+00   1.1125477e-08   0.0000000e+00   4.1068641e-07   8.0548200e-07   1.3777444e-08   1.9418637e-07   2.8077532e-01   1.1130341e+00   1.0000000e+00   5.5564269e-02
   6.1058569e-02   0.0000000e+00   0.0000000e+00   0.0000000e+00   0.0000000e+00   0.0000000e+00   0.0000000e+00   0.0000000e+00   0.0000000e+00   0.0000000e+00   5.4589026e-01   7.0200383e-01   1.0000000e+00   5.0525790e-02
   3.5590732e-02   0.0000000e+00   0.0000000e+00   0.0000000e+00   0.0000000e+00   0.0000000e+00   0.0000000e+00   0.0000000e+00   0.0000000e+00   0.0000000e+00   9.4993657e-01   9.7620520e-02   1.0000000e+00   4.7567450e-02
   6.4870016e-02   0.0000000e+00   0.0000000e+00   0.0000000e+00   0.0000000e+00   0.0000000e+00   0.0000000e+00   0.0000000e+00   0.0000000e+00   0.0000000e+00   4.6763512e-01   7.8131739e-01   1.0000000e+00   4.3869276e-02
   1.2213012e-01   0.0000000e+00   0.0000000e+00   0.0000000e+00   0.0000000e+00   0.0000000e+00   0.0000000e+00   0.0000000e+00   0.0000000e+00   0.0000000e+00   8.9568543e-01   1.9774762e-01   1.0000000e+00   4.3376540e-02
   8.1457822e-02   0.0000000e+00   0.0000000e+00   0.0000000e+00   0.0000000e+00   0.0000000e+00   5.6064336e-08   5.1576985e-09   6.4899821e-10   4.2181188e-08   2.8077532e-01   1.0212187e+00   1.0000000e+00   4.1867062e-02
   1.0897257e-01   0.0000000e+00   0.0000000e+00   0.0000000e+00   0.0000000e+00   0.0000000e+00   0.0000000e+00   0.0000000e+00   0.0000000e+00   0.0000000e+00   6.8829524e-01   5.2624966e-01   1.0000000e+00   4.1263491e-02
   8.8673843e-02   0.0000000e+00   0.0000000e+00   0.0000000e+00   0.0000000e+00   0.0000000e+00   0.0000000e+00   0.0000000e+00   0.0000000e+00   0.0000000e+00   3.1965002e-01   8.9782386e-01   1.0000000e+00   4.0993920e-02
   8.1457797e-02   0.0000000e+00   0.0000000e+00   0.0000000e+00   3.5110169e-09   1.7185928e-07   3.6849659e-09   2.6076220e-06   5.1690888e-08   2.8541457e-08   2.8077532e-01   1.1488656e+00   1.0000000e+00   4.0603878e-02
   1.0842464e-01   0.0000000e+00   0.0000000e+00   0.0000000e+00   0.0000000e+00   0.0000000e+00   0.0000000e+00   0.0000000e+00   0.0000000e+00   0.0000000e+00   6.7741627e-01   5.4110719e-01   1.0000000e+00   3.8972706e-02
   8.6721972e-02   0.0000000e+00   0.0000000e+00   0.0000000e+00   0.0000000e+00   0.0000000e+00   0.0000000e+00   0.0000000e+00   0.0000000e+00   0.0000000e+00   3.0172063e-01   9.0896466e-01   1.0000000e+00   3.8369821e-02
   8.1458434e-02   0.0000000e+00   0.0000000e+00   0.0000000e+00   2.8951170e-13   0.0000000e+00   0.0000000e+00   0.0000000e+00   4.5428089e-10   0.0000000e+00   2.8077532e-01   9.4700524e-01   1.0000000e+00   3.8285725e-02
   1.0129839e-01   0.0000000e+00   0.0000000e+00   0.0000000e+00   0.0000000e+00   0.0000000e+00   0.0000000e+00   0.0000000e+00   0.0000000e+00   0.0000000e+00   5.3045651e-01   7.1861589e-01   1.0000000e+00   3.8226764e-02
   5.0675057e-02   0.0000000e+00   0.0000000e+00   0.0000000e+00   0.0000000e+00   0.0000000e+00   0.0000000e+00   0.0000000e+00   0.0000000e+00   0.0000000e+00   7.5818457e-01   4.2515616e-01   1.0000000e+00   3.7915288e-02
   1.1219236e-01   0.0000000e+00   0.0000000e+00   0.0000000e+00   0.0000000e+00   0.0000000e+00   0.0000000e+00   0.0000000e+00   0.0000000e+00   0.0000000e+00   7.4944901e-01   4.3832618e-01   1.0000000e+00   3.7283182e-02
   9.8854876e-02   0.0000000e+00   0.0000000e+00   0.0000000e+00   0.0000000e+00   0.0000000e+00   0.0000000e+00   0.0000000e+00   0.0000000e+00   0.0000000e+00   4.8106051e-01   7.6858079e-01   1.0000000e+00   3.7085216e-02
   9.4694364e-02   0.0000000e+00   0.0000000e+00   0.0000000e+00   0.0000000e+00   0.0000000e+00   0.0000000e+00   0.0000000e+00   0.0000000e+00   0.0000000e+00   4.0394554e-01   8.3682800e-01   1.0000000e+00   3.6933378e-02
   5.9109319e-02   0.0000000e+00   0.0000000e+00   0.0000000e+00   0.0000000e+00   0.0000000e+00   0.0000000e+00   0.0000000e+00   0.0000000e+00   0.0000000e+00   5.8726355e-01   6.5512153e-01   1.0000000e+00   3.5869168e-02
   3.3996594e-02   0.0000000e+00   0.0000000e+00   0.0000000e+00   0.0000000e+00   0.0000000e+00   0.0000000e+00   0.0000000e+00   0.0000000e+00   0.0000000e+00   9.6014245e-01   7.8126473e-02   1.0000000e+00   3.5428921e-02
   6.9132643e-02   0.0000000e+00   0.0000000e+00   0.0000000e+00   0.0000000e+00   0.0000000e+00   0.0000000e+00   0.0000000e+00   0.0000000e+00   0.0000000e+00   3.8988028e-01   8.4799337e-01   1.0000000e+00   3.3760554e-02
   8.1457794e-02   0.0000000e+00   0.0000000e+00   0.0000000e+00   1.8280143e-08   3.1379086e-08   4.0708233e-07   6.1351797e-08   0.0000000e+00   1.5559329e-07   2.8077532e-01   1.0802467e+00   1.0000000e+00   3.2858595e-02
   6.5611861e-02   0.0000000e+00   0.0000000e+00   0.0000000e+00   0.0000000e+00   0.0000000e+00   0.0000000e+00   0.0000000e+00   0.0000000e+00   0.0000000e+00   4.5316963e-01   7.9463729e-01   1.0000000e+00   3.2628205e-02
   1.1999195e-01   0.0000000e+00   0.0000000e+00   0.0000000e+00   0.0000000e+00   0.0000000e+00   0.0000000e+00   0.0000000e+00   0.0000000e+00   0.0000000e+00   8.7041327e-01   2.4238074e-01   1.0000000e+00   3.2059790e-02
   4.9305631e-02   0.0000000e+00   0.0000000e+00   0.0000000e+00   0.0000000e+00   0.0000000e+00   0.0000000e+00   0.0000000e+00   0.0000000e+00   0.0000000e+00   7.8274451e-01   3.8731103e-01   1.0000000e+00   3.1239773e-02
   5.1743931e-02   0.0000000e+00   0.0000000e+00   0.0000000e+00   0.0000000e+00   0.0000000e+00   0.0000000e+00   0.0000000e+00   0.0000000e+00   0.0000000e+00   7.3819762e-01   4.5506427e-01   1.0000000e+00   3.0977036e-02
   6.5224403e-02   0.0000000e+00   0.0000000e+00   0.0000000e+00   0.0000000e+00   0.0000000e+00   0.0000000e+00   0.0000000e+00   0.0000000e+00   0.0000000e+00   4.6068429e-01   7.8776998e-01   1.0000000e+00   3.0898420e-02
   9.2885773e-02   0.0000000e+00   0.0000000e+00   0.0000000e+00   0.0000000e+00   0.0000000e+00   0.0000000e+00   0.0000000e+00   0.0000000e+00   0.0000000e+00   3.7458337e-01   8.5968730e-01   1.0000000e+00   3.0675297e-02
   5.5424137e-02   0.0000000e+00   0.0000000e+00   0.0000000e+00   0.0000000e+00   0.0000000e+00   0.0000000e+00   0.0000000e+00   0.0000000e+00   0.0000000e+00   6.6490746e-01   5.5789806e-01   1.0000000e+00   3.0601262e-02
   1.0052077e-01   0.0000000e+00   0.0000000e+00   0.0000000e+00   0.0000000e+00   0.0000000e+00   0.0000000e+00   0.0000000e+00   0.0000000e+00   0.0000000e+00   5.1452682e-01   7.3526215e-01   1.0000000e+00   3.0298721e-02
   5.7254895e-02   0.0000000e+00   0.0000000e+00   0.0000000e+00   0.0000000e+00   0.0000000e+00   0.0000000e+00   0.0000000e+00   0.0000000e+00   0.0000000e+00   6.2662026e-01   6.0734705e-01   1.0000000e+00   2.9967945e-02
   5.8752432e-02   0.0000000e+00   0.0000000e+00   0.0000000e+00   0.0000000e+00   0.0000000e+00   0.0000000e+00   0.0000000e+00   0.0000000e+00   0.0000000e+00   5.9485698e-01   6.4614518e-01   1.0000000e+00   2.9478804e-02
   5.8520045e-02   0.0000000e+00   0.0000000e+00   0.0000000e+00   0.0000000e+00   0.0000000e+00   0.0000000e+00   0.0000000e+00   0.0000000e+00   0.0000000e+00   5.9979912e-01   6.4024101e-01   1.0000000e+00   2.9285532e-02
   5.1443606e-02   0.0000000e+00   0.0000000e+00   0.0000000e+00   0.0000000e+00   0.0000000e+00   0.0000000e+00   0.0000000e+00   0.0000000e+00   0.0000000e+00   7.4388166e-01   4.4664007e-01   1.0000000e+00   2.9197451e-02
   9.7001109e-02   0.0000000e+00   0.0000000e+00   0.0000000e+00   0.0000000e+00   0.0000000e+00   0.0000000e+00   0.0000000e+00   0.0000000e+00   0.0000000e+00   4.4532280e-01   8.0168760e-01   1.0000000e+00   2.9178056e-02
   3.6423786e-02   0.0000000e+00   0.0000000e+00   0.0000000e+00   0.0000000e+00   0.0000000e+00   0.0000000e+00   0.0000000e+00   0.0000000e+00   0.0000000e+00   9.4392002e-01   1.0901499e-01   1.0000000e+00   2.9173642e-02
   1.0260743e-01   0.0000000e+00   0.0000000e+00   0.0000000e+00   0.0000000e+00   0.0000000e+00   0.0000000e+00   0.0000000e+00   0.0000000e+00   0.0000000e+00   5.5755490e-01   6.8913253e-01   1.0000000e+00   2.8816813e-02
   1.1751050e-01   0.0000000e+00   0.0000000e+00   0.0000000e+00   0.0000000e+00   0.0000000e+00   0.0000000e+00   0.0000000e+00   0.0000000e+00   0.0000000e+00   8.3669903e-01   2.9993473e-01   1.0000000e+00   2.8384206e-02
   1.0634848e-01   0.0000000e+00   0.0000000e+00   0.0000000e+00   0.0000000e+00   0.0000000e+00   0.0000000e+00   0.0000000e+00   0.0000000e+00   0.0000000e+00   6.3529282e-01   5.9640303e-01   1.0000000e+00   2.8018920e-02
   1.1056901e-01   0.0000000e+00   0.0000000e+00   0.0000000e+00   0.0000000e+00   0.0000000e+00   0.0000000e+00   0.0000000e+00   0.0000000e+00   0.0000000e+00   7.1926413e-01   4.8265911e-01   1.0000000e+00   2.6843327e-02
   1.0237570e-01   0.0000000e+00   0.0000000e+00   0.0000000e+00   0.0000000e+00   0.0000000e+00   0.0000000e+00   0.0000000e+00   0.0000000e+00   0.0000000e+00   5.5273906e-01   6.9447953e-01   1.0000000e+00   2.6640901e-02
   8.1457794e-02   0.0000000e+00   0.0000000e+00   0.0000000e+00   1.4636494e-08   0.0000000e+00   3.9677311e-07   0.0000000e+00   0.0000000e+00   1.3877101e-07   2.8077532e-01   1.0724554e+00   1.0000000e+00   2.6519904e-02
   1.1504464e-01   0.0000000e+00   0.0000000e+00   0.0000000e+00   0.0000000e+00   0.0000000e+00   0.0000000e+00   0.0000000e+00   0.0000000e+00   0.0000000e+00   7.9865426e-01   3.6215137e-01   1.0000000e+00   2.6516397e-02
   5.0158726e-02   0.0000000e+00   0.0000000e+00   0.0000000e+00   0.0000000e+00   0.0000000e+00   0.0000000e+00   0.0000000e+00   0.0000000e+00   0.0000000e+00   7.6758843e-01   4.1080800e-01   1.0000000e+00   2.6275635e-02
   9.1191620e-02   0.0000000e+00   0.0000000e+00   0.0000000e+00   0.0000000e+00   0.0000000e+00   0.0000000e+00   0.0000000e+00   0.0000000e+00   0.0000000e+00   3.5003180e-01   8.7747774e-01   1.0000000e+00   2.5833795e-02
   1.0755327e-01   0.0000000e+00   0.0000000e+00   0.0000000e+00   0.0000000e+00   0.0000000e+00   0.0000000e+00   0.0000000e+00   0.0000000e+00   0.0000000e+00   6.5989311e-01   5.6454108e-01   1.0000000e+00   2.5633817e-02
   1.0366269e-01   0.0000000e+00   0.0000000e+00   0.0000000e+00   0.0000000e+00   0.0000000e+00   0.0000000e+00   0.0000000e+00   0.0000000e+00   0.0000000e+00   5.7953713e-01   6.6413671e-01   1.0000000e+00   2.4845760e-02
   5.0359969e-02   0.0000000e+00   0.0000000e+00   0.0000000e+00   0.0000000e+00   0.0000000e+00   0.0000000e+00   0.0000000e+00   0.0000000e+00   0.0000000e+00   7.6394341e-01   4.1639046e-01   1.0000000e+00   2.4693426e-02
   9.9043335e-02   0.0000000e+00   0.0000000e+00   0.0000000e+00   0.0000000e+00   0.0000000e+00   0.0000000e+00   0.0000000e+00   0.0000000e+00   0.0000000e+00   4.8479138e-01   7.6497732e-01   1.0000000e+00   2.4343086e-02
   7.3266866e-02   0.0000000e+00   0.0000000e+00   0.0000000e+00   0.0000000e+00   0.0000000e+00   0.0000000e+00   0.0000000e+00   0.0000000e+00   0.0000000e+00   3.3084217e-01   8.9054346e-01   1.0000000e+00   2.4192211e-02
   7.1090730e-02   0.0000000e+00   0.0000000e+00   0.0000000e+00   0.0000000e+00   0.0000000e+00   0.0000000e+00   0.0000000e+00   0.0000000e+00   0.0000000e+00   3.5953606e-01   8.7073382e-01   1.0000000e+00   2.4084260e-02
   8.1457793e-02   0.0000000e+00   0.0000000e+00   0.0000000e+00   4.5341987e-10   7.4318640e-09   0.0000000e+00   0.0000000e+00   2.6593718e-09   2.5549119e-07   2.8077532e-01   1.0474960e+00   1.0000000e+00   2.4072600e-02
   4.0999597e-02   0.0000000e+00   0.0000000e+00   0.0000000e+00   0.0000000e+00   0.0000000e+00   0.0000000e+00   0.0000000e+00   0.0000000e+00   0.0000000e+00   9.0171073e-01   1.8691776e-01   1.0000000e+00   2.3568452e-02
   6.9458856e-02   0.0000000e+00   0.0000000e+00   0.0000000e+00   0.0000000e+00   0.0000000e+00   0.0000000e+00   0.0000000e+00   0.0000000e+00   0.0000000e+00   3.8455416e-01   8.5211810e-01   1.0000000e+00   2.3534862e-02
   4.9805901e-02   0.0000000e+00   0.0000000e+00   0.0000000e+00   0.0000000e+00   0.0000000e+00   0.0000000e+00   0.0000000e+00   0.0000000e+00   0.0000000e+00   7.7391547e-01   4.0105485e-01   1.0000000e+00   2.3412250e-02
   9.6098947e-02   0.0000000e+00   0.0000000e+00   0.0000000e+00   0.0000000e+00   0.0000000e+00   0.0000000e+00   0.0000000e+00   0.0000000e+00   0.0000000e+00   4.2867738e-01   8.1623571e-01   1.0000000e+00   2.3216734e-02
   4.6374257e-02   0.0000000e+00   0.0000000e+00   0.0000000e+00   0.0000000e+00   0.0000000e+00   0.0000000e+00   0.0000000e+00   0.0000000e+00   0.0000000e+00   8.3088902e-01   3.0962343e-01   1.0000000e+00   2.2922599e-02
   3.9370699e-02   0.0000000e+00   0.0000000e+00   0.0000000e+00   0.0000000e+00   0.0000000e+00   0.0000000e+00   0.0000000e+00   0.0000000e+00   0.0000000e+00   9.1858282e-01   1.5620560e-01   1.0000000e+00   2.2780417e-02
   8.1458705e-02   0.0000000e+00   0.0000000e+00   0.0000000e+00   0.0000000e+00   0.0000000e+00   0.0000000e+00   0.0000000e+00   0.0000000e+00   0.0000000e+00   2.8077532e-01   9.2116522e-01   1.0000000e+00   2.2629707e-02
   4.3956395e-02   0.0000000e+00   0.0000000e+00   0.0000000e+00   0.0000000e+00   0.0000000e+00   0.0000000e+00   0.0000000e+00   0.0000000e+00   0.0000000e+00   8.6563208e-01   2.5068111e-01   1.0000000e+00   2.2562888e-02
   4.0072873e-02   0.0000000e+00   0.0000000e+00   0.0000000e+00   0.0000000e+00   0.0000000e+00   0.0000000e+00   0.0000000e+00   0.0000000e+00   0.0000000e+00   9.1156734e-01   1.6904498e-01   1.0000000e+00   2.2433588e-02
   3.2003739e-02   0.0000000e+00   0.0000000e+00   0.0000000e+00   0.0000000e+00   0.0000000e+00   0.0000000e+00   0.0000000e+00   0.0000000e+00   0.0000000e+00   9.7066376e-01   5.7811871e-02   1.0000000e+00   2.1827218e-02
   8.1457787e-02   0.0000000e+00   0.0000000e+00   0.0000000e+00   0.0000000e+00   1.0907179e-08   0.0000000e+00   0.0000000e+00   2.2923930e-09   2.1464143e-07   2.8077532e-01   1.0427270e+00   1.0000000e+00   2.1278032e-02
   5.3103984e-02   0.0000000e+00   0.0000000e+00   0.0000000e+00   0.0000000e+00   0.0000000e+00   0.0000000e+00   0.0000000e+00   0.0000000e+00   0.0000000e+00   7.1184074e-01   4.9328276e-01   1.0000000e+00   2.1264645e-02
   1.0297919e-01   0.0000000e+00   0.0000000e+00   0.0000000e+00   0.0000000e+00   0.0000000e+00   0.0000000e+00   0.0000000e+00   0.0000000e+00   0.0000000e+00   5.6529151e-01   6.8044551e-01   1.0000000e+00   2.1166184e-02
   5.3150625e-02   0.0000000e+00   0.0000000e+00   0.0000000e+00   0.0000000e+00   0.0000000e+00   0.0000000e+00   0.0000000e+00   0.0000000e+00   0.0000000e+00   7.1092007e-01   4.9459265e-01   1.0000000e+00   2.1067582e-02
   1.0013065e-01   0.0000000e+00   0.0000000e+00   0.0000000e+00   0.0000000e+00   0.0000000e+00   0.0000000e+00   0.0000000e+00   0.0000000e+00   0.0000000e+00   5.0659967e-01   7.4335677e-01   1.0000000e+00   2.0950516e-02
   8.1458699e-02   0.0000000e+00   0.0000000e+00   0.0000000e+00   0.0000000e+00   1.2097671e-10   0.0000000e+00   0.0000000e+00   1.4372194e-10   0.0000000e+00   2.8077532e-01   9.4374256e-01   1.0000000e+00   2.0923985e-02
   1.0677711e-01   0.0000000e+00   0.0000000e+00   0.0000000e+00   0.0000000e+00   0.0000000e+00   0.0000000e+00   0.0000000e+00   0.0000000e+00   0.0000000e+00   6.4408758e-01   5.8515119e-01   1.0000000e+00   2.0863436e-02
   5.2073565e-02   0.0000000e+00   0.0000000e+00   0.0000000e+00   0.0000000e+00   0.0000000e+00   0.0000000e+00   0.0000000e+00   0.0000000e+00   0.0000000e+00   7.3190015e-01   4.6432217e-01   1.0000000e+00   2.0857071e-02
   4.4473446e-02   0.0000000e+00   0.0000000e+00   0.0000000e+00   0.0000000e+00   0.0000000e+00   0.0000000e+00   0.0000000e+00   0.0000000e+00   0.0000000e+00   8.5859514e-01   2.6281439e-01   1.0000000e+00   2.0843776e-02
   1.1541904e-01   0.0000000e+00   0.0000000e+00   0.0000000e+00   0.0000000e+00   0.0000000e+00   0.0000000e+00   0.0000000e+00   0.0000000e+00   0.0000000e+00   8.0471159e-01   3.5243926e-01   1.0000000e+00   2.0829911e-02
   6.6594632e-02   0.0000000e+00   0.0000000e+00   0.0000000e+00   0.0000000e+00   0.0000000e+00   0.0000000e+00   0.0000000e+00   0.0000000e+00   0.0000000e+00   4.3454382e-01   8.1117167e-01   1.0000000e+00   2.0003575e-02
   3.7906197e-02   0.0000000e+00   0.0000000e+00   0.0000000e+00   0.0000000e+00   0.0000000e+00   0.0000000e+00   0.0000000e+00   0.0000000e+00   0.0000000e+00   9.3198625e-01   1.3140163e-01   1.0000000e+00   1.9987611e-02
   9.0591895e-02   0.0000000e+00   0.0000000e+00   0.0000000e+00   0.0000000e+00   0.0000000e+00   0.0000000e+00   0.0000000e+00   0.0000000e+00   0.0000000e+00   3.4210067e-01   8.8296713e-01   1.0000000e+00   1.9803202e-02
   4.7913449e-02   0.0000000e+00   0.0000000e+00   0.0000000e+00   0.0000000e+00   0.0000000e+00   0.0000000e+00   0.0000000e+00   0.0000000e+00   0.0000000e+00   8.0639750e-01   3.4972307e-01   1.0000000e+00   1.9799309e-02
   1.0975074e-01   0.0000000e+00   0.0000000e+00   0.0000000e+00   0.0000000e+00   0.0000000e+00   0.0000000e+00   0.0000000e+00   0.0000000e+00   0.0000000e+00   7.0353493e-01   5.0503860e-01   1.0000000e+00   1.9739975e-02
   9.2478261e-02   0.0000000e+00   0.0000000e+00   0.0000000e+00   0.0000000e+00   0.0000000e+00   0.0000000e+00   0.0000000e+00   0.0000000e+00   0.0000000e+00   3.6840087e-01   8.6428080e-01   1.0000000e+00   1.9183618e-02
   5.5066037e-02   0.0000000e+00   0.0000000e+00   0.0000000e+00   0.0000000e+00   0.0000000e+00   0.0000000e+00   0.0000000e+00   0.0000000e+00   0.0000000e+00   6.7228670e-01   5.4803059e-01   1.0000000e+00   1.9172661e-02
   9.9826754e-02   0.0000000e+00   0.0000000e+00   0.0000000e+00   0.0000000e+00   0.0000000e+00   0.0000000e+00   0.0000000e+00   0.0000000e+00   0.0000000e+00   5.0045957e-01   7.4954022e-01   1.0000000e+00   1.8783474e-02
   9.4931791e-02   0.0000000e+00   0.0000000e+00   0.0000000e+00   0.0000000e+00   0.0000000e+00   0.0000000e+00   0.0000000e+00   0.0000000e+00   0.0000000e+00   4.0801614e-01   8.3352283e-01   1.0000000e+00   1.8672848e-02
   5.8169573e-02   0.0000000e+00   0.0000000e+00   0.0000000e+00   0.0000000e+00   0.0000000e+00   0.0000000e+00   0.0000000e+00   0.0000000e+00   0.0000000e+00   6.0724620e-01   6.3125205e-01   1.0000000e+00   1.8646635e-02
   1.0080038e-01   0.0000000e+00   0.0000000e+00   0.0000000e+00   0.0000000e+00   0.0000000e+00   0.0000000e+00   0.0000000e+00   0.0000000e+00   0.0000000e+00   5.2023627e-01   7.2935422e-01   1.0000000e+00   1.8547153e-02
   9.9417036e-02   0.0000000e+00   0.0000000e+00   0.0000000e+00   0.0000000e+00   0.0000000e+00   0.0000000e+00   0.0000000e+00   0.0000000e+00   0.0000000e+00   4.9223468e-01   7.5770502e-01   1.0000000e+00   1.8433510e-02
   3.8462725e-02   0.0000000e+00   0.0000000e+00   0.0000000e+00   0.0000000e+00   0.0000000e+00   0.0000000e+00   0.0000000e+00   0.0000000e+00   0.0000000e+00   9.2708576e-01   1.4051200e-01   1.0000000e+00   1.8182374e-02
   8.4416033e-02   0.0000000e+00   0.0000000e+00   0.0000000e+00   0.0000000e+00   0.0000000e+00   0.0000000e+00   0.0000000e+00   0.0000000e+00   0.0000000e+00   2.8745608e-01   9.1736900e-01   1.0000000e+00   1.8132909e-02
   9.9467190e-02   0.0000000e+00   0.0000000e+00   0.0000000e+00   0.0000000e+00   0.0000000e+00   0.0000000e+00   0.0000000e+00   0.0000000e+00   0.0000000e+00   4.9323803e-01   7.5671625e-01   1.0000000e+00   1.8047227e-02
   2.3799372e-02   0.0000000e+00   0.0000000e+00   0.0000000e+00   0.0000000e+00   0.0000000e+00   0.0000000e+00   0.0000000e+00   0.0000000e+00   0.0000000e+00   9.9394853e-01   1.2066318e-02   1.0000000e+00   1.7956986e-02
   5.2248213e-02   0.0000000e+00   0.0000000e+00   0.0000000e+00   0.0000000e+00   0.0000000e+00   0.0000000e+00   0.0000000e+00   0.0000000e+00   0.0000000e+00   7.2853934e-01   4.6923042e-01   1.0000000e+00   1.7944256e-02
   3.7252786e-02   0.0000000e+00   0.0000000e+00   0.0000000e+00   0.0000000e+00   0.0000000e+00   0.0000000e+00   0.0000000e+00   0.0000000e+00   0.0000000e+00   9.3744423e-01   1.2119831e-01   1.0000000e+00   1.7821100e-02
   4.7260286e-02   0.0000000e+00   0.0000000e+00   0.0000000e+00   0.0000000e+00   0.0000000e+00   0.0000000e+00   0.0000000e+00   0.0000000e+00   0.0000000e+00   8.1700936e-01   3.3249571e-01   1.0000000e+00   1.7496360e-02
   1.2225397e-01   0.0000000e+00   0.0000000e+00   0.0000000e+00   0.0000000e+00   0.0000000e+00   0.0000000e+00   0.0000000e+00   0.0000000e+00   0.0000000e+00   8.9704225e-01   1.9531520e-01   1.0000000e+00   1.7146981e-02
   6.7597821e-02   0.0000000e+00   0.0000000e+00   0.0000000e+00   0.0000000e+00   0.0000000e+00   0.0000000e+00   0.0000000e+00   0.0000000e+00   0.0000000e+00   4.1624992e-01   8.2673601e-01   1.0000000e+00   1.7037496e-02
   9.5221492e-02   0.0000000e+00   0.0000000e+00   0.0000000e+00   0.0000000e+00   0.0000000e+00   0.0000000e+00   0.0000000e+00   0.0000000e+00   0.0000000e+00   4.1304561e-01   8.2939332e-01   1.0000000e+00   1.6943775e-02
   1.2692176e-01   0.0000000e+00   0.0000000e+00   0.0000000e+00   0.0000000e+00   0.0000000e+00   0.0000000e+00   0.0000000e+00   0.0000000e+00   0.0000000e+00   9.3994806e-01   1.1649764e-01   1.0000000e+00   1.6899060e-02
