   1.0000000e+00   2.0300005e-04   6.6571509e-04   2.7858837e-03   1.0431836e-06   1.5917839e-04   3.3947608e-03   6.4849871e-03   2.2127869e-03   2.0734226e-04   1.0553714e-03   9.5848292e-04   2.2658128e-04   1.9027496e-02   0.0000000e+00   8.4997900e-04   5.7040606e-03   1.5927336e-03   2.6218551e-03   3.8388698e-03   0.0000000e+00   4.1084760e-03   1.0426082e-03   3.9623656e-04   1.3764207e-04   3.1783386e-04   1.0280182e-03   5.6100436e-04   4.0529449e-03   3.9024417e-03   1.0000000e+00   1.0534277e-02
   9.9003214e-01   2.4893992e-04   2.0317015e-03   2.4841600e-03   0.0000000e+00   5.3380620e-04   3.8218239e-03   6.0770251e-03   2.2744615e-03   2.2798324e-04   6.0646221e-04   9.4786362e-04   0.0000000e+00   1.8683106e-02   9.3880420e-04   7.8765567e-04   4.2077744e-03   1.3452346e-03   1.1777688e-02   4.1144607e-03   4.4366001e-05   4.0965464e-03   9.9355296e-04   4.1183422e-04   1.3331478e-04   2.3751434e-03   7.3167079e-04   1.1483008e-03   4.0011833e-03   3.5094372e-03   9.9003214e-01   1.7319809e-02
   9.6986781e-01   2.0293063e-04   4.4430045e-04   1.2873778e-03   0.0000000e+00   1.5616321e-04   3.5651287e-03   6.9658352e-03   2.2921941e-03   1.7792832e-04   1.1536780e-03   9.0480928e-04   3.9839910e-04   1.8775578e-02   4.8612636e-06   9.9691846e-04   6.8614840e-03   1.6951068e-03   2.7494416e-03   1.3167347e-03   4.6065738e-06   4.0220539e-03   1.0997561e-03   7.2536914e-04   0.0000000e+00   3.0257761e-04   1.1054023e-03   6.2489207e-04   3.9831346e-03   3.7104657e-03   9.6986781e-01   2.5554097e-02
   9.4972726e-01   2.4786632e-04   2.2989713e-03   3.9700510e-03   3.0494068e-05   6.7191050e-04   6.4712432e-03   1.5715101e-03   2.2916834e-03   1.9024219e-04   5.0862538e-04   9.0034136e-04   0.0000000e+00   1.9441969e-02   9.7244326e-04   5.5258848e-04   4.2564150e-03   1.1890503e-03   1.5129602e-02   3.0831111e-03   4.3966211e-05   4.2451402e-03   9.2378805e-04   3.1494624e-04   1.6435790e-04   2.6712408e-03   6.6557049e-04   1.4795080e-03   3.9016714e-03   3.3998535e-03   9.4972726e-01   3.8520183e-02
   9.2918755e-01   2.0304271e-04   5.8711222e-04   1.9364569e-03   0.0000000e+00   1.5992568e-04   3.2344666e-03   7.1292543e-03   2.3134757e-03   1.7356699e-04   9.9964106e-04   9.5834145e-04   3.9921603e-04   1.9075410e-02   1.0357410e-05   8.1868272e-04   5.6967965e-03   1.5713958e-03   2.7429116e-03   1.8112560e-03   5.4440275e-06   3.8330375e-03   1.1003546e-03   4.4914810e-04   1.2991992e-04   2.9949862e-04   1.1232177e-03   4.2033326e-04   4.0172221e-03   3.6954163e-03   9.2918755e-01   4.6537620e-02
   9.1725880e-01   2.2785275e-04   3.3785572e-03   4.4361842e-03   1.9413534e-08   8.2364444e-04   1.5983764e-04   1.0575981e-02   4.3450343e-03   1.3842724e-04   0.0000000e+00   1.4088053e-03   1.6821080e-03   1.7377743e-02   2.0645503e-05   5.5902668e-04   8.0641210e-03   1.1431235e-03   5.6616735e-03   9.4908730e-03   3.3802530e-04   1.1495511e-03   3.8383407e-04   8.1751950e-04   0.0000000e+00   9.4038820e-04   2.4112380e-03   9.7151634e-04   4.2857499e-03   4.5410914e-03   9.1725880e-01   5.6147462e-02
   8.9512687e-01   2.4987255e-04   1.0563596e-03   9.9353478e-04   7.0798893e-05   8.2797289e-05   7.0177657e-03   6.8020203e-03   2.7289412e-03   1.1900673e-04   1.0677234e-03   9.2755759e-04   1.5452679e-03   2.0328866e-02   0.0000000e+00   4.6391036e-04   5.7111300e-03   1.2857949e-03   5.6076146e-03   2.7470528e-03   6.8164166e-06   2.5485180e-03   4.0474327e-04   3.1730351e-04   8.3876173e-05   2.5426703e-04   8.9788713e-04   1.1271773e-03   4.1372733e-03   1.7867092e-03   8.9512687e-01   6.5452367e-02
   8.7756413e-01   2.0088341e-04   1.1488834e-03   5.1509824e-03   3.0534677e-06   1.1220033e-03   1.5965462e-03   5.8019028e-03   2.6604030e-03   2.7629428e-04   6.5351232e-04   9.6578523e-04   0.0000000e+00   2.0372094e-02   0.0000000e+00   7.0650946e-04   6.0498921e-03   1.1133910e-03   0.0000000e+00   6.9865683e-03   8.9601027e-06   2.1768892e-03   1.3309271e-03   9.5356566e-05   1.8693810e-04   0.0000000e+00   1.4298566e-03   4.0682770e-04   3.4938838e-03   4.4120145e-03   8.7756413e-01   7.4544776e-02
   8.6258536e-01   1.8190075e-04   2.6580774e-03   4.3774716e-03   5.3843506e-08   7.0828206e-04   0.0000000e+00   9.3006051e-03   2.7753468e-03   1.8440759e-04   2.3368934e-04   1.1960773e-03   2.2165470e-03   1.8201714e-02   0.0000000e+00   5.4054237e-04   7.8727964e-03   1.1461643e-03   5.0370589e-03   6.9590601e-03   1.6522356e-04   3.9954060e-04   8.1129484e-04   6.9843267e-04   0.0000000e+00   6.1368763e-04   1.8564342e-03   1.1173540e-03   4.0795003e-03   5.2541941e-03   8.6258536e-01   8.4376568e-02
   8.4477993e-01   2.4913292e-04   1.0534988e-03   9.8424446e-04   0.0000000e+00   8.4727704e-05   7.5668112e-03   7.0847474e-03   2.5140007e-03   0.0000000e+00   8.1701598e-04   1.0918732e-03   1.8920332e-03   1.8526329e-02   0.0000000e+00   2.3724349e-04   5.4143173e-03   1.3744007e-03   5.8217391e-03   2.6545321e-03   0.0000000e+00   2.5565787e-03   3.5303006e-04   3.1746150e-04   1.1600281e-04   2.6066950e-04   8.9173344e-04   1.1321958e-03   4.1446659e-03   1.8344872e-03   8.4477993e-01   9.2501412e-02
   8.2803765e-01   2.0088295e-04   9.8074723e-04   4.6229516e-03   0.0000000e+00   1.0714461e-03   8.7926851e-04   4.3801373e-03   2.8462376e-03   3.7690918e-04   7.6975514e-04   9.7359466e-04   0.0000000e+00   1.9179614e-02   0.0000000e+00   7.0700757e-04   5.7698426e-03   1.1377874e-03   3.7762849e-03   6.9163426e-03   9.6360142e-06   2.5629212e-03   1.3846579e-03   1.5170154e-04   1.5752168e-04   0.0000000e+00   1.0862792e-03   5.4873123e-04   3.4378005e-03   4.2408281e-03   8.2803765e-01   1.0161495e-01
   8.1276030e-01   2.4664019e-04   9.4099017e-04   1.2429466e-03   0.0000000e+00   9.1769574e-05   7.4364425e-03   7.0936772e-03   2.4931803e-03   0.0000000e+00   8.1484309e-04   1.2374252e-03   2.0643098e-03   2.0647464e-02   0.0000000e+00   3.0071415e-04   4.3193330e-04   1.3951013e-03   5.4792350e-03   2.4387914e-03   0.0000000e+00   3.0705200e-03   3.6366906e-04   1.1297367e-05   1.7050582e-04   3.0326474e-04   8.8639243e-04   1.1558765e-03   4.0920436e-03   1.7772149e-03   8.1276030e-01   1.0979644e-01
   7.9825582e-01   2.4349371e-04   1.0674925e-03   8.9672903e-04   7.3349554e-06   5.4834235e-05   6.5653285e-03   6.2576390e-03   2.5375742e-03   4.8941534e-05   8.9620007e-04   9.4147467e-04   1.9067299e-03   1.8244766e-02   0.0000000e+00   1.5961136e-04   7.3665571e-03   1.3175436e-03   5.5081018e-03   2.6820139e-03   7.6744918e-06   2.5611343e-03   4.9512894e-04   3.1879059e-04   1.0935754e-04   3.1752510e-04   8.2859376e-04   8.7575385e-04   4.1730348e-03   1.9183744e-03   7.9825582e-01   1.1832686e-01
   7.8120943e-01   2.0549567e-04   5.8179661e-04   5.3052007e-03   1.1412757e-04   4.7952486e-04   4.2819679e-04   9.9296842e-03   1.7480304e-03   2.4208691e-05   4.3586716e-04   8.5411082e-04   7.1060494e-04   1.0614302e-02   4.5168107e-05   1.0647308e-04   1.1161254e-02   9.6943979e-04   2.7116579e-03   7.4984120e-04   1.4352697e-04   3.3008230e-04   1.2079381e-03   1.3276529e-03   9.9410240e-04   2.2446654e-04   1.1324441e-03   8.8964162e-04   3.3062383e-03   3.0918189e-03   7.8120943e-01   1.2653818e-01
   7.6711858e-01   2.3364241e-04   0.0000000e+00   4.5153780e-03   2.8990271e-04   5.0593413e-05   2.9722554e-04   9.5027784e-03   2.6660984e-03   5.1752544e-05   2.2176154e-04   9.9026132e-04   0.0000000e+00   1.0201105e-02   0.0000000e+00   6.7182612e-04   7.3230028e-03   9.0746877e-04   2.7569656e-03   5.4270518e-03   0.0000000e+00   1.1668738e-03   1.1853404e-03   8.4722923e-04   0.0000000e+00   7.4313031e-04   1.9925980e-04   8.1636425e-04   3.1065056e-03   3.3620584e-03   7.6711858e-01   1.3421750e-01
   7.5177214e-01   2.1400371e-04   9.1617061e-04   4.5181437e-03   2.9595888e-04   2.7137400e-04   7.2676973e-04   9.7049679e-03   1.5681029e-03   1.7824814e-05   8.8282086e-04   1.1472246e-03   0.0000000e+00   9.0423768e-03   0.0000000e+00   8.7526292e-04   6.9655753e-03   1.0299302e-03   0.0000000e+00   1.5753123e-03   9.7394135e-05   8.7982864e-04   1.1536953e-03   1.1142850e-03   3.6029632e-04   4.3188324e-05   4.0272451e-04   8.7625289e-04   2.8518262e-03   3.9220852e-03   7.5177214e-01   1.4202513e-01
   7.3931340e-01   2.0750974e-04   1.0392675e-03   4.5212969e-03   1.9739568e-04   3.4408263e-04   3.4331726e-04   9.4714897e-03   1.7122972e-03   0.0000000e+00   8.9689009e-04   1.1528685e-03   0.0000000e+00   9.9780365e-03   0.0000000e+00   7.1770374e-04   7.4756251e-03   1.0248332e-03   2.4420358e-03   1.3604804e-03   9.6978176e-05   9.2387173e-04   1.1628316e-03   1.1972854e-03   3.6071084e-04   8.1844312e-04   3.5492836e-04   8.5964489e-04   2.8879937e-03   3.9751184e-03   7.3931340e-01   1.5002153e-01
   7.2796268e-01   3.0837954e-04   0.0000000e+00   2.1311807e-03   1.9839553e-05   1.7047699e-05   4.5638241e-06   1.2704337e-02   2.8891592e-03   9.2387709e-05   1.0168392e-06   8.2938417e-04   3.8345381e-03   1.0179322e-02   1.0173601e-03   2.5461615e-03   3.3121172e-03   2.7179641e-04   7.0289456e-04   7.9614287e-03   3.0453513e-04   1.5018371e-03   1.1447475e-04   6.1382697e-04   0.0000000e+00   3.3639922e-04   2.4171932e-03   3.1600803e-05   3.7220232e-03   1.3138253e-03   7.2796268e-01   1.5735923e-01
   7.1379993e-01   2.0557764e-04   1.4296914e-04   4.8334715e-03   1.2831885e-04   4.5020157e-04   4.4822340e-04   9.8706493e-03   2.0960498e-03   1.2652841e-05   4.2023683e-04   1.0321325e-03   4.2601231e-04   1.0434475e-02   4.1696271e-05   0.0000000e+00   1.0115722e-02   9.5411771e-04   2.5322562e-03   0.0000000e+00   1.0126527e-04   3.3005242e-04   1.2665106e-03   1.3502706e-03   5.4090248e-04   2.5236833e-04   8.0452183e-04   8.6260716e-04   2.9532974e-03   2.9557346e-03   7.1379993e-01   1.6512357e-01
   7.0107142e-01   3.1003816e-04   1.8306026e-05   1.5654933e-03   1.4084974e-04   1.8252216e-04   9.2309067e-05   1.3789399e-02   2.4311866e-03   3.1390649e-04   5.9320668e-05   3.8033912e-04   1.8900521e-03   1.7226726e-02   4.3245014e-04   1.9224629e-03   1.6982424e-03   0.0000000e+00   3.6075865e-03   7.5010232e-03   4.3017179e-06   1.2626595e-03   0.0000000e+00   1.3451835e-03   3.0533867e-06   1.3486267e-04   1.0880835e-03   3.9074133e-04   3.3971920e-03   7.2644496e-04   7.0107142e-01   1.7390879e-01
   6.8583049e-01   3.2456964e-04   1.0199546e-03   1.1711547e-03   3.2268491e-04   3.2932430e-04   4.3605753e-04   1.0689396e-02   1.7432829e-03   5.4668756e-04   6.2682698e-05   4.2322806e-04   2.9433689e-03   1.2294644e-02   1.3420660e-03   1.1581941e-03   0.0000000e+00   5.5784591e-04   1.7886139e-03   2.4453328e-03   8.8115566e-05   2.7967370e-03   0.0000000e+00   3.3289367e-04   7.1355508e-04   0.0000000e+00   4.8783126e-04   3.4842329e-04   4.0068006e-03   2.8009766e-03   6.8583049e-01   1.8118258e-01
   6.7471731e-01   3.4503676e-04   1.3745846e-04   1.4074860e-03   0.0000000e+00   0.0000000e+00   9.0876482e-05   1.2945723e-02   2.6698612e-03   0.0000000e+00   8.8106647e-06   8.0229907e-04   2.2136379e-03   9.4012688e-03   8.1125219e-04   1.9269959e-03   0.0000000e+00   3.9977894e-04   0.0000000e+00   8.9077488e-03   2.0009978e-04   1.5613510e-03   1.2764564e-04   9.3461962e-04   0.0000000e+00   5.8008528e-04   2.5328632e-03   1.4436042e-04   3.8477563e-03   1.5044894e-03   6.7471731e-01   1.8840088e-01
   6.6192164e-01   3.1334721e-04   8.5314247e-04   1.4018066e-03   3.0578584e-04   0.0000000e+00   8.4612962e-04   1.0573335e-02   1.6266731e-03   6.5873844e-04   1.3281950e-04   4.2355810e-04   2.8736493e-03   1.3798808e-02   1.0225321e-03   1.2699414e-03   0.0000000e+00   5.2030515e-04   1.8050535e-03   1.9499153e-03   0.0000000e+00   1.6948426e-03   7.9086914e-05   4.0161276e-04   1.0603976e-03   0.0000000e+00   6.4250262e-04   0.0000000e+00   3.6216766e-03   3.0194918e-03   6.6192164e-01   1.9580924e-01
   6.5006162e-01   3.3006895e-04   9.9036433e-04   1.1722687e-03   3.2300210e-04   2.0368130e-04   4.4766081e-04   1.0683149e-02   1.7098766e-03   5.4393246e-04   8.1590194e-05   3.9454632e-04   2.9008687e-03   1.3125688e-02   1.3624056e-03   1.1570950e-03   0.0000000e+00   5.6576764e-04   1.8879558e-03   2.3115434e-03   8.7772178e-05   2.6144616e-03   0.0000000e+00   3.2021045e-04   6.9938803e-04   1.1171854e-05   4.3127968e-04   3.4701517e-04   4.0351803e-03   2.9082538e-03   6.5006162e-01   2.0332838e-01
   6.3977940e-01   2.0378317e-04   1.7965572e-04   4.8978328e-03   1.2523048e-04   2.9092809e-04   4.9405584e-04   9.7885417e-03   1.9352252e-03   5.1818266e-05   3.6499113e-04   9.6167504e-04   4.9334637e-04   9.0196483e-03   4.4718175e-05   6.9460252e-05   9.4007829e-03   8.8482762e-04   1.6996845e-03   0.0000000e+00   1.1040318e-04   5.6407009e-04   1.1177782e-03   1.3540417e-03   5.2560647e-04   4.7346410e-04   8.5837751e-04   9.0143578e-04   2.7829036e-03   3.3841792e-03   6.3977940e-01   2.1003078e-01
   6.2715503e-01   3.2888774e-04   9.8819135e-04   8.4980463e-04   3.5590721e-04   9.8870738e-04   3.4492908e-04   1.0495427e-02   1.6063339e-03   5.9294721e-04   0.0000000e+00   3.1729571e-04   2.8079937e-03   1.6245239e-02   1.0374859e-03   1.1702370e-03   5.6054118e-05   0.0000000e+00   1.6742154e-03   4.1179068e-03   0.0000000e+00   2.2562076e-03   3.6168870e-05   3.7613492e-04   1.1601872e-03   2.6980039e-05   7.4440137e-04   2.0298809e-04   4.8552288e-03   2.9658221e-03   6.2715503e-01   2.1870957e-01
   6.1493916e-01   3.1774024e-04   9.7333981e-04   1.4254779e-03   4.5093535e-04   6.8049589e-04   0.0000000e+00   1.0691286e-02   2.0713483e-03   1.2930821e-04   0.0000000e+00   4.2239248e-04   3.8530054e-03   1.1793357e-02   1.5114074e-03   1.5224918e-03   0.0000000e+00   5.8802769e-04   7.9326268e-05   2.2833212e-03   0.0000000e+00   2.5362544e-03   3.5346387e-05   4.0062264e-04   9.1219075e-04   0.0000000e+00   3.9333412e-04   1.9259236e-04   3.7946286e-03   3.0194110e-03   6.1493916e-01   2.2529066e-01
   6.0473382e-01   3.1614403e-04   9.4753550e-04   1.4489405e-03   3.1634518e-04   1.4778165e-03   4.6609198e-04   1.0703096e-02   1.7000202e-03   4.4007288e-04   2.7236203e-05   4.1723922e-04   3.0894249e-03   1.4396313e-02   1.0768569e-03   1.2116601e-03   1.0878849e-03   5.2602315e-04   1.9631779e-03   2.2839070e-03   7.5652490e-05   2.5704250e-03   0.0000000e+00   4.1136383e-04   7.8567335e-04   4.7636697e-05   4.0611545e-04   1.5930848e-04   5.1961032e-03   2.5743918e-03   6.0473382e-01   2.3302796e-01
   5.8224444e-01   2.8935001e-04   7.9333925e-04   1.1927929e-03   3.0138900e-04   5.4618072e-04   7.2938539e-04   8.9062948e-03   1.5692534e-03   5.2025434e-04   0.0000000e+00   6.4311402e-04   3.0963627e-03   1.5098502e-02   1.0801031e-03   1.1771487e-03   0.0000000e+00   7.0382857e-04   9.7672360e-04   3.0255946e-03   8.2772156e-05   2.5672146e-03   0.0000000e+00   3.5938463e-04   7.4077159e-04   3.2205421e-05   7.3790569e-04   2.1575658e-04   4.5990372e-03   2.3474315e-03   5.8224444e-01   2.4702018e-01
   5.7356491e-01   2.8784871e-04   7.7886960e-04   1.1767007e-03   3.0224202e-04   5.2852620e-04   7.1210516e-04   9.2221663e-03   1.5649177e-03   4.8803623e-04   0.0000000e+00   6.2785518e-04   3.1210921e-03   1.5013100e-02   1.0817631e-03   1.1889265e-03   0.0000000e+00   7.1011264e-04   1.0066515e-03   2.8503428e-03   9.2398601e-05   2.5634952e-03   9.2631393e-06   3.6255612e-04   7.3915578e-04   4.1862608e-05   7.5561051e-04   1.9595033e-04   4.5793413e-03   2.5302079e-03   5.7356491e-01   2.5281366e-01
   5.6095889e-01   2.9784932e-04   7.1884009e-04   1.1662060e-03   2.3636479e-04   6.5003876e-04   1.8992393e-03   8.1355427e-03   1.6309131e-03   5.1934158e-04   1.5982557e-04   7.5806627e-04   3.2320438e-03   1.5435915e-02   1.1445626e-03   1.1460472e-03   0.0000000e+00   6.4006778e-04   1.2452469e-03   2.6230041e-03   8.4678850e-05   2.6179429e-03   0.0000000e+00   2.8790154e-04   7.7640499e-04   8.8888849e-05   6.6612091e-04   1.9416486e-04   4.7479579e-03   2.4845296e-03   5.6095889e-01   2.6145651e-01
   5.5362617e-01   3.5408867e-04   3.1238948e-05   1.1636931e-03   1.3911398e-03   4.5073395e-03   3.0963419e-03   1.0720953e-02   6.1640281e-04   1.5542048e-03   8.9007356e-04   4.4652189e-04   0.0000000e+00   0.0000000e+00   0.0000000e+00   6.6073234e-04   1.1504838e-02   3.8805684e-04   6.2568841e-03   7.8408843e-03   9.8746843e-04   4.7351577e-03   1.8335613e-04   4.7353452e-04   1.2495399e-03   5.0568666e-05   1.0753126e-06   8.9735930e-04   2.3207436e-03   5.9635823e-05   5.5362617e-01   2.6813135e-01
   5.4254883e-01   3.6850903e-04   0.0000000e+00   1.1877343e-03   8.5827688e-04   6.0364704e-03   3.2420639e-03   9.7131546e-03   5.2687885e-04   1.6087062e-03   8.6042329e-04   4.2211398e-04   4.2131046e-04   1.0393929e-03   1.5435464e-05   4.7121746e-04   7.6474445e-03   4.1516027e-04   9.1494420e-03   8.1793939e-03   1.3661097e-03   5.3069510e-03   2.6375450e-04   4.9955205e-04   1.2748235e-03   7.5872952e-05   0.0000000e+00   9.5600745e-04   2.7231291e-03   1.3629521e-04   5.4254883e-01   2.7615486e-01
   5.3112128e-01   3.7366690e-04   5.3668097e-05   1.1657468e-03   1.4599700e-03   4.3091770e-03   3.1401041e-03   1.0720884e-02   6.0307003e-04   1.5917192e-03   1.1822653e-03   4.4197738e-04   0.0000000e+00   0.0000000e+00   0.0000000e+00   6.2798294e-04   1.0048586e-02   3.8522410e-04   5.1781200e-03   6.6574295e-03   1.0206330e-03   5.1815051e-03   1.3840162e-04   4.7415436e-04   1.3916344e-03   5.0634994e-05   2.4194399e-05   8.5772295e-04   1.9520669e-03   1.2159593e-04   5.3112128e-01   2.8291798e-01
   5.2073417e-01   3.3863268e-04   8.1297730e-05   1.6838619e-03   6.8710063e-04   4.9919283e-03   1.7754147e-03   1.0481110e-02   9.0016204e-04   1.3295332e-03   6.9158451e-04   4.2947911e-04   2.4145066e-04   0.0000000e+00   5.8408425e-06   7.7652323e-04   8.1854600e-03   4.2749011e-05   4.7764262e-03   9.0020995e-03   1.2078877e-03   6.7388323e-03   2.6951564e-04   2.9156331e-04   1.3943459e-03   4.1801261e-04   1.6884140e-04   1.1084396e-03   1.8792911e-03   1.7325346e-04   5.2073417e-01   2.9032811e-01
   5.1117616e-01   3.3686277e-04   8.1844725e-05   1.6978236e-03   6.7556849e-04   4.9816273e-03   1.7741202e-03   1.0467466e-02   8.8785435e-04   1.3121257e-03   6.7162947e-04   4.2973379e-04   1.1531535e-04   0.0000000e+00   4.7989374e-06   7.8706159e-04   8.1739614e-03   4.2740057e-05   4.8147239e-03   1.1391401e-02   1.2090586e-03   6.8575272e-03   2.7100692e-04   2.9410577e-04   1.2468877e-03   3.5912982e-04   1.1614023e-04   1.1149933e-03   1.9245430e-03   1.7742783e-04   5.1117616e-01   2.9747343e-01
   5.0173856e-01   3.0624186e-04   7.7002741e-05   1.6332823e-03   7.2041217e-04   4.9147049e-03   1.9950853e-03   9.9832334e-03   8.4823168e-04   1.2886454e-03   6.8709559e-04   4.3446903e-04   2.9912727e-04   0.0000000e+00   3.6807778e-05   7.9039059e-04   7.7257180e-03   4.2869103e-05   5.6181490e-03   9.0532867e-03   1.2098720e-03   7.6603036e-03   2.7220634e-04   3.0914996e-04   1.7240366e-03   4.0713352e-04   1.2572528e-03   1.0562579e-03   1.1803863e-03   1.6371196e-04   5.0173856e-01   3.0406268e-01
   4.9157830e-01   2.9255626e-04   0.0000000e+00   1.5999338e-03   7.9544494e-04   4.1659644e-03   1.9359441e-03   1.0981761e-02   8.7963539e-04   1.3646828e-03   6.3637753e-04   4.0977799e-04   6.7250359e-05   0.0000000e+00   3.6540301e-05   1.1446404e-03   9.6741673e-03   1.3898630e-04   7.1002292e-03   6.4639999e-03   1.1023193e-03   5.0983197e-03   3.6285105e-04   2.4128934e-04   2.5569222e-03   2.9440862e-04   9.3220791e-04   7.8894820e-04   1.1031107e-03   6.9203644e-04   4.9157830e-01   3.1117088e-01
   4.8132759e-01   4.8053737e-04   2.2631271e-04   1.4646662e-03   8.6878347e-04   4.4853297e-03   2.7446764e-03   8.6822650e-03   2.7066855e-03   2.2768085e-03   4.6462503e-04   5.2479922e-04   5.7459367e-04   0.0000000e+00   0.0000000e+00   1.0354192e-04   4.9663621e-03   4.9692205e-04   3.3024822e-03   1.7338240e-03   1.8439865e-03   7.0409455e-03   2.7329244e-04   3.5739987e-04   3.1463958e-03   2.0161411e-03   2.1084825e-03   9.2015267e-04   4.6823344e-03   4.9023255e-04   4.8132759e-01   3.1820619e-01
   4.7256383e-01   3.2921539e-04   7.9601015e-05   1.5946790e-03   6.2184913e-04   4.8225127e-03   1.8179682e-03   1.0578879e-02   8.5085299e-04   1.4956649e-03   4.7626922e-04   4.4950450e-04   1.1587278e-03   1.7474702e-04   8.8143671e-07   7.1427838e-04   8.9089108e-03   0.0000000e+00   6.0494442e-03   8.4395082e-03   1.2240913e-03   6.1447053e-03   2.6793577e-04   3.2529242e-04   0.0000000e+00   0.0000000e+00   0.0000000e+00   1.0459202e-03   1.8008767e-03   6.8524353e-05   4.7256383e-01   3.2470276e-01
   4.6342803e-01   3.3488398e-04   7.2673038e-05   1.6026063e-03   7.1527104e-04   5.3571461e-03   1.7618687e-03   1.0481098e-02   8.5678935e-04   1.4650804e-03   5.2068651e-04   4.1388940e-04   1.3438356e-03   0.0000000e+00   2.9598755e-05   7.4162661e-04   8.5239030e-03   2.5990621e-04   5.4229673e-03   8.6522479e-03   1.2116028e-03   6.3483495e-03   2.6593871e-04   4.0125182e-04   8.6497866e-04   0.0000000e+00   0.0000000e+00   1.0495774e-03   1.8028657e-03   1.0513679e-04   4.6342803e-01   3.3168097e-01
   4.5367589e-01   0.0000000e+00   0.0000000e+00   1.4551016e-03   9.5420127e-04   6.7602185e-03   1.5001344e-03   7.5024354e-03   3.1406635e-03   1.9646083e-03   3.2733461e-04   6.3409147e-04   5.0863870e-04   0.0000000e+00   7.7364030e-05   0.0000000e+00   4.0467369e-03   3.3480490e-04   2.8305086e-03   1.3241906e-03   1.4089323e-03   7.4334228e-03   2.7023596e-04   3.5911741e-04   3.6600562e-03   8.2279182e-04   2.7847341e-03   5.9471938e-04   5.3277045e-03   9.4452621e-04   4.5367589e-01   3.3819686e-01
   4.4494758e-01   5.5975748e-04   4.1241894e-04   1.4655126e-03   9.3139512e-04   6.7297205e-03   1.8502632e-03   8.0309493e-03   5.2336301e-03   1.8572607e-03   4.3783580e-04   5.8612454e-04   5.2828399e-04   1.0911057e-04   8.6495613e-05   2.0215374e-04   4.7531973e-03   3.9355825e-04   2.9165880e-03   6.7602861e-04   1.3305458e-03   7.4108814e-03   2.9235458e-04   3.3235979e-04   3.3336935e-03   8.0708592e-04   2.3825706e-03   5.6296741e-04   4.6823136e-03   8.5031359e-04   4.4494758e-01   3.4534211e-01
   4.3651795e-01   1.0892654e-03   6.7271100e-04   1.4329089e-03   1.0391905e-03   5.0738366e-03   2.5919650e-03   8.8389247e-03   2.0773540e-03   1.6981844e-03   6.0461816e-04   5.1218717e-04   6.0055976e-04   0.0000000e+00   8.7789465e-05   4.0258762e-04   3.1647108e-03   3.4843180e-05   1.8880277e-03   5.6002034e-03   1.1900926e-03   1.0514008e-02   3.8803228e-04   0.0000000e+00   4.1798000e-03   9.2679125e-04   2.8682591e-03   5.7028164e-04   5.0625131e-03   7.8493939e-04   4.3651795e-01   3.5261588e-01
   4.2676111e-01   5.4865336e-04   6.8141554e-04   1.1829778e-03   1.0860829e-03   5.4535966e-03   2.1978642e-03   8.2176572e-03   2.6713233e-03   1.7639898e-03   5.3000310e-04   5.6763324e-04   5.0142464e-04   0.0000000e+00   9.7767258e-05   4.4811953e-04   3.1965178e-03   1.4370668e-04   1.3052489e-03   4.5880838e-03   1.3256507e-03   7.6659976e-03   2.8628017e-04   2.9655257e-04   3.6059026e-03   1.1471768e-03   2.5569674e-03   7.0061595e-04   5.0235881e-03   7.9276026e-04   4.2676111e-01   3.5899972e-01
   4.1769261e-01   8.4148990e-05   4.3094440e-03   2.4896307e-03   7.6319331e-04   4.2487813e-03   5.8212400e-03   1.0051580e-04   3.1551864e-05   6.0356725e-04   5.3764904e-04   0.0000000e+00   3.1216919e-03   5.6181452e-03   2.2371506e-05   0.0000000e+00   5.0213919e-05   2.5456899e-05   2.1663160e-03   8.0279245e-03   5.1859900e-04   2.4568826e-03   7.2918781e-06   4.9254837e-04   1.1561070e-03   4.2754160e-04   6.2510520e-03   6.0688293e-04   2.1582338e-03   6.3301841e-04   4.1769261e-01   3.6480640e-01
   4.0873131e-01   3.4165898e-03   2.6689569e-03   1.6087407e-03   1.0105099e-03   3.3453806e-03   5.1704766e-03   8.1868640e-04   0.0000000e+00   8.3178303e-04   9.2966830e-04   1.8058495e-04   9.9185878e-04   3.9984502e-03   3.4357971e-05   9.1638832e-03   4.8617683e-04   1.9604122e-03   4.9432797e-03   0.0000000e+00   1.8732454e-04   1.4780708e-03   5.6718532e-05   5.3731521e-04   0.0000000e+00   8.2393720e-04   5.3264527e-03   7.0541583e-05   3.3495757e-04   7.7393545e-04   4.0873131e-01   3.7149860e-01
   4.0006478e-01   3.3794227e-03   2.4194616e-03   1.5786036e-03   1.0105415e-03   3.5001136e-03   5.4187761e-03   0.0000000e+00   5.8634334e-04   1.0160017e-03   9.2198181e-04   1.9392136e-04   9.7412482e-04   2.9576328e-03   2.2247027e-05   7.8871080e-03   0.0000000e+00   2.1978673e-03   4.8583336e-03   0.0000000e+00   0.0000000e+00   3.8450459e-03   4.6034485e-05   4.8412416e-04   6.4874150e-04   7.7127572e-04   5.4349996e-03   7.9287535e-05   5.3763429e-04   7.7290965e-04   4.0006478e-01   3.7845051e-01
   3.9127928e-01   3.1476712e-03   2.5473520e-03   1.6199536e-03   9.9629976e-04   2.3274317e-03   5.5146664e-03   1.0961876e-03   0.0000000e+00   6.3641933e-04   9.4703213e-04   1.7854050e-04   9.0467362e-04   3.8817599e-03   4.3482222e-05   9.0034082e-03   5.3910752e-04   1.6458611e-03   4.7520740e-03   0.0000000e+00   2.1255980e-04   1.9554997e-03   8.2262753e-05   4.6849565e-04   0.0000000e+00   7.8231208e-04   5.7789013e-03   0.0000000e+00   5.1195059e-04   8.1360192e-04   3.9127928e-01   3.8524245e-01
   3.8385938e-01   3.3802810e-03   2.6893664e-03   1.5800368e-03   1.0039378e-03   3.5032233e-03   5.5926243e-03   0.0000000e+00   5.8410173e-04   1.0622028e-03   9.2436336e-04   1.8338411e-04   9.7496453e-04   3.1046859e-03   2.3165275e-05   7.5729989e-03   0.0000000e+00   2.1151254e-03   4.6739899e-03   0.0000000e+00   0.0000000e+00   3.8210680e-03   4.7917227e-05   4.7041811e-04   6.9569998e-04   7.7484262e-04   5.2052924e-03   1.1261830e-04   5.6377885e-04   7.6608365e-04   3.8385938e-01   3.9147149e-01
   3.7456643e-01   3.3474006e-03   2.2082932e-03   1.6127576e-03   1.0008503e-03   2.5140810e-03   5.2917256e-03   8.1618578e-04   0.0000000e+00   8.2880206e-04   9.6340642e-04   1.8544712e-04   1.0263381e-03   3.9601385e-03   4.3084548e-05   8.8531559e-03   5.0126665e-04   1.5599136e-03   4.7453728e-03   0.0000000e+00   2.2624482e-04   1.4731949e-03   5.7061756e-05   5.0770556e-04   0.0000000e+00   7.8242774e-04   5.4137117e-03   0.0000000e+00   3.6633915e-04   8.7084556e-04   3.7456643e-01   3.9858634e-01
   3.6555450e-01   2.8968881e-03   2.1805516e-03   1.4969708e-03   1.0934116e-03   2.5844844e-03   5.3604502e-03   0.0000000e+00   3.8637195e-04   7.8033162e-04   9.4522497e-04   1.9081431e-04   1.0505746e-03   4.3683305e-03   3.8446744e-05   8.4121869e-03   5.8017920e-04   1.4843560e-03   3.8074434e-03   7.2341550e-04   2.4368647e-04   1.5832325e-03   5.8625024e-05   4.5298376e-04   1.0518089e-04   4.3344363e-04   5.7049975e-03   7.6746671e-05   4.4190481e-04   9.9982767e-04   3.6555450e-01   4.0590335e-01
   3.5877361e-01   1.6059803e-03   3.2319351e-03   1.8238916e-03   1.4156937e-03   2.1655155e-03   5.0836029e-03   0.0000000e+00   6.1841528e-05   7.3498001e-04   5.8771086e-04   2.6295744e-04   0.0000000e+00   6.3565012e-03   4.9911174e-05   6.4491509e-03   1.6717421e-03   1.8091859e-03   4.7808299e-03   1.0805747e-02   2.0556835e-04   3.7753020e-03   4.3826395e-05   6.7120474e-04   2.8343820e-05   4.6542021e-04   6.0121828e-03   3.2223976e-04   1.0039185e-04   8.8825761e-04   3.5877361e-01   4.1440032e-01
   3.5070999e-01   1.7555255e-04   3.2261439e-03   1.9301312e-03   1.3199908e-03   2.5994677e-03   5.1389747e-03   0.0000000e+00   1.3053194e-05   5.6649052e-04   4.1278324e-04   2.2639583e-04   2.2038641e-04   5.8586398e-03   4.3565689e-05   6.6762076e-03   1.6235801e-03   1.7472973e-03   4.2261200e-03   1.1607792e-02   0.0000000e+00   3.1179362e-03   4.6746428e-05   4.6579045e-04   0.0000000e+00   3.1054085e-04   6.0218207e-03   3.5610071e-04   1.1473387e-04   7.7088625e-04   3.5070999e-01   4.2066535e-01
   3.4211115e-01   2.8495029e-03   2.2776745e-03   1.9922221e-03   1.9082842e-03   3.3899991e-03   3.9660725e-03   1.8972019e-03   5.6243881e-04   0.0000000e+00   7.1399263e-04   6.9588422e-05   1.3036930e-03   4.6711540e-03   2.2730608e-05   3.8419999e-03   1.3333347e-04   3.8051496e-03   3.8248415e-03   1.0013191e-02   1.4620821e-05   6.7869380e-05   8.5977599e-06   3.0992242e-04   2.0442740e-04   6.8995833e-04   3.3164839e-03   6.8603009e-04   1.2528104e-03   6.8349317e-04   3.4211115e-01   4.2708038e-01
   3.3361489e-01   2.8164310e-03   2.6450253e-03   1.9285210e-03   1.6309935e-03   3.5503076e-03   3.9626051e-03   1.9628430e-03   5.3502783e-04   0.0000000e+00   7.4856182e-04   4.6842024e-05   1.2133211e-03   4.7242809e-03   2.5440753e-05   3.7212006e-03   1.3436495e-04   3.5839714e-03   3.9272527e-03   9.9926527e-03   6.9865193e-05   0.0000000e+00   1.2155701e-05   3.4542034e-04   1.5272839e-04   7.1206530e-04   4.2965130e-03   5.5756690e-04   1.0046079e-03   7.8422077e-04   3.3361489e-01   4.3458508e-01
   3.2580584e-01   3.2274272e-03   3.4193067e-03   1.6364896e-03   1.1857849e-03   5.2924647e-03   4.0739099e-03   1.4843927e-03   9.4588583e-06   4.9169986e-04   7.2910267e-04   1.3446375e-04   1.5642641e-03   4.5683352e-03   5.5199072e-06   1.8233456e-03   2.3987850e-03   2.8076600e-03   3.5651704e-03   7.6480955e-03   6.0206259e-05   2.4463158e-03   4.6719661e-05   4.1040837e-04   2.8761097e-04   5.7798673e-04   4.5351605e-03   5.7138894e-04   7.4436056e-04   5.7556337e-04   3.2580584e-01   4.4171815e-01
   3.1771769e-01   2.9264868e-03   3.5814839e-03   1.6652203e-03   1.1578549e-03   5.0102339e-03   4.1247830e-03   1.3935030e-03   1.4742619e-05   4.8170639e-04   7.2841841e-04   1.4398663e-04   1.7039210e-03   4.5006638e-03   0.0000000e+00   1.1237158e-03   2.2094106e-03   2.8141635e-03   3.5610969e-03   7.9689709e-03   1.6567738e-04   2.8226301e-03   3.8448992e-05   4.2721992e-04   2.6507243e-04   5.6579906e-04   4.3570384e-03   5.6961892e-04   7.4739995e-04   5.6577907e-04   3.1771769e-01   4.4875622e-01
   3.1010065e-01   0.0000000e+00   5.0411423e-03   1.6559757e-03   1.0682992e-03   4.3480426e-03   4.6327615e-03   0.0000000e+00   1.5405195e-04   0.0000000e+00   6.4432777e-04   1.0428401e-04   3.8224540e-04   3.4682168e-03   4.1466674e-05   6.0254844e-03   1.5382307e-03   2.0032207e-03   4.6963467e-03   1.1567131e-02   3.9108960e-04   4.0211698e-03   0.0000000e+00   1.2210898e-05   1.6982530e-04   7.8159789e-04   4.0510601e-03   5.6686675e-04   2.0247856e-04   9.8221968e-04   3.1010065e-01   4.5626726e-01
   3.0224833e-01   1.9583213e-03   4.7038183e-03   1.6821325e-03   1.0711493e-03   4.1861868e-03   4.3623393e-03   1.3941089e-03   6.8708110e-05   4.2011006e-04   7.5197944e-04   1.3318006e-04   6.8054851e-04   4.2205228e-04   0.0000000e+00   5.3810900e-03   1.8437720e-03   1.7978754e-03   4.0912900e-03   9.6651378e-03   4.1041519e-04   3.4789320e-03   1.3213403e-05   3.9491105e-04   0.0000000e+00   6.7241623e-04   5.2649094e-03   5.1353072e-04   4.3342110e-04   3.7733853e-04   3.0224833e-01   4.6289044e-01
   2.9459829e-01   2.1653384e-03   4.8664850e-03   1.7296154e-03   1.0766704e-03   4.5059322e-03   4.3466576e-03   8.1805583e-04   8.0187698e-05   4.4044682e-04   8.0052030e-04   1.3556436e-04   9.8345116e-04   0.0000000e+00   4.3778906e-06   5.8005348e-03   1.9632641e-03   1.8570923e-03   4.7565150e-03   9.0276437e-03   4.0295458e-04   3.1618406e-03   0.0000000e+00   4.1248100e-04   1.7024546e-04   7.3073595e-04   5.2046170e-03   4.1429090e-04   3.8881079e-04   3.7507641e-04   2.9459829e-01   4.7005457e-01
   2.8737027e-01   4.8885833e-03   4.7429471e-03   1.1115619e-03   1.0426737e-03   1.3150931e-03   4.3975203e-03   3.2563154e-03   8.0740938e-05   6.6455493e-04   6.2113819e-04   1.8804039e-04   4.5054453e-04   3.7537780e-03   1.7669321e-04   5.5654975e-03   1.2557290e-04   2.7206380e-03   2.6476395e-03   1.1949031e-02   4.8605942e-04   9.6865394e-04   0.0000000e+00   8.6420515e-04   6.2898601e-04   1.0892234e-03   5.9524498e-03   4.4410608e-04   7.1504954e-04   3.8337751e-04   2.8737027e-01   4.7786396e-01
   2.7901367e-01   5.4252224e-03   4.7218278e-03   1.1505953e-03   1.0203163e-03   4.0003364e-04   4.4017314e-03   3.1844152e-03   7.8096278e-05   6.5853086e-04   6.2060463e-04   1.8764709e-04   4.4971754e-04   3.4665469e-03   1.7690169e-04   5.6014411e-03   0.0000000e+00   2.7795002e-03   2.9439819e-03   1.2114741e-02   4.4412169e-04   7.5949948e-04   1.8055262e-06   8.3705540e-04   7.0805877e-04   1.0581375e-03   5.8949671e-03   4.3613640e-04   5.2857545e-04   3.7050080e-04   2.7901367e-01   4.8560444e-01
   2.7127425e-01   4.5495184e-03   4.8011117e-03   9.3720609e-04   1.0710453e-03   4.5394864e-04   4.3928420e-03   3.7162629e-03   7.8990570e-05   6.7452871e-04   6.2028233e-04   2.4298668e-04   4.8468814e-04   2.4193686e-03   1.9194946e-04   5.9022794e-03   0.0000000e+00   2.4157679e-03   2.8622715e-03   1.1859849e-02   4.7445604e-04   9.7677043e-04   0.0000000e+00   9.3684155e-04   6.5801463e-04   1.1292327e-03   5.6606357e-03   4.4466048e-04   6.7761137e-04   4.0409510e-04   2.7127425e-01   4.9273222e-01
   2.6417955e-01   4.3047166e-03   4.7511281e-03   1.0475913e-03   1.1131963e-03   4.1459724e-04   4.1121258e-03   3.2055661e-03   1.0132270e-04   7.5623514e-04   6.0499960e-04   2.1562466e-04   5.4224601e-04   2.1400590e-03   1.4491335e-04   4.9013568e-03   0.0000000e+00   2.8296147e-03   2.8030833e-03   1.0503199e-02   4.6931518e-04   1.6863734e-03   0.0000000e+00   8.0893465e-04   6.1794504e-04   1.1724864e-03   5.8069985e-03   3.2929802e-04   5.8623917e-04   3.7593512e-04   2.6417955e-01   4.9902803e-01
   2.5540098e-01   2.4540651e-03   4.5597882e-03   1.7773748e-03   1.1155504e-03   1.6951701e-03   4.1198758e-03   4.2477669e-04   1.1586139e-04   4.6358364e-04   8.1443643e-04   1.3262494e-04   1.1174386e-03   6.0402423e-04   2.0644467e-05   5.2820875e-03   2.4596702e-03   1.9351905e-03   4.7411670e-03   7.0794357e-03   3.9190405e-04   3.1536778e-03   2.3041351e-05   3.9317709e-04   3.6501240e-04   2.3479911e-03   5.5101226e-03   5.4251842e-04   8.5551891e-06   6.4547664e-04   2.5540098e-01   5.0723786e-01
   2.4877290e-01   2.5678851e-03   4.6421205e-03   1.7352996e-03   1.1150715e-03   1.6819507e-03   4.0784400e-03   5.5877081e-04   1.0735124e-04   4.9005674e-04   8.1924621e-04   1.8427132e-04   9.7217144e-04   1.7956772e-03   2.2487701e-05   5.3885863e-03   2.7908051e-03   2.0102978e-03   5.1633980e-03   7.9142142e-03   3.9080523e-04   2.5602007e-03   1.8922787e-05   4.0420822e-04   2.6251614e-04   2.0984268e-03   5.6916899e-03   5.7426877e-04   2.2096614e-04   4.6847303e-04   2.4877290e-01   5.1446265e-01
   2.4088732e-01   6.1243244e-03   4.5309321e-03   1.3155277e-03   1.3599306e-03   5.1121544e-04   4.3194412e-03   3.4255167e-03   0.0000000e+00   5.4371017e-04   7.0618746e-04   1.3975865e-04   0.0000000e+00   0.0000000e+00   1.8087425e-04   2.0322800e-03   3.0325288e-04   2.3749892e-03   0.0000000e+00   1.3902488e-02   4.5074922e-04   2.0821699e-03   2.7080492e-05   7.1704567e-04   5.8464148e-04   9.6575133e-04   6.9438947e-03   1.8839709e-04   7.2032225e-04   5.8874137e-04   2.4088732e-01   5.2210443e-01
   2.3455970e-01   5.0805436e-03   3.8858192e-03   1.0724946e-03   1.7746693e-03   6.1091082e-04   3.2562318e-03   6.3276913e-03   6.5195861e-04   2.6808730e-04   4.8604247e-04   0.0000000e+00   2.2655181e-04   9.1451840e-03   1.3329299e-04   6.6687323e-03   0.0000000e+00   2.7315135e-03   4.0107687e-03   1.4580060e-02   3.3159887e-04   0.0000000e+00   4.2427512e-05   9.0906488e-04   5.4342978e-04   1.2133673e-04   3.3551681e-03   2.7858450e-04   7.0745048e-04   9.0361051e-05   2.3455970e-01   5.3153860e-01
   2.2608187e-01   2.0917462e-03   4.8023757e-03   1.7422823e-03   1.1279193e-03   1.8926250e-03   4.1051159e-03   0.0000000e+00   1.4022839e-04   4.8829917e-04   7.9069508e-04   2.4602619e-04   8.9630845e-04   9.0186368e-04   2.0556302e-05   5.3482858e-03   2.6952808e-03   1.3770703e-03   5.1597717e-03   8.2096991e-03   3.4485909e-04   2.7565674e-03   1.7806292e-05   4.3806070e-04   3.1956826e-04   1.4412919e-03   5.7635690e-03   5.6056510e-04   0.0000000e+00   4.4385606e-04   2.2608187e-01   5.3733931e-01
   2.1864494e-01   4.0948193e-03   4.4247832e-03   1.4197709e-03   1.3776780e-03   1.2341842e-03   4.0792342e-03   2.8925575e-03   8.2400351e-07   6.4425419e-04   6.9752117e-04   1.4385908e-04   1.9073268e-04   0.0000000e+00   1.6879590e-04   9.6738025e-04   3.9990276e-04   1.9299465e-03   8.1449668e-04   1.2732042e-02   4.6778397e-04   1.6692034e-03   2.8738080e-05   7.1671029e-04   5.3814419e-04   7.2837271e-04   6.5254936e-03   1.7105639e-05   6.0885809e-04   5.4873807e-04   2.1864494e-01   5.4432323e-01
   2.1111453e-01   3.8634148e-03   5.3193346e-03   1.3901008e-03   1.3713002e-03   1.2818797e-03   3.7213925e-03   0.0000000e+00   1.4250106e-06   6.1433884e-04   6.8307688e-04   0.0000000e+00   3.3480510e-04   1.4115927e-03   1.8066876e-04   0.0000000e+00   3.9485834e-04   1.9846501e-03   0.0000000e+00   1.4361360e-02   4.7739239e-04   1.7605528e-03   2.9367576e-05   7.2205129e-04   4.1293708e-04   6.5700491e-04   6.4673790e-03   3.4897929e-05   5.8780386e-04   5.2694110e-04   2.1111453e-01   5.5215640e-01
   2.0377695e-01   3.9353607e-03   4.1993216e-03   1.4109700e-03   1.3324356e-03   1.1216243e-03   3.6013282e-03   2.3913135e-03   8.9855197e-05   6.7924777e-04   5.6805628e-04   1.5230707e-04   7.9819304e-05   0.0000000e+00   2.0392630e-04   2.4314023e-03   3.8755854e-04   1.2672722e-03   1.6515900e-03   1.3669172e-02   4.7930872e-04   1.5087652e-03   0.0000000e+00   7.2137537e-04   4.3637349e-04   6.7174285e-04   6.9678027e-03   5.1255154e-05   2.3590051e-04   7.6246987e-04   2.0377695e-01   5.6085441e-01
   1.9744119e-01   4.1035137e-03   3.4268908e-03   1.0364712e-03   1.2213448e-03   4.1687868e-04   3.9138258e-03   4.9120116e-03   9.2488474e-04   3.4667165e-04   1.4197857e-04   3.6548483e-04   1.2754639e-06   1.5227765e-02   2.4565243e-04   6.6638457e-03   8.6669500e-05   2.7887996e-03   2.0808241e-03   9.4798264e-03   2.4262548e-04   1.8500930e-03   1.5053549e-04   7.2304448e-04   1.0610249e-03   3.2794984e-04   3.1227360e-03   5.1028838e-04   8.9191986e-04   1.3892318e-04   1.9744119e-01   5.7170933e-01
   1.8895030e-01   4.0919967e-03   3.4748252e-03   1.0352613e-03   1.2074646e-03   4.1718834e-04   3.9503209e-03   4.9081068e-03   8.0946528e-04   2.5911720e-04   2.4474503e-04   3.8852052e-04   1.2467818e-05   1.1323707e-02   2.0441284e-04   6.4419810e-03   9.4325584e-05   2.7942905e-03   2.0132282e-03   9.6036234e-03   1.5587312e-04   1.8029192e-03   1.8531323e-04   6.4880812e-04   1.3712086e-03   1.3012793e-04   3.2116562e-03   5.6350097e-04   9.1328025e-04   1.1435117e-04   1.8895030e-01   5.8048582e-01
   1.8254667e-01   4.0916513e-03   3.6150855e-03   1.0725574e-03   1.2038842e-03   3.3735403e-04   3.9665949e-03   5.2166819e-03   7.6226640e-04   3.5300620e-04   2.8741531e-04   2.9805780e-04   2.9670127e-06   1.6539036e-02   2.0381373e-04   5.7926263e-03   1.4234604e-04   2.7861696e-03   1.9000506e-03   9.7116461e-03   0.0000000e+00   1.7914119e-03   2.6418604e-04   6.0350979e-04   1.3661412e-03   1.7265352e-04   3.2671760e-03   5.1047368e-04   9.0654178e-04   1.8934746e-04   1.8254667e-01   5.8920597e-01
   1.7528805e-01   4.4307831e-03   3.3171532e-03   7.1094620e-04   1.1532604e-03   6.5041990e-04   2.8784135e-03   5.0482478e-03   9.2028726e-04   3.5234270e-04   0.0000000e+00   4.5248265e-05   0.0000000e+00   1.6470405e-02   3.5690576e-04   6.4568152e-03   4.2622676e-04   2.8457431e-03   0.0000000e+00   1.5098614e-02   2.3142742e-04   0.0000000e+00   1.7451478e-04   9.0821136e-04   6.1585176e-04   3.7826041e-04   2.7203626e-03   3.9609664e-04   1.7004488e-03   2.7488868e-05   1.7528805e-01   5.9811200e-01
   1.6847484e-01   4.7074958e-03   5.9107122e-03   9.3249830e-04   1.3256147e-03   7.0688214e-04   4.4912277e-03   5.0876294e-03   6.5358987e-04   5.5233769e-04   2.4975127e-04   7.5637710e-04   4.1499492e-04   1.1097820e-02   1.4570866e-04   0.0000000e+00   1.1358027e-03   4.1916629e-03   3.3733451e-03   3.5084805e-03   1.9260429e-04   5.1554939e-03   5.7604070e-05   6.0828909e-04   5.5341053e-04   6.6698493e-04   8.2589031e-03   3.2831087e-03   7.3757100e-04   1.8050322e-04   1.6847484e-01   6.0656976e-01
   1.6118486e-01   4.6695447e-03   5.7697014e-03   8.7230015e-04   1.3790010e-03   6.6976592e-04   4.4646785e-03   5.0768380e-03   6.5365286e-04   7.3393810e-04   1.3247540e-04   7.9591630e-04   4.8769306e-04   1.1989264e-02   1.5059903e-04   9.4422707e-04   8.0531354e-04   4.1311182e-03   3.4221028e-03   1.2511369e-03   1.9963023e-04   5.1639187e-03   5.8483927e-05   5.5594000e-04   5.5411358e-04   7.7417957e-04   7.8614648e-03   3.2791006e-03   7.3413979e-04   1.8730075e-04   1.6118486e-01   6.1535312e-01
   1.5363465e-01   6.5618231e-03   6.1333402e-03   2.2040127e-03   1.1523052e-03   6.3237054e-04   4.3916335e-03   4.2889122e-03   6.0716470e-04   5.2615360e-04   0.0000000e+00   3.7327439e-04   2.2743433e-03   9.3075000e-03   1.5632181e-04   8.0298985e-04   1.6992679e-03   4.5237097e-03   4.1413795e-03   6.8710564e-03   0.0000000e+00   2.9177904e-03   1.0459781e-03   4.3414747e-04   0.0000000e+00   8.4034931e-04   7.4140934e-03   3.4410025e-03   8.1554503e-04   7.8224765e-05   1.5363465e-01   6.2643629e-01
   1.4623899e-01   4.7154317e-03   7.9127706e-03   1.1995622e-03   1.2169457e-03   8.9391412e-04   4.6535498e-03   5.4062126e-03   2.8007267e-04   2.9369362e-04   1.0889005e-06   3.8033635e-04   5.6322625e-04   1.0301592e-02   1.4570956e-04   5.1394358e-03   0.0000000e+00   3.4204504e-03   4.9265992e-03   7.3915467e-03   2.0827992e-05   2.0910387e-04   4.3914171e-05   5.1558490e-04   9.0108826e-06   0.0000000e+00   6.5713998e-03   7.8462056e-04   9.8314732e-04   6.0069261e-05   1.4623899e-01   6.3468736e-01
   1.3926570e-01   4.7160381e-03   8.1218063e-03   1.2055652e-03   1.1693487e-03   9.0871998e-04   4.6459243e-03   6.1690744e-03   3.4814542e-04   2.9280604e-04   0.0000000e+00   3.9946846e-04   5.6667443e-04   9.6834619e-03   1.4570942e-04   5.0840583e-03   0.0000000e+00   2.9512161e-03   5.1207235e-03   7.2197339e-03   2.2218536e-05   6.3299011e-04   4.4273545e-05   5.2570750e-04   3.6826154e-05   1.8274055e-04   6.9415506e-03   4.9493900e-04   9.3679728e-04   6.4026166e-05   1.3926570e-01   6.4416264e-01
   1.3185258e-01   1.2622583e-03   6.1117134e-05   2.6788820e-04   9.4190100e-04   1.2206769e-04   4.7314636e-03   7.6690564e-03   2.4992541e-03   2.0083467e-04   3.6820628e-06   1.4782409e-03   0.0000000e+00   3.4333732e-03   3.1731266e-06   6.8047286e-03   4.7910454e-03   1.7974908e-03   7.7933137e-03   1.7148346e-03   7.2300143e-04   1.0211134e-02   6.7022467e-04   2.3123697e-04   4.6612757e-03   2.0558135e-03   2.2649705e-03   3.3108613e-03   5.2008872e-04   7.5779989e-04   1.3185258e-01   6.5493610e-01
   1.2448165e-01   4.0236578e-03   2.3744610e-04   8.3357385e-05   4.8765654e-04   0.0000000e+00   4.4018061e-03   7.7173010e-03   2.3193786e-03   9.0224280e-05   5.8567616e-04   1.3357318e-03   0.0000000e+00   0.0000000e+00   7.6520114e-05   6.4937240e-03   4.8385625e-03   1.0129203e-03   9.8487182e-03   3.4670133e-03   6.3391374e-04   1.1712157e-02   9.6491728e-04   1.5050232e-04   2.8510567e-03   2.3734828e-03   2.9633857e-04   3.9573972e-03   5.7294846e-04   4.9655815e-04   1.2448165e-01   6.6535641e-01
   1.1711975e-01   2.5594294e-03   1.4568541e-04   0.0000000e+00   7.4839051e-04   0.0000000e+00   4.5555520e-03   7.5918581e-03   2.3627177e-03   6.1322084e-05   0.0000000e+00   1.6275425e-03   0.0000000e+00   2.6857733e-03   0.0000000e+00   7.9139047e-03   5.0892878e-03   8.0000474e-04   8.6331807e-03   2.1548266e-03   7.7597642e-04   1.1597524e-02   7.5982926e-04   2.0584081e-04   3.4331195e-03   1.7156133e-03   6.0497714e-04   2.7658107e-03   4.7136704e-04   6.8562080e-04   1.1711975e-01   6.7578504e-01
   1.0995013e-01   2.2403787e-03   1.8032931e-04   0.0000000e+00   3.3989999e-04   0.0000000e+00   4.5760212e-03   7.5972045e-03   2.3040383e-03   0.0000000e+00   9.8520811e-04   1.6266482e-03   0.0000000e+00   2.9387642e-03   0.0000000e+00   7.6823134e-03   5.0022169e-03   8.1074992e-04   8.5238792e-03   2.3641391e-03   7.8534041e-04   1.1684635e-02   7.1892489e-04   2.0322357e-04   2.9470591e-03   1.0342838e-03   3.5049802e-04   2.9808371e-03   3.5994491e-04   6.6400114e-04   1.0995013e-01   6.8626924e-01
   1.0197892e-01   1.9122604e-03   1.3828543e-03   7.6416112e-05   5.9410739e-04   4.3463826e-04   4.6356398e-03   7.4572990e-03   1.6641934e-03   8.0873906e-05   4.1091358e-03   1.7632025e-03   2.2903952e-09   2.6646776e-03   1.8304329e-05   8.1237177e-03   3.9904850e-03   1.6251306e-05   9.2919854e-03   2.9029225e-03   6.1719203e-04   5.2966954e-03   6.3379977e-04   3.3470559e-04   3.2976185e-03   1.3086252e-03   0.0000000e+00   8.1944371e-03   4.7278470e-04   8.0237986e-04   1.0197892e-01   6.9947551e-01
   9.5594749e-02   2.7141165e-03   5.2663386e-04   1.7677641e-04   8.8538848e-04   2.4643540e-04   4.6105949e-03   6.9992807e-03   1.3919102e-03   8.2247171e-05   4.5366521e-03   1.9667812e-03   0.0000000e+00   2.0292960e-03   0.0000000e+00   7.5291256e-03   5.4717881e-03   7.0106991e-04   7.2006598e-03   2.9575004e-03   5.5426470e-04   9.5172056e-03   8.6061671e-04   3.7217588e-04   3.5021455e-03   1.1680709e-03   9.4886962e-04   7.7579291e-03   4.3816561e-04   8.3942964e-04   9.5594749e-02   7.1077330e-01
   8.8265198e-02   6.3256689e-04   1.0181075e-03   5.1397375e-07   1.2670006e-03   6.8032864e-04   3.8901763e-03   7.5153458e-03   0.0000000e+00   6.9226010e-07   5.9574836e-03   6.3915296e-04   0.0000000e+00   2.6001102e-03   1.8810720e-08   4.2088834e-03   8.5309874e-03   1.7190867e-03   1.2917763e-02   3.0024290e-03   1.3964779e-03   1.3986970e-02   6.3755462e-04   2.4532375e-04   0.0000000e+00   2.9122284e-03   1.0227205e-03   1.4914451e-04   5.0142439e-04   1.5065478e-06   8.8265198e-02   7.2285850e-01
   8.0435518e-02   9.9906425e-06   1.4943085e-03   6.8782598e-05   1.0937690e-04   7.7518008e-04   5.7289442e-03   7.0454608e-03   0.0000000e+00   2.3504006e-05   5.3593873e-03   1.6295712e-03   4.1057274e-05   9.7517922e-04   9.5705456e-08   5.3881556e-03   5.8432730e-03   7.6817846e-04   7.1930308e-03   0.0000000e+00   8.2669558e-04   1.2539858e-02   7.6778097e-04   2.2316028e-04   1.1667974e-03   2.9644584e-03   2.0059869e-03   2.9743140e-03   1.3309332e-04   2.8926288e-05   8.0435518e-02   7.3400390e-01
   7.3062182e-02   0.0000000e+00   1.1927585e-03   6.6995632e-05   5.3180158e-05   7.9079846e-04   5.7323501e-03   7.2445964e-03   0.0000000e+00   2.9162123e-05   4.8938436e-03   1.6267629e-03   0.0000000e+00   1.0438913e-03   5.0024123e-07   5.2329298e-03   4.0209378e-03   6.6689006e-04   7.9997027e-03   3.0059291e-03   7.6593119e-04   1.0491163e-02   5.6520142e-04   2.2975825e-04   1.2746997e-03   3.4973178e-03   1.2308752e-03   2.7957443e-03   2.3915047e-04   2.9808252e-05   7.3062182e-02   7.4708452e-01
   6.4894824e-02   1.8688130e-03   2.0575512e-03   1.8983429e-05   9.4321562e-04   7.1311021e-04   4.1050205e-03   7.0471319e-03   1.6042261e-03   1.9480525e-06   4.8454492e-03   1.3746022e-03   6.3740010e-07   0.0000000e+00   9.0695063e-06   3.0549189e-03   7.9496360e-03   2.5228171e-03   1.2272048e-02   0.0000000e+00   1.8349770e-03   1.7624843e-02   7.0103851e-04   2.2770025e-04   3.3128099e-03   2.1913986e-03   6.5723485e-04   6.0694006e-04   3.8531656e-04   1.3096501e-03   6.4894824e-02   7.6673411e-01
   5.7889477e-02   2.1694357e-03   2.3916229e-03   1.8706874e-05   9.6611063e-04   7.0887938e-04   4.1293136e-03   7.0019505e-03   1.7459500e-03   6.7852476e-06   4.8380068e-03   1.4078014e-03   8.5229829e-07   0.0000000e+00   1.1466591e-05   3.2114029e-03   8.3615121e-03   5.1662285e-03   1.1892023e-02   7.2062274e-04   1.8883604e-03   1.7711894e-02   7.3434049e-04   2.2733492e-04   3.3169791e-03   2.3121661e-03   3.7769708e-04   7.3081459e-04   4.3338664e-04   1.0983214e-03   5.7889477e-02   7.8223582e-01
   4.9898930e-02   0.0000000e+00   1.1993356e-03   4.5760770e-05   6.6476749e-04   0.0000000e+00   6.3049058e-03   7.0151899e-03   2.9853374e-03   5.5798601e-05   4.1134101e-03   4.0987532e-04   0.0000000e+00   0.0000000e+00   1.3416037e-06   3.6059843e-03   3.7561765e-03   2.0387112e-04   8.1152235e-03   3.2493716e-03   5.6486410e-04   1.0271466e-02   5.1309180e-04   2.2419780e-04   2.0070297e-03   3.6680563e-03   4.5850584e-04   3.6931911e-03   2.1869252e-04   7.3463048e-05   4.9898930e-02   7.9411350e-01
   4.2335262e-02   0.0000000e+00   8.4268625e-04   7.3443809e-05   4.6180154e-04   6.9090189e-04   4.5372130e-03   7.5710374e-03   7.0673094e-04   1.5907558e-04   4.6932878e-03   1.6908859e-03   0.0000000e+00   1.9640780e-03   5.7405867e-07   4.4183988e-03   4.0542084e-03   1.5830774e-04   7.8657817e-03   2.8882661e-03   7.1107905e-04   1.0498729e-02   3.9037562e-04   2.3737327e-04   1.3228942e-03   3.0960027e-03   2.9123671e-03   1.0383465e-03   2.5310682e-04   2.3916971e-04   4.2335262e-02   8.1192739e-01
   3.3934646e-02   1.5794845e-04   1.8366116e-03   9.5165133e-05   6.8492583e-05   9.0231863e-04   5.6300857e-03   2.2986610e-03   1.1177237e-03   3.3128556e-05   7.2766398e-03   1.5152567e-03   0.0000000e+00   0.0000000e+00   0.0000000e+00   5.6609180e-03   6.0430354e-03   0.0000000e+00   7.9942645e-03   5.2337667e-04   8.2217047e-04   1.2350024e-02   7.3637889e-04   2.6733101e-04   2.7666907e-03   2.0074094e-03   2.2725978e-03   2.7024573e-03   1.7799122e-04   0.0000000e+00   3.3934646e-02   8.3418248e-01
   2.4542971e-02   6.4276610e-04   2.0149645e-03   1.0648447e-04   4.8080718e-05   7.9501580e-04   5.6162466e-03   2.8842363e-03   0.0000000e+00   3.1157229e-05   8.7982337e-03   1.8102127e-03   0.0000000e+00   8.9726306e-05   1.3738104e-07   5.5283203e-03   7.3179721e-03   1.2725633e-04   8.0531809e-03   9.4396652e-04   8.2683239e-04   1.2325721e-02   7.2592657e-04   2.5592801e-04   3.1457515e-03   1.9441932e-03   2.7032806e-03   2.5757708e-03   2.0786907e-04   0.0000000e+00   2.4542971e-02   8.6323200e-01
   1.7698536e-02   0.0000000e+00   5.9531049e-04   5.5988595e-05   5.6783991e-04   7.3474791e-04   4.5851326e-03   7.6775640e-03   9.2025756e-04   2.3542286e-05   6.0543160e-03   1.5923971e-03   0.0000000e+00   2.0885265e-03   0.0000000e+00   2.8539412e-03   4.0557467e-03   4.4274522e-04   8.4913328e-03   2.6755803e-03   7.5076174e-04   1.0371454e-02   0.0000000e+00   1.9948099e-04   0.0000000e+00   3.1789228e-03   2.4616361e-03   1.6890182e-03   2.1120204e-04   0.0000000e+00   1.7698536e-02   8.8501216e-01
   8.3902008e-03   6.0554426e-04   6.2950533e-04   5.2664665e-05   4.6757293e-04   6.8055023e-04   4.5887404e-03   7.4862307e-03   8.9114319e-04   4.6026314e-05   5.7086846e-03   1.5825032e-03   0.0000000e+00   2.0843677e-03   0.0000000e+00   4.0416522e-03   4.0960658e-03   3.1197554e-04   8.5366780e-03   2.4905454e-03   7.6360586e-04   1.0454169e-02   0.0000000e+00   2.1645441e-04   1.1490154e-04   3.4763933e-03   2.3906449e-03   2.1743217e-03   1.9075445e-04   0.0000000e+00   8.3902008e-03   9.2738304e-01
   0.0000000e+00   6.5224619e-04   6.2420109e-04   5.1370914e-05   4.5266169e-04   6.6562397e-04   4.5673457e-03   7.4822865e-03   8.9591083e-04   1.8441294e-05   5.3164132e-03   1.5714183e-03   0.0000000e+00   1.9512039e-03   0.0000000e+00   2.4745784e-03   3.9627083e-03   2.8736444e-04   7.9152496e-03   2.5091597e-03   7.5453333e-04   1.0725077e-02   3.1028000e-04   2.0676448e-04   0.0000000e+00   3.4430717e-03   2.8240944e-03   2.6485351e-03   1.7456957e-04   5.4008199e-06   0.0000000e+00   1.0193936e+00
